https://www.youtube.com/watch?v=xbqagSZfj4M
30764067 0.505706370 0.899033599 0.500000000 0.500000000 0.000000000 0.000000000 0.999996781 -0.002510043 -0.000371356 0.147698018 0.002501989 0.999790907 -0.020294638 -0.237273078 0.000422219 0.020293644 0.999793947 -0.584682467
30797433 0.505706370 0.899033599 0.500000000 0.500000000 0.000000000 0.000000000 0.999996364 -0.002664662 -0.000411755 0.151892048 0.002655285 0.999769509 -0.021304352 -0.253379782 0.000468429 0.021303181 0.999772966 -0.618125522
30830800 0.505706370 0.899033599 0.500000000 0.500000000 0.000000000 0.000000000 0.999996424 -0.002645293 -0.000435177 0.155131427 0.002634826 0.999743104 -0.022513142 -0.269704541 0.000494619 0.022511914 0.999746442 -0.653265396
30864167 0.505706370 0.899033599 0.500000000 0.500000000 0.000000000 0.000000000 0.999996543 -0.002604215 -0.000400294 0.158754633 0.002593975 0.999714613 -0.023747412 -0.286156672 0.000462023 0.023746293 0.999717891 -0.688069181
30897533 0.505706370 0.899033599 0.500000000 0.500000000 0.000000000 0.000000000 0.999996662 -0.002552496 -0.000436269 0.161751184 0.002540825 0.999685884 -0.024933752 -0.303270723 0.000499775 0.024932560 0.999688983 -0.724594428
30930900 0.505706370 0.899033599 0.500000000 0.500000000 0.000000000 0.000000000 0.999996901 -0.002410767 -0.000573674 0.164199874 0.002394965 0.999656141 -0.026112886 -0.319616324 0.000636428 0.026111431 0.999658823 -0.761946027
30964267 0.505706370 0.899033599 0.500000000 0.500000000 0.000000000 0.000000000 0.999997377 -0.002173815 -0.000746031 0.167319754 0.002152602 0.999623716 -0.027345615 -0.335820832 0.000805195 0.027343936 0.999625742 -0.799722059
30997633 0.505706370 0.899033599 0.500000000 0.500000000 0.000000000 0.000000000 0.999998331 -0.001686287 -0.000714080 0.169244685 0.001664915 0.999579787 -0.028939748 -0.351051798 0.000762581 0.028938511 0.999580920 -0.838249697
31031000 0.505706370 0.899033599 0.500000000 0.500000000 0.000000000 0.000000000 0.999998629 -0.001427455 -0.000867445 0.172321454 0.001400309 0.999532938 -0.030527212 -0.365063298 0.000910616 0.030525954 0.999533534 -0.877287953
31064367 0.505706370 0.899033599 0.500000000 0.500000000 0.000000000 0.000000000 0.999999166 -0.001225006 -0.000330141 0.174220340 0.001213819 0.999487519 -0.031988610 -0.378368865 0.000369158 0.031988185 0.999488175 -0.917617525
31097733 0.505706370 0.899033599 0.500000000 0.500000000 0.000000000 0.000000000 0.999999464 -0.000988177 0.000301719 0.175143529 0.000997634 0.999450147 -0.033142719 -0.391637067 -0.000268803 0.033143006 0.999450564 -0.958096003
31131100 0.505706370 0.899033599 0.500000000 0.500000000 0.000000000 0.000000000 0.999999464 -0.000779754 0.000690030 0.175676093 0.000802631 0.999428332 -0.033799324 -0.404703771 -0.000663281 0.033799861 0.999428391 -0.998478805
31164467 0.505706370 0.899033599 0.500000000 0.500000000 0.000000000 0.000000000 0.999999523 -0.000681160 0.000673570 0.176727889 0.000704102 0.999398649 -0.034667227 -0.418454092 -0.000649551 0.034667686 0.999398708 -1.037653858
31197833 0.505706370 0.899033599 0.500000000 0.500000000 0.000000000 0.000000000 0.999999642 -0.000583919 0.000586846 0.178306785 0.000604798 0.999343276 -0.036230836 -0.429755866 -0.000565304 0.036231179 0.999343276 -1.077703351
31231200 0.505706370 0.899033599 0.500000000 0.500000000 0.000000000 0.000000000 0.999999762 -0.000517905 0.000483930 0.179854995 0.000535665 0.999298334 -0.037449937 -0.439137663 -0.000464195 0.037450187 0.999298394 -1.117402321
31264567 0.505706370 0.899033599 0.500000000 0.500000000 0.000000000 0.000000000 0.999999821 -0.000415143 0.000363234 0.182050933 0.000428604 0.999282181 -0.037880570 -0.449082538 -0.000347247 0.037880719 0.999282181 -1.156024221
31297933 0.505706370 0.899033599 0.500000000 0.500000000 0.000000000 0.000000000 0.999999762 -0.000358511 0.000607497 0.184815442 0.000381686 0.999255121 -0.038587991 -0.459153796 -0.000593210 0.038588215 0.999255002 -1.192872186
31331300 0.505706370 0.899033599 0.500000000 0.500000000 0.000000000 0.000000000 0.999999225 -0.000290255 0.001207694 0.186423103 0.000338450 0.999195635 -0.040099442 -0.467595255 -0.001195084 0.040099818 0.999194980 -1.231353911
31364667 0.505706370 0.899033599 0.500000000 0.500000000 0.000000000 0.000000000 0.999998868 -0.000409771 0.001432493 0.187126283 0.000468618 0.999145687 -0.041324086 -0.475843054 -0.001414336 0.041324712 0.999144793 -1.270089209
31398033 0.505706370 0.899033599 0.500000000 0.500000000 0.000000000 0.000000000 0.999999166 -0.000697626 0.001113464 0.190735023 0.000743397 0.999131978 -0.041649897 -0.486112023 -0.001083441 0.041650690 0.999131620 -1.308458749
31431400 0.505706370 0.899033599 0.500000000 0.500000000 0.000000000 0.000000000 0.999998987 -0.000902786 0.001096787 0.194290697 0.000948065 0.999116778 -0.042009670 -0.497754323 -0.001057893 0.042010669 0.999116600 -1.346987643
31464767 0.505706370 0.899033599 0.500000000 0.500000000 0.000000000 0.000000000 0.999998152 -0.001070481 0.001604878 0.197660477 0.001138877 0.999064028 -0.043240473 -0.509002321 -0.001557088 0.043242220 0.999063432 -1.386822741
31498133 0.505706370 0.899033599 0.500000000 0.500000000 0.000000000 0.000000000 0.999997377 -0.001095757 0.002005541 0.199768839 0.001184245 0.999001265 -0.044665873 -0.520377953 -0.001954595 0.044668131 0.998999953 -1.427035622
31531500 0.505706370 0.899033599 0.500000000 0.500000000 0.000000000 0.000000000 0.999997497 -0.001100394 0.001938720 0.203333781 0.001187540 0.998961926 -0.045537949 -0.533148281 -0.001886598 0.045540139 0.998960733 -1.467303821
31564867 0.505706370 0.899033599 0.500000000 0.500000000 0.000000000 0.000000000 0.999998212 -0.001170120 0.001478015 0.208492656 0.001236950 0.998938143 -0.046055418 -0.547619759 -0.001422555 0.046057165 0.998937786 -1.506540384
31598233 0.505706370 0.899033599 0.500000000 0.500000000 0.000000000 0.000000000 0.999998212 -0.001258562 0.001406092 0.215261900 0.001323221 0.998895347 -0.046972182 -0.562838183 -0.001345422 0.046973959 0.998895228 -1.547064517
31631600 0.505706370 0.899033599 0.500000000 0.500000000 0.000000000 0.000000000 0.999997497 -0.001439342 0.001698796 0.221061990 0.001519850 0.998827755 -0.048382454 -0.577261462 -0.001627165 0.048384916 0.998827457 -1.589412495
31664967 0.505706370 0.899033599 0.500000000 0.500000000 0.000000000 0.000000000 0.999997377 -0.001625998 0.001625911 0.228584448 0.001704622 0.998768389 -0.049586143 -0.591935040 -0.001543281 0.049588785 0.998768508 -1.632937168
31698333 0.505706370 0.899033599 0.500000000 0.500000000 0.000000000 0.000000000 0.999997377 -0.001817015 0.001386991 0.238243274 0.001884492 0.998732030 -0.050306909 -0.606692353 -0.001293824 0.050309390 0.998732865 -1.676633297
31731700 0.505706370 0.899033599 0.500000000 0.500000000 0.000000000 0.000000000 0.999997079 -0.001902516 0.001498153 0.248056802 0.001976527 0.998693824 -0.051056080 -0.621373010 -0.001399061 0.051058892 0.998694658 -1.720920903
31765067 0.505706370 0.899033599 0.500000000 0.500000000 0.000000000 0.000000000 0.999997079 -0.001826034 0.001579493 0.257580022 0.001906232 0.998626530 -0.052359018 -0.633995461 -0.001481714 0.052361876 0.998627067 -1.767038772
31798433 0.505706370 0.899033599 0.500000000 0.500000000 0.000000000 0.000000000 0.999997377 -0.001478269 0.001746840 0.268042881 0.001569746 0.998562276 -0.053581208 -0.644465541 -0.001665121 0.053583808 0.998561978 -1.814751327
31831800 0.505706370 0.899033599 0.500000000 0.500000000 0.000000000 0.000000000 0.999996543 -0.001292012 0.002284860 0.276960932 0.001414168 0.998523891 -0.054295644 -0.655000067 -0.002211337 0.054298688 0.998522282 -1.863620660
31865167 0.505706370 0.899033599 0.500000000 0.500000000 0.000000000 0.000000000 0.999996006 -0.001388875 0.002459562 0.287828666 0.001522740 0.998469234 -0.055288598 -0.664208268 -0.002379009 0.055292122 0.998467386 -1.912410202
31898533 0.505706370 0.899033599 0.500000000 0.500000000 0.000000000 0.000000000 0.999995649 -0.001664923 0.002426005 0.299435191 0.001799753 0.998390853 -0.056678280 -0.670393476 -0.002327736 0.056682400 0.998389542 -1.961739367
31931900 0.505706370 0.899033599 0.500000000 0.500000000 0.000000000 0.000000000 0.999993622 -0.001793983 0.003087146 0.308237120 0.001969525 0.998324394 -0.057832081 -0.675424076 -0.002978223 0.057837792 0.998321533 -2.011833345
31965267 0.505706370 0.899033599 0.500000000 0.500000000 0.000000000 0.000000000 0.999993205 -0.002053004 0.003058786 0.316058026 0.002228300 0.998287678 -0.058453202 -0.680196914 -0.002933543 0.058459621 0.998285472 -2.059953657
31998633 0.505706370 0.899033599 0.500000000 0.500000000 0.000000000 0.000000000 0.999995351 -0.002335963 0.001957101 0.326666708 0.002446975 0.998267710 -0.058784302 -0.683991096 -0.001816393 0.058788821 0.998268783 -2.106407135
32032000 0.505706370 0.899033599 0.500000000 0.500000000 0.000000000 0.000000000 0.999996185 -0.002575414 0.000978642 0.338131658 0.002628881 0.998239279 -0.059256949 -0.685723163 -0.000824308 0.059259295 0.998242259 -2.151949291
32065367 0.505706370 0.899033599 0.500000000 0.500000000 0.000000000 0.000000000 0.999996424 -0.002621965 0.000471516 0.347329781 0.002645456 0.998209357 -0.059758838 -0.687298385 -0.000313986 0.059759874 0.998212755 -2.197283697
32098733 0.505706370 0.899033599 0.500000000 0.500000000 0.000000000 0.000000000 0.999996126 -0.002781602 0.000142190 0.355967970 0.002785116 0.998179197 -0.060253892 -0.688899394 0.000025671 0.060254056 0.998183072 -2.242870674
32132100 0.505706370 0.899033599 0.500000000 0.500000000 0.000000000 0.000000000 0.999995708 -0.002909970 -0.000411438 0.364299918 0.002879647 0.998153627 -0.060671747 -0.691805138 0.000587231 0.060670298 0.998157680 -2.288499978
32165467 0.505706370 0.899033599 0.500000000 0.500000000 0.000000000 0.000000000 0.999994755 -0.003068469 -0.001058443 0.372902951 0.002997993 0.998123467 -0.061159909 -0.695612063 0.001244124 0.061156411 0.998127401 -2.333446813
32198833 0.505706370 0.899033599 0.500000000 0.500000000 0.000000000 0.000000000 0.999993324 -0.003213173 -0.001749338 0.380783712 0.003098727 0.998077333 -0.061903026 -0.700399711 0.001944880 0.061897192 0.998080611 -2.378842198
32232200 0.505706370 0.899033599 0.500000000 0.500000000 0.000000000 0.000000000 0.999991536 -0.003352148 -0.002373282 0.388205329 0.003196898 0.998030722 -0.062645860 -0.706305171 0.002578606 0.062637746 0.998032987 -2.424220010
32265567 0.505706370 0.899033599 0.500000000 0.500000000 0.000000000 0.000000000 0.999988258 -0.003594537 -0.003252565 0.394993644 0.003382664 0.998010695 -0.062953986 -0.714694124 0.003472385 0.062942244 0.998011112 -2.470094017
32298933 0.505706370 0.899033599 0.500000000 0.500000000 0.000000000 0.000000000 0.999982417 -0.003782342 -0.004564920 0.402933274 0.003486102 0.997991979 -0.063244641 -0.724724511 0.004794966 0.063227616 0.997987628 -2.516307364
32332300 0.505706370 0.899033599 0.500000000 0.500000000 0.000000000 0.000000000 0.999975801 -0.003886345 -0.005772935 0.410824016 0.003509631 0.997950733 -0.063890345 -0.735267315 0.006009405 0.063868538 0.997940242 -2.562969362
32365667 0.505706370 0.899033599 0.500000000 0.500000000 0.000000000 0.000000000 0.999968410 -0.003978096 -0.006882607 0.417879681 0.003523879 0.997892499 -0.064793013 -0.745229068 0.007125854 0.064766712 0.997874975 -2.611160841
32399033 0.505706370 0.899033599 0.500000000 0.500000000 0.000000000 0.000000000 0.999960005 -0.004113936 -0.007941457 0.424319974 0.003584478 0.997841537 -0.065570109 -0.755343929 0.008194066 0.065539017 0.997816384 -2.660350975
32432400 0.505706370 0.899033599 0.500000000 0.500000000 0.000000000 0.000000000 0.999949455 -0.004350957 -0.009061617 0.430942125 0.003743650 0.997813225 -0.065990575 -0.765824907 0.009328923 0.065953314 0.997779071 -2.710704767
32465767 0.505706370 0.899033599 0.500000000 0.500000000 0.000000000 0.000000000 0.999936938 -0.004589179 -0.010248077 0.437507095 0.003900760 0.997797847 -0.066213325 -0.775766647 0.010529374 0.066169173 0.997752845 -2.761490523
32499133 0.505706370 0.899033599 0.500000000 0.500000000 0.000000000 0.000000000 0.999920964 -0.004690213 -0.011666324 0.444435157 0.003899612 0.997752666 -0.066890702 -0.782853170 0.011953837 0.066839918 0.997692108 -2.813498949
32532500 0.505706370 0.899033599 0.500000000 0.500000000 0.000000000 0.000000000 0.999908686 -0.004416151 -0.012773676 0.450239553 0.003537395 0.997677922 -0.068016790 -0.786095984 0.013044386 0.067965396 0.997602403 -2.866479316
32565867 0.505706370 0.899033599 0.500000000 0.500000000 0.000000000 0.000000000 0.999895453 -0.004529799 -0.013733558 0.455939908 0.003575287 0.997627735 -0.068746932 -0.788646472 0.014012388 0.068690643 0.997539580 -2.918964593
32599233 0.505706370 0.899033599 0.500000000 0.500000000 0.000000000 0.000000000 0.999882519 -0.004542380 -0.014639526 0.461751231 0.003523575 0.997618556 -0.068882100 -0.791318020 0.014917552 0.068822421 0.997517407 -2.970263473
32632600 0.505706370 0.899033599 0.500000000 0.500000000 0.000000000 0.000000000 0.999875605 -0.004593799 -0.015089660 0.465812945 0.003541287 0.997606814 -0.069051191 -0.793279269 0.015370755 0.068989165 0.997498989 -3.020800704
32665967 0.505706370 0.899033599 0.500000000 0.500000000 0.000000000 0.000000000 0.999856174 -0.004961879 -0.016215950 0.470757294 0.003819868 0.997559845 -0.069712378 -0.792103121 0.016522286 0.069640413 0.997435331 -3.070047904
32699333 0.505706370 0.899033599 0.500000000 0.500000000 0.000000000 0.000000000 0.999818504 -0.005416619 -0.018264648 0.479725033 0.004125969 0.997540176 -0.069975324 -0.790752843 0.018598748 0.069887266 0.997381508 -3.117795914
32732700 0.505706370 0.899033599 0.500000000 0.500000000 0.000000000 0.000000000 0.999790013 -0.005806572 -0.019653369 0.487570628 0.004421791 0.997552276 -0.069784343 -0.790286083 0.020010471 0.069682784 0.997368455 -3.164083359
32766067 0.505706370 0.899033599 0.500000000 0.500000000 0.000000000 0.000000000 0.999762356 -0.006245723 -0.020886889 0.494898570 0.004770898 0.997540593 -0.069928885 -0.789554447 0.021272276 0.069812618 0.997333288 -3.209232061
32799433 0.505706370 0.899033599 0.500000000 0.500000000 0.000000000 0.000000000 0.999724269 -0.006589496 -0.022537019 0.503772130 0.004985326 0.997498691 -0.070508927 -0.787053721 0.022945266 0.070377134 0.997256517 -3.254172442
32832800 0.505706370 0.899033599 0.500000000 0.500000000 0.000000000 0.000000000 0.999686956 -0.006788939 -0.024081960 0.512565927 0.005068148 0.997476935 -0.070810191 -0.786918460 0.024501925 0.070665978 0.997199059 -3.298562751
32866167 0.505706370 0.899033599 0.500000000 0.500000000 0.000000000 0.000000000 0.999653101 -0.007048225 -0.025376694 0.520557918 0.005235153 0.997475624 -0.070816793 -0.790041293 0.025811765 0.070659369 0.997166514 -3.342548850
32899533 0.505706370 0.899033599 0.500000000 0.500000000 0.000000000 0.000000000 0.999603927 -0.007578680 -0.027102813 0.530314520 0.005638254 0.997462690 -0.070967875 -0.793971637 0.027571887 0.070786953 0.997110307 -3.386491564
32932900 0.505706370 0.899033599 0.500000000 0.500000000 0.000000000 0.000000000 0.999548912 -0.008136950 -0.028909167 0.541045756 0.006057071 0.997435272 -0.071317926 -0.798320096 0.029415332 0.071110651 0.997034609 -3.430604420
32966267 0.505706370 0.899033599 0.500000000 0.500000000 0.000000000 0.000000000 0.999499083 -0.008472327 -0.030492723 0.550827360 0.006266808 0.997405708 -0.071711488 -0.804534014 0.031021180 0.071484476 0.996959209 -3.475655494
32999633 0.505706370 0.899033599 0.500000000 0.500000000 0.000000000 0.000000000 0.999438703 -0.008826929 -0.032316517 0.561752227 0.006473383 0.997367620 -0.072221376 -0.811005629 0.032868940 0.071971647 0.996864915 -3.521658874
33033000 0.505706370 0.899033599 0.500000000 0.500000000 0.000000000 0.000000000 0.999366283 -0.009214390 -0.034382634 0.574211127 0.006694717 0.997331977 -0.072691679 -0.818734152 0.034960710 0.072415434 0.996761620 -3.568437769
33066367 0.505706370 0.899033599 0.500000000 0.500000000 0.000000000 0.000000000 0.999283075 -0.009613596 -0.036618393 0.588136385 0.006916184 0.997301400 -0.073089682 -0.827438736 0.037222229 0.072784021 0.996652901 -3.615463161
33099733 0.505706370 0.899033599 0.500000000 0.500000000 0.000000000 0.000000000 0.999195576 -0.009978659 -0.038841553 0.602847715 0.007100312 0.997266293 -0.073549576 -0.835913313 0.039469298 0.073214620 0.996534884 -3.663516697
33133100 0.505706370 0.899033599 0.500000000 0.500000000 0.000000000 0.000000000 0.999094188 -0.010508086 -0.041235290 0.618597115 0.007425882 0.997215688 -0.074200332 -0.842871648 0.041900184 0.073826917 0.996390462 -3.712061083
33166467 0.505706370 0.899033599 0.500000000 0.500000000 0.000000000 0.000000000 0.998985946 -0.011068650 -0.043641489 0.635417229 0.007781616 0.997169554 -0.074781947 -0.847992154 0.044345696 0.074366510 0.996244490 -3.760845250
33199833 0.505706370 0.899033599 0.500000000 0.500000000 0.000000000 0.000000000 0.998882473 -0.011571100 -0.045825318 0.651754650 0.008108677 0.997147977 -0.075034581 -0.853284739 0.046562854 0.074579142 0.996127427 -3.809930787
33233200 0.505706370 0.899033599 0.500000000 0.500000000 0.000000000 0.000000000 0.998772323 -0.011864719 -0.048094466 0.668321534 0.008215792 0.997121811 -0.075369671 -0.857678734 0.048850283 0.074882008 0.995995164 -3.858991735
33266567 0.505706370 0.899033599 0.500000000 0.500000000 0.000000000 0.000000000 0.998618722 -0.012418720 -0.051052913 0.688025822 0.008500891 0.997052252 -0.076253504 -0.858437316 0.051849391 0.075714178 0.995780587 -3.908061228
33299933 0.505706370 0.899033599 0.500000000 0.500000000 0.000000000 0.000000000 0.998483121 -0.013009475 -0.053499762 0.707160823 0.008855033 0.996978641 -0.077169828 -0.856021571 0.054342058 0.076579027 0.995581508 -3.956629558
33333300 0.505706370 0.899033599 0.500000000 0.500000000 0.000000000 0.000000000 0.998389125 -0.013533563 -0.055100337 0.720988630 0.009236427 0.996948957 -0.077508122 -0.855712356 0.055981182 0.076874331 0.995467961 -4.004244519
33366667 0.505706370 0.899033599 0.500000000 0.500000000 0.000000000 0.000000000 0.998205304 -0.014284855 -0.058155905 0.740492890 0.009736168 0.996924520 -0.077760421 -0.855718312 0.059087846 0.077054650 0.995274425 -4.049052568
33400033 0.505706370 0.899033599 0.500000000 0.500000000 0.000000000 0.000000000 0.998005569 -0.015000393 -0.061317984 0.761123587 0.010167057 0.996870995 -0.078389347 -0.854083352 0.062301990 0.077609584 0.995035291 -4.092926450
33433400 0.505706370 0.899033599 0.500000000 0.500000000 0.000000000 0.000000000 0.997807384 -0.015750280 -0.064283110 0.780424478 0.010639750 0.996811330 -0.079081990 -0.852601866 0.065323696 0.078224637 0.994793296 -4.135332500
33466767 0.505706370 0.899033599 0.500000000 0.500000000 0.000000000 0.000000000 0.997561276 -0.016480293 -0.067822970 0.801592104 0.011050062 0.996759653 -0.079674743 -0.852169981 0.068916269 0.078730986 0.994510949 -4.176433805
33500133 0.505706370 0.899033599 0.500000000 0.500000000 0.000000000 0.000000000 0.997280121 -0.017219814 -0.071665041 0.824565969 0.011447563 0.996713877 -0.080189742 -0.853170297 0.072810389 0.079151243 0.994200051 -4.216688604
33533500 0.505706370 0.899033599 0.500000000 0.500000000 0.000000000 0.000000000 0.996982694 -0.017965706 -0.075516462 0.847216719 0.011851947 0.996672750 -0.080641262 -0.856288187 0.076713972 0.079502933 0.993878365 -4.256876930
33566867 0.505706370 0.899033599 0.500000000 0.500000000 0.000000000 0.000000000 0.996659160 -0.018774562 -0.079486437 0.871033851 0.012303064 0.996627033 -0.081136793 -0.860124180 0.080741636 0.079887800 0.993528426 -4.296309652
33600233 0.505706370 0.899033599 0.500000000 0.500000000 0.000000000 0.000000000 0.996351063 -0.019550588 -0.083079942 0.893247899 0.012756513 0.996588826 -0.081535116 -0.865556712 0.084390603 0.080177791 0.993201792 -4.335829258
33633600 0.505706370 0.899033599 0.500000000 0.500000000 0.000000000 0.000000000 0.996013403 -0.020313790 -0.086859919 0.916017849 0.013168193 0.996540308 -0.082061030 -0.871643024 0.088226378 0.080590099 0.992834985 -4.375149620
33666967 0.505706370 0.899033599 0.500000000 0.500000000 0.000000000 0.000000000 0.995623410 -0.021107636 -0.091041043 0.940688109 0.013526121 0.996449172 -0.083102778 -0.876583674 0.092471883 0.081507646 0.992373645 -4.414594616
33700333 0.505706370 0.899033599 0.500000000 0.500000000 0.000000000 0.000000000 0.995194972 -0.021942068 -0.095422603 0.966579726 0.013870895 0.996332169 -0.084438510 -0.880903453 0.096925363 0.082709186 0.991849124 -4.454738984
33733700 0.505706370 0.899033599 0.500000000 0.500000000 0.000000000 0.000000000 0.994737208 -0.022824081 -0.099884793 0.993092275 0.014261672 0.996226490 -0.085611999 -0.887226637 0.101461887 0.083736919 0.991309047 -4.494744177
33767067 0.505706370 0.899033599 0.500000000 0.500000000 0.000000000 0.000000000 0.994276285 -0.023683760 -0.104181118 1.018885111 0.014631657 0.996117473 -0.086809374 -0.893903886 0.105832607 0.084788166 0.990762532 -4.534969567
33800433 0.505706370 0.899033599 0.500000000 0.500000000 0.000000000 0.000000000 0.993776858 -0.024527121 -0.108655132 1.045258314 0.014960876 0.996008277 -0.087998085 -0.900895897 0.110379748 0.085824892 0.990176976 -4.575914373
33833800 0.505706370 0.899033599 0.500000000 0.500000000 0.000000000 0.000000000 0.993269086 -0.025353294 -0.113020904 1.071159592 0.015271003 0.995896995 -0.089196362 -0.907805668 0.114818595 0.086870044 0.989580870 -4.617333593
33867167 0.505706370 0.899033599 0.500000000 0.500000000 0.000000000 0.000000000 0.992785573 -0.026057767 -0.117037401 1.095070449 0.015459772 0.995770693 -0.090563543 -0.913253239 0.118902296 0.088100806 0.988989651 -4.659826175
33900533 0.505706370 0.899033599 0.500000000 0.500000000 0.000000000 0.000000000 0.992256761 -0.026803555 -0.121277072 1.119336934 0.015606277 0.995604038 -0.092352942 -0.915838996 0.123219326 0.089745149 0.988313138 -4.703700036
33933900 0.505706370 0.899033599 0.500000000 0.500000000 0.000000000 0.000000000 0.991635442 -0.027704714 -0.126061991 1.146835235 0.015773416 0.995382965 -0.094678193 -0.914156607 0.128102988 0.091897823 0.987493992 -4.748486067
33967267 0.505706370 0.899033599 0.500000000 0.500000000 0.000000000 0.000000000 0.991014540 -0.028496444 -0.130683228 1.173848620 0.015778268 0.995125830 -0.097342692 -0.909136347 0.132820174 0.094406068 0.986633837 -4.793138271
34000633 0.505706370 0.899033599 0.500000000 0.500000000 0.000000000 0.000000000 0.990403473 -0.029325226 -0.135059163 1.200368034 0.015825514 0.994865239 -0.099963620 -0.903260455 0.137297124 0.096866935 0.985782087 -4.837513822
34034000 0.505706370 0.899033599 0.500000000 0.500000000 0.000000000 0.000000000 0.989897788 -0.029955486 -0.138582185 1.222409125 0.015813245 0.994653940 -0.102046631 -0.898976537 0.140898168 0.098824300 0.985079408 -4.881450331
34067367 0.505706370 0.899033599 0.500000000 0.500000000 0.000000000 0.000000000 0.989341795 -0.030745341 -0.142328903 1.244576577 0.016016511 0.994500935 -0.103495955 -0.897174067 0.144728243 0.100113265 0.984393775 -4.922542211
34100733 0.505706370 0.899033599 0.500000000 0.500000000 0.000000000 0.000000000 0.988680065 -0.031611696 -0.146670967 1.270147672 0.016196238 0.994326651 -0.105129540 -0.893589100 0.149162173 0.101563960 0.983582914 -4.961937945
34134100 0.505706370 0.899033599 0.500000000 0.500000000 0.000000000 0.000000000 0.987994313 -0.032616891 -0.151007980 1.296372922 0.016443839 0.994108438 -0.107135452 -0.886694040 0.153612733 0.103366069 0.982709825 -5.000748987
34167467 0.505706370 0.899033599 0.500000000 0.500000000 0.000000000 0.000000000 0.987311840 -0.033672158 -0.155182362 1.321970351 0.016734963 0.993880630 -0.109184302 -0.878164026 0.157909214 0.105201982 0.981833577 -5.039301750
34200833 0.505706370 0.899033599 0.500000000 0.500000000 0.000000000 0.000000000 0.986612201 -0.034821428 -0.159322932 1.347915777 0.017191963 0.993702829 -0.110720731 -0.871477560 0.162175104 0.106499352 0.980998039 -5.077087026
34234200 0.505706370 0.899033599 0.500000000 0.500000000 0.000000000 0.000000000 0.985915422 -0.035730042 -0.163383603 1.373799649 0.017555544 0.993625343 -0.111357525 -0.869912914 0.166320890 0.106920809 0.980257750 -5.113624209
34267567 0.505706370 0.899033599 0.500000000 0.500000000 0.000000000 0.000000000 0.985256612 -0.036476392 -0.167149365 1.398560867 0.017813340 0.993568480 -0.111822642 -0.870694787 0.170153230 0.107196510 0.979569674 -5.149148483
34300933 0.505706370 0.899033599 0.500000000 0.500000000 0.000000000 0.000000000 0.984596968 -0.037123632 -0.170852751 1.422665104 0.017728979 0.993360102 -0.113672361 -0.865385589 0.173938245 0.108892418 0.978717506 -5.186211765
34334300 0.505706370 0.899033599 0.500000000 0.500000000 0.000000000 0.000000000 0.983884573 -0.037869703 -0.174748570 1.447902666 0.017600182 0.993079722 -0.116115883 -0.857372712 0.177936539 0.111169018 0.977742314 -5.223581281
34367667 0.505706370 0.899033599 0.500000000 0.500000000 0.000000000 0.000000000 0.983066916 -0.038715906 -0.179110423 1.476872568 0.017676078 0.992903054 -0.117605515 -0.855109323 0.182392493 0.112448119 0.976774514 -5.259647361
34401033 0.505706370 0.899033599 0.500000000 0.500000000 0.000000000 0.000000000 0.982250750 -0.039511602 -0.183363840 1.506283694 0.017824044 0.992800057 -0.118449964 -0.857376402 0.186723769 0.113079287 0.975882828 -5.294988717
34434400 0.505706370 0.899033599 0.500000000 0.500000000 0.000000000 0.000000000 0.981426001 -0.040392708 -0.187540621 1.536101058 0.017951164 0.992629349 -0.119852707 -0.857413955 0.190999508 0.114259988 0.974917352 -5.330791489
34467767 0.505706370 0.899033599 0.500000000 0.500000000 0.000000000 0.000000000 0.980605423 -0.041286640 -0.191594452 1.566358134 0.017955484 0.992374063 -0.121947929 -0.853868474 0.195168197 0.116142623 0.973868728 -5.367940641
34501133 0.505706370 0.899033599 0.500000000 0.500000000 0.000000000 0.000000000 0.979887426 -0.042107537 -0.195057943 1.593999791 0.017987471 0.992142379 -0.123814367 -0.851625492 0.198738769 0.117815539 0.972945213 -5.405945288
34534500 0.505706370 0.899033599 0.500000000 0.500000000 0.000000000 0.000000000 0.979122460 -0.043027338 -0.198665291 1.623165851 0.018195430 0.991968870 -0.125166446 -0.852107897 0.202455372 0.118938476 0.972041905 -5.443733085
34567867 0.505706370 0.899033599 0.500000000 0.500000000 0.000000000 0.000000000 0.978266597 -0.043914262 -0.202647403 1.655396312 0.018341387 0.991811514 -0.126386538 -0.853048762 0.206538185 0.119922891 0.971061528 -5.480509367
34601233 0.505706370 0.899033599 0.500000000 0.500000000 0.000000000 0.000000000 0.977366090 -0.044621870 -0.206795678 1.689131875 0.018196486 0.991611540 -0.127966568 -0.851521163 0.210771084 0.121307231 0.969979465 -5.517725135
34634600 0.505706370 0.899033599 0.500000000 0.500000000 0.000000000 0.000000000 0.976467550 -0.045116045 -0.210892662 1.722699559 0.017712887 0.991347313 -0.130064309 -0.845775196 0.214935869 0.123268060 0.968817592 -5.555872493
34667967 0.505706370 0.899033599 0.500000000 0.500000000 0.000000000 0.000000000 0.975561500 -0.045873921 -0.214884520 1.756735405 0.017560866 0.991112888 -0.131859332 -0.839952152 0.219023719 0.124863334 0.967697144 -5.594719894
34701333 0.505706370 0.899033599 0.500000000 0.500000000 0.000000000 0.000000000 0.974716067 -0.046689611 -0.218514562 1.789447518 0.017650522 0.990958393 -0.133003548 -0.836566203 0.222748727 0.125783801 0.966727197 -5.632675697
34734700 0.505706370 0.899033599 0.500000000 0.500000000 0.000000000 0.000000000 0.973957300 -0.047364835 -0.221729085 1.819630418 0.017555797 0.990754545 -0.134525999 -0.829689708 0.226050898 0.127129942 0.965784132 -5.670739166
34768067 0.505706370 0.899033599 0.500000000 0.500000000 0.000000000 0.000000000 0.973142087 -0.048262883 -0.225089252 1.850529658 0.017513981 0.990464151 -0.136652738 -0.817771233 0.229538098 0.129040331 0.964707673 -5.708541510
34801433 0.505706370 0.899033599 0.500000000 0.500000000 0.000000000 0.000000000 0.972133994 -0.049204119 -0.229204014 1.885869630 0.017435864 0.990192592 -0.138616934 -0.805563522 0.233776644 0.130757853 0.963457763 -5.744801493
34834800 0.505706370 0.899033599 0.500000000 0.500000000 0.000000000 0.000000000 0.971193790 -0.050062690 -0.232972801 1.919219261 0.017425917 0.989985287 -0.140090972 -0.796202879 0.237652972 0.131995723 0.962339938 -5.780226447
34868167 0.505706370 0.899033599 0.500000000 0.500000000 0.000000000 0.000000000 0.970284641 -0.050894629 -0.236553282 1.950611514 0.017408583 0.989778638 -0.141545847 -0.786816407 0.241339311 0.133221701 0.961252987 -5.815371609
34901533 0.505706370 0.899033599 0.500000000 0.500000000 0.000000000 0.000000000 0.969272852 -0.051856335 -0.240460187 1.983543951 0.017419018 0.989542663 -0.143184930 -0.776102717 0.245370656 0.134596691 0.960040092 -5.850206376
34934900 0.505706370 0.899033599 0.500000000 0.500000000 0.000000000 0.000000000 0.968212306 -0.052931204 -0.244465157 2.017595452 0.017551066 0.989320695 -0.144694567 -0.765610544 0.249513298 0.135804430 0.958801448 -5.883686757
34968267 0.505706370 0.899033599 0.500000000 0.500000000 0.000000000 0.000000000 0.967151046 -0.054049317 -0.248389944 2.051350386 0.017762724 0.989115119 -0.146067753 -0.756740117 0.253581107 0.136857495 0.957583785 -5.916895024
35001633 0.505706370 0.899033599 0.500000000 0.500000000 0.000000000 0.000000000 0.966037095 -0.055134442 -0.252453119 2.086685746 0.017833132 0.988867939 -0.147723317 -0.746096203 0.257787436 0.138204172 0.956266284 -5.949364588
35035000 0.505706370 0.899033599 0.500000000 0.500000000 0.000000000 0.000000000 0.964903831 -0.056044713 -0.256553203 2.121856890 0.017720945 0.988630116 -0.149319842 -0.736568423 0.262004822 0.139532924 0.954926193 -5.982197127
35068367 0.505706370 0.899033599 0.500000000 0.500000000 0.000000000 0.000000000 0.963774621 -0.056931999 -0.260570884 2.156755251 0.017614694 0.988406599 -0.150804892 -0.728844459 0.266135603 0.140752062 0.953604043 -6.014590248
35101733 0.505706370 0.899033599 0.500000000 0.500000000 0.000000000 0.000000000 0.962664545 -0.057756688 -0.264463931 2.190854139 0.017452158 0.988182724 -0.152283862 -0.722539913 0.270134091 0.141982794 0.952296436 -6.048037685
35135100 0.505706370 0.899033599 0.500000000 0.500000000 0.000000000 0.000000000 0.961593628 -0.058511868 -0.268167913 2.223662002 0.017208248 0.987943530 -0.153855398 -0.716545911 0.273937136 0.143331662 0.951007068 -6.082329621
35168467 0.505706370 0.899033599 0.500000000 0.500000000 0.000000000 0.000000000 0.960552454 -0.059243545 -0.271715224 2.255254084 0.016979223 0.987716198 -0.155333132 -0.712385311 0.277580023 0.144592106 0.949759185 -6.117563587
35201833 0.505706370 0.899033599 0.500000000 0.500000000 0.000000000 0.000000000 0.959428012 -0.060057756 -0.275483102 2.289056003 0.016815687 0.987499952 -0.156719565 -0.709541057 0.281451762 0.145728707 0.948445082 -6.152711082
35235200 0.505706370 0.899033599 0.500000000 0.500000000 0.000000000 0.000000000 0.958255351 -0.060863849 -0.279360563 2.323318280 0.016586976 0.987268031 -0.158198327 -0.706726553 0.285432309 0.146960646 0.947064400 -6.188364102
35268567 0.505706370 0.899033599 0.500000000 0.500000000 0.000000000 0.000000000 0.957040429 -0.061621681 -0.283330768 2.358479726 0.016226398 0.987007201 -0.159854576 -0.702434284 0.289500028 0.148389861 0.945605695 -6.224138803
35301933 0.505706370 0.899033599 0.500000000 0.500000000 0.000000000 0.000000000 0.955877185 -0.062313829 -0.287081540 2.392058875 0.015849985 0.986759961 -0.161411121 -0.698097418 0.293338716 0.149738967 0.944208980 -6.261042240
35335300 0.505706370 0.899033599 0.500000000 0.500000000 0.000000000 0.000000000 0.954581141 -0.063144408 -0.291183233 2.428148699 0.015631594 0.986552775 -0.162693679 -0.694991757 0.297540814 0.150752649 0.942731738 -6.297215419
35368667 0.505706370 0.899033599 0.500000000 0.500000000 0.000000000 0.000000000 0.953324497 -0.063531093 -0.295188457 2.463698524 0.014946622 0.986344993 -0.164012522 -0.690589605 0.301577538 0.151945084 0.941256464 -6.333652637
35402033 0.505706370 0.899033599 0.500000000 0.500000000 0.000000000 0.000000000 0.952086210 -0.063753285 -0.299111038 2.498665817 0.014047793 0.986115098 -0.165468201 -0.683673004 0.305507064 0.153338134 0.939762115 -6.370140568
35435400 0.505706370 0.899033599 0.500000000 0.500000000 0.000000000 0.000000000 0.950880826 -0.064330459 -0.302799016 2.533176578 0.013547049 0.985878944 -0.166910753 -0.674878619 0.309260607 0.154610202 0.938324869 -6.405150869
35468767 0.505706370 0.899033599 0.500000000 0.500000000 0.000000000 0.000000000 0.949806929 -0.064865544 -0.306037903 2.564204435 0.013150359 0.985681415 -0.168104857 -0.666514920 0.312560081 0.155642658 0.937060058 -6.439688888
35502133 0.505706370 0.899033599 0.500000000 0.500000000 0.000000000 0.000000000 0.948579490 -0.065582439 -0.309670657 2.596303269 0.012937048 0.985516489 -0.169085309 -0.659178464 0.316274583 0.156384632 0.935689151 -6.472803561
35535500 0.505706370 0.899033599 0.500000000 0.500000000 0.000000000 0.000000000 0.947146595 -0.066383369 -0.313857585 2.634717712 0.012655192 0.985325873 -0.170213923 -0.651537696 0.320551366 0.157245606 0.934088111 -6.502875340
35568867 0.505706370 0.899033599 0.500000000 0.500000000 0.000000000 0.000000000 0.945761263 -0.067118235 -0.317853481 2.671864407 0.012263523 0.985103309 -0.171525672 -0.642721235 0.324631006 0.158324331 0.932495654 -6.533899686
35602233 0.505706370 0.899033599 0.500000000 0.500000000 0.000000000 0.000000000 0.944444954 -0.067825213 -0.321595192 2.707822530 0.011794399 0.984839261 -0.173067823 -0.631157625 0.328457922 0.159660012 0.930926442 -6.564955829
35635600 0.505706370 0.899033599 0.500000000 0.500000000 0.000000000 0.000000000 0.943341434 -0.068357207 -0.324706346 2.739468615 0.011302769 0.984602630 -0.174441665 -0.620426395 0.331631064 0.160887972 0.929589093 -6.597661794
35668967 0.505706370 0.899033599 0.500000000 0.500000000 0.000000000 0.000000000 0.942203462 -0.069035672 -0.327851623 2.771013819 0.011061896 0.984417617 -0.175498217 -0.612578202 0.334858537 0.161728367 0.928285360 -6.630476185
35702333 0.505706370 0.899033599 0.500000000 0.500000000 0.000000000 0.000000000 0.940922439 -0.069826476 -0.331344604 2.805049545 0.010875679 0.984235048 -0.176530689 -0.605517883 0.338447481 0.162498087 0.926848233 -6.661463378
35735700 0.505706370 0.899033599 0.500000000 0.500000000 0.000000000 0.000000000 0.939623117 -0.070589826 -0.334851444 2.839806423 0.010489178 0.983974993 -0.177997589 -0.596306436 0.342050284 0.163738340 0.925306082 -6.692788889
35769067 0.505706370 0.899033599 0.500000000 0.500000000 0.000000000 0.000000000 0.938386321 -0.071551211 -0.338099927 2.873092912 0.010221293 0.983650386 -0.179798469 -0.584742917 0.345436931 0.165264606 0.923775375 -6.724874688
35802433 0.505706370 0.899033599 0.500000000 0.500000000 0.000000000 0.000000000 0.937038481 -0.072723024 -0.341570318 2.909244572 0.010252194 0.983384490 -0.181245223 -0.576812603 0.349075675 0.166331902 0.922214687 -6.756041608
35835800 0.505706370 0.899033599 0.500000000 0.500000000 0.000000000 0.000000000 0.935657859 -0.073591717 -0.345150232 2.946496066 0.010097639 0.983198404 -0.182260707 -0.572740806 0.352764040 0.167048454 0.920680404 -6.785981557
35869167 0.505706370 0.899033599 0.500000000 0.500000000 0.000000000 0.000000000 0.934350014 -0.074243970 -0.348536819 2.982313270 0.009696360 0.982990742 -0.183399111 -0.568337181 0.356224716 0.167979419 0.919177294 -6.816741246
35902533 0.505706370 0.899033599 0.500000000 0.500000000 0.000000000 0.000000000 0.932987094 -0.075005800 -0.352007478 3.019861289 0.009264760 0.982724369 -0.184843019 -0.562251726 0.359790623 0.169194877 0.917564034 -6.847495376
35935900 0.505706370 0.899033599 0.500000000 0.500000000 0.000000000 0.000000000 0.931708753 -0.075700946 -0.355229795 3.056441364 0.008846658 0.982478321 -0.186166883 -0.557244958 0.363098592 0.170310721 0.916053295 -6.879097186
35969267 0.505706370 0.899033599 0.500000000 0.500000000 0.000000000 0.000000000 0.930562198 -0.076406524 -0.358072728 3.091000923 0.008592241 0.982270896 -0.187270030 -0.553827262 0.366033047 0.171189755 0.914720654 -6.912035918
36002633 0.505706370 0.899033599 0.500000000 0.500000000 0.000000000 0.000000000 0.929434001 -0.077015989 -0.360861421 3.125482293 0.008226951 0.982057154 -0.188403890 -0.550320149 0.368896663 0.172140196 0.913390934 -6.945621524
36036000 0.505706370 0.899033599 0.500000000 0.500000000 0.000000000 0.000000000 0.928258657 -0.077745207 -0.363719046 3.160975213 0.007827654 0.981776416 -0.189878225 -0.541326359 0.371852905 0.173409045 0.911951065 -6.978981682
36069367 0.505706370 0.899033599 0.500000000 0.500000000 0.000000000 0.000000000 0.926972568 -0.078585230 -0.366805464 3.199220186 0.007528416 0.981511354 -0.191255763 -0.532010084 0.375053614 0.174527392 0.910425723 -7.011399273
36102733 0.505706370 0.899033599 0.500000000 0.500000000 0.000000000 0.000000000 0.925500512 -0.079523496 -0.370303750 3.242006132 0.007293436 0.981269658 -0.192501202 -0.522425047 0.378676206 0.175459161 0.908745527 -7.042133056
36136100 0.505706370 0.899033599 0.500000000 0.500000000 0.000000000 0.000000000 0.924116135 -0.080155388 -0.373610139 3.283568162 0.006780337 0.981036723 -0.193703413 -0.512255552 0.382051617 0.176471248 0.907135308 -7.073090210
36169467 0.505706370 0.899033599 0.500000000 0.500000000 0.000000000 0.000000000 0.922827065 -0.080507010 -0.376707911 3.321612942 0.006057232 0.980828941 -0.194776461 -0.502058085 0.385166913 0.177463174 0.905623138 -7.104352252
36202833 0.505706370 0.899033599 0.500000000 0.500000000 0.000000000 0.000000000 0.921429276 -0.081238456 -0.379958481 3.361630543 0.005832594 0.980679691 -0.195533425 -0.492897379 0.388502389 0.177954078 0.904100776 -7.134265965
36236200 0.505706370 0.899033599 0.500000000 0.500000000 0.000000000 0.000000000 0.919953406 -0.082085602 -0.383337528 3.402946341 0.005925331 0.980632544 -0.195766866 -0.486425833 0.391982913 0.177825004 0.902622640 -7.161368347
36269567 0.505706370 0.899033599 0.500000000 0.500000000 0.000000000 0.000000000 0.918649971 -0.082611844 -0.386338532 3.440184294 0.005788642 0.980602682 -0.195920542 -0.481843063 0.395029962 0.177746028 0.901308894 -7.189111404
36302933 0.505706370 0.899033599 0.500000000 0.500000000 0.000000000 0.000000000 0.917423844 -0.083171189 -0.389122158 3.474474484 0.005431015 0.980437696 -0.196754739 -0.471451249 0.397874355 0.178394154 0.899928629 -7.217560835
36336300 0.505706370 0.899033599 0.500000000 0.500000000 0.000000000 0.000000000 0.915853024 -0.083884798 -0.392653227 3.514758517 0.005118718 0.980292261 -0.197486296 -0.462288721 0.401481032 0.178858548 0.898233056 -7.242823007
36369667 0.505706370 0.899033599 0.500000000 0.500000000 0.000000000 0.000000000 0.914167225 -0.084626175 -0.396404743 3.556697464 0.005074266 0.980275393 -0.197571367 -0.459062480 0.405305535 0.178601801 0.896565020 -7.265897068
36403033 0.505706370 0.899033599 0.500000000 0.500000000 0.000000000 0.000000000 0.912507176 -0.085331835 -0.400061458 3.597441880 0.005133970 0.980312169 -0.197387278 -0.459047887 0.409028530 0.178063408 0.894979954 -7.288159525
36436400 0.505706370 0.899033599 0.500000000 0.500000000 0.000000000 0.000000000 0.910745978 -0.086155303 -0.403880000 3.639784634 0.004972421 0.980212569 -0.197885260 -0.455049886 0.412937135 0.178214937 0.893153071 -7.309587072
36469767 0.505706370 0.899033599 0.500000000 0.500000000 0.000000000 0.000000000 0.908941865 -0.086924948 -0.407760680 3.682084707 0.004542480 0.980030835 -0.198793769 -0.448532413 0.416898161 0.178839728 0.891185880 -7.331020330
36503133 0.505706370 0.899033599 0.500000000 0.500000000 0.000000000 0.000000000 0.907068431 -0.087897651 -0.411704898 3.725333993 0.004341675 0.979861379 -0.199631631 -0.443693020 0.420960873 0.179292053 0.889182925 -7.351665504
36536500 0.505706370 0.899033599 0.500000000 0.500000000 0.000000000 0.000000000 0.905099988 -0.088995852 -0.415780842 3.770097750 0.004262504 0.979700565 -0.200421199 -0.440385419 0.425177366 0.179628968 0.887106359 -7.372175949
36569867 0.505706370 0.899033599 0.500000000 0.500000000 0.000000000 0.000000000 0.903039396 -0.089883529 -0.420048594 3.816527751 0.003952886 0.979560316 -0.201111808 -0.439266447 0.429539561 0.179951474 0.884936869 -7.391333700
36603233 0.505706370 0.899033599 0.500000000 0.500000000 0.000000000 0.000000000 0.901113629 -0.090406485 -0.424052894 3.859884080 0.003392818 0.979460478 -0.201607555 -0.440561410 0.433569700 0.180232584 0.882911980 -7.412663659
36636600 0.505706370 0.899033599 0.500000000 0.500000000 0.000000000 0.000000000 0.899231374 -0.090703636 -0.427967042 3.901700693 0.002757066 0.979425550 -0.201787069 -0.445344359 0.437464684 0.180273324 0.880980253 -7.435101094
36669967 0.505706370 0.899033599 0.500000000 0.500000000 0.000000000 0.000000000 0.897362471 -0.090891831 -0.431832403 3.942675274 0.002027614 0.979397953 -0.201929659 -0.450808178 0.441289514 0.180328503 0.879059255 -7.458393556
36703333 0.505706370 0.899033599 0.500000000 0.500000000 0.000000000 0.000000000 0.895611167 -0.091320895 -0.435363263 3.981363288 0.001525538 0.979325891 -0.202283084 -0.454132807 0.444835186 0.180502832 0.877234519 -7.483309136
36736700 0.505706370 0.899033599 0.500000000 0.500000000 0.000000000 0.000000000 0.893839240 -0.091733783 -0.438903511 4.019451087 0.000975091 0.979243994 -0.202682763 -0.456251617 0.448386461 0.180737838 0.875376165 -7.508482083
36770067 0.505706370 0.899033599 0.500000000 0.500000000 0.000000000 0.000000000 0.891892612 -0.092325382 -0.442722917 4.060142764 0.000446949 0.979119480 -0.203285038 -0.455875412 0.452247024 0.181110561 0.873310685 -7.532611748
36803433 0.505706370 0.899033599 0.500000000 0.500000000 0.000000000 0.000000000 0.889958382 -0.092881143 -0.446483165 4.100474542 -0.000216455 0.978953838 -0.204081580 -0.452648312 0.456041753 0.181720749 0.871208072 -7.556843481
36836800 0.505706370 0.899033599 0.500000000 0.500000000 0.000000000 0.000000000 0.887993217 -0.093567103 -0.450236857 4.140942289 -0.000887419 0.978730619 -0.205147609 -0.444736161 0.459855676 0.182569236 0.869023144 -7.579882811
36870167 0.505706370 0.899033599 0.500000000 0.500000000 0.000000000 0.000000000 0.885926843 -0.094125241 -0.454174072 4.182953704 -0.001458878 0.978622377 -0.205660194 -0.441478672 0.463822722 0.182862461 0.866850495 -7.601477565
36903533 0.505706370 0.899033599 0.500000000 0.500000000 0.000000000 0.000000000 0.884090364 -0.094665028 -0.457627296 4.220445447 -0.001874010 0.978541374 -0.206041992 -0.438031739 0.467312217 0.183017343 0.864941597 -7.623980919
36936900 0.505706370 0.899033599 0.500000000 0.500000000 0.000000000 0.000000000 0.882179618 -0.095287882 -0.461171746 4.259031681 -0.002372283 0.978402197 -0.206696644 -0.430550321 0.470907152 0.183437586 0.862900436 -7.644765340
36970267 0.505706370 0.899033599 0.500000000 0.500000000 0.000000000 0.000000000 0.880344629 -0.095927343 -0.464533389 4.296033526 -0.002849930 0.978249550 -0.207411990 -0.421817471 0.474326044 0.183917925 0.860923350 -7.665417520
37003633 0.505706370 0.899033599 0.500000000 0.500000000 0.000000000 0.000000000 0.878437400 -0.096477516 -0.468016922 4.332811833 -0.003355145 0.978137612 -0.207931742 -0.414666291 0.477845669 0.184225276 0.858908951 -7.685516512
37037000 0.505706370 0.899033599 0.500000000 0.500000000 0.000000000 0.000000000 0.876389027 -0.097139224 -0.471705645 4.371813156 -0.003808927 0.978018820 -0.208481908 -0.405812445 0.481588751 0.184507966 0.856754959 -7.703896651
37070367 0.505706370 0.899033599 0.500000000 0.500000000 0.000000000 0.000000000 0.874457896 -0.097710557 -0.475158900 4.408659888 -0.004304706 0.977902770 -0.209015787 -0.396565790 0.485082269 0.184820935 0.854714215 -7.722881670
37103733 0.505706370 0.899033599 0.500000000 0.500000000 0.000000000 0.000000000 0.872611403 -0.098275512 -0.478425860 4.443239640 -0.004773563 0.977784634 -0.209557563 -0.387744318 0.488391846 0.185146108 0.852756917 -7.743556153
37137100 0.505706370 0.899033599 0.500000000 0.500000000 0.000000000 0.000000000 0.870558143 -0.099227719 -0.481956780 4.481079055 -0.005037321 0.977608025 -0.210373834 -0.376463279 0.492039740 0.185570419 0.850564837 -7.762941761
37170467 0.505706370 0.899033599 0.500000000 0.500000000 0.000000000 0.000000000 0.868396699 -0.100354508 -0.485609084 4.520630725 -0.005128671 0.977436841 -0.211165562 -0.365670596 0.495843649 0.185865998 0.848288238 -7.782024871
37203833 0.505706370 0.899033599 0.500000000 0.500000000 0.000000000 0.000000000 0.866271794 -0.100971781 -0.489262611 4.559872175 -0.005592505 0.977340162 -0.211600885 -0.358156760 0.499541700 0.186040089 0.846077502 -7.801253962
37237200 0.505706370 0.899033599 0.500000000 0.500000000 0.000000000 0.000000000 0.864423573 -0.101512656 -0.492409468 4.594695956 -0.006237752 0.977163434 -0.212397456 -0.346966960 0.502725542 0.186672896 0.844049931 -7.823025416
37270567 0.505706370 0.899033599 0.500000000 0.500000000 0.000000000 0.000000000 0.862495601 -0.102102123 -0.495657682 4.630298288 -0.006950067 0.976953387 -0.213339597 -0.335023323 0.506016850 0.187449321 0.841908336 -7.844731759
37303933 0.505706370 0.899033599 0.500000000 0.500000000 0.000000000 0.000000000 0.860497653 -0.102755018 -0.498984188 4.667144342 -0.007506327 0.976784587 -0.214092344 -0.324880509 0.509399116 0.187971488 0.839749515 -7.865929099
37337300 0.505706370 0.899033599 0.500000000 0.500000000 0.000000000 0.000000000 0.858480215 -0.103387855 -0.502317309 4.704517481 -0.007776472 0.976731896 -0.214323014 -0.319796739 0.512787759 0.187898323 0.837701023 -7.886973840
37370667 0.505706370 0.899033599 0.500000000 0.500000000 0.000000000 0.000000000 0.856495202 -0.103976414 -0.505573750 4.742008209 -0.007997435 0.976709127 -0.214418694 -0.316344101 0.516093016 0.187691882 0.835715115 -7.908374195
37404033 0.505706370 0.899033599 0.500000000 0.500000000 0.000000000 0.000000000 0.854826927 -0.104462646 -0.508289754 4.774694230 -0.008515573 0.976571620 -0.215024188 -0.307797197 0.518843353 0.188136846 0.833910167 -7.933257424
37437400 0.505706370 0.899033599 0.500000000 0.500000000 0.000000000 0.000000000 0.853167295 -0.105028458 -0.510954618 4.807021614 -0.009030065 0.976400197 -0.215780318 -0.297083727 0.521559298 0.188710660 0.832084239 -7.959019046
37470767 0.505706370 0.899033599 0.500000000 0.500000000 0.000000000 0.000000000 0.851430595 -0.105591252 -0.513728023 4.841089467 -0.009389468 0.976297498 -0.216229126 -0.287806881 0.524383247 0.188927725 0.830258071 -7.984234285
37504133 0.505706370 0.899033599 0.500000000 0.500000000 0.000000000 0.000000000 0.849776208 -0.106133975 -0.516348660 4.874215583 -0.009569453 0.976254523 -0.216415122 -0.280555883 0.527056754 0.188845605 0.828582227 -8.010888704
37537500 0.505706370 0.899033599 0.500000000 0.500000000 0.000000000 0.000000000 0.848281562 -0.106578566 -0.518709362 4.904694916 -0.009993402 0.976140618 -0.216909289 -0.269239627 0.529451191 0.189183816 0.826976955 -8.039810139
37570867 0.505706370 0.899033599 0.500000000 0.500000000 0.000000000 0.000000000 0.846353590 -0.107324108 -0.521696389 4.942717519 -0.010451547 0.975953043 -0.217730090 -0.253053715 0.532518864 0.189729184 0.824879706 -8.064596763
37604233 0.505706370 0.899033599 0.500000000 0.500000000 0.000000000 0.000000000 0.844829202 -0.107694544 -0.524085402 4.975049846 -0.011017537 0.975823402 -0.218282714 -0.237939854 0.534922659 0.190185741 0.823217571 -8.092680212
37637600 0.505706370 0.899033599 0.500000000 0.500000000 0.000000000 0.000000000 0.843845308 -0.107814074 -0.525643587 4.996993285 -0.011522420 0.975739717 -0.218630299 -0.224018176 0.536462784 0.190546840 0.822131157 -8.125149835
37670967 0.505706370 0.899033599 0.500000000 0.500000000 0.000000000 0.000000000 0.842328131 -0.108366914 -0.527958274 5.026825384 -0.011764996 0.975647509 -0.219028473 -0.208543143 0.538836658 0.190705270 0.820540428 -8.151734528
37704333 0.505706370 0.899033599 0.500000000 0.500000000 0.000000000 0.000000000 0.840965152 -0.108825527 -0.530032694 5.054778209 -0.011786121 0.975649357 -0.219019100 -0.197325659 0.540960908 0.190434456 0.819204509 -8.179104040
37737700 0.505706370 0.899033599 0.500000000 0.500000000 0.000000000 0.000000000 0.840045333 -0.109019108 -0.531449616 5.075345683 -0.011865399 0.975674987 -0.218900695 -0.187686657 0.542386472 0.190192357 0.818317652 -8.210213159
37771067 0.505706370 0.899033599 0.500000000 0.500000000 0.000000000 0.000000000 0.839071631 -0.109144084 -0.532960057 5.096111353 -0.012215993 0.975641072 -0.219032466 -0.175444821 0.543883801 0.190294564 0.817299426 -8.240004367
37804433 0.505706370 0.899033599 0.500000000 0.500000000 0.000000000 0.000000000 0.837984622 -0.109341867 -0.534627080 5.118744586 -0.012594462 0.975583613 -0.219267040 -0.161590116 0.545548439 0.190475762 0.816146970 -8.268556193
37837800 0.505706370 0.899033599 0.500000000 0.500000000 0.000000000 0.000000000 0.837214589 -0.109499417 -0.535799980 5.136506023 -0.012728106 0.975582421 -0.219264418 -0.150271825 0.546726346 0.190391093 0.815378129 -8.299129511
37871167 0.505706370 0.899033599 0.500000000 0.500000000 0.000000000 0.000000000 0.836707354 -0.109599859 -0.536571205 5.148993375 -0.012789499 0.975592196 -0.219217569 -0.140492470 0.547500849 0.190283433 0.814883471 -8.331902442
37904533 0.505706370 0.899033599 0.500000000 0.500000000 0.000000000 0.000000000 0.836036026 -0.109792307 -0.537577391 5.163293272 -0.012931691 0.975559413 -0.219354987 -0.130105433 0.548522174 0.190340444 0.814182997 -8.363311655
37937900 0.505706370 0.899033599 0.500000000 0.500000000 0.000000000 0.000000000 0.835053205 -0.110291153 -0.539000928 5.182649178 -0.013005311 0.975469410 -0.219750598 -0.117467427 0.550015450 0.190513313 0.813134491 -8.391586551
37971267 0.505706370 0.899033599 0.500000000 0.500000000 0.000000000 0.000000000 0.834138930 -0.110851802 -0.540300012 5.201511217 -0.012781041 0.975447357 -0.219861671 -0.108134940 0.551406264 0.190300778 0.812241793 -8.420701166
38004633 0.505706370 0.899033599 0.500000000 0.500000000 0.000000000 0.000000000 0.833651960 -0.110960789 -0.541028738 5.212921276 -0.012572855 0.975542903 -0.219449311 -0.105491666 0.552147031 0.189746633 0.811868131 -8.453975287
38038000 0.505706370 0.899033599 0.500000000 0.500000000 0.000000000 0.000000000 0.833205104 -0.110922821 -0.541724443 5.222741392 -0.012684948 0.975581944 -0.219269142 -0.101732310 0.552818537 0.189567924 0.811452806 -8.488170503
38071367 0.505706370 0.899033599 0.500000000 0.500000000 0.000000000 0.000000000 0.832621694 -0.111033656 -0.542598069 5.234700272 -0.012975205 0.975518525 -0.219534174 -0.093688133 0.553690135 0.189829230 0.810797155 -8.521338947
38104733 0.505706370 0.899033599 0.500000000 0.500000000 0.000000000 0.000000000 0.832029402 -0.111151412 -0.543481767 5.247103368 -0.013194733 0.975477755 -0.219702214 -0.086369838 0.554574549 0.189969793 0.810159564 -8.555171709
38138100 0.505706370 0.899033599 0.500000000 0.500000000 0.000000000 0.000000000 0.831512034 -0.111206152 -0.544261754 5.257975634 -0.013218806 0.975518882 -0.219518065 -0.082841517 0.555349410 0.189726412 0.809685707 -8.590383587
38171467 0.505706370 0.899033599 0.500000000 0.500000000 0.000000000 0.000000000 0.831096590 -0.111231372 -0.544890821 5.266703530 -0.013361857 0.975517035 -0.219517559 -0.076825850 0.555967510 0.189721048 0.809262633 -8.627261948
38204833 0.505706370 0.899033599 0.500000000 0.500000000 0.000000000 0.000000000 0.830500245 -0.111282408 -0.545788944 5.278267341 -0.013696460 0.975464284 -0.219731331 -0.067380863 0.556849837 0.189962313 0.808599174 -8.662875448
38238200 0.505706370 0.899033599 0.500000000 0.500000000 0.000000000 0.000000000 0.830206692 -0.111166298 -0.546258986 5.285512719 -0.014023431 0.975439787 -0.219819501 -0.057874673 0.557279229 0.190156057 0.808257699 -8.702154434
38271567 0.505706370 0.899033599 0.500000000 0.500000000 0.000000000 0.000000000 0.830060661 -0.110787757 -0.546557724 5.289890128 -0.014420846 0.975476444 -0.219631001 -0.050594977 0.557486594 0.190188885 0.808106959 -8.743723349
38304933 0.505706370 0.899033599 0.500000000 0.500000000 0.000000000 0.000000000 0.829933524 -0.110348113 -0.546839714 5.294234454 -0.015002631 0.975471914 -0.219612181 -0.040192601 0.557660580 0.190467551 0.807921290 -8.785901354
38338300 0.505706370 0.899033599 0.500000000 0.500000000 0.000000000 0.000000000 0.829762876 -0.110110804 -0.547146440 5.299075739 -0.015511109 0.975416839 -0.219821349 -0.026583202 0.557900548 0.190886438 0.807656705 -8.826636504
38371667 0.505706370 0.899033599 0.500000000 0.500000000 0.000000000 0.000000000 0.829442561 -0.110057577 -0.547642529 5.307035887 -0.015806505 0.975381136 -0.219958574 -0.013546206 0.558368325 0.191099316 0.807282984 -8.865596424
38405033 0.505706370 0.899033599 0.500000000 0.500000000 0.000000000 0.000000000 0.829420865 -0.109999165 -0.547687173 5.310038040 -0.015951069 0.975358129 -0.220050305 -0.000429456 0.558396459 0.191250503 0.807227731 -8.906418480
38438400 0.505706370 0.899033599 0.500000000 0.500000000 0.000000000 0.000000000 0.829552710 -0.109875485 -0.547512293 5.309509832 -0.015984582 0.975378156 -0.219958901 0.010642963 0.558199644 0.191219255 0.807371259 -8.947149773
38471767 0.505706370 0.899033599 0.500000000 0.500000000 0.000000000 0.000000000 0.829590023 -0.109887682 -0.547453225 5.309704695 -0.015865760 0.975408852 -0.219831541 0.020699001 0.558147490 0.191055819 0.807446003 -8.985999989
38505133 0.505706370 0.899033599 0.500000000 0.500000000 0.000000000 0.000000000 0.829427600 -0.110032640 -0.547670245 5.312284457 -0.015774716 0.975404084 -0.219859064 0.031666101 0.558391511 0.190996513 0.807291329 -9.022142431
38538500 0.505706370 0.899033599 0.500000000 0.500000000 0.000000000 0.000000000 0.828971446 -0.110597834 -0.548246741 5.320464166 -0.015469670 0.975344062 -0.220146969 0.045914703 0.559076965 0.190976754 0.806821465 -9.054811407
38571867 0.505706370 0.899033599 0.500000000 0.500000000 0.000000000 0.000000000 0.828785896 -0.110901780 -0.548465788 5.325739723 -0.015059344 0.975387454 -0.219983041 0.054991448 0.559363186 0.190578386 0.806717277 -9.089421762
38605233 0.505706370 0.899033599 0.500000000 0.500000000 0.000000000 0.000000000 0.829150856 -0.110575870 -0.547979832 5.321022013 -0.014930282 0.975512207 -0.219437942 0.058642805 0.558825552 0.190128654 0.807195842 -9.129248682
38638600 0.505706370 0.899033599 0.500000000 0.500000000 0.000000000 0.000000000 0.829266667 -0.110471576 -0.547825575 5.319162374 -0.015031431 0.975503743 -0.219468579 0.067577559 0.558650970 0.190232575 0.807292163 -9.166621008
38671967 0.505706370 0.899033599 0.500000000 0.500000000 0.000000000 0.000000000 0.829014599 -0.110560060 -0.548189104 5.324248291 -0.015120238 0.975472450 -0.219601586 0.077309753 0.559022546 0.190341666 0.807009220 -9.200884289
38705333 0.505706370 0.899033599 0.500000000 0.500000000 0.000000000 0.000000000 0.828784883 -0.110682763 -0.548511624 5.330143621 -0.014819694 0.975556791 -0.219247252 0.080950511 0.559371114 0.189837575 0.806886375 -9.235670501
38738700 0.505706370 0.899033599 0.500000000 0.500000000 0.000000000 0.000000000 0.828793228 -0.110510290 -0.548533678 5.331878038 -0.014580647 0.975705445 -0.218600675 0.080101727 0.559364974 0.189172730 0.807046771 -9.272195027
38772067 0.505706370 0.899033599 0.500000000 0.500000000 0.000000000 0.000000000 0.828898430 -0.110448390 -0.548387229 5.332329470 -0.014575848 0.975717604 -0.218546912 0.084844065 0.559209228 0.189146399 0.807160854 -9.310019891
38805433 0.505706370 0.899033599 0.500000000 0.500000000 0.000000000 0.000000000 0.828962266 -0.110409051 -0.548298657 5.333665073 -0.014802394 0.975647926 -0.218842387 0.094002558 0.559108615 0.189528212 0.807141006 -9.347613034
38838800 0.505706370 0.899033599 0.500000000 0.500000000 0.000000000 0.000000000 0.829027474 -0.110292852 -0.548223376 5.335243483 -0.014817458 0.975680351 -0.218696699 0.097375940 0.559011459 0.189428866 0.807231605 -9.385705502
38872167 0.505706370 0.899033599 0.500000000 0.500000000 0.000000000 0.000000000 0.829313338 -0.110123269 -0.547824979 5.333292143 -0.014757455 0.975729704 -0.218480542 0.099203885 0.558588922 0.189273328 0.807560563 -9.426376736
38905533 0.505706370 0.899033599 0.500000000 0.500000000 0.000000000 0.000000000 0.829490304 -0.109931454 -0.547595561 5.332241857 -0.014966540 0.975711405 -0.218548119 0.104257593 0.558320522 0.189479157 0.807697892 -9.466473180
38938900 0.505706370 0.899033599 0.500000000 0.500000000 0.000000000 0.000000000 0.829526663 -0.110011779 -0.547524333 5.334082072 -0.015167454 0.975606084 -0.219003901 0.115002537 0.558261096 0.189974129 0.807622671 -9.505835595
38972267 0.505706370 0.899033599 0.500000000 0.500000000 0.000000000 0.000000000 0.829373240 -0.110304125 -0.547697902 5.339283169 -0.015119683 0.975526214 -0.219362587 0.125398582 0.558490276 0.190214485 0.807407618 -9.543798413
39005633 0.505706370 0.899033599 0.500000000 0.500000000 0.000000000 0.000000000 0.829150379 -0.110385247 -0.548018932 5.346900021 -0.015195086 0.975498497 -0.219480827 0.134550983 0.558819056 0.190309808 0.807157636 -9.581604572
39039000 0.505706370 0.899033599 0.500000000 0.500000000 0.000000000 0.000000000 0.829505026 -0.109852500 -0.547589123 5.343824109 -0.015617395 0.975519478 -0.219357833 0.142242196 0.558280885 0.190510333 0.807482719 -9.625745334
39072367 0.505706370 0.899033599 0.500000000 0.500000000 0.000000000 0.000000000 0.829704106 -0.109617010 -0.547334611 5.341938255 -0.016076533 0.975429654 -0.219723806 0.157390547 0.557971895 0.191104978 0.807555735 -9.667972317
39105733 0.505706370 0.899033599 0.500000000 0.500000000 0.000000000 0.000000000 0.829323292 -0.109848723 -0.547865093 5.352399646 -0.016377632 0.975285769 -0.220339388 0.177595217 0.558529019 0.191705316 0.807028115 -9.703552027
39139100 0.505706370 0.899033599 0.500000000 0.500000000 0.000000000 0.000000000 0.829565227 -0.109674841 -0.547533512 5.351562441 -0.016458157 0.975294650 -0.220294088 0.191188103 0.558167219 0.191759706 0.807265460 -9.745229248
39172467 0.505706370 0.899033599 0.500000000 0.500000000 0.000000000 0.000000000 0.829939961 -0.109757125 -0.546948850 5.346952761 -0.016035143 0.975355029 -0.220057815 0.201559495 0.557622194 0.191405177 0.807726145 -9.787246303
39205833 0.505706370 0.899033599 0.500000000 0.500000000 0.000000000 0.000000000 0.829917848 -0.109805278 -0.546972752 5.349834016 -0.015642941 0.975473106 -0.219562039 0.209275800 0.557666242 0.190774724 0.807844877 -9.824030504
39239200 0.505706370 0.899033599 0.500000000 0.500000000 0.000000000 0.000000000 0.830071330 -0.109668173 -0.546767294 5.348951642 -0.015242918 0.975643635 -0.218831256 0.214315153 0.557448864 0.189979881 0.808182180 -9.860867186
39272567 0.505706370 0.899033599 0.500000000 0.500000000 0.000000000 0.000000000 0.830086529 -0.109602176 -0.546757460 5.349687899 -0.014734878 0.975840628 -0.217986032 0.216614945 0.557439864 0.189003676 0.808417201 -9.894942115
39305933 0.505706370 0.899033599 0.500000000 0.500000000 0.000000000 0.000000000 0.830260158 -0.109513760 -0.546511531 5.346965622 -0.014722691 0.975856543 -0.217915609 0.226698286 0.557181597 0.188972756 0.808602452 -9.929086391
39339300 0.505706370 0.899033599 0.500000000 0.500000000 0.000000000 0.000000000 0.830343485 -0.109546125 -0.546378374 5.345593310 -0.015146635 0.975688219 -0.218639269 0.246425308 0.557045996 0.189821497 0.808497071 -9.960947755
39372667 0.505706370 0.899033599 0.500000000 0.500000000 0.000000000 0.000000000 0.830423892 -0.109570973 -0.546251178 5.343258131 -0.015588853 0.975516140 -0.219374567 0.265676236 0.556913912 0.190689310 0.808383882 -9.992657008
39406033 0.505706370 0.899033599 0.500000000 0.500000000 0.000000000 0.000000000 0.830203950 -0.109820433 -0.546535313 5.346213283 -0.015385741 0.975515723 -0.219390869 0.275864414 0.557247400 0.190548018 0.808187366 -10.022309587
39439400 0.505706370 0.899033599 0.500000000 0.500000000 0.000000000 0.000000000 0.829954565 -0.110088438 -0.546860099 5.350284491 -0.014412398 0.975773871 -0.218306392 0.270116096 0.557644784 0.189065948 0.808261335 -10.052419755
39472767 0.505706370 0.899033599 0.500000000 0.500000000 0.000000000 0.000000000 0.830271244 -0.109828651 -0.546431482 5.343461367 -0.013630996 0.976098657 -0.216900051 0.260034615 0.557192862 0.187534273 0.808929503 -10.087765545
39506133 0.505706370 0.899033599 0.500000000 0.500000000 0.000000000 0.000000000 0.830562532 -0.109479226 -0.546058774 5.335318109 -0.013336712 0.976297200 -0.216022968 0.254720058 0.556765676 0.186703220 0.809415758 -10.121873987
39539500 0.505706370 0.899033599 0.500000000 0.500000000 0.000000000 0.000000000 0.830620468 -0.109350450 -0.545996428 5.331140017 -0.013664149 0.976230562 -0.216303557 0.263804965 0.556671262 0.187126741 0.809382915 -10.154752021
39572867 0.505706370 0.899033599 0.500000000 0.500000000 0.000000000 0.000000000 0.830582142 -0.109453715 -0.546034038 5.329132625 -0.013819724 0.976142347 -0.216691315 0.273945739 0.556724608 0.187525973 0.809253812 -10.187411114
39606233 0.505706370 0.899033599 0.500000000 0.500000000 0.000000000 0.000000000 0.830347300 -0.109501489 -0.546381533 5.330632691 -0.013696672 0.976196170 -0.216456681 0.275973688 0.557077825 0.187217832 0.809082031 -10.219106187
39639600 0.505706370 0.899033599 0.500000000 0.500000000 0.000000000 0.000000000 0.830116808 -0.109390855 -0.546753824 5.331938069 -0.013428479 0.976360321 -0.215731636 0.272116187 0.557427824 0.186424538 0.809024155 -10.251198715
39672967 0.505706370 0.899033599 0.500000000 0.500000000 0.000000000 0.000000000 0.830217361 -0.108970776 -0.546685040 5.326211210 -0.013405031 0.976520419 -0.215007320 0.266151217 0.557278633 0.185831144 0.809263468 -10.286575022
39706333 0.505706370 0.899033599 0.500000000 0.500000000 0.000000000 0.000000000 0.830503762 -0.108548939 -0.546333849 5.316918888 -0.014035552 0.976438105 -0.215340674 0.274317832 0.556836188 0.186509341 0.809411943 -10.325121192
39739700 0.505706370 0.899033599 0.500000000 0.500000000 0.000000000 0.000000000 0.830776811 -0.108042881 -0.546018839 5.305721252 -0.014795482 0.976346493 -0.215705067 0.284575152 0.556409001 0.187281385 0.809527457 -10.362658586
39773067 0.505706370 0.899033599 0.500000000 0.500000000 0.000000000 0.000000000 0.830704749 -0.107976899 -0.546141624 5.301495787 -0.015066024 0.976291001 -0.215937212 0.293366702 0.556509376 0.187608242 0.809382796 -10.398369685
39806433 0.505706370 0.899033599 0.500000000 0.500000000 0.000000000 0.000000000 0.830664933 -0.108144939 -0.546168864 5.296216745 -0.014929550 0.976275861 -0.216015130 0.300587319 0.556572437 0.187590256 0.809343576 -10.434783827
39839800 0.505706370 0.899033599 0.500000000 0.500000000 0.000000000 0.000000000 0.830668032 -0.108332552 -0.546126962 5.290897507 -0.014480622 0.976352394 -0.215699553 0.303281384 0.556579649 0.187082991 0.809456050 -10.472843393
39873167 0.505706370 0.899033599 0.500000000 0.500000000 0.000000000 0.000000000 0.831032872 -0.108074166 -0.545622885 5.277876643 -0.014247194 0.976484418 -0.215116754 0.304160421 0.556040823 0.186542690 0.809950888 -10.512344796
39906533 0.505706370 0.899033599 0.500000000 0.500000000 0.000000000 0.000000000 0.831242859 -0.107922010 -0.545333087 5.267246410 -0.014407450 0.976462781 -0.215204105 0.314470044 0.555722773 0.186743721 0.810122848 -10.550250383
39939900 0.505706370 0.899033599 0.500000000 0.500000000 0.000000000 0.000000000 0.831305027 -0.107820936 -0.545258343 5.260073936 -0.014753122 0.976378143 -0.215564519 0.330328069 0.555620670 0.187244132 0.810077369 -10.586404221
39973267 0.505706370 0.899033599 0.500000000 0.500000000 0.000000000 0.000000000 0.831633687 -0.107771426 -0.544766724 5.247767892 -0.014798569 0.976338506 -0.215740755 0.343904773 0.555127442 0.187479049 0.810361147 -10.624777150
40006633 0.505706370 0.899033599 0.500000000 0.500000000 0.000000000 0.000000000 0.832006752 -0.107533991 -0.544243753 5.234672996 -0.014877483 0.976355970 -0.215656355 0.355360992 0.554566026 0.187524527 0.810734928 -10.661759513
40040000 0.505706370 0.899033599 0.500000000 0.500000000 0.000000000 0.000000000 0.832516253 -0.107211083 -0.543527782 5.219696787 -0.014908568 0.976405144 -0.215431631 0.364776594 0.553799987 0.187453553 0.811274767 -10.699830185
