https://www.youtube.com/watch?v=7xsyQf8sgao
72906167 0.501012293 0.890688485 0.500000000 0.500000000 0.000000000 0.000000000 0.998940408 0.003706115 -0.045873486 0.045625825 -0.003590434 0.999990165 0.002603877 0.051606104 0.045882683 -0.002436412 0.998943865 -0.501318894
72939533 0.501012293 0.890688485 0.500000000 0.500000000 0.000000000 0.000000000 0.998790622 0.003940561 -0.049008332 0.049101916 -0.003795239 0.999988139 0.003057945 0.053579250 0.049019799 -0.002868249 0.998793662 -0.523679098
72972900 0.501012293 0.890688485 0.500000000 0.500000000 0.000000000 0.000000000 0.998631120 0.003909882 -0.052159272 0.052142356 -0.003741612 0.999987483 0.003323340 0.055966425 0.052171610 -0.003123631 0.998633265 -0.545699511
73006267 0.501012293 0.890688485 0.500000000 0.500000000 0.000000000 0.000000000 0.998442054 0.004148562 -0.055643965 0.056036007 -0.003954636 0.999985695 0.003594782 0.058125169 0.055658083 -0.003369130 0.998444200 -0.568353247
73039633 0.501012293 0.890688485 0.500000000 0.500000000 0.000000000 0.000000000 0.998260260 0.004435060 -0.058794323 0.058473423 -0.004197238 0.999982476 0.004167847 0.059654275 0.058811780 -0.003913823 0.998261392 -0.589823598
73073000 0.501012293 0.890688485 0.500000000 0.500000000 0.000000000 0.000000000 0.998048663 0.004734001 -0.062261466 0.062156218 -0.004444223 0.999978662 0.004791864 0.060725864 0.062282823 -0.004505810 0.998048365 -0.612288851
73106367 0.501012293 0.890688485 0.500000000 0.500000000 0.000000000 0.000000000 0.997821569 0.005148116 -0.065768935 0.065585344 -0.004826520 0.999975622 0.005047740 0.062098859 0.065793321 -0.004719309 0.997822106 -0.633885038
73139733 0.501012293 0.890688485 0.500000000 0.500000000 0.000000000 0.000000000 0.997600973 0.005170022 -0.069032781 0.068899176 -0.004863861 0.999977589 0.004602349 0.064435943 0.069055028 -0.004255542 0.997603774 -0.654909822
73173100 0.501012293 0.890688485 0.500000000 0.500000000 0.000000000 0.000000000 0.997368991 0.005612358 -0.072274752 0.070763897 -0.005341684 0.999978006 0.003937813 0.066299269 0.072295263 -0.003541383 0.997376978 -0.673883879
73206467 0.501012293 0.890688485 0.500000000 0.500000000 0.000000000 0.000000000 0.997113764 0.006244626 -0.075664796 0.074694834 -0.005990187 0.999975622 0.003589206 0.067821334 0.075685360 -0.003125601 0.997126877 -0.695287801
73239833 0.501012293 0.890688485 0.500000000 0.500000000 0.000000000 0.000000000 0.996863961 0.005846483 -0.078917921 0.077964023 -0.005585523 0.999978185 0.003527064 0.070146154 0.078936815 -0.003075205 0.996874869 -0.716525054
73273200 0.501012293 0.890688485 0.500000000 0.500000000 0.000000000 0.000000000 0.996585906 0.006348812 -0.082317561 0.081206307 -0.006017401 0.999972761 0.004273472 0.070806718 0.082342453 -0.003763544 0.996596992 -0.737309108
73306567 0.501012293 0.890688485 0.500000000 0.500000000 0.000000000 0.000000000 0.996279836 0.006516941 -0.085930623 0.084498841 -0.006146765 0.999970675 0.004571734 0.072083090 0.085957892 -0.004026531 0.996290624 -0.757899879
73339933 0.501012293 0.890688485 0.500000000 0.500000000 0.000000000 0.000000000 0.995973229 0.006704341 -0.089400113 0.087283170 -0.006318293 0.999969482 0.004600503 0.073206545 0.089428224 -0.004017122 0.995985150 -0.778676465
73373300 0.501012293 0.890688485 0.500000000 0.500000000 0.000000000 0.000000000 0.995660841 0.006967014 -0.092795387 0.090363992 -0.006557481 0.999967396 0.004717469 0.073700800 0.092825226 -0.004088495 0.995674014 -0.799839831
73406667 0.501012293 0.890688485 0.500000000 0.500000000 0.000000000 0.000000000 0.995331287 0.006999944 -0.096263237 0.093346531 -0.006524854 0.999964952 0.005249219 0.074487599 0.096296608 -0.004596608 0.995342076 -0.819641606
73440033 0.501012293 0.890688485 0.500000000 0.500000000 0.000000000 0.000000000 0.994968534 0.007298353 -0.099921875 0.097039643 -0.006725736 0.999958992 0.006066323 0.074658257 0.099962056 -0.005363752 0.994976819 -0.840634363
73473400 0.501012293 0.890688485 0.500000000 0.500000000 0.000000000 0.000000000 0.994629323 0.007422555 -0.103235021 0.099875958 -0.006760304 0.999954283 0.006763392 0.074068240 0.103280500 -0.006029168 0.994633973 -0.861124850
73506767 0.501012293 0.890688485 0.500000000 0.500000000 0.000000000 0.000000000 0.994236469 0.007474127 -0.106948644 0.103562186 -0.006798066 0.999954522 0.006684536 0.074822057 0.106993742 -0.005918965 0.994242072 -0.880977604
73540133 0.501012293 0.890688485 0.500000000 0.500000000 0.000000000 0.000000000 0.993800759 0.007781434 -0.110903144 0.108029287 -0.007125982 0.999954760 0.006305276 0.075179192 0.110947184 -0.005475894 0.993811190 -0.901610065
73573500 0.501012293 0.890688485 0.500000000 0.500000000 0.000000000 0.000000000 0.993394911 0.007832433 -0.114477754 0.111561604 -0.007237161 0.999958038 0.005614589 0.076615887 0.114516929 -0.004749010 0.993409932 -0.921848816
73606867 0.501012293 0.890688485 0.500000000 0.500000000 0.000000000 0.000000000 0.992956221 0.008072069 -0.118206620 0.115958937 -0.007496050 0.999957740 0.005316779 0.077639404 0.118244544 -0.004393246 0.992974758 -0.942057553
73640233 0.501012293 0.890688485 0.500000000 0.500000000 0.000000000 0.000000000 0.992487729 0.008144378 -0.122072861 0.120434755 -0.007519173 0.999956131 0.005581377 0.078457735 0.122112967 -0.004621561 0.992505431 -0.962389627
73673600 0.501012293 0.890688485 0.500000000 0.500000000 0.000000000 0.000000000 0.991992176 0.008265955 -0.126028642 0.125807478 -0.007524069 0.999951482 0.006361545 0.078781058 0.126075104 -0.005362355 0.992006183 -0.981944827
73706967 0.501012293 0.890688485 0.500000000 0.500000000 0.000000000 0.000000000 0.991507292 0.008317640 -0.129784688 0.130862127 -0.007494562 0.999948621 0.006828998 0.079990364 0.129834816 -0.005798322 0.991518676 -1.001872736
73740333 0.501012293 0.890688485 0.500000000 0.500000000 0.000000000 0.000000000 0.990975559 0.008582333 -0.133767605 0.136471601 -0.007722782 0.999946058 0.006943248 0.081337749 0.133819982 -0.005847531 0.990988433 -1.021455923
73773700 0.501012293 0.890688485 0.500000000 0.500000000 0.000000000 0.000000000 0.990434051 0.008952020 -0.137696028 0.142462736 -0.008070111 0.999943197 0.006961695 0.082750115 0.137750536 -0.005783878 0.990450084 -1.040790494
73807067 0.501012293 0.890688485 0.500000000 0.500000000 0.000000000 0.000000000 0.989919245 0.009018887 -0.141345486 0.147491270 -0.008139894 0.999943793 0.006795701 0.085186991 0.141398832 -0.005576658 0.989937007 -1.060011676
73840433 0.501012293 0.890688485 0.500000000 0.500000000 0.000000000 0.000000000 0.989346027 0.009129523 -0.145296469 0.154160435 -0.008205174 0.999942124 0.006959826 0.086911098 0.145351589 -0.005693493 0.989363670 -1.079613351
73873800 0.501012293 0.890688485 0.500000000 0.500000000 0.000000000 0.000000000 0.988760829 0.009313793 -0.149215668 0.160140151 -0.008302301 0.999938130 0.007400206 0.088178944 0.149275362 -0.006078200 0.988776982 -1.098669214
73907167 0.501012293 0.890688485 0.500000000 0.500000000 0.000000000 0.000000000 0.988212764 0.009712355 -0.152778193 0.166131470 -0.008597466 0.999931395 0.007956389 0.089028687 0.152844980 -0.006549101 0.988228500 -1.117481036
73940533 0.501012293 0.890688485 0.500000000 0.500000000 0.000000000 0.000000000 0.987641752 0.009854993 -0.156418338 0.172257027 -0.008721665 0.999930501 0.007930198 0.090956106 0.156485632 -0.006467966 0.987659037 -1.135427203
73973900 0.501012293 0.890688485 0.500000000 0.500000000 0.000000000 0.000000000 0.987020135 0.009813116 -0.160296455 0.178748767 -0.008683138 0.999932289 0.007748262 0.092685935 0.160361633 -0.006255815 0.987038493 -1.153156711
74007267 0.501012293 0.890688485 0.500000000 0.500000000 0.000000000 0.000000000 0.986368477 0.009778487 -0.164260626 0.185625753 -0.008648361 0.999933779 0.007593833 0.094435305 0.164324000 -0.006069732 0.986387730 -1.171350058
74040633 0.501012293 0.890688485 0.500000000 0.500000000 0.000000000 0.000000000 0.985721588 0.009908867 -0.168091550 0.192504452 -0.008787499 0.999933898 0.007413722 0.096863009 0.168153912 -0.005830761 0.985743523 -1.189028724
74074000 0.501012293 0.890688485 0.500000000 0.500000000 0.000000000 0.000000000 0.985071838 0.009871364 -0.171860591 0.199500478 -0.008751744 0.999935269 0.007271172 0.098683932 0.171921238 -0.005658547 0.985094428 -1.206624326
74107367 0.501012293 0.890688485 0.500000000 0.500000000 0.000000000 0.000000000 0.984347582 0.009632671 -0.175974637 0.206106296 -0.008535099 0.999939144 0.006992940 0.100690193 0.176031277 -0.005381523 0.984369874 -1.223654367
74140733 0.501012293 0.890688485 0.500000000 0.500000000 0.000000000 0.000000000 0.983606219 0.009794001 -0.180063471 0.213399463 -0.008718062 0.999939084 0.006765746 0.102402226 0.180118769 -0.005085025 0.983631730 -1.240216899
74174100 0.501012293 0.890688485 0.500000000 0.500000000 0.000000000 0.000000000 0.982863784 0.009903463 -0.184067249 0.220286135 -0.008805482 0.999938250 0.006781555 0.103534728 0.184123039 -0.005044544 0.982890248 -1.257078602
74207467 0.501012293 0.890688485 0.500000000 0.500000000 0.000000000 0.000000000 0.982002735 0.010039153 -0.188599765 0.228979974 -0.008910435 0.999936938 0.006831654 0.105318065 0.188656449 -0.005028198 0.982030272 -1.274060476
74240833 0.501012293 0.890688485 0.500000000 0.500000000 0.000000000 0.000000000 0.981175482 0.010300251 -0.192843482 0.236267435 -0.009133495 0.999934196 0.006938329 0.106596214 0.192902267 -0.005046383 0.981204987 -1.290039739
74274200 0.501012293 0.890688485 0.500000000 0.500000000 0.000000000 0.000000000 0.980333030 0.010472980 -0.197072178 0.243569277 -0.009293853 0.999932945 0.006907150 0.108186488 0.197131306 -0.004939747 0.980364621 -1.305877955
74307567 0.501012293 0.890688485 0.500000000 0.500000000 0.000000000 0.000000000 0.979372621 0.010587433 -0.201784998 0.251830565 -0.009431887 0.999933183 0.006687283 0.110653301 0.201842323 -0.004646129 0.979407012 -1.321713363
74340933 0.501012293 0.890688485 0.500000000 0.500000000 0.000000000 0.000000000 0.978398502 0.010876329 -0.206441522 0.260366013 -0.009654832 0.999929428 0.006923452 0.111828658 0.206502259 -0.004780737 0.978434443 -1.338219973
74374300 0.501012293 0.890688485 0.500000000 0.500000000 0.000000000 0.000000000 0.977433920 0.011155479 -0.210946679 0.267826710 -0.009861456 0.999925554 0.007185356 0.114111581 0.211011127 -0.004942970 0.977471173 -1.354128301
74407667 0.501012293 0.890688485 0.500000000 0.500000000 0.000000000 0.000000000 0.976376355 0.011268223 -0.215782851 0.276708742 -0.009891631 0.999923289 0.007458440 0.116041960 0.215850338 -0.005147801 0.976412892 -1.370621953
74441033 0.501012293 0.890688485 0.500000000 0.500000000 0.000000000 0.000000000 0.975285649 0.011495419 -0.220648587 0.285573122 -0.010031746 0.999919653 0.007752951 0.118468393 0.220719978 -0.005347852 0.975322545 -1.386986577
74474400 0.501012293 0.890688485 0.500000000 0.500000000 0.000000000 0.000000000 0.974192262 0.011701453 -0.225416318 0.294228010 -0.010134538 0.999915779 0.008107128 0.120995278 0.225492194 -0.005613411 0.974228799 -1.403060575
74507767 0.501012293 0.890688485 0.500000000 0.500000000 0.000000000 0.000000000 0.973026097 0.011884975 -0.230388820 0.303328007 -0.010240591 0.999912858 0.008331902 0.123815875 0.230467767 -0.005747840 0.973062992 -1.418789030
74541133 0.501012293 0.890688485 0.500000000 0.500000000 0.000000000 0.000000000 0.971801281 0.012060644 -0.235492706 0.312823553 -0.010313052 0.999909401 0.008651283 0.126167038 0.235575721 -0.005978679 0.971837580 -1.434236330
74574500 0.501012293 0.890688485 0.500000000 0.500000000 0.000000000 0.000000000 0.970625520 0.012503159 -0.240270317 0.321378922 -0.010684511 0.999903560 0.008870405 0.128944727 0.240358055 -0.006042670 0.970665514 -1.449631360
74607867 0.501012293 0.890688485 0.500000000 0.500000000 0.000000000 0.000000000 0.969368637 0.012609923 -0.245286465 0.331105539 -0.010768253 0.999902844 0.008847985 0.132375823 0.245374203 -0.005935653 0.969410241 -1.464547618
74641233 0.501012293 0.890688485 0.500000000 0.500000000 0.000000000 0.000000000 0.968050003 0.012879533 -0.250426233 0.341018667 -0.010992867 0.999899685 0.008931155 0.135468863 0.250516146 -0.005892903 0.968094468 -1.479349382
74674600 0.501012293 0.890688485 0.500000000 0.500000000 0.000000000 0.000000000 0.966715693 0.012996665 -0.255522728 0.350972901 -0.011021674 0.999897301 0.009159676 0.138068459 0.255615532 -0.006038515 0.966759682 -1.494237315
74707967 0.501012293 0.890688485 0.500000000 0.500000000 0.000000000 0.000000000 0.965364695 0.013346087 -0.260562569 0.360873825 -0.011231729 0.999890804 0.009601975 0.141235905 0.260662258 -0.006342839 0.965409219 -1.509251716
74741333 0.501012293 0.890688485 0.500000000 0.500000000 0.000000000 0.000000000 0.964027047 0.013594076 -0.265456229 0.370442092 -0.011279142 0.999883950 0.010243122 0.143556632 0.265564680 -0.006880529 0.964068472 -1.523394557
74774700 0.501012293 0.890688485 0.500000000 0.500000000 0.000000000 0.000000000 0.962614357 0.013922493 -0.270517528 0.380034427 -0.011384258 0.999875247 0.010949773 0.145069474 0.270636231 -0.007460767 0.962652802 -1.536751406
74808067 0.501012293 0.890688485 0.500000000 0.500000000 0.000000000 0.000000000 0.961145878 0.014280539 -0.275671303 0.389403945 -0.011651092 0.999869704 0.011173738 0.147377910 0.275794923 -0.007527721 0.961187005 -1.549933171
74841433 0.501012293 0.890688485 0.500000000 0.500000000 0.000000000 0.000000000 0.959649205 0.014662750 -0.280817360 0.397940567 -0.012063689 0.999866903 0.010981834 0.149864103 0.280941010 -0.007151016 0.959698379 -1.563500983
74874800 0.501012293 0.890688485 0.500000000 0.500000000 0.000000000 0.000000000 0.958099306 0.015069426 -0.286039650 0.406886606 -0.012650721 0.999866903 0.010301978 0.153897330 0.286156833 -0.006251710 0.958162427 -1.575676212
74908167 0.501012293 0.890688485 0.500000000 0.500000000 0.000000000 0.000000000 0.956462562 0.014782270 -0.291480392 0.415872638 -0.012508901 0.999875069 0.009661470 0.156947728 0.291586787 -0.005594735 0.956528008 -1.587666033
74941533 0.501012293 0.890688485 0.500000000 0.500000000 0.000000000 0.000000000 0.954810679 0.014867004 -0.296842694 0.424867176 -0.012488244 0.999872923 0.009908299 0.158373039 0.296952277 -0.005753506 0.954874992 -1.599900491
74974900 0.501012293 0.890688485 0.500000000 0.500000000 0.000000000 0.000000000 0.953068316 0.015183381 -0.302374393 0.433170844 -0.012554942 0.999864638 0.010634527 0.158665441 0.302494913 -0.006339137 0.953129888 -1.610964495
75008267 0.501012293 0.890688485 0.500000000 0.500000000 0.000000000 0.000000000 0.951201797 0.015592190 -0.308175355 0.442419099 -0.012844284 0.999857605 0.010943327 0.159206423 0.308302104 -0.006451020 0.951266646 -1.621744850
75041633 0.501012293 0.890688485 0.500000000 0.500000000 0.000000000 0.000000000 0.949298084 0.015766965 -0.313981771 0.451707458 -0.013057213 0.999857187 0.010731593 0.159683067 0.314106107 -0.006087754 0.949368358 -1.632814664
75075000 0.501012293 0.890688485 0.500000000 0.500000000 0.000000000 0.000000000 0.947451353 0.016066222 -0.319496095 0.460300021 -0.013439495 0.999855340 0.010424634 0.160662909 0.319617361 -0.005582968 0.947530270 -1.644577756
75108367 0.501012293 0.890688485 0.500000000 0.500000000 0.000000000 0.000000000 0.945528150 0.016209850 -0.325136513 0.469004452 -0.013554888 0.999853730 0.010429313 0.161442198 0.325258017 -0.005454020 0.945609570 -1.654859959
75141733 0.501012293 0.890688485 0.500000000 0.500000000 0.000000000 0.000000000 0.943397343 0.016582115 -0.331249923 0.479436202 -0.013693538 0.999845147 0.011052378 0.160318510 0.331381887 -0.005890801 0.943478346 -1.666302337
75175100 0.501012293 0.890688485 0.500000000 0.500000000 0.000000000 0.000000000 0.941393137 0.017013559 -0.336882055 0.488931552 -0.013932760 0.999836087 0.011560625 0.159635817 0.337023526 -0.006189396 0.941475868 -1.676501901
75208467 0.501012293 0.890688485 0.500000000 0.500000000 0.000000000 0.000000000 0.939319611 0.017235903 -0.342609972 0.498452851 -0.014109503 0.999832988 0.011615809 0.159191307 0.342752963 -0.006076901 0.939405918 -1.686840771
75241833 0.501012293 0.890688485 0.500000000 0.500000000 0.000000000 0.000000000 0.937134266 0.017487697 -0.348530501 0.507846296 -0.014334008 0.999829650 0.011625464 0.159711210 0.348674446 -0.005898782 0.937225342 -1.697823350
75275200 0.501012293 0.890688485 0.500000000 0.500000000 0.000000000 0.000000000 0.934915364 0.017931553 -0.354417443 0.517511706 -0.014605772 0.999820650 0.012056902 0.159279349 0.354570091 -0.006095643 0.935009599 -1.708916249
75308567 0.501012293 0.890688485 0.500000000 0.500000000 0.000000000 0.000000000 0.932733774 0.018252408 -0.360103577 0.527263929 -0.014746027 0.999813378 0.012482200 0.158136759 0.360264212 -0.006332472 0.932828844 -1.719976865
75341933 0.501012293 0.890688485 0.500000000 0.500000000 0.000000000 0.000000000 0.930553198 0.018726623 -0.365677536 0.537571090 -0.015123669 0.999804795 0.012714995 0.157799157 0.365844250 -0.006301594 0.930654764 -1.730584455
75375300 0.501012293 0.890688485 0.500000000 0.500000000 0.000000000 0.000000000 0.928345501 0.019125864 -0.371226102 0.548098307 -0.015506043 0.999798715 0.012733608 0.158044965 0.371394902 -0.006064939 0.928455174 -1.740934971
75408667 0.501012293 0.890688485 0.500000000 0.500000000 0.000000000 0.000000000 0.926190436 0.019385342 -0.376557350 0.557277097 -0.015749622 0.999794900 0.012731700 0.157249519 0.376726925 -0.005861343 0.926305830 -1.751718768
75442033 0.501012293 0.890688485 0.500000000 0.500000000 0.000000000 0.000000000 0.923983932 0.019593297 -0.381929100 0.566814535 -0.016020088 0.999793112 0.012533580 0.156715210 0.382095665 -0.005462289 0.924106658 -1.763121439
75475400 0.501012293 0.890688485 0.500000000 0.500000000 0.000000000 0.000000000 0.921710789 0.019879390 -0.387368053 0.577253144 -0.016291361 0.999788582 0.012544308 0.156456052 0.387535542 -0.005251471 0.921839774 -1.774565399
75508767 0.501012293 0.890688485 0.500000000 0.500000000 0.000000000 0.000000000 0.919483483 0.020172600 -0.392610669 0.586629797 -0.016490405 0.999782741 0.012749428 0.156519574 0.392782569 -0.005248580 0.919616401 -1.785495284
75542133 0.501012293 0.890688485 0.500000000 0.500000000 0.000000000 0.000000000 0.917185605 0.020639066 -0.397925436 0.595816787 -0.016770592 0.999772251 0.013200007 0.155692704 0.398107231 -0.005433412 0.917322814 -1.796816029
75575500 0.501012293 0.890688485 0.500000000 0.500000000 0.000000000 0.000000000 0.914907992 0.020823799 -0.403124899 0.605477021 -0.016866036 0.999768436 0.013365843 0.155217720 0.403309882 -0.005429397 0.915047348 -1.807801233
75608867 0.501012293 0.890688485 0.500000000 0.500000000 0.000000000 0.000000000 0.912569582 0.020895200 -0.408387244 0.615428479 -0.016861290 0.999767005 0.013475524 0.154771434 0.408573687 -0.005411418 0.912709296 -1.818938144
75642233 0.501012293 0.890688485 0.500000000 0.500000000 0.000000000 0.000000000 0.910254359 0.021238774 -0.413504362 0.624714519 -0.017140159 0.999760330 0.013619636 0.155689334 0.413694531 -0.005309803 0.910400271 -1.830286446
75675600 0.501012293 0.890688485 0.500000000 0.500000000 0.000000000 0.000000000 0.907929838 0.021344027 -0.418578327 0.633938130 -0.017039016 0.999756515 0.014020309 0.154948049 0.418775678 -0.005597294 0.908072472 -1.840608277
75708967 0.501012293 0.890688485 0.500000000 0.500000000 0.000000000 0.000000000 0.905487955 0.021677786 -0.423817873 0.642942834 -0.017313778 0.999750018 0.014145106 0.155590312 0.424018592 -0.005470335 0.905636966 -1.850359154
75742333 0.501012293 0.890688485 0.500000000 0.500000000 0.000000000 0.000000000 0.902904510 0.022025390 -0.429276466 0.653540737 -0.017709240 0.999744475 0.014046909 0.156962455 0.429476172 -0.005080857 0.903063893 -1.860738597
75775700 0.501012293 0.890688485 0.500000000 0.500000000 0.000000000 0.000000000 0.900469303 0.022279486 -0.434348494 0.661953185 -0.017991677 0.999740362 0.013981284 0.158341137 0.434547216 -0.004775060 0.900636375 -1.871458823
75809067 0.501012293 0.890688485 0.500000000 0.500000000 0.000000000 0.000000000 0.897882879 0.022326974 -0.439667881 0.671183742 -0.017924188 0.999739051 0.014163703 0.159068027 0.439869374 -0.004836657 0.898048759 -1.883085542
75842433 0.501012293 0.890688485 0.500000000 0.500000000 0.000000000 0.000000000 0.895202577 0.022667279 -0.445082575 0.681703025 -0.018046360 0.999730289 0.014617550 0.159501866 0.445293874 -0.005053548 0.895370245 -1.892711247
75875800 0.501012293 0.890688485 0.500000000 0.500000000 0.000000000 0.000000000 0.892633438 0.023085603 -0.450191766 0.691127299 -0.018434051 0.999721825 0.014714466 0.161268910 0.450406224 -0.004835766 0.892810643 -1.902808845
75909167 0.501012293 0.890688485 0.500000000 0.500000000 0.000000000 0.000000000 0.890092552 0.023273189 -0.455185264 0.698727800 -0.018580802 0.999718130 0.014780783 0.161585076 0.455400944 -0.004698557 0.890274048 -1.913668795
75942533 0.501012293 0.890688485 0.500000000 0.500000000 0.000000000 0.000000000 0.887368381 0.023462007 -0.460463762 0.709014750 -0.018715510 0.999714255 0.014871421 0.162446944 0.460681081 -0.004578615 0.887553930 -1.923731610
75975900 0.501012293 0.890688485 0.500000000 0.500000000 0.000000000 0.000000000 0.884682119 0.023724150 -0.465590686 0.719175569 -0.018895352 0.999708414 0.015036492 0.164141010 0.465811640 -0.004505015 0.884872437 -1.933862386
76009267 0.501012293 0.890688485 0.500000000 0.500000000 0.000000000 0.000000000 0.882055998 0.024047714 -0.470530421 0.727706590 -0.019010587 0.999699831 0.015455094 0.163355598 0.470760852 -0.004687199 0.882248402 -1.943934033
76042633 0.501012293 0.890688485 0.500000000 0.500000000 0.000000000 0.000000000 0.879373610 0.024250915 -0.475514352 0.737565509 -0.019198567 0.999695837 0.015479711 0.164709415 0.475745112 -0.004483255 0.879571736 -1.952635782
76076000 0.501012293 0.890688485 0.500000000 0.500000000 0.000000000 0.000000000 0.876521885 0.024522696 -0.480736971 0.747614579 -0.019453101 0.999690235 0.015526227 0.165242873 0.480968803 -0.004257253 0.876727402 -1.962171264
76109367 0.501012293 0.890688485 0.500000000 0.500000000 0.000000000 0.000000000 0.873698056 0.024733922 -0.485839397 0.757423677 -0.019669479 0.999686062 0.015521529 0.165918105 0.486070752 -0.004004923 0.873910308 -1.971504941
76142733 0.501012293 0.890688485 0.500000000 0.500000000 0.000000000 0.000000000 0.870852232 0.025010524 -0.490908235 0.766903999 -0.019923082 0.999679983 0.015588373 0.166454028 0.491140991 -0.003794765 0.871071815 -1.980814965
76176100 0.501012293 0.890688485 0.500000000 0.500000000 0.000000000 0.000000000 0.867848098 0.024970025 -0.496201694 0.778148947 -0.019730648 0.999680519 0.015797691 0.165730670 0.496437639 -0.003919616 0.868063509 -1.989744534
76209467 0.501012293 0.890688485 0.500000000 0.500000000 0.000000000 0.000000000 0.864901185 0.025345773 -0.501301825 0.788055788 -0.019967258 0.999671102 0.016093560 0.165935859 0.501544833 -0.003909716 0.865122795 -1.998554772
76242833 0.501012293 0.890688485 0.500000000 0.500000000 0.000000000 0.000000000 0.861784935 0.025737930 -0.506620467 0.798729622 -0.020279093 0.999661624 0.016290313 0.166535161 0.506868303 -0.003764944 0.862015247 -2.007316058
76276200 0.501012293 0.890688485 0.500000000 0.500000000 0.000000000 0.000000000 0.858604729 0.026070694 -0.511974871 0.810049145 -0.020479143 0.999653101 0.016559726 0.166276999 0.512229025 -0.003733452 0.858840764 -2.015616717
76309567 0.501012293 0.890688485 0.500000000 0.500000000 0.000000000 0.000000000 0.855389297 0.026312605 -0.517316937 0.820872475 -0.020675452 0.999647439 0.016658584 0.166728650 0.517572880 -0.003553811 0.855631769 -2.025274070
76342933 0.501012293 0.890688485 0.500000000 0.500000000 0.000000000 0.000000000 0.852092743 0.026660416 -0.522711337 0.831735145 -0.020911582 0.999638557 0.016896844 0.167495799 0.522972882 -0.003466958 0.852342248 -2.034539870
76376300 0.501012293 0.890688485 0.500000000 0.500000000 0.000000000 0.000000000 0.848639369 0.026910389 -0.528286874 0.843681495 -0.021032719 0.999631941 0.017133292 0.167253386 0.528553486 -0.003428677 0.848893046 -2.043205562
76409667 0.501012293 0.890688485 0.500000000 0.500000000 0.000000000 0.000000000 0.845084548 0.027216133 -0.533939540 0.856679438 -0.021263076 0.999624252 0.017299356 0.168268704 0.534209728 -0.003266221 0.845345676 -2.051859880
76443033 0.501012293 0.890688485 0.500000000 0.500000000 0.000000000 0.000000000 0.841427505 0.027437869 -0.539672971 0.869891907 -0.021469560 0.999618948 0.017348168 0.169661223 0.539943337 -0.003010685 0.841695964 -2.060231885
76476400 0.501012293 0.890688485 0.500000000 0.500000000 0.000000000 0.000000000 0.837791979 0.027768860 -0.545282900 0.882081116 -0.021680083 0.999610126 0.017595697 0.170829875 0.545558929 -0.002919755 0.838067353 -2.068427294
76509767 0.501012293 0.890688485 0.500000000 0.500000000 0.000000000 0.000000000 0.834087849 0.027923342 -0.550924420 0.895250220 -0.021671005 0.999605715 0.017855098 0.171336494 0.551205814 -0.002953635 0.834364116 -2.077640075
76543133 0.501012293 0.890688485 0.500000000 0.500000000 0.000000000 0.000000000 0.830333650 0.028202618 -0.556552529 0.908846222 -0.021701520 0.999597430 0.018276375 0.171725049 0.556843877 -0.003097453 0.830611408 -2.086399622
76576500 0.501012293 0.890688485 0.500000000 0.500000000 0.000000000 0.000000000 0.826565802 0.028505431 -0.562117755 0.921364695 -0.021663172 0.999587893 0.018835278 0.172028820 0.562423050 -0.003391343 0.826842666 -2.094927388
76609867 0.501012293 0.890688485 0.500000000 0.500000000 0.000000000 0.000000000 0.822602451 0.028783165 -0.567887962 0.935748356 -0.021515498 0.999578357 0.019497382 0.171661877 0.568209767 -0.003820200 0.822874904 -2.101957559
76643233 0.501012293 0.890688485 0.500000000 0.500000000 0.000000000 0.000000000 0.818512380 0.028771317 -0.573767960 0.950709573 -0.021415284 0.999579072 0.019573294 0.171789119 0.574089587 -0.003733580 0.818783998 -2.108779144
76676600 0.501012293 0.890688485 0.500000000 0.500000000 0.000000000 0.000000000 0.814347267 0.029061027 -0.579649925 0.965776115 -0.021872060 0.999572814 0.019386116 0.173428739 0.579965651 -0.003108892 0.814634979 -2.115784699
76709967 0.501012293 0.890688485 0.500000000 0.500000000 0.000000000 0.000000000 0.810191035 0.029381953 -0.585429013 0.980267068 -0.022358287 0.999565184 0.019224692 0.175186564 0.585739315 -0.002486482 0.810495675 -2.123276873
76743333 0.501012293 0.890688485 0.500000000 0.500000000 0.000000000 0.000000000 0.805904031 0.029686909 -0.591301441 0.995821422 -0.022594830 0.999556661 0.019388560 0.175961058 0.591614842 -0.002264964 0.806217551 -2.129966981
76776700 0.501012293 0.890688485 0.500000000 0.500000000 0.000000000 0.000000000 0.801688612 0.029906666 -0.596993327 1.010399932 -0.022694763 0.999550343 0.019596679 0.176638162 0.597310960 -0.002161812 0.802006841 -2.136547977
76810067 0.501012293 0.890688485 0.500000000 0.500000000 0.000000000 0.000000000 0.797337592 0.030251702 -0.602774918 1.025909301 -0.022856349 0.999540091 0.019930428 0.177473100 0.603100598 -0.002114045 0.797662318 -2.143137255
76843433 0.501012293 0.890688485 0.500000000 0.500000000 0.000000000 0.000000000 0.792864442 0.030498346 -0.608634412 1.042300270 -0.022743676 0.999531984 0.020457963 0.176477074 0.608973503 -0.002377807 0.793187022 -2.148824521
76876800 0.501012293 0.890688485 0.500000000 0.500000000 0.000000000 0.000000000 0.788474500 0.030789357 -0.614296317 1.057923073 -0.023014532 0.999523759 0.020557377 0.177445824 0.614636660 -0.002071227 0.788807631 -2.154419146
76910167 0.501012293 0.890688485 0.500000000 0.500000000 0.000000000 0.000000000 0.784096122 0.031135181 -0.619857907 1.073998254 -0.023463178 0.999513984 0.020525126 0.178035200 0.620195687 -0.001549835 0.784445584 -2.160126455
76943533 0.501012293 0.890688485 0.500000000 0.500000000 0.000000000 0.000000000 0.779759943 0.031450752 -0.625288188 1.088561313 -0.024144083 0.999505103 0.020164460 0.180765808 0.625612915 -0.000626426 0.780133367 -2.165605761
76976900 0.501012293 0.890688485 0.500000000 0.500000000 0.000000000 0.000000000 0.775367856 0.031730615 -0.630712152 1.103331081 -0.024427438 0.999496400 0.020253906 0.181800658 0.631037176 -0.000297547 0.775752485 -2.170521765
77010267 0.501012293 0.890688485 0.500000000 0.500000000 0.000000000 0.000000000 0.770833850 0.032087393 -0.636227667 1.118624084 -0.024461549 0.999484956 0.020770989 0.181681160 0.636566460 -0.000447867 0.771221697 -2.175571498
77043633 0.501012293 0.890688485 0.500000000 0.500000000 0.000000000 0.000000000 0.766364634 0.032467157 -0.641584873 1.133712092 -0.024334157 0.999472439 0.021511093 0.180640222 0.641944766 -0.000872914 0.766750395 -2.179971194
77077000 0.501012293 0.890688485 0.500000000 0.500000000 0.000000000 0.000000000 0.762024760 0.032845069 -0.646714330 1.148017531 -0.024120610 0.999459445 0.022338785 0.178869422 0.647098482 -0.001423563 0.762405097 -2.185230085
77110367 0.501012293 0.890688485 0.500000000 0.500000000 0.000000000 0.000000000 0.757489562 0.033231795 -0.652000904 1.163481014 -0.024184804 0.999446511 0.022843009 0.178161676 0.652399123 -0.001534827 0.757874012 -2.188918327
77143733 0.501012293 0.890688485 0.500000000 0.500000000 0.000000000 0.000000000 0.753067255 0.033415824 -0.657094479 1.177330995 -0.024482608 0.999440968 0.022767037 0.178604812 0.657487869 -0.001057724 0.753464341 -2.193592836
77177100 0.501012293 0.890688485 0.500000000 0.500000000 0.000000000 0.000000000 0.748588204 0.033675175 -0.662179470 1.191726420 -0.024965694 0.999432743 0.022602705 0.179591139 0.662565053 -0.000388348 0.749004304 -2.197147671
77210467 0.501012293 0.890688485 0.500000000 0.500000000 0.000000000 0.000000000 0.743988097 0.033909995 -0.667331874 1.207175265 -0.025111502 0.999424875 0.022789009 0.179144105 0.667720854 -0.000197047 0.744411767 -2.201923491
77243833 0.501012293 0.890688485 0.500000000 0.500000000 0.000000000 0.000000000 0.739472508 0.034080889 -0.672323525 1.221280398 -0.025050754 0.999419034 0.023109030 0.177915231 0.672720492 -0.000246283 0.739896655 -2.206399565
77277200 0.501012293 0.890688485 0.500000000 0.500000000 0.000000000 0.000000000 0.734973371 0.034402065 -0.677222729 1.235058697 -0.025108296 0.999408007 0.023519250 0.176606531 0.677630961 -0.000282113 0.735402048 -2.209355378
77310567 0.501012293 0.890688485 0.500000000 0.500000000 0.000000000 0.000000000 0.730423927 0.034466472 -0.682123840 1.248534981 -0.025159827 0.999405861 0.023556797 0.175700605 0.682530522 -0.000044329 0.730857134 -2.212863675
77343933 0.501012293 0.890688485 0.500000000 0.500000000 0.000000000 0.000000000 0.725766778 0.034754805 -0.687062323 1.262028209 -0.025565414 0.999395728 0.023548482 0.175499472 0.687465608 0.000474327 0.726216793 -2.215493458
77377300 0.501012293 0.890688485 0.500000000 0.500000000 0.000000000 0.000000000 0.720994592 0.034899052 -0.692061305 1.276177588 -0.025831036 0.999390423 0.023485981 0.174988155 0.692459047 0.000943395 0.721456587 -2.218546727
77410667 0.501012293 0.890688485 0.500000000 0.500000000 0.000000000 0.000000000 0.716248691 0.035340171 -0.696949661 1.290419646 -0.026303308 0.999374390 0.023643527 0.173927872 0.697349191 0.001397436 0.716730177 -2.220978701
77444033 0.501012293 0.890688485 0.500000000 0.500000000 0.000000000 0.000000000 0.711615860 0.035656594 -0.701663375 1.303591896 -0.026921015 0.999361753 0.023481939 0.174425531 0.702052772 0.002179370 0.712121546 -2.224102085
77477400 0.501012293 0.890688485 0.500000000 0.500000000 0.000000000 0.000000000 0.706884921 0.035950258 -0.706414402 1.317069132 -0.027239319 0.999350309 0.023600649 0.173055178 0.706803918 0.002559304 0.707404912 -2.227502402
77510767 0.501012293 0.890688485 0.500000000 0.500000000 0.000000000 0.000000000 0.702145755 0.036132444 -0.711115837 1.329566823 -0.027315319 0.999343336 0.023806782 0.171945872 0.711509109 0.002708524 0.702671647 -2.230885782
77544133 0.501012293 0.890688485 0.500000000 0.500000000 0.000000000 0.000000000 0.697245121 0.036495693 -0.715903163 1.342853424 -0.027491292 0.999329805 0.024169559 0.169723297 0.716305435 0.002828997 0.697781146 -2.234012087
77577500 0.501012293 0.890688485 0.500000000 0.500000000 0.000000000 0.000000000 0.692378759 0.036702827 -0.720600128 1.355771755 -0.027651452 0.999321461 0.024330616 0.167978642 0.721004188 0.003079637 0.692923844 -2.235995035
77610867 0.501012293 0.890688485 0.500000000 0.500000000 0.000000000 0.000000000 0.687450290 0.037089910 -0.725283682 1.369002576 -0.027869562 0.999306679 0.024687244 0.166766068 0.725696445 0.003242084 0.688007355 -2.240110442
77644233 0.501012293 0.890688485 0.500000000 0.500000000 0.000000000 0.000000000 0.682216465 0.037445996 -0.730190754 1.383501930 -0.027924238 0.999293447 0.025156664 0.164876904 0.730616808 0.003227730 0.682780087 -2.242905504
77677600 0.501012293 0.890688485 0.500000000 0.500000000 0.000000000 0.000000000 0.677351654 0.037721939 -0.734691620 1.396031293 -0.028051322 0.999282598 0.025445055 0.162740361 0.735124350 0.003373820 0.677923858 -2.245508084
77710967 0.501012293 0.890688485 0.500000000 0.500000000 0.000000000 0.000000000 0.672491014 0.038049418 -0.739126563 1.409046842 -0.028700422 0.999267101 0.025328213 0.162409196 0.739548624 0.004180248 0.673090160 -2.249692495
77744333 0.501012293 0.890688485 0.500000000 0.500000000 0.000000000 0.000000000 0.667493820 0.038282335 -0.743630588 1.422252550 -0.029318251 0.999254286 0.025125425 0.162700615 0.744037926 0.005030882 0.668118417 -2.252215409
77777700 0.501012293 0.890688485 0.500000000 0.500000000 0.000000000 0.000000000 0.662381470 0.038607977 -0.748171270 1.436963761 -0.029673126 0.999239564 0.025293261 0.161502345 0.748578846 0.005446791 0.663023412 -2.255413535
77811067 0.501012293 0.890688485 0.500000000 0.500000000 0.000000000 0.000000000 0.657450199 0.038854811 -0.752495527 1.450357821 -0.029822327 0.999228895 0.025539227 0.160411858 0.752907634 0.005650398 0.658101976 -2.259837246
77844433 0.501012293 0.890688485 0.500000000 0.500000000 0.000000000 0.000000000 0.652535915 0.038959935 -0.756755531 1.462934352 -0.029971873 0.999222875 0.025598666 0.159640111 0.757164776 0.005977332 0.653196573 -2.263780183
77877800 0.501012293 0.890688485 0.500000000 0.500000000 0.000000000 0.000000000 0.647536755 0.039245583 -0.761022925 1.476396708 -0.030316334 0.999209046 0.025733259 0.159244678 0.761430919 0.006408195 0.648214400 -2.268583836
77911167 0.501012293 0.890688485 0.500000000 0.500000000 0.000000000 0.000000000 0.642360806 0.039524160 -0.765382528 1.490312563 -0.030446820 0.999197006 0.026045250 0.158537999 0.765797317 0.006573016 0.643048406 -2.272893384
77944533 0.501012293 0.890688485 0.500000000 0.500000000 0.000000000 0.000000000 0.637230515 0.039828185 -0.769643366 1.504341801 -0.030688636 0.999182999 0.026297774 0.158661472 0.770061970 0.006861561 0.637932181 -2.277797583
77977900 0.501012293 0.890688485 0.500000000 0.500000000 0.000000000 0.000000000 0.632221639 0.040059373 -0.773751259 1.517982472 -0.030697070 0.999173462 0.026647983 0.157661604 0.774179220 0.006904467 0.632928789 -2.282754702
78011267 0.501012293 0.890688485 0.500000000 0.500000000 0.000000000 0.000000000 0.627347708 0.040412713 -0.777689934 1.530358000 -0.030753575 0.999159217 0.027113050 0.156298355 0.778131783 0.006907435 0.628063083 -2.287933060
78044633 0.501012293 0.890688485 0.500000000 0.500000000 0.000000000 0.000000000 0.622339189 0.040626131 -0.781692684 1.543733456 -0.030749958 0.999150217 0.027446466 0.155529789 0.782143414 0.006956006 0.623059571 -2.293290935
78078000 0.501012293 0.890688485 0.500000000 0.500000000 0.000000000 0.000000000 0.617096007 0.040835865 -0.785827518 1.557097034 -0.030994775 0.999138951 0.027581051 0.156204115 0.786277175 0.007336390 0.617830396 -2.297970483
78111367 0.501012293 0.890688485 0.500000000 0.500000000 0.000000000 0.000000000 0.611640811 0.041158449 -0.790064216 1.571617587 -0.030978929 0.999125898 0.028066698 0.154770990 0.790528834 0.007308605 0.612381220 -2.302163902
78144733 0.501012293 0.890688485 0.500000000 0.500000000 0.000000000 0.000000000 0.606486797 0.041311909 -0.794019580 1.584752038 -0.030768422 0.999120653 0.028481590 0.152861849 0.794498026 0.007157022 0.607224584 -2.306565865
78178100 0.501012293 0.890688485 0.500000000 0.500000000 0.000000000 0.000000000 0.601325393 0.041506954 -0.797925413 1.597671127 -0.030627187 0.999113262 0.028891472 0.151142276 0.798417032 0.007065036 0.602063417 -2.310216104
78211467 0.501012293 0.890688485 0.500000000 0.500000000 0.000000000 0.000000000 0.595878422 0.041625742 -0.801995158 1.611375154 -0.030663855 0.999106824 0.029073283 0.149898819 0.802489042 0.007268122 0.596622586 -2.313462063
78244833 0.501012293 0.890688485 0.500000000 0.500000000 0.000000000 0.000000000 0.590429366 0.041831929 -0.806004524 1.625128821 -0.031130800 0.999093115 0.029048786 0.149712044 0.806488693 0.007940308 0.591196179 -2.316438709
78278200 0.501012293 0.890688485 0.500000000 0.500000000 0.000000000 0.000000000 0.585255682 0.041992132 -0.809760749 1.637631681 -0.031854045 0.999077916 0.028787082 0.151384608 0.810222864 0.008946351 0.586053610 -2.320352512
78311567 0.501012293 0.890688485 0.500000000 0.500000000 0.000000000 0.000000000 0.579855502 0.042179216 -0.813626766 1.651507181 -0.032186940 0.999065280 0.028853545 0.151824186 0.814083278 0.009457271 0.580671132 -2.323820830
78344933 0.501012293 0.890688485 0.500000000 0.500000000 0.000000000 0.000000000 0.574622929 0.042302746 -0.817324281 1.664249222 -0.032037631 0.999060452 0.029184800 0.150072453 0.817790985 0.009414878 0.575438321 -2.327789693
78378300 0.501012293 0.890688485 0.500000000 0.500000000 0.000000000 0.000000000 0.569346905 0.042438276 -0.821001291 1.677025267 -0.032120347 0.999052465 0.029367123 0.149924211 0.821469665 0.009650765 0.570170581 -2.330882315
78411667 0.501012293 0.890688485 0.500000000 0.500000000 0.000000000 0.000000000 0.564156413 0.042770069 -0.824559450 1.689725041 -0.032459382 0.999034286 0.029611690 0.149637392 0.825029671 0.010059065 0.564999878 -2.334566259
78445033 0.501012293 0.890688485 0.500000000 0.500000000 0.000000000 0.000000000 0.559146821 0.042971659 -0.827954292 1.701030579 -0.032638706 0.999022603 0.029808205 0.150130131 0.828425944 0.010356194 0.560002863 -2.338297488
78478400 0.501012293 0.890688485 0.500000000 0.500000000 0.000000000 0.000000000 0.553994894 0.042959809 -0.831410944 1.713262838 -0.032312855 0.999024749 0.030089524 0.149471483 0.831892788 0.010195820 0.554842770 -2.342044758
78511767 0.501012293 0.890688485 0.500000000 0.500000000 0.000000000 0.000000000 0.549048543 0.043191526 -0.834673703 1.723938061 -0.032218557 0.999015331 0.030502271 0.149082404 0.835169256 0.010144756 0.549899459 -2.345997692
78545133 0.501012293 0.890688485 0.500000000 0.500000000 0.000000000 0.000000000 0.544055164 0.043435793 -0.837924361 1.735487083 -0.032291472 0.999003232 0.030819194 0.149280608 0.838427842 0.010290469 0.544915497 -2.349652476
78578500 0.501012293 0.890688485 0.500000000 0.500000000 0.000000000 0.000000000 0.539087415 0.043467209 -0.841127396 1.746910255 -0.031986970 0.999003530 0.031125033 0.148619792 0.841642201 0.010126004 0.539940655 -2.353712030
78611867 0.501012293 0.890688485 0.500000000 0.500000000 0.000000000 0.000000000 0.534110069 0.043528654 -0.844293594 1.758692998 -0.031683069 0.999002695 0.031461798 0.148559570 0.844821095 0.009945749 0.534956455 -2.357799686
78645233 0.501012293 0.890688485 0.500000000 0.500000000 0.000000000 0.000000000 0.529206455 0.043861058 -0.847358704 1.769450039 -0.031443767 0.998990834 0.032072075 0.146770014 0.847910285 0.009671399 0.530051529 -2.362685360
78678600 0.501012293 0.890688485 0.500000000 0.500000000 0.000000000 0.000000000 0.524392009 0.044103000 -0.850334048 1.780871021 -0.031749234 0.998975992 0.032232974 0.147757549 0.850884855 0.010094741 0.525255203 -2.366980866
78711967 0.501012293 0.890688485 0.500000000 0.500000000 0.000000000 0.000000000 0.519643784 0.044114605 -0.853243351 1.791730948 -0.032032661 0.998969913 0.032140408 0.148057825 0.853782296 0.010630094 0.520521641 -2.371866046
78745333 0.501012293 0.890688485 0.500000000 0.500000000 0.000000000 0.000000000 0.514929950 0.044219408 -0.856091022 1.802220787 -0.032282550 0.998960555 0.032181386 0.148003541 0.856624186 0.011065641 0.515822232 -2.376839691
78778700 0.501012293 0.890688485 0.500000000 0.500000000 0.000000000 0.000000000 0.510164201 0.044379089 -0.858931303 1.813166759 -0.032525517 0.998948991 0.032294888 0.148351463 0.859461784 0.011461491 0.511071444 -2.381409534
78812067 0.501012293 0.890688485 0.500000000 0.500000000 0.000000000 0.000000000 0.505258203 0.044522107 -0.861818969 1.824669054 -0.032737896 0.998938262 0.032412544 0.148074781 0.862347007 0.011837436 0.506179273 -2.386122050
78845433 0.501012293 0.890688485 0.500000000 0.500000000 0.000000000 0.000000000 0.500444233 0.044769019 -0.864610493 1.836318650 -0.033300735 0.998918474 0.032448646 0.148876467 0.865128100 0.012553430 0.501393795 -2.390165991
78878800 0.501012293 0.890688485 0.500000000 0.500000000 0.000000000 0.000000000 0.495789140 0.044953920 -0.867278636 1.846582255 -0.033944499 0.998899341 0.032371514 0.150177892 0.867779315 0.013389895 0.496769369 -2.395168178
78912167 0.501012293 0.890688485 0.500000000 0.500000000 0.000000000 0.000000000 0.491040498 0.045071464 -0.869970024 1.857769760 -0.034321308 0.998886228 0.032378260 0.151264242 0.870460391 0.013959473 0.492040485 -2.400982659
78945533 0.501012293 0.890688485 0.500000000 0.500000000 0.000000000 0.000000000 0.486327559 0.045276605 -0.872602761 1.868194029 -0.034272313 0.998876512 0.032727569 0.151100343 0.873104215 0.013989796 0.487332910 -2.407241324
78978900 0.501012293 0.890688485 0.500000000 0.500000000 0.000000000 0.000000000 0.481483996 0.045437809 -0.875276268 1.879328653 -0.034083497 0.998870552 0.033104785 0.150653549 0.875791907 0.013893055 0.482488871 -2.412722897
79012267 0.501012293 0.890688485 0.500000000 0.500000000 0.000000000 0.000000000 0.476572126 0.045563333 -0.877953887 1.891207569 -0.034063261 0.998863161 0.033347920 0.150794985 0.878475189 0.014013281 0.477582395 -2.418165894
79045633 0.501012293 0.890688485 0.500000000 0.500000000 0.000000000 0.000000000 0.471722603 0.045587860 -0.880567729 1.902349656 -0.034154661 0.998857796 0.033415105 0.151620723 0.881085277 0.014312830 0.472740859 -2.424398279
79079000 0.501012293 0.890688485 0.500000000 0.500000000 0.000000000 0.000000000 0.466894239 0.045740087 -0.883129418 1.913868844 -0.034435473 0.998844385 0.033527929 0.152573380 0.883642435 0.014756983 0.467929780 -2.429607706
79112367 0.501012293 0.890688485 0.500000000 0.500000000 0.000000000 0.000000000 0.462019622 0.045791090 -0.885686755 1.925184928 -0.034664176 0.998835444 0.033558402 0.154083814 0.886192024 0.015196961 0.463068873 -2.435738298
79145733 0.501012293 0.890688485 0.500000000 0.500000000 0.000000000 0.000000000 0.457211316 0.045969505 -0.888169229 1.936218375 -0.034811512 0.998822987 0.033776425 0.155075874 0.888676524 0.015475553 0.458273411 -2.442094580
79179100 0.501012293 0.890688485 0.500000000 0.500000000 0.000000000 0.000000000 0.452247530 0.046049576 -0.890702903 1.948025269 -0.034623746 0.998819888 0.034059316 0.155195393 0.891220152 0.015436228 0.453308225 -2.447943544
79212467 0.501012293 0.890688485 0.500000000 0.500000000 0.000000000 0.000000000 0.447492719 0.046236668 -0.893091500 1.959208131 -0.034624968 0.998809516 0.034360647 0.155830043 0.893617034 0.015547124 0.448560923 -2.453959489
79245833 0.501012293 0.890688485 0.500000000 0.500000000 0.000000000 0.000000000 0.442910105 0.046301894 -0.895369649 1.969858278 -0.034607440 0.998804212 0.034531597 0.156332013 0.895897865 0.015692057 0.443982899 -2.460465523
79279200 0.501012293 0.890688485 0.500000000 0.500000000 0.000000000 0.000000000 0.438194275 0.046484638 -0.897677541 1.980426069 -0.034663845 0.998792946 0.034799837 0.156380862 0.898211658 0.015867867 0.439276695 -2.466256015
79312567 0.501012293 0.890688485 0.500000000 0.500000000 0.000000000 0.000000000 0.433466792 0.046518970 -0.899968088 1.991819297 -0.034859937 0.998784840 0.034836587 0.157183371 0.900495052 0.016272327 0.434561729 -2.471608337
79345933 0.501012293 0.890688485 0.500000000 0.500000000 0.000000000 0.000000000 0.428878814 0.046693068 -0.902154505 2.002346312 -0.035366502 0.998765528 0.034880374 0.159192723 0.902669489 0.016946595 0.430000722 -2.477834128
79379300 0.501012293 0.890688485 0.500000000 0.500000000 0.000000000 0.000000000 0.424413621 0.046724208 -0.904262066 2.012180916 -0.035423405 0.998759985 0.034981109 0.159160436 0.904775262 0.017185582 0.425542474 -2.484476280
79412667 0.501012293 0.890688485 0.500000000 0.500000000 0.000000000 0.000000000 0.419816494 0.046834737 -0.906399846 2.022930754 -0.035212092 0.998756289 0.035297748 0.158782896 0.906925678 0.017097659 0.420943499 -2.490532906
79446033 0.501012293 0.890688485 0.500000000 0.500000000 0.000000000 0.000000000 0.415055662 0.046978872 -0.908582270 2.034456138 -0.035204198 0.998747349 0.035559051 0.158396876 0.909114659 0.017226927 0.416189581 -2.495980942
79479400 0.501012293 0.890688485 0.500000000 0.500000000 0.000000000 0.000000000 0.410570890 0.047072981 -0.910612822 2.044075541 -0.035351906 0.998737454 0.035689246 0.158188527 0.911143124 0.017538933 0.411716640 -2.501634917
79512767 0.501012293 0.890688485 0.500000000 0.500000000 0.000000000 0.000000000 0.405750036 0.047103059 -0.912769556 2.055253137 -0.035346221 0.998732746 0.035826825 0.157905301 0.913300395 0.017726218 0.406900734 -2.506778174
79546133 0.501012293 0.890688485 0.500000000 0.500000000 0.000000000 0.000000000 0.400849104 0.047306955 -0.914921880 2.066558360 -0.035189040 0.998723984 0.036222871 0.156555965 0.915468037 0.017675318 0.402002305 -2.512290152
79579500 0.501012293 0.890688485 0.500000000 0.500000000 0.000000000 0.000000000 0.396296352 0.047590498 -0.916888416 2.076423547 -0.035206139 0.998708904 0.036620583 0.154804037 0.917447388 0.017767498 0.397460192 -2.517801137
79612867 0.501012293 0.890688485 0.500000000 0.500000000 0.000000000 0.000000000 0.391599506 0.047693510 -0.918898880 2.086450916 -0.035428215 0.998696744 0.036737099 0.153400956 0.919453442 0.018168718 0.392778844 -2.523586701
79646233 0.501012293 0.890688485 0.500000000 0.500000000 0.000000000 0.000000000 0.386815995 0.047888849 -0.920912623 2.096442015 -0.035581976 0.998682082 0.036987286 0.152342399 0.921470225 0.018460616 0.388010174 -2.529010556
79679600 0.501012293 0.890688485 0.500000000 0.500000000 0.000000000 0.000000000 0.381802708 0.048173923 -0.922987521 2.106947144 -0.035660770 0.998664916 0.037372369 0.150913081 0.923555613 0.018645573 0.383010894 -2.534037833
79712967 0.501012293 0.890688485 0.500000000 0.500000000 0.000000000 0.000000000 0.376913399 0.048321504 -0.924987197 2.117591056 -0.035637919 0.998655379 0.037648220 0.148322768 0.925562680 0.018774500 0.378128648 -2.539143090
79746333 0.501012293 0.890688485 0.500000000 0.500000000 0.000000000 0.000000000 0.372164309 0.048418496 -0.926903129 2.127435564 -0.035773978 0.998644710 0.037802305 0.146678834 0.927477181 0.019090341 0.373392016 -2.544753688
79779700 0.501012293 0.890688485 0.500000000 0.500000000 0.000000000 0.000000000 0.367217064 0.048528470 -0.928868473 2.137760411 -0.035505403 0.998641551 0.038137108 0.143818616 0.929457366 0.018975252 0.368441224 -2.550381795
79813067 0.501012293 0.890688485 0.500000000 0.500000000 0.000000000 0.000000000 0.362172931 0.048706446 -0.930837512 2.148164864 -0.035111718 0.998637974 0.038592763 0.139990856 0.931449354 0.018706048 0.363389820 -2.555879537
79846433 0.501012293 0.890688485 0.500000000 0.500000000 0.000000000 0.000000000 0.357544869 0.048966426 -0.932611346 2.156406194 -0.035166394 0.998622179 0.038950194 0.137816643 0.933233619 0.018870136 0.358774185 -2.562943726
79879800 0.501012293 0.890688485 0.500000000 0.500000000 0.000000000 0.000000000 0.352826566 0.048999596 -0.934404850 2.165377858 -0.035093702 0.998618245 0.039115701 0.135641401 0.935030401 0.018990669 0.354058623 -2.569184101
79913167 0.501012293 0.890688485 0.500000000 0.500000000 0.000000000 0.000000000 0.347928911 0.049132857 -0.936232567 2.175096575 -0.035062261 0.998609126 0.039376270 0.133366607 0.936865032 0.019126289 0.349167705 -2.575174798
79946533 0.501012293 0.890688485 0.500000000 0.500000000 0.000000000 0.000000000 0.343242019 0.049137328 -0.937960804 2.183915037 -0.034718756 0.998611867 0.039609529 0.129983742 0.938605070 0.018969178 0.344471544 -2.581924315
79979900 0.501012293 0.890688485 0.500000000 0.500000000 0.000000000 0.000000000 0.338723958 0.049329683 -0.939591765 2.192302850 -0.034676246 0.998600721 0.039926894 0.127389435 0.940246582 0.019057319 0.339960545 -2.588577862
80013267 0.501012293 0.890688485 0.500000000 0.500000000 0.000000000 0.000000000 0.334361017 0.049453240 -0.941146672 2.199525148 -0.034785986 0.998589456 0.040113200 0.124955057 0.941802859 0.019326426 0.335609645 -2.596034208
80046633 0.501012293 0.890688485 0.500000000 0.500000000 0.000000000 0.000000000 0.329548329 0.049553476 -0.942837417 2.209668480 -0.035385083 0.998568356 0.040114485 0.124473981 0.943475366 0.020142719 0.330829978 -2.601440061
80080000 0.501012293 0.890688485 0.500000000 0.500000000 0.000000000 0.000000000 0.325253814 0.049831465 -0.944312871 2.216762457 -0.036091883 0.998537123 0.040261596 0.124198544 0.944937766 0.020986790 0.326576501 -2.609705474
80113367 0.501012293 0.890688485 0.500000000 0.500000000 0.000000000 0.000000000 0.321180612 0.049886577 -0.945703089 2.222769084 -0.036018487 0.998532534 0.040440734 0.121777525 0.946332753 0.021074014 0.322506130 -2.618827913
80146733 0.501012293 0.890688485 0.500000000 0.500000000 0.000000000 0.000000000 0.316952944 0.049978904 -0.947123528 2.230946857 -0.035738703 0.998530746 0.040731739 0.119007007 0.947767675 0.020938920 0.318273425 -2.626651614
80180100 0.501012293 0.890688485 0.500000000 0.500000000 0.000000000 0.000000000 0.312676251 0.049898673 -0.948548198 2.238441096 -0.035480630 0.998535812 0.040832572 0.116222191 0.949196875 0.020887714 0.313988864 -2.634880478
80213467 0.501012293 0.890688485 0.500000000 0.500000000 0.000000000 0.000000000 0.308490545 0.049924709 -0.949916363 2.246124871 -0.035689306 0.998526096 0.040889189 0.115302248 0.950557649 0.021287927 0.309817642 -2.643694803
80246833 0.501012293 0.890688485 0.500000000 0.500000000 0.000000000 0.000000000 0.304368615 0.049961653 -0.951243162 2.253294422 -0.035813730 0.998517692 0.040985331 0.114833166 0.951880813 0.021592917 0.305706739 -2.653321836
80280200 0.501012293 0.890688485 0.500000000 0.500000000 0.000000000 0.000000000 0.300181270 0.049998354 -0.952570915 2.260773315 -0.035700340 0.998514593 0.041159678 0.113299183 0.953213871 0.021651739 0.301520348 -2.662976461
80313567 0.501012293 0.890688485 0.500000000 0.500000000 0.000000000 0.000000000 0.296193033 0.050121650 -0.953812063 2.268079683 -0.035885543 0.998501062 0.041326247 0.113363832 0.954453707 0.021987520 0.297547698 -2.673085232
80346933 0.501012293 0.890688485 0.500000000 0.500000000 0.000000000 0.000000000 0.292219371 0.050269660 -0.955029190 2.275739404 -0.035823762 0.998492062 0.041596066 0.112222190 0.955680132 0.022057563 0.293579578 -2.683162620
80380300 0.501012293 0.890688485 0.500000000 0.500000000 0.000000000 0.000000000 0.288425833 0.050404508 -0.956174612 2.283355027 -0.035819512 0.998482466 0.041829959 0.111445622 0.956831992 0.022184867 0.289793611 -2.693875831
80413667 0.501012293 0.890688485 0.500000000 0.500000000 0.000000000 0.000000000 0.284909666 0.050251182 -0.957236290 2.289206566 -0.035744254 0.998487353 0.041777864 0.111540292 0.957887709 0.022312779 0.286274880 -2.705599761
80447033 0.501012293 0.890688485 0.500000000 0.500000000 0.000000000 0.000000000 0.281102896 0.050103564 -0.958368838 2.296448842 -0.035410371 0.998497665 0.041815147 0.110950118 0.959024131 0.022181835 0.282454789 -2.715876819
80480400 0.501012293 0.890688485 0.500000000 0.500000000 0.000000000 0.000000000 0.277315557 0.050303083 -0.959461153 2.302923943 -0.035010666 0.998494267 0.042230308 0.109684540 0.960140765 0.021880250 0.278659135 -2.726782851
80513767 0.501012293 0.890688485 0.500000000 0.500000000 0.000000000 0.000000000 0.273330957 0.050158963 -0.960611403 2.311766833 -0.034272369 0.998513281 0.042386226 0.108199061 0.961309314 0.021336960 0.274643660 -2.736254787
80547133 0.501012293 0.890688485 0.500000000 0.500000000 0.000000000 0.000000000 0.269940943 0.050139159 -0.961570561 2.317747898 -0.034065202 0.998515427 0.042502478 0.107748696 0.962274075 0.021282937 0.271248192 -2.746872998
80580500 0.501012293 0.890688485 0.500000000 0.500000000 0.000000000 0.000000000 0.266430140 0.050111916 -0.962550640 2.325160417 -0.034324408 0.998507380 0.042483024 0.108814921 0.963242888 0.021720221 0.267752528 -2.756351489
80613867 0.501012293 0.890688485 0.500000000 0.500000000 0.000000000 0.000000000 0.263040990 0.050271180 -0.963474035 2.330956286 -0.034719482 0.998487949 0.042619225 0.110480084 0.964159727 0.022240717 0.264388651 -2.766990278
80647233 0.501012293 0.890688485 0.500000000 0.500000000 0.000000000 0.000000000 0.259323835 0.050068617 -0.964491725 2.339513162 -0.034327880 0.998502135 0.042604391 0.110080071 0.965180159 0.022060623 0.260654151 -2.776174445
80680600 0.501012293 0.890688485 0.500000000 0.500000000 0.000000000 0.000000000 0.256040096 0.050184861 -0.965362608 2.346539024 -0.034116045 0.998498499 0.042858955 0.109873406 0.966063976 0.021960743 0.257367760 -2.786315599
80713967 0.501012293 0.890688485 0.500000000 0.500000000 0.000000000 0.000000000 0.252843380 0.050126158 -0.966207862 2.353475815 -0.033911679 0.998502493 0.042927358 0.109322828 0.966912746 0.021911832 0.254164606 -2.796658303
80747333 0.501012293 0.890688485 0.500000000 0.500000000 0.000000000 0.000000000 0.249537542 0.050253119 -0.967060328 2.360707051 -0.034354404 0.998483300 0.043021295 0.110452170 0.967755556 0.022487354 0.250885487 -2.806192007
80780700 0.501012293 0.890688485 0.500000000 0.500000000 0.000000000 0.000000000 0.246530429 0.050258666 -0.967830956 2.366371420 -0.034984939 0.998465002 0.042937938 0.112691900 0.968503356 0.023274001 0.247910306 -2.816460608
80814067 0.501012293 0.890688485 0.500000000 0.500000000 0.000000000 0.000000000 0.243214071 0.050027039 -0.968681693 2.373628972 -0.035277471 0.998464584 0.042707786 0.114254427 0.969330907 0.023785504 0.244605467 -2.825640817
80847433 0.501012293 0.890688485 0.500000000 0.500000000 0.000000000 0.000000000 0.239867657 0.050110757 -0.969511449 2.380748569 -0.035416842 0.998453796 0.042844180 0.115384698 0.970159352 0.024060098 0.241271541 -2.835246769
80880800 0.501012293 0.890688485 0.500000000 0.500000000 0.000000000 0.000000000 0.236797005 0.050131410 -0.970264912 2.387588779 -0.034878019 0.998462796 0.043076213 0.114009778 0.970932901 0.023640601 0.238181487 -2.844833605
80914167 0.501012293 0.890688485 0.500000000 0.500000000 0.000000000 0.000000000 0.233791023 0.050065029 -0.970997036 2.394008875 -0.034471612 0.998472333 0.043181796 0.113086620 0.971675575 0.023376318 0.235159695 -2.854596194
80947533 0.501012293 0.890688485 0.500000000 0.500000000 0.000000000 0.000000000 0.230579987 0.050070677 -0.971764266 2.401595922 -0.034345172 0.998471677 0.043297380 0.112282015 0.972447038 0.023391901 0.231947288 -2.863729467
80980900 0.501012293 0.890688485 0.500000000 0.500000000 0.000000000 0.000000000 0.227435440 0.050015692 -0.972507894 2.409159345 -0.034766596 0.998460472 0.043219738 0.113415831 0.973172367 0.023981087 0.228824168 -2.872968965
81014267 0.501012293 0.890688485 0.500000000 0.500000000 0.000000000 0.000000000 0.224334702 0.050090913 -0.973223925 2.416663141 -0.035617564 0.998432279 0.043178272 0.116344348 0.973861039 0.024977481 0.225767121 -2.882519310
81047633 0.501012293 0.890688485 0.500000000 0.500000000 0.000000000 0.000000000 0.221371487 0.050081756 -0.973902702 2.423544705 -0.035516359 0.998431921 0.043270148 0.115950524 0.974542558 0.025010701 0.222803086 -2.892691641
81081000 0.501012293 0.890688485 0.500000000 0.500000000 0.000000000 0.000000000 0.218516752 0.050098147 -0.974546373 2.430188829 -0.034926187 0.998442948 0.043495297 0.114215215 0.975207984 0.024532737 0.219926238 -2.903325829
81114367 0.501012293 0.890688485 0.500000000 0.500000000 0.000000000 0.000000000 0.215471685 0.050058164 -0.975226223 2.437484383 -0.034652878 0.998448193 0.043593753 0.113886357 0.975895047 0.024401173 0.216871977 -2.913507172
81147733 0.501012293 0.890688485 0.500000000 0.500000000 0.000000000 0.000000000 0.212532714 0.049980234 -0.975874901 2.444445465 -0.034856852 0.998443246 0.043544725 0.114959481 0.976532042 0.024761250 0.213944003 -2.924225231
81181100 0.501012293 0.890688485 0.500000000 0.500000000 0.000000000 0.000000000 0.209538341 0.050041877 -0.976519048 2.451698789 -0.035265453 0.998426557 0.043597382 0.116671888 0.977164268 0.025302066 0.210973397 -2.935134154
81214467 0.501012293 0.890688485 0.500000000 0.500000000 0.000000000 0.000000000 0.206307694 0.049875461 -0.977215230 2.460128490 -0.035142928 0.998433411 0.043539103 0.116949240 0.977855861 0.025359754 0.207737267 -2.945774826
81247833 0.501012293 0.890688485 0.500000000 0.500000000 0.000000000 0.000000000 0.203252912 0.049944140 -0.977851629 2.468198637 -0.034797832 0.998435736 0.043762520 0.115737791 0.978507698 0.025132257 0.204672918 -2.957140880
81281200 0.501012293 0.890688485 0.500000000 0.500000000 0.000000000 0.000000000 0.200310230 0.049904458 -0.978460729 2.476511982 -0.034783106 0.998434544 0.043802392 0.116164441 0.979114890 0.025259836 0.201732486 -2.968736177
81314567 0.501012293 0.890688485 0.500000000 0.500000000 0.000000000 0.000000000 0.197606131 0.049912877 -0.979009986 2.483481411 -0.034862787 0.998428941 0.043866113 0.116264915 0.979661345 0.025462801 0.199035779 -2.981220846
81347933 0.501012293 0.890688485 0.500000000 0.500000000 0.000000000 0.000000000 0.194686010 0.049833432 -0.979598880 2.491514188 -0.035109267 0.998422623 0.043813381 0.117356825 0.980237067 0.025863145 0.196128532 -2.992866944
81381300 0.501012293 0.890688485 0.500000000 0.500000000 0.000000000 0.000000000 0.192060292 0.049812261 -0.980118155 2.498588892 -0.035252597 0.998416662 0.043834273 0.117604864 0.980749786 0.026132887 0.193512201 -3.005746969
81414667 0.501012293 0.890688485 0.500000000 0.500000000 0.000000000 0.000000000 0.189411059 0.049705394 -0.980638981 2.505452964 -0.035290420 0.998417258 0.043790147 0.117751326 0.981263518 0.026312822 0.190865397 -3.018639961
81448033 0.501012293 0.890688485 0.500000000 0.500000000 0.000000000 0.000000000 0.186198846 0.049458943 -0.981266439 2.514833251 -0.035232581 0.998425961 0.043638326 0.117645543 0.981880188 0.026447142 0.187648326 -3.029528943
81481400 0.501012293 0.890688485 0.500000000 0.500000000 0.000000000 0.000000000 0.183333859 0.049611736 -0.981798053 2.522971601 -0.035223071 0.998415947 0.043874163 0.116858635 0.982419491 0.026538324 0.184790924 -3.041606906
81514767 0.501012293 0.890688485 0.500000000 0.500000000 0.000000000 0.000000000 0.180542395 0.049641423 -0.982313693 2.531023997 -0.035322789 0.998408496 0.043962698 0.116815726 0.982932746 0.026760930 0.182008535 -3.053705214
81548133 0.501012293 0.890688485 0.500000000 0.500000000 0.000000000 0.000000000 0.177789673 0.049780630 -0.982808590 2.539138241 -0.035197143 0.998402357 0.044203330 0.115480323 0.983438849 0.026733158 0.179257751 -3.065988330
81581500 0.501012293 0.890688485 0.500000000 0.500000000 0.000000000 0.000000000 0.175308794 0.049941026 -0.983246028 2.546190810 -0.035064548 0.998395681 0.044458639 0.113427566 0.983888865 0.026683087 0.176778689 -3.078523637
81614867 0.501012293 0.890688485 0.500000000 0.500000000 0.000000000 0.000000000 0.172830343 0.049816411 -0.983691037 2.553363609 -0.035245687 0.998393297 0.044368453 0.112760744 0.984320760 0.027002649 0.174308479 -3.090969014
81648233 0.501012293 0.890688485 0.500000000 0.500000000 0.000000000 0.000000000 0.170377180 0.049956776 -0.984111726 2.560435858 -0.035836950 0.998367488 0.044476070 0.114252083 0.984727025 0.027689856 0.171889335 -3.103426701
81681600 0.501012293 0.890688485 0.500000000 0.500000000 0.000000000 0.000000000 0.167917371 0.049888156 -0.984537899 2.566879280 -0.035629544 0.998373270 0.044512436 0.113549902 0.985157013 0.027604226 0.169421718 -3.115024039
81714967 0.501012293 0.890688485 0.500000000 0.500000000 0.000000000 0.000000000 0.165360838 0.049798530 -0.984975100 2.573458220 -0.034942862 0.998393178 0.044610601 0.110837300 0.985613942 0.027041003 0.166835234 -3.127138355
81748333 0.501012293 0.890688485 0.500000000 0.500000000 0.000000000 0.000000000 0.162632421 0.049760673 -0.985431135 2.582407905 -0.034725294 0.998397470 0.044684470 0.110565645 0.986075461 0.026952244 0.164099753 -3.137724225
81781700 0.501012293 0.890688485 0.500000000 0.500000000 0.000000000 0.000000000 0.160087094 0.049863305 -0.985842645 2.589579270 -0.035082936 0.998379767 0.044800442 0.111753687 0.986479223 0.027414285 0.161577061 -3.150280810
81815067 0.501012293 0.890688485 0.500000000 0.500000000 0.000000000 0.000000000 0.157743514 0.049739610 -0.986226618 2.595899393 -0.034777451 0.998390853 0.044790573 0.110168635 0.986867547 0.027233025 0.159219489 -3.162188643
