https://www.youtube.com/watch?v=9gA5NwLEF2U
183383200 0.486334613 0.864594930 0.500000000 0.500000000 0.000000000 0.000000000 0.995370269 0.003636517 0.096045539 0.168182632 -0.003315041 0.999988377 -0.003506476 -0.038823746 -0.096057177 0.003171847 0.995370746 -0.385863710
183416567 0.486334613 0.864594930 0.500000000 0.500000000 0.000000000 0.000000000 0.995176136 0.003413070 0.098044939 0.171943579 -0.003059147 0.999988258 -0.003759908 -0.036740381 -0.098056614 0.003441837 0.995174885 -0.408641790
183449933 0.486334613 0.864594930 0.500000000 0.500000000 0.000000000 0.000000000 0.994980216 0.003346986 0.100015797 0.175260326 -0.002952347 0.999987245 -0.004093514 -0.033528419 -0.100028224 0.003777684 0.994977415 -0.431534421
183483300 0.486334613 0.864594930 0.500000000 0.500000000 0.000000000 0.000000000 0.994783461 0.003562367 0.101947181 0.177520670 -0.003157622 0.999986470 -0.004131245 -0.031846094 -0.101960517 0.003787783 0.994781256 -0.454350785
183516667 0.486334613 0.864594930 0.500000000 0.500000000 0.000000000 0.000000000 0.994633794 0.003565697 0.103396662 0.180993373 -0.003138264 0.999985874 -0.004296301 -0.029197963 -0.103410520 0.003948760 0.994630933 -0.478311196
183550033 0.486334613 0.864594930 0.500000000 0.500000000 0.000000000 0.000000000 0.994472384 0.003422784 0.104942709 0.183180341 -0.002962642 0.999985278 -0.004540276 -0.026375442 -0.104956709 0.004204271 0.994467914 -0.501200827
183583400 0.486334613 0.864594930 0.500000000 0.500000000 0.000000000 0.000000000 0.994327843 0.003439569 0.106302649 0.185435430 -0.002955652 0.999984562 -0.004709462 -0.024561126 -0.106317200 0.004368556 0.994322658 -0.524319770
183616767 0.486334613 0.864594930 0.500000000 0.500000000 0.000000000 0.000000000 0.994166672 0.003445751 0.107799731 0.186172182 -0.002951036 0.999984384 -0.004748386 -0.023176815 -0.107814409 0.004402566 0.994161308 -0.546482242
183650133 0.486334613 0.864594930 0.500000000 0.500000000 0.000000000 0.000000000 0.994060874 0.003258328 0.108776897 0.188526492 -0.002725343 0.999983549 -0.005048106 -0.021135219 -0.108791552 0.004721670 0.994053364 -0.568290047
183683500 0.486334613 0.864594930 0.500000000 0.500000000 0.000000000 0.000000000 0.993950665 0.003331723 0.109777123 0.190171329 -0.002805547 0.999983847 -0.004947236 -0.020696093 -0.109791830 0.004609324 0.993943930 -0.589292072
183716867 0.486334613 0.864594930 0.500000000 0.500000000 0.000000000 0.000000000 0.993862629 0.003572152 0.110563368 0.192451368 -0.003032312 0.999982655 -0.005050385 -0.020148655 -0.110579491 0.004684126 0.993856251 -0.610320266
183750233 0.486334613 0.864594930 0.500000000 0.500000000 0.000000000 0.000000000 0.993776023 0.003141432 0.111352094 0.194487824 -0.002586160 0.999983490 -0.005130719 -0.019133211 -0.111366376 0.004810811 0.993767798 -0.631326453
183783600 0.486334613 0.864594930 0.500000000 0.500000000 0.000000000 0.000000000 0.993677676 0.003319259 0.112221405 0.196206156 -0.002762673 0.999983132 -0.005114858 -0.019137005 -0.112236485 0.004772489 0.993670046 -0.652365029
183816967 0.486334613 0.864594930 0.500000000 0.500000000 0.000000000 0.000000000 0.993601859 0.003000478 0.112899534 0.198998955 -0.002423373 0.999983311 -0.005248555 -0.018212521 -0.112913392 0.004941376 0.993592560 -0.673604650
183850333 0.486334613 0.864594930 0.500000000 0.500000000 0.000000000 0.000000000 0.993503809 0.003305067 0.113750644 0.200635408 -0.002730824 0.999982715 -0.005203714 -0.018740134 -0.113765873 0.004859277 0.993495703 -0.694068494
183883700 0.486334613 0.864594930 0.500000000 0.500000000 0.000000000 0.000000000 0.993428826 0.003416482 0.114400752 0.203461658 -0.002825192 0.999981821 -0.005330319 -0.018790722 -0.114416882 0.004972089 0.993420362 -0.715504247
183917067 0.486334613 0.864594930 0.500000000 0.500000000 0.000000000 0.000000000 0.993330181 0.003330851 0.115256675 0.206025423 -0.002738087 0.999982178 -0.005300927 -0.019090703 -0.115272276 0.004949988 0.993321598 -0.736262908
183950433 0.486334613 0.864594930 0.500000000 0.500000000 0.000000000 0.000000000 0.993227720 0.003522331 0.116130657 0.208304302 -0.002896366 0.999980330 -0.005558486 -0.018838285 -0.116147958 0.005184485 0.993218362 -0.757377967
183983800 0.486334613 0.864594930 0.500000000 0.500000000 0.000000000 0.000000000 0.993141174 0.003510308 0.116868682 0.211135781 -0.002876667 0.999980211 -0.005590047 -0.019514012 -0.116885997 0.005215513 0.993131638 -0.779099744
184017167 0.486334613 0.864594930 0.500000000 0.500000000 0.000000000 0.000000000 0.993099868 0.003325666 0.117224529 0.215944127 -0.002682340 0.999980450 -0.005645315 -0.020003447 -0.117241018 0.005291925 0.993089378 -0.802110872
184050533 0.486334613 0.864594930 0.500000000 0.500000000 0.000000000 0.000000000 0.993003845 0.003466632 0.118031189 0.218741652 -0.002817799 0.999979973 -0.005663565 -0.021506407 -0.118048459 0.005291353 0.992993712 -0.824810734
184083900 0.486334613 0.864594930 0.500000000 0.500000000 0.000000000 0.000000000 0.992920280 0.003540801 0.118729897 0.222152656 -0.002873569 0.999979079 -0.005790472 -0.022527527 -0.118747920 0.005408298 0.992909729 -0.848714626
184117267 0.486334613 0.864594930 0.500000000 0.500000000 0.000000000 0.000000000 0.992849648 0.003436594 0.119322091 0.226387626 -0.002750858 0.999978721 -0.005911163 -0.023228439 -0.119339868 0.005540658 0.992838025 -0.873294672
184150633 0.486334613 0.864594930 0.500000000 0.500000000 0.000000000 0.000000000 0.992820084 0.003412105 0.119568735 0.231451059 -0.002706575 0.999977946 -0.006062523 -0.023855665 -0.119586788 0.005695372 0.992807388 -0.898491458
184184000 0.486334613 0.864594930 0.500000000 0.500000000 0.000000000 0.000000000 0.992762983 0.003090714 0.120050527 0.235043275 -0.002374564 0.999978542 -0.006108002 -0.025091611 -0.120066829 0.005778731 0.992748976 -0.923710455
184217367 0.486334613 0.864594930 0.500000000 0.500000000 0.000000000 0.000000000 0.992769539 0.003415971 0.119987309 0.239975774 -0.002700721 0.999977589 -0.006123155 -0.026578590 -0.120005541 0.005754830 0.992756546 -0.950133889
184250733 0.486334613 0.864594930 0.500000000 0.500000000 0.000000000 0.000000000 0.992811739 0.003004875 0.119648807 0.245819088 -0.002248993 0.999976635 -0.006452039 -0.026588227 -0.119665407 0.006136571 0.992795289 -0.977606495
184284100 0.486334613 0.864594930 0.500000000 0.500000000 0.000000000 0.000000000 0.992768705 0.003179818 0.120000899 0.248291581 -0.002423774 0.999976277 -0.006445751 -0.027505739 -0.120018549 0.006108285 0.992752850 -1.003621417
184317467 0.486334613 0.864594930 0.500000000 0.500000000 0.000000000 0.000000000 0.992762625 0.003551516 0.120040633 0.252806252 -0.002806074 0.999975741 -0.006378369 -0.027890593 -0.120060377 0.005995364 0.992748499 -1.031088096
184350833 0.486334613 0.864594930 0.500000000 0.500000000 0.000000000 0.000000000 0.992748260 0.003361251 0.120164670 0.256509483 -0.002575390 0.999974251 -0.006694571 -0.027274110 -0.120184079 0.006336553 0.992731392 -1.059051852
184384200 0.486334613 0.864594930 0.500000000 0.500000000 0.000000000 0.000000000 0.992771566 0.003296519 0.119974181 0.262364174 -0.002507799 0.999974251 -0.006724469 -0.025969739 -0.119993262 0.006374991 0.992754221 -1.087458866
184417567 0.486334613 0.864594930 0.500000000 0.500000000 0.000000000 0.000000000 0.992760658 0.003395266 0.120061360 0.266923975 -0.002603008 0.999973774 -0.006754986 -0.024716272 -0.120081149 0.006393564 0.992743492 -1.115402965
184450933 0.486334613 0.864594930 0.500000000 0.500000000 0.000000000 0.000000000 0.992749155 0.003321488 0.120158799 0.272438258 -0.002521656 0.999973655 -0.006807896 -0.023279642 -0.120178245 0.006455534 0.992731333 -1.143849208
184484300 0.486334613 0.864594930 0.500000000 0.500000000 0.000000000 0.000000000 0.992774010 0.003176225 0.119957052 0.279049442 -0.002354191 0.999972761 -0.006993828 -0.021587611 -0.119975999 0.006660888 0.992754459 -1.172388596
184517667 0.486334613 0.864594930 0.500000000 0.500000000 0.000000000 0.000000000 0.992774427 0.003190277 0.119953267 0.284769804 -0.002358865 0.999972224 -0.007072490 -0.020158799 -0.119972497 0.006738434 0.992754340 -1.200364259
184551033 0.486334613 0.864594930 0.500000000 0.500000000 0.000000000 0.000000000 0.992780268 0.003364725 0.119900130 0.289701176 -0.002547696 0.999972463 -0.006966882 -0.019502159 -0.119920276 0.006611114 0.992761493 -1.227094388
184584400 0.486334613 0.864594930 0.500000000 0.500000000 0.000000000 0.000000000 0.992754102 0.003590516 0.120110087 0.293598569 -0.002765668 0.999971449 -0.007033428 -0.018973834 -0.120131910 0.006650280 0.992735684 -1.253215651
184617767 0.486334613 0.864594930 0.500000000 0.500000000 0.000000000 0.000000000 0.992766678 0.003529889 0.120007865 0.299325262 -0.002692588 0.999970913 -0.007138485 -0.017679340 -0.120029569 0.006763718 0.992747247 -1.278854924
184651133 0.486334613 0.864594930 0.500000000 0.500000000 0.000000000 0.000000000 0.992743373 0.003552706 0.120199807 0.303007182 -0.002696841 0.999969840 -0.007282281 -0.016294068 -0.120222054 0.006905276 0.992722988 -1.303210733
184684500 0.486334613 0.864594930 0.500000000 0.500000000 0.000000000 0.000000000 0.992763698 0.003406025 0.120035850 0.307492991 -0.002556812 0.999970615 -0.007227966 -0.015384120 -0.120056942 0.006868754 0.992743254 -1.328234070
184717867 0.486334613 0.864594930 0.500000000 0.500000000 0.000000000 0.000000000 0.992788613 0.003220234 0.119835012 0.311912926 -0.002360318 0.999970436 -0.007317081 -0.014450517 -0.119855031 0.006981465 0.992766857 -1.353885830
184751233 0.486334613 0.864594930 0.500000000 0.500000000 0.000000000 0.000000000 0.992760181 0.003542545 0.120061040 0.314532645 -0.002681154 0.999969482 -0.007335382 -0.014268260 -0.120083362 0.006960373 0.992739439 -1.378975926
184784600 0.486334613 0.864594930 0.500000000 0.500000000 0.000000000 0.000000000 0.992731094 0.003655623 0.120297916 0.317232990 -0.002795654 0.999969304 -0.007316656 -0.014295716 -0.120320976 0.006927161 0.992710888 -1.404428872
184817967 0.486334613 0.864594930 0.500000000 0.500000000 0.000000000 0.000000000 0.992726922 0.003867951 0.120325930 0.321104496 -0.002995457 0.999967873 -0.007431113 -0.014439062 -0.120350808 0.007016635 0.992706656 -1.430181139
184851333 0.486334613 0.864594930 0.500000000 0.500000000 0.000000000 0.000000000 0.992728770 0.003656843 0.120317221 0.324239957 -0.002771930 0.999967873 -0.007521369 -0.015065459 -0.120340861 0.007133169 0.992707014 -1.455558945
184884700 0.486334613 0.864594930 0.500000000 0.500000000 0.000000000 0.000000000 0.992725968 0.003538775 0.120343901 0.327605299 -0.002654969 0.999968350 -0.007503549 -0.016845546 -0.120366640 0.007129458 0.992703915 -1.481399359
184918067 0.486334613 0.864594930 0.500000000 0.500000000 0.000000000 0.000000000 0.992733061 0.003596679 0.120283343 0.330417365 -0.002729063 0.999969065 -0.007377048 -0.019413200 -0.120306157 0.006995179 0.992712200 -1.508460630
184951433 0.486334613 0.864594930 0.500000000 0.500000000 0.000000000 0.000000000 0.992711961 0.003330743 0.120465241 0.331710159 -0.002435064 0.999968290 -0.007581610 -0.020081278 -0.120486677 0.007233014 0.992688596 -1.535802577
184984800 0.486334613 0.864594930 0.500000000 0.500000000 0.000000000 0.000000000 0.992696822 0.003433164 0.120587133 0.333672565 -0.002583351 0.999970734 -0.007202916 -0.024213285 -0.120608330 0.006838793 0.992676616 -1.563497735
185018167 0.486334613 0.864594930 0.500000000 0.500000000 0.000000000 0.000000000 0.992698014 0.003796101 0.120566376 0.336002755 -0.002981053 0.999971449 -0.006939806 -0.028027504 -0.120589279 0.006529717 0.992681026 -1.592502974
185051533 0.486334613 0.864594930 0.500000000 0.500000000 0.000000000 0.000000000 0.992675722 0.003971877 0.120743915 0.337922101 -0.003094776 0.999967456 -0.007450799 -0.028145574 -0.120769583 0.007022551 0.992655754 -1.621561210
185084900 0.486334613 0.864594930 0.500000000 0.500000000 0.000000000 0.000000000 0.992686987 0.004062331 0.120648645 0.340528585 -0.003204494 0.999968171 -0.007303376 -0.030715489 -0.120674476 0.006863349 0.992668390 -1.652763340
185118267 0.486334613 0.864594930 0.500000000 0.500000000 0.000000000 0.000000000 0.992681086 0.003766407 0.120706432 0.342336742 -0.002910662 0.999969363 -0.007265005 -0.031163643 -0.120730095 0.006860497 0.992661655 -1.684284465
185151633 0.486334613 0.864594930 0.500000000 0.500000000 0.000000000 0.000000000 0.992705345 0.003677170 0.120509438 0.346315959 -0.002812174 0.999969065 -0.007347111 -0.029956534 -0.120532721 0.006954623 0.992685020 -1.716105772
185185000 0.486334613 0.864594930 0.500000000 0.500000000 0.000000000 0.000000000 0.992676377 0.003888292 0.120741524 0.347445400 -0.003074105 0.999971271 -0.006928763 -0.031938823 -0.120764993 0.006506848 0.992659807 -1.748248513
185218367 0.486334613 0.864594930 0.500000000 0.500000000 0.000000000 0.000000000 0.992659807 0.003782107 0.120881051 0.348952732 -0.002958191 0.999971151 -0.006994652 -0.029185693 -0.120904021 0.006585720 0.992642343 -1.781862847
185251733 0.486334613 0.864594930 0.500000000 0.500000000 0.000000000 0.000000000 0.992635727 0.003848049 0.121076353 0.351072463 -0.003038741 0.999971807 -0.006868210 -0.026832628 -0.121099368 0.006449711 0.992619455 -1.814780967
185285100 0.486334613 0.864594930 0.500000000 0.500000000 0.000000000 0.000000000 0.992608488 0.003798933 0.121301286 0.352836072 -0.002992589 0.999972224 -0.006828933 -0.024083272 -0.121323854 0.006415452 0.992592216 -1.849011193
185318467 0.486334613 0.864594930 0.500000000 0.500000000 0.000000000 0.000000000 0.992572725 0.004042506 0.121585608 0.354393527 -0.003198346 0.999969423 -0.007137293 -0.019637795 -0.121610746 0.006695410 0.992555261 -1.883579176
185351833 0.486334613 0.864594930 0.500000000 0.500000000 0.000000000 0.000000000 0.992536962 0.004577196 0.121858329 0.355411307 -0.003769449 0.999969363 -0.006858279 -0.018800368 -0.121885993 0.006347756 0.992523789 -1.918333465
185385200 0.486334613 0.864594930 0.500000000 0.500000000 0.000000000 0.000000000 0.992490768 0.004822629 0.122224547 0.356232041 -0.004001832 0.999967754 -0.006960080 -0.015593206 -0.122254170 0.006418693 0.992478073 -1.951917419
185418567 0.486334613 0.864594930 0.500000000 0.500000000 0.000000000 0.000000000 0.992415249 0.004613496 0.122843973 0.355583631 -0.003774849 0.999967933 -0.007058796 -0.011582419 -0.122872598 0.006541540 0.992400885 -1.984616552
185451933 0.486334613 0.864594930 0.500000000 0.500000000 0.000000000 0.000000000 0.992391109 0.003984480 0.123060957 0.357268233 -0.003140795 0.999970198 -0.007049058 -0.008435787 -0.123085372 0.006608913 0.992374063 -2.016491995
185485300 0.486334613 0.864594930 0.500000000 0.500000000 0.000000000 0.000000000 0.992275894 0.004316187 0.123975530 0.355542807 -0.003471052 0.999969244 -0.007032138 -0.005653700 -0.124002069 0.006547495 0.992260337 -2.046539251
185518667 0.486334613 0.864594930 0.500000000 0.500000000 0.000000000 0.000000000 0.992237866 0.004133351 0.124285609 0.358476933 -0.003240410 0.999967456 -0.007385883 -0.001333163 -0.124312088 0.006925817 0.992218971 -2.075996904
185552033 0.486334613 0.864594930 0.500000000 0.500000000 0.000000000 0.000000000 0.992105961 0.003983003 0.125339001 0.357808011 -0.003118944 0.999970019 -0.007089258 -0.001459406 -0.125363469 0.006642370 0.992088616 -2.105155214
185585400 0.486334613 0.864594930 0.500000000 0.500000000 0.000000000 0.000000000 0.991997182 0.004535321 0.126178592 0.358607077 -0.003666347 0.999967933 -0.007118245 -0.001288958 -0.126206830 0.006598664 0.991981983 -2.134505672
185618767 0.486334613 0.864594930 0.500000000 0.500000000 0.000000000 0.000000000 0.991900921 0.004786899 0.126923710 0.359192122 -0.003911837 0.999966860 -0.007142763 -0.001590200 -0.126953691 0.006588409 0.991886795 -2.164047095
185652133 0.486334613 0.864594930 0.500000000 0.500000000 0.000000000 0.000000000 0.991872191 0.004581704 0.127155721 0.363119068 -0.003678910 0.999966323 -0.007333848 -0.000434804 -0.127185032 0.006806445 0.991855681 -2.192949209
185685500 0.486334613 0.864594930 0.500000000 0.500000000 0.000000000 0.000000000 0.991763353 0.004789295 0.127994150 0.363366587 -0.003893425 0.999966145 -0.007248590 -0.001443635 -0.128024533 0.006690551 0.991748452 -2.221046346
185718867 0.486334613 0.864594930 0.500000000 0.500000000 0.000000000 0.000000000 0.991678834 0.004396299 0.128661320 0.364622754 -0.003527187 0.999969423 -0.006982113 -0.003005441 -0.128688082 0.006470202 0.991663992 -2.248631950
185752233 0.486334613 0.864594930 0.500000000 0.500000000 0.000000000 0.000000000 0.991656363 0.004289053 0.128838271 0.369426592 -0.003437500 0.999970734 -0.006831116 -0.004738645 -0.128863797 0.006331238 0.991642118 -2.276981896
185785600 0.486334613 0.864594930 0.500000000 0.500000000 0.000000000 0.000000000 0.991585553 0.004706107 0.129367650 0.372495884 -0.003849093 0.999968946 -0.006873865 -0.005770346 -0.129395992 0.006318077 0.991572857 -2.304380821
185818967 0.486334613 0.864594930 0.500000000 0.500000000 0.000000000 0.000000000 0.991498232 0.004475365 0.130043209 0.374258096 -0.003556599 0.999967039 -0.007296467 -0.005396408 -0.130071580 0.006771923 0.991481483 -2.333503762
185852333 0.486334613 0.864594930 0.500000000 0.500000000 0.000000000 0.000000000 0.991450071 0.004191163 0.130419403 0.377765884 -0.003281207 0.999968767 -0.007191255 -0.007512643 -0.130445465 0.006701837 0.991432846 -2.362482656
185885700 0.486334613 0.864594930 0.500000000 0.500000000 0.000000000 0.000000000 0.991359890 0.004180718 0.131103262 0.379285799 -0.003293693 0.999970198 -0.006981962 -0.010768194 -0.131128550 0.006489824 0.991344154 -2.392742448
185919067 0.486334613 0.864594930 0.500000000 0.500000000 0.000000000 0.000000000 0.991277993 0.004704179 0.131703675 0.382439343 -0.003796207 0.999967277 -0.007144283 -0.011765352 -0.131732970 0.006581996 0.991263390 -2.422160086
185952433 0.486334613 0.864594930 0.500000000 0.500000000 0.000000000 0.000000000 0.991186261 0.004825279 0.132387519 0.384489337 -0.003862269 0.999964178 -0.007529996 -0.010843099 -0.132419109 0.006952312 0.991169453 -2.451191386
185985800 0.486334613 0.864594930 0.500000000 0.500000000 0.000000000 0.000000000 0.991111636 0.004562939 0.132954434 0.387122283 -0.003622236 0.999966681 -0.007316386 -0.012340223 -0.132983387 0.006769763 0.991095126 -2.480460909
186019167 0.486334613 0.864594930 0.500000000 0.500000000 0.000000000 0.000000000 0.991100609 0.004499817 0.133038923 0.391664284 -0.003501449 0.999963939 -0.007737332 -0.009499172 -0.133068949 0.007202646 0.991080582 -2.511181056
186052533 0.486334613 0.864594930 0.500000000 0.500000000 0.000000000 0.000000000 0.991016865 0.004160473 0.133672222 0.393765347 -0.003185956 0.999966800 -0.007503417 -0.010056029 -0.133699000 0.007010139 0.990997195 -2.539808324
186085900 0.486334613 0.864594930 0.500000000 0.500000000 0.000000000 0.000000000 0.990885258 0.004849669 0.134621084 0.393786361 -0.003855441 0.999963343 -0.007645094 -0.008409178 -0.134653226 0.007056388 0.990867674 -2.569905095
186119267 0.486334613 0.864594930 0.500000000 0.500000000 0.000000000 0.000000000 0.990843773 0.005147122 0.134915397 0.396856655 -0.004117359 0.999960244 -0.007910572 -0.005183567 -0.134950742 0.007282645 0.990825534 -2.600748438
186152633 0.486334613 0.864594930 0.500000000 0.500000000 0.000000000 0.000000000 0.990752518 0.005324350 0.135577098 0.398354881 -0.004273955 0.999958575 -0.008037481 -0.002672248 -0.135614276 0.007383705 0.990734220 -2.629647011
186186000 0.486334613 0.864594930 0.500000000 0.500000000 0.000000000 0.000000000 0.990676045 0.005014118 0.136146322 0.399988350 -0.004031352 0.999963820 -0.007493207 -0.003151154 -0.136178970 0.006874487 0.990660429 -2.659011144
186219367 0.486334613 0.864594930 0.500000000 0.500000000 0.000000000 0.000000000 0.990671635 0.004219594 0.136205181 0.404007799 -0.003245855 0.999967575 -0.007370359 -0.001454578 -0.136231869 0.006859504 0.990653217 -2.686838010
