https://www.youtube.com/watch?v=3zO49ymseUM
96267000 0.592943363 1.054121437 0.500000000 0.500000000 0.000000000 0.000000000 0.999999940 -0.000376093 0.000078355 -0.153634064 0.000376160 0.999999583 -0.000857698 -0.016258543 -0.000078032 0.000857727 0.999999642 0.007828930
96300000 0.592943363 1.054121437 0.500000000 0.500000000 0.000000000 0.000000000 0.999999106 -0.000424875 0.001280119 -0.162156864 0.000426002 0.999999523 -0.000880562 -0.016597990 -0.001279744 0.000881107 0.999998808 0.007820110
96334000 0.592943363 1.054121437 0.500000000 0.500000000 0.000000000 0.000000000 0.999996126 -0.000438572 0.002756394 -0.171527328 0.000441001 0.999999523 -0.000880625 -0.016878087 -0.002756006 0.000881837 0.999995828 0.008106997
96367000 0.592943363 1.054121437 0.500000000 0.500000000 0.000000000 0.000000000 0.999991536 -0.000530255 0.004083921 -0.180241459 0.000534126 0.999999404 -0.000946723 -0.017123517 -0.004083416 0.000948897 0.999991238 0.008303366
96400000 0.592943363 1.054121437 0.500000000 0.500000000 0.000000000 0.000000000 0.999984860 -0.000549526 0.005474005 -0.189401404 0.000554724 0.999999404 -0.000948018 -0.017430839 -0.005473481 0.000951040 0.999984562 0.008358683
96434000 0.592943363 1.054121437 0.500000000 0.500000000 0.000000000 0.000000000 0.999976158 -0.000596324 0.006877374 -0.198455196 0.000603289 0.999999285 -0.001010793 -0.017604978 -0.006876766 0.001014918 0.999975860 0.008456526
96467000 0.592943363 1.054121437 0.500000000 0.500000000 0.000000000 0.000000000 0.999966025 -0.000637324 0.008218256 -0.207272010 0.000645805 0.999999285 -0.001029410 -0.017769220 -0.008217594 0.001034682 0.999965727 0.008624743
96500000 0.592943363 1.054121437 0.500000000 0.500000000 0.000000000 0.000000000 0.999951839 -0.000705107 0.009788459 -0.216682365 0.000715783 0.999999166 -0.001087278 -0.017790770 -0.009787684 0.001094232 0.999951482 0.008792485
96534000 0.592943363 1.054121437 0.500000000 0.500000000 0.000000000 0.000000000 0.999936581 -0.000770738 0.011234866 -0.225694334 0.000784471 0.999998927 -0.001218016 -0.017667733 -0.011233916 0.001226752 0.999936163 0.008823221
96567000 0.592943363 1.054121437 0.500000000 0.500000000 0.000000000 0.000000000 0.999916017 -0.000910678 0.012928450 -0.235506726 0.000926699 0.999998808 -0.001233282 -0.017788007 -0.012927311 0.001245160 0.999915659 0.008966179
96600000 0.592943363 1.054121437 0.500000000 0.500000000 0.000000000 0.000000000 0.999897063 -0.000888880 0.014318404 -0.244380489 0.000907770 0.999998748 -0.001312791 -0.017672532 -0.014317218 0.001325653 0.999896646 0.009005549
96634000 0.592943363 1.054121437 0.500000000 0.500000000 0.000000000 0.000000000 0.999872029 -0.000989277 0.015966855 -0.253936939 0.001009911 0.999998689 -0.001284302 -0.017842429 -0.015965564 0.001300263 0.999871671 0.008978585
96667000 0.592943363 1.054121437 0.500000000 0.500000000 0.000000000 0.000000000 0.999844193 -0.001117605 0.017617928 -0.263482444 0.001141325 0.999998450 -0.001336324 -0.017749354 -0.017616408 0.001356223 0.999843895 0.009149698
96700000 0.592943363 1.054121437 0.500000000 0.500000000 0.000000000 0.000000000 0.999812901 -0.001204039 0.019306356 -0.273069500 0.001231004 0.999998271 -0.001384879 -0.017731618 -0.019304655 0.001408386 0.999812663 0.008966541
96734000 0.592943363 1.054121437 0.500000000 0.500000000 0.000000000 0.000000000 0.999776840 -0.001261075 0.021087235 -0.282898982 0.001290724 0.999998212 -0.001392455 -0.017733686 -0.021085441 0.001419362 0.999776661 0.008918006
96767000 0.592943363 1.054121437 0.500000000 0.500000000 0.000000000 0.000000000 0.999739885 -0.001317599 0.022768196 -0.292133863 0.001350866 0.999998033 -0.001445783 -0.017614989 -0.022766246 0.001476164 0.999739707 0.008982905
96800000 0.592943363 1.054121437 0.500000000 0.500000000 0.000000000 0.000000000 0.999696016 -0.001428159 0.024612909 -0.302029096 0.001464850 0.999997854 -0.001472740 -0.017563685 -0.024610752 0.001508346 0.999695957 0.008979440
96834000 0.592943363 1.054121437 0.500000000 0.500000000 0.000000000 0.000000000 0.999649644 -0.001451050 0.026429417 -0.311690608 0.001490762 0.999997795 -0.001482940 -0.017528954 -0.026427206 0.001521820 0.999649584 0.008894742
96867000 0.592943363 1.054121437 0.500000000 0.500000000 0.000000000 0.000000000 0.999598861 -0.001476618 0.028282527 -0.321454983 0.001517873 0.999997795 -0.001437266 -0.017581384 -0.028280342 0.001479618 0.999598920 0.009056070
96900000 0.592943363 1.054121437 0.500000000 0.500000000 0.000000000 0.000000000 0.999544263 -0.001543625 0.030147253 -0.331033114 0.001591965 0.999997497 -0.001579516 -0.017184418 -0.030144738 0.001626790 0.999544203 0.008980606
96934000 0.592943363 1.054121437 0.500000000 0.500000000 0.000000000 0.000000000 0.999488592 -0.001687289 0.031932529 -0.340351240 0.001743104 0.999997020 -0.001720147 -0.016801447 -0.031929530 0.001774929 0.999488533 0.008900662
96967000 0.592943363 1.054121437 0.500000000 0.500000000 0.000000000 0.000000000 0.999420822 -0.001598507 0.033992391 -0.350511818 0.001656850 0.999997199 -0.001688269 -0.016682403 -0.033989597 0.001743611 0.999420643 0.009006228
97000000 0.592943363 1.054121437 0.500000000 0.500000000 0.000000000 0.000000000 0.999355018 -0.001773356 0.035865925 -0.359862158 0.001834367 0.999996901 -0.001668267 -0.016684642 -0.035862856 0.001732982 0.999355197 0.009005144
97034000 0.592943363 1.054121437 0.500000000 0.500000000 0.000000000 0.000000000 0.999276519 -0.001942006 0.037983123 -0.369990256 0.002009905 0.999996424 -0.001749524 -0.016411500 -0.037979592 0.001824601 0.999276876 0.009006550
97067000 0.592943363 1.054121437 0.500000000 0.500000000 0.000000000 0.000000000 0.999205172 -0.002012954 0.039812151 -0.379213505 0.002086295 0.999996185 -0.001800706 -0.016169935 -0.039808378 0.001882334 0.999205530 0.008805072
97100000 0.592943363 1.054121437 0.500000000 0.500000000 0.000000000 0.000000000 0.999122858 -0.002143240 0.041819699 -0.389003458 0.002220785 0.999995887 -0.001807899 -0.016117792 -0.041815650 0.001899186 0.999123514 0.008768137
97134000 0.592943363 1.054121437 0.500000000 0.500000000 0.000000000 0.000000000 0.999022663 -0.002247868 0.044144005 -0.399225683 0.002335699 0.999995410 -0.001938155 -0.015756171 -0.044139445 0.002039368 0.999023318 0.008862939
97167000 0.592943363 1.054121437 0.500000000 0.500000000 0.000000000 0.000000000 0.998913586 -0.002302611 0.046543695 -0.409596750 0.002395652 0.999995232 -0.001943338 -0.015710407 -0.046538997 0.002052730 0.998914361 0.008949116
97200000 0.592943363 1.054121437 0.500000000 0.500000000 0.000000000 0.000000000 0.998814344 -0.002451121 0.048620462 -0.419374629 0.002554553 0.999994576 -0.002065321 -0.015405799 -0.048615139 0.002187076 0.998815179 0.008907954
97234000 0.592943363 1.054121437 0.500000000 0.500000000 0.000000000 0.000000000 0.998702586 -0.002559405 0.050858177 -0.429341322 0.002673789 0.999994040 -0.002181160 -0.015116898 -0.050852291 0.002314315 0.998703480 0.008938494
97267000 0.592943363 1.054121437 0.500000000 0.500000000 0.000000000 0.000000000 0.998573482 -0.002623660 0.053330783 -0.440007161 0.002743960 0.999993861 -0.002182635 -0.015117354 -0.053324729 0.002325859 0.998574495 0.009012538
97300000 0.592943363 1.054121437 0.500000000 0.500000000 0.000000000 0.000000000 0.998449862 -0.002751615 0.055590924 -0.449892310 0.002880839 0.999993324 -0.002244553 -0.014942571 -0.055584375 0.002401222 0.998451114 0.009317494
97334000 0.592943363 1.054121437 0.500000000 0.500000000 0.000000000 0.000000000 0.998310447 -0.002816156 0.058037125 -0.460427472 0.002961871 0.999992669 -0.002424849 -0.014622202 -0.058029871 0.002592651 0.998311460 0.009209226
97367000 0.592943363 1.054121437 0.500000000 0.500000000 0.000000000 0.000000000 0.998172581 -0.002915213 0.060357612 -0.470588807 0.003068516 0.999992311 -0.002447376 -0.014585791 -0.060350012 0.002628112 0.998173833 0.009422823
97400000 0.592943363 1.054121437 0.500000000 0.500000000 0.000000000 0.000000000 0.998032033 -0.003023822 0.062633425 -0.480721996 0.003176721 0.999992192 -0.002341736 -0.014892997 -0.062625863 0.002536097 0.998033881 0.009307458
97434000 0.592943363 1.054121437 0.500000000 0.500000000 0.000000000 0.000000000 0.997876048 -0.003121497 0.065066054 -0.491203072 0.003283913 0.999991775 -0.002389377 -0.014854218 -0.065058060 0.002597973 0.997878075 0.009482539
97467000 0.592943363 1.054121437 0.500000000 0.500000000 0.000000000 0.000000000 0.997701049 -0.003119085 0.067697071 -0.502008326 0.003303155 0.999991119 -0.002607247 -0.014529402 -0.067688338 0.002824867 0.997702539 0.009515660
97500000 0.592943363 1.054121437 0.500000000 0.500000000 0.000000000 0.000000000 0.997526944 -0.003203811 0.070212141 -0.512889577 0.003395715 0.999990821 -0.002614020 -0.014641185 -0.070203118 0.002845976 0.997528672 0.009848825
97534000 0.592943363 1.054121437 0.500000000 0.500000000 0.000000000 0.000000000 0.997349858 -0.003271421 0.072681561 -0.523187061 0.003471265 0.999990523 -0.002623443 -0.014712677 -0.072672285 0.002868787 0.997351766 0.010024472
97567000 0.592943363 1.054121437 0.500000000 0.500000000 0.000000000 0.000000000 0.997161031 -0.003469542 0.075218685 -0.534121509 0.003670293 0.999990046 -0.002530827 -0.015096488 -0.075209156 0.002799717 0.997163832 0.010451545
97600000 0.592943363 1.054121437 0.500000000 0.500000000 0.000000000 0.000000000 0.996982455 -0.003564801 0.077545129 -0.544304732 0.003773258 0.999989629 -0.002541845 -0.015230707 -0.077535264 0.002826772 0.996985614 0.010473713
97634000 0.592943363 1.054121437 0.500000000 0.500000000 0.000000000 0.000000000 0.996785820 -0.003761895 0.080024213 -0.554896020 0.003972768 0.999989033 -0.002476053 -0.015596986 -0.080014020 0.002786012 0.996789873 0.010770002
97667000 0.592943363 1.054121437 0.500000000 0.500000000 0.000000000 0.000000000 0.996573746 -0.003880525 0.082617782 -0.565556671 0.004095770 0.999988616 -0.002435983 -0.015897018 -0.082607396 0.002766020 0.996578336 0.011025856
97700000 0.592943363 1.054121437 0.500000000 0.500000000 0.000000000 0.000000000 0.996360958 -0.003972829 0.085141130 -0.576189684 0.004197202 0.999988198 -0.002456464 -0.016069178 -0.085130364 0.002804879 0.996365845 0.011215351
97734000 0.592943363 1.054121437 0.500000000 0.500000000 0.000000000 0.000000000 0.996142745 -0.004115559 0.087650836 -0.586868637 0.004332677 0.999988019 -0.002286974 -0.016662601 -0.087640375 0.002657915 0.996148646 0.011334820
97767000 0.592943363 1.054121437 0.500000000 0.500000000 0.000000000 0.000000000 0.995910704 -0.004230817 0.090243764 -0.597452904 0.004450619 0.999987602 -0.002234559 -0.016974757 -0.090233192 0.002627062 0.995917201 0.011610191
97800000 0.592943363 1.054121437 0.500000000 0.500000000 0.000000000 0.000000000 0.995652199 -0.004322867 0.093048200 -0.608759899 0.004547474 0.999987245 -0.002201977 -0.017259655 -0.093037494 0.002615538 0.995659173 0.012221589
97834000 0.592943363 1.054121437 0.500000000 0.500000000 0.000000000 0.000000000 0.995398045 -0.004450118 0.095723160 -0.619539084 0.004696552 0.999986231 -0.002349296 -0.017233495 -0.095711388 0.002788053 0.995405197 0.012465893
97867000 0.592943363 1.054121437 0.500000000 0.500000000 0.000000000 0.000000000 0.995089412 -0.004485318 0.098878331 -0.631548243 0.004759028 0.999985456 -0.002532464 -0.017166351 -0.098865531 0.002990592 0.995096326 0.012900316
97900000 0.592943363 1.054121437 0.500000000 0.500000000 0.000000000 0.000000000 0.994796455 -0.004582583 0.101779409 -0.642899637 0.004866224 0.999984920 -0.002538712 -0.017338947 -0.101766244 0.003020783 0.994803727 0.013438050
97934000 0.592943363 1.054121437 0.500000000 0.500000000 0.000000000 0.000000000 0.994505465 -0.004703523 0.104579121 -0.654039387 0.004985425 0.999984622 -0.002434347 -0.017779822 -0.104566067 0.002942342 0.994513571 0.013970887
97967000 0.592943363 1.054121437 0.500000000 0.500000000 0.000000000 0.000000000 0.994239032 -0.004880344 0.107074440 -0.664734957 0.005179805 0.999983430 -0.002518821 -0.017835489 -0.107060373 0.003058934 0.994247794 0.014316418
98000000 0.592943363 1.054121437 0.500000000 0.500000000 0.000000000 0.000000000 0.993973613 -0.005046085 0.109503515 -0.675165921 0.005376131 0.999981880 -0.002718994 -0.017612423 -0.109487809 0.003291314 0.993982673 0.014657602
98034000 0.592943363 1.054121437 0.500000000 0.500000000 0.000000000 0.000000000 0.993667006 -0.005284619 0.112240374 -0.686525607 0.005600306 0.999981225 -0.002497496 -0.018282874 -0.112225063 0.003110260 0.993677974 0.015498278
98067000 0.592943363 1.054121437 0.500000000 0.500000000 0.000000000 0.000000000 0.993319333 -0.005293697 0.115276471 -0.698223207 0.005622292 0.999980986 -0.002525538 -0.018408108 -0.115260914 0.003156784 0.993330240 0.016073291
98100000 0.592943363 1.054121437 0.500000000 0.500000000 0.000000000 0.000000000 0.992944896 -0.005381917 0.118454397 -0.710433831 0.005730546 0.999980211 -0.002602742 -0.018370959 -0.118438043 0.003263187 0.992956102 0.017006597
98134000 0.592943363 1.054121437 0.500000000 0.500000000 0.000000000 0.000000000 0.992587686 -0.005420918 0.121409632 -0.722067557 0.005780538 0.999979913 -0.002610022 -0.018430732 -0.121393047 0.003292489 0.992599070 0.017947258
98167000 0.592943363 1.054121437 0.500000000 0.500000000 0.000000000 0.000000000 0.992213905 -0.005462937 0.124425672 -0.733943948 0.005832469 0.999979615 -0.002605829 -0.018556763 -0.124408901 0.003311249 0.992225528 0.018602453
98200000 0.592943363 1.054121437 0.500000000 0.500000000 0.000000000 0.000000000 0.991819680 -0.005611699 0.127523407 -0.745891045 0.005989683 0.999978721 -0.002580751 -0.018854962 -0.127506211 0.003323464 0.991832197 0.019585489
98234000 0.592943363 1.054121437 0.500000000 0.500000000 0.000000000 0.000000000 0.991447031 -0.005827289 0.130379498 -0.757302505 0.006205181 0.999977648 -0.002492333 -0.019182130 -0.130362064 0.003280044 0.991461039 0.020518969
98267000 0.592943363 1.054121437 0.500000000 0.500000000 0.000000000 0.000000000 0.991042554 -0.005976984 0.133412629 -0.769432520 0.006366526 0.999976635 -0.002493425 -0.019364949 -0.133394614 0.003320465 0.991057456 0.021784311
98300000 0.592943363 1.054121437 0.500000000 0.500000000 0.000000000 0.000000000 0.990641057 -0.006176946 0.136352807 -0.780983106 0.006590534 0.999974966 -0.002582001 -0.019422666 -0.136333436 0.003456474 0.990656972 0.022742612
98334000 0.592943363 1.054121437 0.500000000 0.500000000 0.000000000 0.000000000 0.990235567 -0.006345767 0.139259622 -0.792660052 0.006765965 0.999973893 -0.002544163 -0.019601546 -0.139239833 0.003461546 0.990252614 0.023916571
98367000 0.592943363 1.054121437 0.500000000 0.500000000 0.000000000 0.000000000 0.989732742 -0.006205617 0.142795801 -0.805758763 0.006678720 0.999973655 -0.002834076 -0.019100148 -0.142774463 0.003758671 0.989748120 0.025264914
98400000 0.592943363 1.054121437 0.500000000 0.500000000 0.000000000 0.000000000 0.989288867 -0.006370146 0.145831868 -0.817641937 0.006840010 0.999972880 -0.002720754 -0.019564446 -0.145810589 0.003689104 0.989305675 0.026390442
98434000 0.592943363 1.054121437 0.500000000 0.500000000 0.000000000 0.000000000 0.988841116 -0.006548502 0.148830086 -0.829634091 0.007016724 0.999971926 -0.002621157 -0.019924313 -0.148808748 0.003636207 0.988859296 0.028183779
98467000 0.592943363 1.054121437 0.500000000 0.500000000 0.000000000 0.000000000 0.988353670 -0.006648763 0.152029067 -0.841793384 0.007142577 0.999970853 -0.002702271 -0.020001669 -0.152006671 0.003756679 0.988372326 0.029488710
98500000 0.592943363 1.054121437 0.500000000 0.500000000 0.000000000 0.000000000 0.987824321 -0.006675748 0.155430332 -0.854596395 0.007183945 0.999970555 -0.002708124 -0.020215492 -0.155407667 0.003791754 0.987843156 0.031136944
98534000 0.592943363 1.054121437 0.500000000 0.500000000 0.000000000 0.000000000 0.987370491 -0.006932482 0.158276647 -0.866062846 0.007433276 0.999969065 -0.002572264 -0.020729320 -0.158253908 0.003716291 0.987391472 0.032925183
98567000 0.592943363 1.054121437 0.500000000 0.500000000 0.000000000 0.000000000 0.986837685 -0.007233950 0.161552027 -0.878803670 0.007770399 0.999966204 -0.002689021 -0.020730439 -0.161527112 0.003908951 0.986860514 0.034995193
98600000 0.592943363 1.054121437 0.500000000 0.500000000 0.000000000 0.000000000 0.986251116 -0.007371726 0.165089190 -0.891694704 0.007945926 0.999964476 -0.002817959 -0.020653414 -0.165062547 0.004091002 0.986274600 0.037187569
98634000 0.592943363 1.054121437 0.500000000 0.500000000 0.000000000 0.000000000 0.985636055 -0.007567437 0.168713674 -0.904801667 0.008170708 0.999962449 -0.002881758 -0.020791627 -0.168685526 0.004218874 0.985660911 0.039509682
98667000 0.592943363 1.054121437 0.500000000 0.500000000 0.000000000 0.000000000 0.985033572 -0.007731077 0.172189042 -0.917550997 0.008347094 0.999961078 -0.002853793 -0.021197738 -0.172160283 0.004248360 0.985059798 0.041752002
98700000 0.592943363 1.054121437 0.500000000 0.500000000 0.000000000 0.000000000 0.984391749 -0.007742924 0.175820753 -0.930434268 0.008391551 0.999960423 -0.002945928 -0.021288812 -0.175790995 0.004375356 0.984417796 0.043694525
98734000 0.592943363 1.054121437 0.500000000 0.500000000 0.000000000 0.000000000 0.983790159 -0.007989569 0.179145440 -0.942924230 0.008611660 0.999959290 -0.002695141 -0.022230057 -0.179116607 0.004194192 0.983818889 0.045853255
98767000 0.592943363 1.054121437 0.500000000 0.500000000 0.000000000 0.000000000 0.983115852 -0.008134276 0.182803214 -0.955728062 0.008790825 0.999957502 -0.002781514 -0.022429767 -0.182772815 0.004341541 0.983145595 0.048166693
98800000 0.592943363 1.054121437 0.500000000 0.500000000 0.000000000 0.000000000 0.982390583 -0.008423771 0.186648846 -0.969311321 0.009123376 0.999954224 -0.002889565 -0.022586942 -0.186615959 0.004541549 0.982422471 0.051132929
98834000 0.592943363 1.054121437 0.500000000 0.500000000 0.000000000 0.000000000 0.981711924 -0.008553819 0.190180242 -0.981914255 0.009247363 0.999953449 -0.002759622 -0.023262082 -0.190147787 0.004467820 0.981745303 0.053519188
98867000 0.592943363 1.054121437 0.500000000 0.500000000 0.000000000 0.000000000 0.980930030 -0.008613239 0.194170132 -0.995469969 0.009327682 0.999952674 -0.002765472 -0.023747751 -0.194137126 0.004523892 0.980963945 0.056140413
98900000 0.592943363 1.054121437 0.500000000 0.500000000 0.000000000 0.000000000 0.980222642 -0.008766695 0.197703674 -1.008108527 0.009503339 0.999951005 -0.002777506 -0.024125493 -0.197669640 0.004601419 0.980257869 0.058613572
98934000 0.592943363 1.054121437 0.500000000 0.500000000 0.000000000 0.000000000 0.979463100 -0.008893104 0.201427400 -1.020858770 0.009609289 0.999950528 -0.002577994 -0.024907112 -0.201394513 0.004460624 0.979500055 0.061419402
98967000 0.592943363 1.054121437 0.500000000 0.500000000 0.000000000 0.000000000 0.978665888 -0.009017651 0.205260232 -1.034180825 0.009747432 0.999949276 -0.002544502 -0.025452017 -0.205226868 0.004490978 0.978704154 0.064244894
99000000 0.592943363 1.054121437 0.500000000 0.500000000 0.000000000 0.000000000 0.977893054 -0.009067525 0.208909005 -1.046703214 0.009822476 0.999948442 -0.002576591 -0.025836171 -0.208874866 0.004571633 0.977931678 0.066955759
99034000 0.592943363 1.054121437 0.500000000 0.500000000 0.000000000 0.000000000 0.977048755 -0.009208160 0.212816700 -1.060169777 0.009941732 0.999947727 -0.002377059 -0.026620907 -0.212783694 0.004438269 0.977089226 0.070172882
99067000 0.592943363 1.054121437 0.500000000 0.500000000 0.000000000 0.000000000 0.976268888 -0.009289992 0.216362506 -1.072549745 0.010038560 0.999946833 -0.002361021 -0.027111024 -0.216329068 0.004476959 0.976310253 0.072962471
99100000 0.592943363 1.054121437 0.500000000 0.500000000 0.000000000 0.000000000 0.975430429 -0.009464169 0.220104367 -1.085414373 0.010220586 0.999945104 -0.002298100 -0.027771423 -0.220070541 0.004491232 0.975473642 0.075913219
99134000 0.592943363 1.054121437 0.500000000 0.500000000 0.000000000 0.000000000 0.974482417 -0.009574586 0.224259630 -1.099045146 0.010343162 0.999943972 -0.002252657 -0.028327958 -0.224225506 0.004514729 0.974526823 0.079160902
99167000 0.592943363 1.054121437 0.500000000 0.500000000 0.000000000 0.000000000 0.973521531 -0.009813407 0.228384674 -1.112845152 0.010622057 0.999940932 -0.002311770 -0.028658919 -0.228348494 0.004676473 0.973568201 0.082464724
99200000 0.592943363 1.054121437 0.500000000 0.500000000 0.000000000 0.000000000 0.972673118 -0.010084787 0.231959701 -1.125498195 0.010898455 0.999938130 -0.002226557 -0.029359624 -0.231922895 0.004693714 0.972722828 0.085800997
99234000 0.592943363 1.054121437 0.500000000 0.500000000 0.000000000 0.000000000 0.971843660 -0.010242538 0.235403940 -1.137460818 0.011064866 0.999936402 -0.002172579 -0.029968345 -0.235366732 0.004716120 0.971895218 0.088858130
99267000 0.592943363 1.054121437 0.500000000 0.500000000 0.000000000 0.000000000 0.970762968 -0.010298692 0.239819154 -1.151564467 0.011124256 0.999935925 -0.002089008 -0.030541326 -0.239782274 0.004695741 0.970815361 0.092479410
99300000 0.592943363 1.054121437 0.500000000 0.500000000 0.000000000 0.000000000 0.969742417 -0.010560321 0.243901834 -1.164898613 0.011389625 0.999933183 -0.001990095 -0.031157680 -0.243864521 0.004707830 0.969797909 0.095915357
99334000 0.592943363 1.054121437 0.500000000 0.500000000 0.000000000 0.000000000 0.968687057 -0.010610666 0.248057976 -1.178338046 0.011456738 0.999932408 -0.001967462 -0.031690234 -0.248020336 0.004747790 0.968743205 0.099678392
99367000 0.592943363 1.054121437 0.500000000 0.500000000 0.000000000 0.000000000 0.967702568 -0.010759408 0.251864940 -1.191076478 0.011567718 0.999931574 -0.001728857 -0.032702450 -0.251829118 0.004586522 0.967760861 0.103027265
99400000 0.592943363 1.054121437 0.500000000 0.500000000 0.000000000 0.000000000 0.966644526 -0.010961016 0.255887061 -1.204391954 0.011781576 0.999929190 -0.001674007 -0.033201304 -0.255850613 0.004632923 0.966705203 0.106707818
99434000 0.592943363 1.054121437 0.500000000 0.500000000 0.000000000 0.000000000 0.965627253 -0.011320140 0.259684175 -1.217333855 0.012163894 0.999924660 -0.001642378 -0.033748944 -0.259646028 0.004744695 0.965692222 0.110378677
99467000 0.592943363 1.054121437 0.500000000 0.500000000 0.000000000 0.000000000 0.964646339 -0.011447121 0.263299078 -1.229438395 0.012277789 0.999923468 -0.001509611 -0.034570401 -0.263261676 0.004688972 0.964713097 0.113698157
99500000 0.592943363 1.054121437 0.500000000 0.500000000 0.000000000 0.000000000 0.963506401 -0.011553694 0.267435849 -1.243018275 0.012367103 0.999922574 -0.001357273 -0.035349592 -0.267399460 0.004615148 0.963574708 0.117835328
99534000 0.592943363 1.054121437 0.500000000 0.500000000 0.000000000 0.000000000 0.962469816 -0.011586518 0.271141231 -1.255546382 0.012397174 0.999922335 -0.001277152 -0.035949605 -0.271105379 0.004590605 0.962538719 0.121823780
99567000 0.592943363 1.054121437 0.500000000 0.500000000 0.000000000 0.000000000 0.961313367 -0.011915419 0.275199324 -1.269032568 0.012730815 0.999918282 -0.001176810 -0.036672037 -0.275162816 0.004634794 0.961386442 0.126207643
99600000 0.592943363 1.054121437 0.500000000 0.500000000 0.000000000 0.000000000 0.960128307 -0.012227723 0.279292107 -1.282217648 0.013057907 0.999914110 -0.001112073 -0.037312795 -0.279254526 0.004714704 0.960205555 0.130638889
99634000 0.592943363 1.054121437 0.500000000 0.500000000 0.000000000 0.000000000 0.959004819 -0.012598182 0.283109605 -1.294919000 0.013338926 0.999910772 -0.000688907 -0.038684864 -0.283075660 0.004437043 0.959087312 0.134676149
99667000 0.592943363 1.054121437 0.500000000 0.500000000 0.000000000 0.000000000 0.957804322 -0.012586083 0.287145376 -1.307717256 0.013331625 0.999910951 -0.000641227 -0.039334353 -0.287111729 0.004442285 0.957886815 0.138579035
99700000 0.592943363 1.054121437 0.500000000 0.500000000 0.000000000 0.000000000 0.956566453 -0.012840920 0.291231483 -1.320579119 0.013598373 0.999907374 -0.000576916 -0.039916181 -0.291197121 0.004512134 0.956652462 0.143078671
99734000 0.592943363 1.054121437 0.500000000 0.500000000 0.000000000 0.000000000 0.955334246 -0.013049531 0.295239210 -1.333584868 0.013837621 0.999904096 -0.000580119 -0.040314680 -0.295203298 0.004639616 0.955423176 0.147548853
99767000 0.592943363 1.054121437 0.500000000 0.500000000 0.000000000 0.000000000 0.954117894 -0.013232336 0.299138606 -1.345907157 0.014027102 0.999901474 -0.000509718 -0.040852694 -0.299102396 0.004682379 0.954209507 0.151558833
99800000 0.592943363 1.054121437 0.500000000 0.500000000 0.000000000 0.000000000 0.952672303 -0.013711395 0.303689718 -1.359657866 0.014535139 0.999894261 -0.000452041 -0.041363930 -0.303651422 0.004844819 0.952770889 0.156590310
99834000 0.592943363 1.054121437 0.500000000 0.500000000 0.000000000 0.000000000 0.951402664 -0.013953584 0.307633311 -1.371743822 0.014807605 0.999890268 -0.000441897 -0.041733430 -0.307593375 0.004975735 0.951504886 0.161155065
99867000 0.592943363 1.054121437 0.500000000 0.500000000 0.000000000 0.000000000 0.950006843 -0.014174215 0.311907113 -1.384665903 0.015029764 0.999886990 -0.000339095 -0.042396610 -0.311867058 0.005010033 0.950112522 0.165984917
99900000 0.592943363 1.054121437 0.500000000 0.500000000 0.000000000 0.000000000 0.948431671 -0.014545458 0.316647798 -1.399066495 0.015506997 0.999879599 -0.000516722 -0.042309277 -0.316602170 0.005400332 0.948543012 0.172321997
99934000 0.592943363 1.054121437 0.500000000 0.500000000 0.000000000 0.000000000 0.947105289 -0.014920446 0.320575953 -1.410924670 0.015937170 0.999872863 -0.000547855 -0.042621692 -0.320527017 0.005627949 0.947222650 0.177137287
99967000 0.592943363 1.054121437 0.500000000 0.500000000 0.000000000 0.000000000 0.945428669 -0.015409237 0.325464606 -1.425108609 0.016495991 0.999863744 -0.000579621 -0.042915579 -0.325411320 0.005916852 0.945554078 0.183061870
100000000 0.592943363 1.054121437 0.500000000 0.500000000 0.000000000 0.000000000 0.943909585 -0.015730441 0.329829216 -1.437574294 0.016890781 0.999857128 -0.000652387 -0.043011021 -0.329771817 0.006186867 0.944040418 0.188341618
100034000 0.592943363 1.054121437 0.500000000 0.500000000 0.000000000 0.000000000 0.942327321 -0.016100749 0.334305286 -1.450173841 0.017284945 0.999850452 -0.000567546 -0.043533185 -0.334246159 0.006313263 0.942464650 0.193885273
100067000 0.592943363 1.054121437 0.500000000 0.500000000 0.000000000 0.000000000 0.940567493 -0.016487606 0.339206278 -1.463457300 0.017731275 0.999842644 -0.000567355 -0.043837130 -0.339143544 0.006548196 0.940711856 0.199561102
100100000 0.592943363 1.054121437 0.500000000 0.500000000 0.000000000 0.000000000 0.938772380 -0.016797364 0.344128281 -1.476647062 0.018099859 0.999836028 -0.000572572 -0.044150058 -0.344062239 0.006766188 0.938922465 0.205616390
100134000 0.592943363 1.054121437 0.500000000 0.500000000 0.000000000 0.000000000 0.936981857 -0.016967393 0.348965824 -1.489077324 0.018242180 0.999833524 -0.000366864 -0.044969350 -0.348901510 0.006709642 0.937135398 0.211240643
100167000 0.592943363 1.054121437 0.500000000 0.500000000 0.000000000 0.000000000 0.935385287 -0.017145604 0.353214383 -1.499910260 0.018408604 0.999830544 -0.000216409 -0.045624338 -0.353150815 0.006704609 0.935542405 0.216320081
100200000 0.592943363 1.054121437 0.500000000 0.500000000 0.000000000 0.000000000 0.933740616 -0.017213929 0.357536256 -1.510830334 0.018407609 0.999830544 0.000064554 -0.046569762 -0.357476801 0.006521111 0.933899283 0.221729251
100234000 0.592943363 1.054121437 0.500000000 0.500000000 0.000000000 0.000000000 0.932082593 -0.017352572 0.361829996 -1.521760680 0.018545311 0.999827981 0.000176393 -0.047163125 -0.361770809 0.006545837 0.932244062 0.227258236
