https://www.youtube.com/watch?v=CE7jBesb46M
319052067 0.547889231 0.974025333 0.500000000 0.500000000 0.000000000 0.000000000 0.984480679 -0.019537611 0.174402013 0.446330355 0.021104228 0.999751866 -0.007132608 0.096611501 -0.174219385 0.010702535 0.984648705 -0.175906647
319085433 0.547889231 0.974025333 0.500000000 0.500000000 0.000000000 0.000000000 0.982700765 -0.020920832 0.184015125 0.458118876 0.022630056 0.999718010 -0.007193110 0.102283000 -0.183812752 0.011232948 0.982897103 -0.185945640
319118800 0.547889231 0.974025333 0.500000000 0.500000000 0.000000000 0.000000000 0.980827451 -0.022517297 0.193572849 0.467704397 0.024321450 0.999680042 -0.006948563 0.106930538 -0.193354443 0.011523314 0.981061280 -0.195514340
319152167 0.547889231 0.974025333 0.500000000 0.500000000 0.000000000 0.000000000 0.979115367 -0.024423478 0.201833129 0.480278657 0.026012413 0.999647975 -0.005223486 0.107838612 -0.201634511 0.010364562 0.979405999 -0.206057505
319185533 0.547889231 0.974025333 0.500000000 0.500000000 0.000000000 0.000000000 0.977205873 -0.026256282 0.210663840 0.488732713 0.027876986 0.999600172 -0.004726823 0.111664078 -0.210455507 0.010491752 0.977547109 -0.215104812
319218900 0.547889231 0.974025333 0.500000000 0.500000000 0.000000000 0.000000000 0.975292385 -0.027646357 0.219181210 0.497167546 0.029238431 0.999564350 -0.004022731 0.113317784 -0.218974516 0.010331854 0.975675881 -0.225179040
319252267 0.547889231 0.974025333 0.500000000 0.500000000 0.000000000 0.000000000 0.973410666 -0.029197283 0.227198690 0.505870612 0.030751249 0.999521613 -0.003302294 0.115745477 -0.226993576 0.010201131 0.973842800 -0.235820445
319285633 0.547889231 0.974025333 0.500000000 0.500000000 0.000000000 0.000000000 0.971569419 -0.030984849 0.234718651 0.515355817 0.032543626 0.999466479 -0.002769580 0.119577493 -0.234507620 0.010329436 0.972059429 -0.246304018
319319000 0.547889231 0.974025333 0.500000000 0.500000000 0.000000000 0.000000000 0.969409704 -0.031820528 0.243376732 0.521346758 0.033402991 0.999439120 -0.002376984 0.121884136 -0.243164599 0.010433783 0.969928920 -0.256664038
319352367 0.547889231 0.974025333 0.500000000 0.500000000 0.000000000 0.000000000 0.967252433 -0.033049736 0.251655489 0.526719098 0.034535661 0.999402344 -0.001489012 0.123243277 -0.251455903 0.010131340 0.967815757 -0.266465771
319385733 0.547889231 0.974025333 0.500000000 0.500000000 0.000000000 0.000000000 0.965056479 -0.034386791 0.259775847 0.531495725 0.035988975 0.999351203 -0.001412420 0.127353770 -0.259558737 0.010712132 0.965667903 -0.277230792
319419100 0.547889231 0.974025333 0.500000000 0.500000000 0.000000000 0.000000000 0.962644696 -0.035471365 0.268434256 0.533161750 0.037198666 0.999306977 -0.001349740 0.130821711 -0.268200338 0.011284716 0.963297069 -0.288137737
319452467 0.547889231 0.974025333 0.500000000 0.500000000 0.000000000 0.000000000 0.960646331 -0.037317343 0.275256395 0.538871973 0.038793471 0.999247253 0.000081561 0.131766878 -0.275052249 0.010599799 0.961370826 -0.298885327
319485833 0.547889231 0.974025333 0.500000000 0.500000000 0.000000000 0.000000000 0.958849430 -0.039100789 0.281209797 0.546363629 0.040415309 0.999182343 0.001125926 0.134004703 -0.281023890 0.010285587 0.959645629 -0.310522337
319519200 0.547889231 0.974025333 0.500000000 0.500000000 0.000000000 0.000000000 0.956602216 -0.040508591 0.288567543 0.548266661 0.041683819 0.999128699 0.002073911 0.135420783 -0.288400114 0.010044688 0.957457304 -0.323322238
319552567 0.547889231 0.974025333 0.500000000 0.500000000 0.000000000 0.000000000 0.954391778 -0.041553266 0.295651346 0.550722359 0.042605370 0.999087811 0.002885652 0.136328283 -0.295501560 0.009842292 0.955291569 -0.335861298
319585933 0.547889231 0.974025333 0.500000000 0.500000000 0.000000000 0.000000000 0.952227652 -0.041998360 0.302487403 0.552490047 0.043126583 0.999065280 0.002951452 0.138960545 -0.302328616 0.010234795 0.953148782 -0.349464188
319619300 0.547889231 0.974025333 0.500000000 0.500000000 0.000000000 0.000000000 0.950001240 -0.042608444 0.309325367 0.553557906 0.043697029 0.999038994 0.003411515 0.140165985 -0.309173465 0.010275656 0.950950146 -0.362925200
319652667 0.547889231 0.974025333 0.500000000 0.500000000 0.000000000 0.000000000 0.947806716 -0.043202654 0.315904975 0.554019842 0.044255208 0.999012887 0.003844893 0.142076861 -0.315759242 0.010336225 0.948783040 -0.378891372
319686033 0.547889231 0.974025333 0.500000000 0.500000000 0.000000000 0.000000000 0.945544124 -0.044217341 0.322476625 0.552866336 0.044923130 0.998976588 0.005257081 0.141211969 -0.322379082 0.009515858 0.946562827 -0.393900024
319719400 0.547889231 0.974025333 0.500000000 0.500000000 0.000000000 0.000000000 0.943162262 -0.045179039 0.329247355 0.550963326 0.045914490 0.998929977 0.005545627 0.144725648 -0.329145610 0.009886798 0.944227397 -0.410987057
319752767 0.547889231 0.974025333 0.500000000 0.500000000 0.000000000 0.000000000 0.940625966 -0.046478827 0.336247623 0.546883226 0.046882611 0.998876393 0.006922279 0.145166975 -0.336191565 0.009252892 0.941748142 -0.427281055
319786133 0.547889231 0.974025333 0.500000000 0.500000000 0.000000000 0.000000000 0.938157439 -0.047706477 0.342906356 0.542699548 0.048164211 0.998813570 0.007186415 0.149689964 -0.342842340 0.009773825 0.939342082 -0.444785213
319819500 0.547889231 0.974025333 0.500000000 0.500000000 0.000000000 0.000000000 0.936008632 -0.048710972 0.348590165 0.541111825 0.049555913 0.998750210 0.006498551 0.156966663 -0.348471045 0.011192004 0.937252700 -0.463605903
319852867 0.547889231 0.974025333 0.500000000 0.500000000 0.000000000 0.000000000 0.933746457 -0.049652867 0.354474485 0.537076158 0.050181780 0.998710394 0.007706549 0.157493809 -0.354399979 0.010592198 0.935033917 -0.480687021
319886233 0.547889231 0.974025333 0.500000000 0.500000000 0.000000000 0.000000000 0.931298554 -0.051009700 0.360667497 0.531323907 0.051380236 0.998642385 0.008567758 0.159985789 -0.360614896 0.010552039 0.932655096 -0.499516674
319919600 0.547889231 0.974025333 0.500000000 0.500000000 0.000000000 0.000000000 0.929082096 -0.051769245 0.366232783 0.527206300 0.052421380 0.998591602 0.008171233 0.165921792 -0.366140008 0.011606682 0.930487394 -0.518296600
319952967 0.547889231 0.974025333 0.500000000 0.500000000 0.000000000 0.000000000 0.926766992 -0.053110659 0.371863127 0.520347451 0.053326763 0.998529911 0.009710819 0.166113775 -0.371832222 0.010830591 0.928236783 -0.537024913
319986333 0.547889231 0.974025333 0.500000000 0.500000000 0.000000000 0.000000000 0.924669623 -0.054126635 0.376903653 0.515134892 0.054317873 0.998472333 0.010129529 0.169150201 -0.376876146 0.011106138 0.926197052 -0.554681124
320019700 0.547889231 0.974025333 0.500000000 0.500000000 0.000000000 0.000000000 0.922744453 -0.054984696 0.381469965 0.510437438 0.055160772 0.998422444 0.010482236 0.172469562 -0.381444544 0.011369754 0.924321771 -0.573774970
320053067 0.547889231 0.974025333 0.500000000 0.500000000 0.000000000 0.000000000 0.920741618 -0.055768829 0.386166662 0.504242433 0.055675145 0.998383462 0.011436126 0.174145380 -0.386180192 0.010970169 0.922358155 -0.594505326
320086433 0.547889231 0.974025333 0.500000000 0.500000000 0.000000000 0.000000000 0.918963432 -0.056557905 0.390265882 0.498997631 0.056509260 0.998334467 0.011617120 0.178529582 -0.390272945 0.011377929 0.920628905 -0.614358428
320119800 0.547889231 0.974025333 0.500000000 0.500000000 0.000000000 0.000000000 0.916672647 -0.057953373 0.395414591 0.489721073 0.057646483 0.998256683 0.012668700 0.180226207 -0.395459443 0.011181210 0.918415368 -0.633586579
320153167 0.547889231 0.974025333 0.500000000 0.500000000 0.000000000 0.000000000 0.914680660 -0.058608055 0.399905503 0.482884855 0.058277611 0.998215795 0.012998286 0.183123135 -0.399953783 0.011416255 0.916464210 -0.653848060
320186533 0.547889231 0.974025333 0.500000000 0.500000000 0.000000000 0.000000000 0.912770152 -0.059497900 0.404117078 0.476480370 0.059027907 0.998163223 0.013633923 0.184874562 -0.404186010 0.011409548 0.914605677 -0.672860892
320219900 0.547889231 0.974025333 0.500000000 0.500000000 0.000000000 0.000000000 0.910885572 -0.060215514 0.408241987 0.470005475 0.059833858 0.998114109 0.013717725 0.188270130 -0.408298105 0.011931415 0.912770689 -0.692916713
320253267 0.547889231 0.974025333 0.500000000 0.500000000 0.000000000 0.000000000 0.908793867 -0.061049256 0.412755072 0.462384901 0.060451768 0.998065531 0.014519418 0.189142315 -0.412842989 0.011756616 0.910726309 -0.710712369
320286633 0.547889231 0.974025333 0.500000000 0.500000000 0.000000000 0.000000000 0.906543791 -0.061483093 0.417610049 0.453710484 0.060840409 0.998036802 0.014865282 0.190227049 -0.417704165 0.011931538 0.908504725 -0.728293634
320320000 0.547889231 0.974025333 0.500000000 0.500000000 0.000000000 0.000000000 0.904697299 -0.062239051 0.421484470 0.447657199 0.061559133 0.997987151 0.015235179 0.192274624 -0.421584308 0.012162993 0.906707644 -0.746786337
320353367 0.547889231 0.974025333 0.500000000 0.500000000 0.000000000 0.000000000 0.902369440 -0.062747672 0.426370889 0.438829150 0.062595747 0.997935295 0.014385669 0.197533748 -0.426393211 0.013707816 0.904434025 -0.764507942
320386733 0.547889231 0.974025333 0.500000000 0.500000000 0.000000000 0.000000000 0.900385380 -0.063606218 0.430418879 0.431730647 0.063760541 0.997865856 0.014082599 0.201259067 -0.430396020 0.014763974 0.902519405 -0.783090527
320420100 0.547889231 0.974025333 0.500000000 0.500000000 0.000000000 0.000000000 0.898398757 -0.064130805 0.434473187 0.424398739 0.064175457 0.997832060 0.014584607 0.200945455 -0.434466600 0.014779723 0.900566697 -0.801356588
320453467 0.547889231 0.974025333 0.500000000 0.500000000 0.000000000 0.000000000 0.896335006 -0.064180933 0.438707560 0.416265746 0.064757235 0.997807443 0.013667496 0.204781707 -0.438622862 0.016158832 0.898525953 -0.820332210
320486833 0.547889231 0.974025333 0.500000000 0.500000000 0.000000000 0.000000000 0.894698679 -0.064666845 0.441964388 0.411796943 0.065946899 0.997745037 0.012486131 0.210568821 -0.441775203 0.017974855 0.896945715 -0.839186915
320520200 0.547889231 0.974025333 0.500000000 0.500000000 0.000000000 0.000000000 0.893269837 -0.064606495 0.444853902 0.408590913 0.066594131 0.997717559 0.011177833 0.214887082 -0.444560677 0.019639838 0.895533383 -0.856662888
320553567 0.547889231 0.974025333 0.500000000 0.500000000 0.000000000 0.000000000 0.891678095 -0.064718239 0.448019743 0.403599905 0.067624137 0.997665405 0.009526789 0.220877779 -0.447590351 0.021802118 0.893972933 -0.873835137
320586933 0.547889231 0.974025333 0.500000000 0.500000000 0.000000000 0.000000000 0.889880598 -0.065405950 0.451480478 0.397841955 0.069308393 0.997563958 0.007908256 0.227838472 -0.450897902 0.024253985 0.892245948 -0.891480249
320620300 0.547889231 0.974025333 0.500000000 0.500000000 0.000000000 0.000000000 0.888144135 -0.065603949 0.454858363 0.392078130 0.070585802 0.997487426 0.006043075 0.234046541 -0.454111934 0.026739422 0.890543282 -0.908745522
320653667 0.547889231 0.974025333 0.500000000 0.500000000 0.000000000 0.000000000 0.886574984 -0.066043183 0.457846135 0.387366973 0.072014049 0.997393787 0.004423324 0.240222604 -0.456945032 0.029049747 0.889020443 -0.927496571
320687033 0.547889231 0.974025333 0.500000000 0.500000000 0.000000000 0.000000000 0.884528279 -0.065955527 0.461800396 0.379096712 0.072977133 0.997330070 0.002661532 0.245689587 -0.460742980 0.031346668 0.886979878 -0.945847579
320720400 0.547889231 0.974025333 0.500000000 0.500000000 0.000000000 0.000000000 0.882662654 -0.065657385 0.465398431 0.372492109 0.074446611 0.997224867 -0.000507234 0.254873850 -0.464073598 0.035095051 0.885101140 -0.961611925
320753767 0.547889231 0.974025333 0.500000000 0.500000000 0.000000000 0.000000000 0.881034076 -0.065661043 0.468473673 0.367342802 0.076174691 0.997088313 -0.003506374 0.264970432 -0.466879398 0.038775075 0.883470476 -0.978635542
320787133 0.547889231 0.974025333 0.500000000 0.500000000 0.000000000 0.000000000 0.879298687 -0.065801814 0.471703202 0.361124958 0.077547155 0.996973634 -0.005478965 0.270302076 -0.469915122 0.041396890 0.881740391 -0.995551105
320820500 0.547889231 0.974025333 0.500000000 0.500000000 0.000000000 0.000000000 0.877716005 -0.065847367 0.474635333 0.356140801 0.078898922 0.996853590 -0.007607242 0.276691154 -0.472641021 0.044125214 0.880149662 -1.012419893
320853867 0.547889231 0.974025333 0.500000000 0.500000000 0.000000000 0.000000000 0.876171827 -0.065888740 0.477474153 0.351183083 0.080251925 0.996727228 -0.009720678 0.282469893 -0.475271016 0.046835203 0.878592014 -1.029085853
320887233 0.547889231 0.974025333 0.500000000 0.500000000 0.000000000 0.000000000 0.874699116 -0.065480016 0.480222702 0.346148097 0.081638440 0.996579647 -0.012812843 0.291269280 -0.477741182 0.050412014 0.877053022 -1.045308193
320920600 0.547889231 0.974025333 0.500000000 0.500000000 0.000000000 0.000000000 0.873457849 -0.066324838 0.482361287 0.343263579 0.084085532 0.996341646 -0.015264427 0.299856293 -0.479584217 0.053892437 0.875839353 -1.060350381
320953967 0.547889231 0.974025333 0.500000000 0.500000000 0.000000000 0.000000000 0.872172236 -0.066373266 0.484675348 0.339972799 0.086200684 0.996102154 -0.018707974 0.309719516 -0.481544435 0.058095921 0.874494016 -1.072463129
320987333 0.547889231 0.974025333 0.500000000 0.500000000 0.000000000 0.000000000 0.871520519 -0.066407986 0.485841453 0.341772651 0.088653289 0.995798886 -0.022917282 0.322447666 -0.482278496 0.063044325 0.873746455 -1.086108518
321020700 0.547889231 0.974025333 0.500000000 0.500000000 0.000000000 0.000000000 0.870102942 -0.066287875 0.488392085 0.336978467 0.090233870 0.995590746 -0.025629325 0.328423625 -0.484539747 0.066369660 0.872247875 -1.101618188
321054067 0.547889231 0.974025333 0.500000000 0.500000000 0.000000000 0.000000000 0.868961096 -0.067144312 0.490304291 0.333963501 0.092690356 0.995301962 -0.027973341 0.335745012 -0.486122578 0.069754221 0.871102273 -1.115941884
321087433 0.547889231 0.974025333 0.500000000 0.500000000 0.000000000 0.000000000 0.868239164 -0.067491002 0.491534054 0.333919265 0.094588928 0.995050490 -0.030453347 0.342766178 -0.487045884 0.072934471 0.870325744 -1.130973426
321120800 0.547889231 0.974025333 0.500000000 0.500000000 0.000000000 0.000000000 0.867190421 -0.067824841 0.493336201 0.330841120 0.097254567 0.994671583 -0.034205440 0.355138148 -0.488387525 0.077641830 0.869165897 -1.147579887
321154167 0.547889231 0.974025333 0.500000000 0.500000000 0.000000000 0.000000000 0.866641998 -0.067609474 0.494328439 0.331110546 0.099078223 0.994365156 -0.037701339 0.365015187 -0.488994032 0.081650741 0.868457258 -1.160887271
321187533 0.547889231 0.974025333 0.500000000 0.500000000 0.000000000 0.000000000 0.866061926 -0.067250848 0.495392829 0.331166027 0.100799464 0.994050205 -0.041276053 0.374447128 -0.489669472 0.085682943 0.867687881 -1.174611569
321220900 0.547889231 0.974025333 0.500000000 0.500000000 0.000000000 0.000000000 0.865260661 -0.066982366 0.496827245 0.329440321 0.102127507 0.993803144 -0.043877691 0.381739953 -0.490809470 0.088705368 0.866739511 -1.190200898
321254267 0.547889231 0.974025333 0.500000000 0.500000000 0.000000000 0.000000000 0.864937723 -0.067213684 0.497358084 0.330951265 0.103900634 0.993503511 -0.046426393 0.391684423 -0.491006523 0.091831759 0.866302192 -1.206915692
321287633 0.547889231 0.974025333 0.500000000 0.500000000 0.000000000 0.000000000 0.864567876 -0.067606293 0.497947603 0.332181870 0.105408132 0.993262112 -0.048161108 0.400303731 -0.491336495 0.094126269 0.865868747 -1.222224715
321321000 0.547889231 0.974025333 0.500000000 0.500000000 0.000000000 0.000000000 0.863868415 -0.067436896 0.499182969 0.330065802 0.106318906 0.993082643 -0.049831700 0.408089095 -0.492369413 0.096120618 0.865062535 -1.235344344
321354367 0.547889231 0.974025333 0.500000000 0.500000000 0.000000000 0.000000000 0.863432884 -0.067388751 0.499942422 0.330304521 0.107565224 0.992840111 -0.051944181 0.419521348 -0.492862433 0.098626733 0.864499509 -1.249243075
321387733 0.547889231 0.974025333 0.500000000 0.500000000 0.000000000 0.000000000 0.862992644 -0.067514732 0.500684977 0.330012781 0.108563229 0.992661417 -0.053267028 0.429884862 -0.493414342 0.100325033 0.863989115 -1.263093212
321421100 0.547889231 0.974025333 0.500000000 0.500000000 0.000000000 0.000000000 0.862740695 -0.067720376 0.501091301 0.331374327 0.109490693 0.992499113 -0.054380637 0.440929451 -0.493649989 0.101781219 0.863684118 -1.280070278
321454467 0.547889231 0.974025333 0.500000000 0.500000000 0.000000000 0.000000000 0.862407029 -0.068066992 0.501618385 0.332268737 0.110077053 0.992423177 -0.054583255 0.449477606 -0.494102359 0.102289654 0.863365293 -1.298340731
321487833 0.547889231 0.974025333 0.500000000 0.500000000 0.000000000 0.000000000 0.861980319 -0.068462089 0.502297521 0.331828685 0.110219285 0.992446005 -0.053876296 0.456474867 -0.494814694 0.101803184 0.863014758 -1.316069146
321521200 0.547889231 0.974025333 0.500000000 0.500000000 0.000000000 0.000000000 0.861379445 -0.068668447 0.503299236 0.330496624 0.110229574 0.992478967 -0.053243667 0.463830576 -0.495857775 0.101341464 0.862470269 -1.333390533
321554567 0.547889231 0.974025333 0.500000000 0.500000000 0.000000000 0.000000000 0.860941470 -0.068656899 0.504049599 0.329637842 0.109485164 0.992637873 -0.051798239 0.468523968 -0.496782392 0.099781208 0.862120032 -1.352688338
321587933 0.547889231 0.974025333 0.500000000 0.500000000 0.000000000 0.000000000 0.860330820 -0.068178132 0.505155981 0.327833897 0.108556941 0.992786646 -0.050892282 0.475223908 -0.498042405 0.098622389 0.861526191 -1.370887827
321621300 0.547889231 0.974025333 0.500000000 0.500000000 0.000000000 0.000000000 0.859650433 -0.068000481 0.506336868 0.325109924 0.107239485 0.993039489 -0.048705328 0.478589362 -0.499500543 0.096168861 0.860959172 -1.389071888
321654667 0.547889231 0.974025333 0.500000000 0.500000000 0.000000000 0.000000000 0.859333456 -0.067265779 0.506972671 0.324674281 0.105729751 0.993263245 -0.047427583 0.485008167 -0.500367105 0.094358206 0.860656321 -1.407567501
321688033 0.547889231 0.974025333 0.500000000 0.500000000 0.000000000 0.000000000 0.858696997 -0.066749394 0.508118033 0.322507543 0.102960914 0.993735671 -0.043456383 0.482045452 -0.502034366 0.089632168 0.860190451 -1.426136214
321721400 0.547889231 0.974025333 0.500000000 0.500000000 0.000000000 0.000000000 0.857736111 -0.067279249 0.509668827 0.318006702 0.102254450 0.993917763 -0.040883981 0.488430409 -0.503818274 0.087183572 0.859398723 -1.446044879
321754767 0.547889231 0.974025333 0.500000000 0.500000000 0.000000000 0.000000000 0.857185006 -0.066888846 0.510646403 0.316254088 0.099934101 0.994286716 -0.037511919 0.490373248 -0.505219817 0.083185643 0.858972132 -1.466803434
321788133 0.547889231 0.974025333 0.500000000 0.500000000 0.000000000 0.000000000 0.856291354 -0.067444533 0.512070656 0.312831696 0.098222531 0.994608879 -0.033249654 0.491930642 -0.507067502 0.078768268 0.858299553 -1.487641462
321821500 0.547889231 0.974025333 0.500000000 0.500000000 0.000000000 0.000000000 0.855476797 -0.067007750 0.513487458 0.310201536 0.095272183 0.995032310 -0.028877567 0.490916348 -0.509001613 0.073625162 0.857611060 -1.507518618
321854867 0.547889231 0.974025333 0.500000000 0.500000000 0.000000000 0.000000000 0.854270399 -0.067527167 0.515424311 0.304474445 0.092604659 0.995435655 -0.023069272 0.487503542 -0.511513889 0.067438088 0.856624544 -1.526022402
321888233 0.547889231 0.974025333 0.500000000 0.500000000 0.000000000 0.000000000 0.853755176 -0.066503204 0.516410112 0.303593103 0.088181369 0.995950222 -0.017527586 0.482099548 -0.513153136 0.060502019 0.856162012 -1.546494208
321921600 0.547889231 0.974025333 0.500000000 0.500000000 0.000000000 0.000000000 0.852404833 -0.067687795 0.518482745 0.297025051 0.085273944 0.996306062 -0.010126018 0.475431598 -0.515882075 0.052844536 0.855028152 -1.562764342
321954967 0.547889231 0.974025333 0.500000000 0.500000000 0.000000000 0.000000000 0.850341618 -0.069264017 0.521652818 0.286309100 0.083306290 0.996517897 -0.003481184 0.473456454 -0.519595206 0.046417154 0.853150785 -1.577619133
321988333 0.547889231 0.974025333 0.500000000 0.500000000 0.000000000 0.000000000 0.848997593 -0.068240210 0.523971736 0.280306700 0.077471182 0.996985257 0.004316338 0.462172655 -0.522686660 0.036928151 0.851724684 -1.596129326
