https://www.youtube.com/watch?v=r_lIzRHZzIU
157357200 0.472330933 0.839699442 0.500000000 0.500000000 0.000000000 0.000000000 0.970340669 -0.014069029 0.241331816 -0.005013156 0.012795549 0.999894738 0.006843304 0.014436081 -0.241402686 -0.003552363 0.970418513 -0.356775614
157390567 0.472330933 0.839699442 0.500000000 0.500000000 0.000000000 0.000000000 0.968932509 -0.014457898 0.246902421 -0.006125829 0.013143805 0.999889314 0.006969712 0.014884577 -0.246975869 -0.003507943 0.969015300 -0.367553525
157423933 0.472330933 0.839699442 0.500000000 0.500000000 0.000000000 0.000000000 0.967564106 -0.014788168 0.252192348 -0.006551679 0.013434330 0.999884605 0.007089376 0.015208586 -0.252268076 -0.003471390 0.967651129 -0.378617597
157457300 0.472330933 0.839699442 0.500000000 0.500000000 0.000000000 0.000000000 0.966142952 -0.015103601 0.257564902 -0.007275543 0.013696712 0.999879897 0.007255664 0.015782888 -0.257643521 -0.003482216 0.966233790 -0.389727297
157490667 0.472330933 0.839699442 0.500000000 0.500000000 0.000000000 0.000000000 0.964704514 -0.015385460 0.262884974 -0.008041418 0.013940055 0.999875724 0.007362589 0.016161321 -0.262965590 -0.003438092 0.964799106 -0.401120049
157524033 0.472330933 0.839699442 0.500000000 0.500000000 0.000000000 0.000000000 0.963296473 -0.015429552 0.267995954 -0.008283129 0.013992392 0.999875665 0.007271791 0.016785041 -0.268074840 -0.003254986 0.963392615 -0.412625056
157557400 0.472330933 0.839699442 0.500000000 0.500000000 0.000000000 0.000000000 0.961807013 -0.015758770 0.273274422 -0.009262037 0.014290894 0.999870777 0.007361289 0.017369834 -0.273355126 -0.003174803 0.961907923 -0.424409301
157590767 0.472330933 0.839699442 0.500000000 0.500000000 0.000000000 0.000000000 0.960297823 -0.015810994 0.278528392 -0.010553304 0.014246999 0.999869347 0.007638593 0.017674976 -0.278612763 -0.003367130 0.960397601 -0.436620754
157624133 0.472330933 0.839699442 0.500000000 0.500000000 0.000000000 0.000000000 0.958852768 -0.015784694 0.283464760 -0.011273513 0.014137332 0.999869227 0.007856387 0.018030992 -0.283551693 -0.003525682 0.958950460 -0.448759886
157657500 0.472330933 0.839699442 0.500000000 0.500000000 0.000000000 0.000000000 0.957367718 -0.015834210 0.288437665 -0.012606284 0.014052111 0.999867260 0.008248129 0.017958526 -0.288529962 -0.003843335 0.957463145 -0.461615463
157690867 0.472330933 0.839699442 0.500000000 0.500000000 0.000000000 0.000000000 0.955846190 -0.015876815 0.293438196 -0.014190720 0.013991470 0.999865770 0.008523055 0.018583681 -0.293534130 -0.004041098 0.955940068 -0.473818240
157724233 0.472330933 0.839699442 0.500000000 0.500000000 0.000000000 0.000000000 0.954388738 -0.015963599 0.298139662 -0.015260458 0.014021305 0.999864280 0.008652505 0.019440842 -0.298237324 -0.004077546 0.954483032 -0.485971578
157757600 0.472330933 0.839699442 0.500000000 0.500000000 0.000000000 0.000000000 0.952892125 -0.016054967 0.302884191 -0.017245298 0.013889425 0.999860287 0.009302571 0.018883624 -0.302991211 -0.004657460 0.952981949 -0.499020225
157790967 0.472330933 0.839699442 0.500000000 0.500000000 0.000000000 0.000000000 0.951396942 -0.016326196 0.307534188 -0.020066591 0.014002657 0.999854326 0.009760645 0.019220067 -0.307648748 -0.004979952 0.951486945 -0.511147450
157824333 0.472330933 0.839699442 0.500000000 0.500000000 0.000000000 0.000000000 0.950119555 -0.016527375 0.311447680 -0.021105511 0.013916209 0.999846935 0.010604611 0.019252189 -0.311575294 -0.005741477 0.950204134 -0.523173095
157857700 0.472330933 0.839699442 0.500000000 0.500000000 0.000000000 0.000000000 0.948707461 -0.016454756 0.315726727 -0.024243098 0.013712770 0.999846518 0.010904439 0.018949820 -0.315857708 -0.006015634 0.948787510 -0.534902370
157891067 0.472330933 0.839699442 0.500000000 0.500000000 0.000000000 0.000000000 0.947538018 -0.016530551 0.319215298 -0.026247812 0.013853228 0.999847233 0.010656027 0.019316166 -0.319342673 -0.005674829 0.947622299 -0.546560837
157924433 0.472330933 0.839699442 0.500000000 0.500000000 0.000000000 0.000000000 0.946354508 -0.016719999 0.322697312 -0.029534780 0.013913634 0.999842703 0.011001450 0.019182764 -0.322830498 -0.005921380 0.946438253 -0.558314499
157957800 0.472330933 0.839699442 0.500000000 0.500000000 0.000000000 0.000000000 0.945283055 -0.017128672 0.325801343 -0.032639880 0.014143731 0.999833524 0.011528471 0.018862991 -0.325944573 -0.006289622 0.945367932 -0.569682429
157991167 0.472330933 0.839699442 0.500000000 0.500000000 0.000000000 0.000000000 0.944344759 -0.017735129 0.328478962 -0.034989727 0.014686907 0.999822974 0.011758703 0.018784047 -0.328629345 -0.006279930 0.944438100 -0.581140004
158024533 0.472330933 0.839699442 0.500000000 0.500000000 0.000000000 0.000000000 0.943476737 -0.018180305 0.330939829 -0.037200607 0.014869621 0.999810874 0.012533174 0.018100273 -0.331105113 -0.006903808 0.943568647 -0.592514831
158057900 0.472330933 0.839699442 0.500000000 0.500000000 0.000000000 0.000000000 0.942709744 -0.018218372 0.333116293 -0.039290224 0.014885468 0.999810398 0.012554898 0.018692173 -0.333281845 -0.006877033 0.942802131 -0.603682032
158091267 0.472330933 0.839699442 0.500000000 0.500000000 0.000000000 0.000000000 0.942027926 -0.018369289 0.335031301 -0.041231083 0.015039628 0.999808371 0.012530231 0.019152792 -0.335197270 -0.006765081 0.942123652 -0.615022648
158124633 0.472330933 0.839699442 0.500000000 0.500000000 0.000000000 0.000000000 0.941453636 -0.018708969 0.336622924 -0.042586134 0.015239262 0.999800026 0.012946739 0.019141900 -0.336797833 -0.007058870 0.941550493 -0.626381022
158158000 0.472330933 0.839699442 0.500000000 0.500000000 0.000000000 0.000000000 0.941001117 -0.018550530 0.337894708 -0.043744466 0.014960878 0.999800622 0.013224917 0.019271993 -0.338072658 -0.007389461 0.941091001 -0.637662274
158191367 0.472330933 0.839699442 0.500000000 0.500000000 0.000000000 0.000000000 0.940717041 -0.018692682 0.338676810 -0.044344013 0.014928617 0.999794483 0.013715836 0.018917442 -0.338863581 -0.007846745 0.940802813 -0.649412743
158224733 0.472330933 0.839699442 0.500000000 0.500000000 0.000000000 0.000000000 0.940476418 -0.018896680 0.339333177 -0.044566057 0.015017685 0.999788463 0.014053751 0.018962073 -0.339526951 -0.008121222 0.940561295 -0.660903491
158258100 0.472330933 0.839699442 0.500000000 0.500000000 0.000000000 0.000000000 0.940258861 -0.018900765 0.339935333 -0.044895145 0.014947213 0.999786794 0.014245314 0.018585400 -0.340132087 -0.008313197 0.940340936 -0.672443260
158291467 0.472330933 0.839699442 0.500000000 0.500000000 0.000000000 0.000000000 0.940023661 -0.019054485 0.340576649 -0.046215900 0.015009124 0.999782085 0.014508925 0.019020604 -0.340778887 -0.008526976 0.940104783 -0.684197687
158324833 0.472330933 0.839699442 0.500000000 0.500000000 0.000000000 0.000000000 0.939859509 -0.019234627 0.341019303 -0.046875504 0.014870705 0.999770701 0.015406298 0.017708029 -0.341237456 -0.009408557 0.939930022 -0.695686204
158358200 0.472330933 0.839699442 0.500000000 0.500000000 0.000000000 0.000000000 0.939774454 -0.019063340 0.341263264 -0.047080338 0.014703164 0.999773920 0.015358738 0.018177271 -0.341478914 -0.009416100 0.939842284 -0.707375489
158391567 0.472330933 0.839699442 0.500000000 0.500000000 0.000000000 0.000000000 0.939732015 -0.019244034 0.341369838 -0.046898902 0.014863203 0.999770284 0.015444200 0.017754806 -0.341588616 -0.009439560 0.939802170 -0.718884235
158424933 0.472330933 0.839699442 0.500000000 0.500000000 0.000000000 0.000000000 0.939697742 -0.019317141 0.341460079 -0.046614542 0.014817698 0.999765694 0.015780637 0.017412685 -0.341684908 -0.009769377 0.939763784 -0.730445771
158458300 0.472330933 0.839699442 0.500000000 0.500000000 0.000000000 0.000000000 0.939676762 -0.019262599 0.341520905 -0.046062935 0.014722095 0.999765456 0.015882106 0.017991940 -0.341746747 -0.009896142 0.939740002 -0.741577744
158491667 0.472330933 0.839699442 0.500000000 0.500000000 0.000000000 0.000000000 0.939705789 -0.019438587 0.341431022 -0.044885195 0.014815534 0.999759912 0.016142871 0.017706830 -0.341662824 -0.010111067 0.939768195 -0.753180046
158525033 0.472330933 0.839699442 0.500000000 0.500000000 0.000000000 0.000000000 0.939771414 -0.019349122 0.341255516 -0.043379910 0.014741025 0.999761879 0.016091522 0.018400388 -0.341485590 -0.010091896 0.939832807 -0.764686460
158558400 0.472330933 0.839699442 0.500000000 0.500000000 0.000000000 0.000000000 0.939821899 -0.019492581 0.341108173 -0.041912257 0.014653605 0.999752223 0.016757064 0.018173523 -0.341350287 -0.010750191 0.939874649 -0.776390948
158591767 0.472330933 0.839699442 0.500000000 0.500000000 0.000000000 0.000000000 0.939827502 -0.019485028 0.341093183 -0.040511062 0.014487172 0.999747217 0.017193722 0.018304887 -0.341341972 -0.011217657 0.939872265 -0.787783299
158625133 0.472330933 0.839699442 0.500000000 0.500000000 0.000000000 0.000000000 0.939811349 -0.019356646 0.341145098 -0.039281133 0.014355662 0.999749362 0.017177967 0.019283517 -0.341392130 -0.011246684 0.939853668 -0.799071269
158658500 0.472330933 0.839699442 0.500000000 0.500000000 0.000000000 0.000000000 0.939790905 -0.019394860 0.341199249 -0.038247917 0.014276519 0.999744833 0.017505808 0.020365815 -0.341451705 -0.011580662 0.939827979 -0.810451022
158691867 0.472330933 0.839699442 0.500000000 0.500000000 0.000000000 0.000000000 0.939836740 -0.019261479 0.341080517 -0.036420170 0.013996385 0.999741971 0.017890772 0.021079939 -0.341337115 -0.012040510 0.939863801 -0.821739332
158725233 0.472330933 0.839699442 0.500000000 0.500000000 0.000000000 0.000000000 0.939846039 -0.018954743 0.341072112 -0.034918303 0.013606554 0.999744236 0.018066058 0.021791544 -0.341327310 -0.012338497 0.939863503 -0.832748709
158758600 0.472330933 0.839699442 0.500000000 0.500000000 0.000000000 0.000000000 0.939805031 -0.018808583 0.341193020 -0.034189207 0.013339284 0.999742270 0.018369103 0.022216179 -0.341450602 -0.012712105 0.939813733 -0.843854784
158791967 0.472330933 0.839699442 0.500000000 0.500000000 0.000000000 0.000000000 0.939773321 -0.018728189 0.341284931 -0.033615672 0.013131054 0.999738872 0.018703096 0.022257391 -0.341546088 -0.013095239 0.939773798 -0.854826303
158825333 0.472330933 0.839699442 0.500000000 0.500000000 0.000000000 0.000000000 0.939746916 -0.018829018 0.341351956 -0.032915771 0.013172526 0.999734938 0.018881351 0.022755327 -0.341616988 -0.013247224 0.939745903 -0.865517522
158858700 0.472330933 0.839699442 0.500000000 0.500000000 0.000000000 0.000000000 0.939815521 -0.019261146 0.341138959 -0.031665533 0.013514919 0.999724090 0.019212993 0.022887695 -0.341414899 -0.013446203 0.939816535 -0.876121241
158892067 0.472330933 0.839699442 0.500000000 0.500000000 0.000000000 0.000000000 0.939846575 -0.019270711 0.341052890 -0.030870550 0.013445590 0.999720693 0.019435510 0.022903994 -0.341332167 -0.013680739 0.939843178 -0.886843566
158925433 0.472330933 0.839699442 0.500000000 0.500000000 0.000000000 0.000000000 0.939849675 -0.019409463 0.341036439 -0.030028474 0.013534539 0.999716341 0.019597685 0.023200233 -0.341320068 -0.013803106 0.939845800 -0.897434630
158958800 0.472330933 0.839699442 0.500000000 0.500000000 0.000000000 0.000000000 0.939852595 -0.019364880 0.341030866 -0.029345389 0.013435517 0.999714851 0.019740013 0.023331840 -0.341315895 -0.013970778 0.939844847 -0.908313046
158992167 0.472330933 0.839699442 0.500000000 0.500000000 0.000000000 0.000000000 0.939869106 -0.019343318 0.340986639 -0.028519438 0.013340808 0.999712169 0.019939603 0.023648272 -0.341274172 -0.014191581 0.939856648 -0.919095836
159025533 0.472330933 0.839699442 0.500000000 0.500000000 0.000000000 0.000000000 0.939865112 -0.019458143 0.340991110 -0.028022472 0.013381483 0.999707162 0.020163737 0.023617862 -0.341283590 -0.014388226 0.939850271 -0.930033304
159058900 0.472330933 0.839699442 0.500000000 0.500000000 0.000000000 0.000000000 0.939872563 -0.019276749 0.340980858 -0.027005630 0.013174501 0.999709070 0.020202864 0.023987223 -0.341271102 -0.014495865 0.939853132 -0.941193316
159092267 0.472330933 0.839699442 0.500000000 0.500000000 0.000000000 0.000000000 0.939840198 -0.019349039 0.341066033 -0.026222402 0.013152329 0.999703944 0.020471759 0.023726159 -0.341361165 -0.014754370 0.939816415 -0.952349728
159125633 0.472330933 0.839699442 0.500000000 0.500000000 0.000000000 0.000000000 0.939837217 -0.019442564 0.341068953 -0.025310831 0.013207424 0.999700665 0.020593833 0.024354104 -0.341367245 -0.014850209 0.939812660 -0.963626095
159159000 0.472330933 0.839699442 0.500000000 0.500000000 0.000000000 0.000000000 0.939824700 -0.019426225 0.341104299 -0.024369874 0.013088845 0.999696493 0.020870771 0.024460055 -0.341406196 -0.015150205 0.939793766 -0.975124323
159192367 0.472330933 0.839699442 0.500000000 0.500000000 0.000000000 0.000000000 0.939784288 -0.019325431 0.341221303 -0.024086499 0.012947261 0.999696493 0.020959809 0.024639290 -0.341522783 -0.015279819 0.939749300 -0.986402960
159225733 0.472330933 0.839699442 0.500000000 0.500000000 0.000000000 0.000000000 0.939802945 -0.019390352 0.341166228 -0.023296451 0.012904028 0.999690473 0.021271465 0.024593194 -0.341473073 -0.015588569 0.939762294 -0.997934031
159259100 0.472330933 0.839699442 0.500000000 0.500000000 0.000000000 0.000000000 0.939863324 -0.019326102 0.341003597 -0.021993039 0.012762455 0.999687791 0.021481019 0.024950275 -0.341312289 -0.015837178 0.939816535 -1.009621549
159292467 0.472330933 0.839699442 0.500000000 0.500000000 0.000000000 0.000000000 0.939823687 -0.019430302 0.341106921 -0.021471978 0.012819147 0.999683976 0.021624962 0.025331567 -0.341419309 -0.015950952 0.939775705 -1.021106806
159325833 0.472330933 0.839699442 0.500000000 0.500000000 0.000000000 0.000000000 0.939771414 -0.019429045 0.341250956 -0.021160584 0.012616172 0.999674559 0.022172550 0.024673274 -0.341570705 -0.016531847 0.939710677 -1.032692355
159359200 0.472330933 0.839699442 0.500000000 0.500000000 0.000000000 0.000000000 0.939802170 -0.019490667 0.341162801 -0.020012177 0.012571281 0.999668241 0.022481008 0.025054465 -0.341487765 -0.016838845 0.939735353 -1.044387991
159392567 0.472330933 0.839699442 0.500000000 0.500000000 0.000000000 0.000000000 0.939784646 -0.019517863 0.341209471 -0.019878571 0.012528705 0.999664366 0.022675300 0.025447439 -0.341537535 -0.017034987 0.939713776 -1.055802889
159425933 0.472330933 0.839699442 0.500000000 0.500000000 0.000000000 0.000000000 0.939783812 -0.019401256 0.341218412 -0.019234859 0.012279399 0.999659598 0.023019485 0.025471627 -0.341548860 -0.017443381 0.939702153 -1.066906750
159459300 0.472330933 0.839699442 0.500000000 0.500000000 0.000000000 0.000000000 0.939738035 -0.019407107 0.341344148 -0.018887195 0.012210747 0.999655843 0.023218570 0.025566083 -0.341677278 -0.017651306 0.939651549 -1.078054845
159492667 0.472330933 0.839699442 0.500000000 0.500000000 0.000000000 0.000000000 0.939753354 -0.019423384 0.341301054 -0.018043440 0.012202120 0.999654233 0.023292294 0.025974151 -0.341635436 -0.017724413 0.939665377 -1.089157555
159526033 0.472330933 0.839699442 0.500000000 0.500000000 0.000000000 0.000000000 0.939734399 -0.019446161 0.341351837 -0.017579796 0.012152336 0.999650121 0.023493031 0.026154877 -0.341689259 -0.017928988 0.939641953 -1.100113860
159559400 0.472330933 0.839699442 0.500000000 0.500000000 0.000000000 0.000000000 0.939738214 -0.019661561 0.341329098 -0.016733944 0.012263326 0.999641061 0.023819204 0.026109984 -0.341674924 -0.018197985 0.939642012 -1.111129761
159592767 0.472330933 0.839699442 0.500000000 0.500000000 0.000000000 0.000000000 0.939696729 -0.019664505 0.341443092 -0.016228872 0.012223879 0.999638915 0.023929801 0.025965469 -0.341790378 -0.018312996 0.939597785 -1.122113266
159626133 0.472330933 0.839699442 0.500000000 0.500000000 0.000000000 0.000000000 0.939678788 -0.019676464 0.341491818 -0.015128523 0.012201033 0.999636889 0.024024786 0.025976999 -0.341840565 -0.018409029 0.939577639 -1.132992054
159659500 0.472330933 0.839699442 0.500000000 0.500000000 0.000000000 0.000000000 0.939627528 -0.019690607 0.341631919 -0.014556263 0.012114176 0.999631405 0.024296721 0.025972912 -0.341984421 -0.018691279 0.939519703 -1.143858727
159692867 0.472330933 0.839699442 0.500000000 0.500000000 0.000000000 0.000000000 0.939659894 -0.019709254 0.341541886 -0.013009478 0.012100517 0.999629200 0.024394007 0.025811965 -0.341896027 -0.018789236 0.939549923 -1.154785811
159726233 0.472330933 0.839699442 0.500000000 0.500000000 0.000000000 0.000000000 0.939658523 -0.019676667 0.341547489 -0.011994100 0.012085338 0.999630690 0.024340127 0.026108369 -0.341900289 -0.018743690 0.939549267 -1.165953910
159759600 0.472330933 0.839699442 0.500000000 0.500000000 0.000000000 0.000000000 0.939698875 -0.019713538 0.341434389 -0.010570825 0.011989185 0.999622524 0.024718873 0.025524854 -0.341792792 -0.019134777 0.939580500 -1.177304212
159792967 0.472330933 0.839699442 0.500000000 0.500000000 0.000000000 0.000000000 0.939753592 -0.019867968 0.341274679 -0.008448570 0.012090641 0.999616802 0.024901144 0.025171511 -0.341638654 -0.019274710 0.939633727 -1.188685758
159826333 0.472330933 0.839699442 0.500000000 0.500000000 0.000000000 0.000000000 0.939732432 -0.019777467 0.341338217 -0.007288819 0.011976746 0.999617040 0.024945807 0.025118735 -0.341700882 -0.019354263 0.939609468 -1.200214869
159859700 0.472330933 0.839699442 0.500000000 0.500000000 0.000000000 0.000000000 0.939750612 -0.019772459 0.341288418 -0.005806011 0.011911496 0.999613643 0.025113611 0.024614977 -0.341653138 -0.019535275 0.939623058 -1.211963360
159893067 0.472330933 0.839699442 0.500000000 0.500000000 0.000000000 0.000000000 0.939829707 -0.019816572 0.341068029 -0.003644495 0.011920207 0.999610543 0.025232177 0.024195949 -0.341435224 -0.019648349 0.939699948 -1.223863982
159926433 0.472330933 0.839699442 0.500000000 0.500000000 0.000000000 0.000000000 0.939844251 -0.019773340 0.341030538 -0.001868215 0.011761528 0.999604464 0.025544677 0.023570700 -0.341400772 -0.019996978 0.939705074 -1.235880338
159959800 0.472330933 0.839699442 0.500000000 0.500000000 0.000000000 0.000000000 0.939835668 -0.019809980 0.341052085 -0.000118295 0.011708858 0.999598682 0.025795555 0.023287441 -0.341426224 -0.020250252 0.939690411 -1.247761249
159993167 0.472330933 0.839699442 0.500000000 0.500000000 0.000000000 0.000000000 0.939792156 -0.019788425 0.341173142 0.001135889 0.011709500 0.999600530 0.025723077 0.023424467 -0.341545880 -0.020179380 0.939648449 -1.259500896
160026533 0.472330933 0.839699442 0.500000000 0.500000000 0.000000000 0.000000000 0.939867318 -0.019736441 0.340968996 0.003234448 0.011590982 0.999597073 0.025909992 0.023377167 -0.341342986 -0.020399788 0.939717412 -1.271656073
160059900 0.472330933 0.839699442 0.500000000 0.500000000 0.000000000 0.000000000 0.939980030 -0.019749941 0.340657413 0.006090579 0.011334028 0.999579847 0.026677486 0.022604283 -0.341041148 -0.021215284 0.939808965 -1.283809997
160093267 0.472330933 0.839699442 0.500000000 0.500000000 0.000000000 0.000000000 0.940029263 -0.019846613 0.340515912 0.008768347 0.011221515 0.999564826 0.027280439 0.022003626 -0.340909153 -0.021823307 0.939842939 -1.295632564
160126633 0.472330933 0.839699442 0.500000000 0.500000000 0.000000000 0.000000000 0.940099597 -0.019710744 0.340329647 0.011658445 0.010885019 0.999553621 0.027822860 0.021425544 -0.340726107 -0.022451764 0.939894497 -1.307159848
160160000 0.472330933 0.839699442 0.500000000 0.500000000 0.000000000 0.000000000 0.940064013 -0.019889951 0.340417385 0.013221792 0.010875792 0.999538362 0.028367614 0.021456179 -0.340824485 -0.022965066 0.939846396 -1.318610867
160193367 0.472330933 0.839699442 0.500000000 0.500000000 0.000000000 0.000000000 0.940155685 -0.019929210 0.340161860 0.016032277 0.010911254 0.999536991 0.028403258 0.021880292 -0.340570420 -0.022991892 0.939937830 -1.329713577
160226733 0.472330933 0.839699442 0.500000000 0.500000000 0.000000000 0.000000000 0.940213859 -0.019660102 0.340016782 0.018658983 0.010693407 0.999544382 0.028225241 0.022482909 -0.340416789 -0.022901826 0.939995706 -1.340439351
160260100 0.472330933 0.839699442 0.500000000 0.500000000 0.000000000 0.000000000 0.940203965 -0.019445799 0.340056360 0.020587548 0.010298952 0.999535501 0.028682452 0.021744362 -0.340456188 -0.023465130 0.939967513 -1.351245476
160293467 0.472330933 0.839699442 0.500000000 0.500000000 0.000000000 0.000000000 0.940198362 -0.019203637 0.340085745 0.022376887 0.010001939 0.999535441 0.028789531 0.021537757 -0.340480626 -0.023666352 0.939953625 -1.361885817
160326833 0.472330933 0.839699442 0.500000000 0.500000000 0.000000000 0.000000000 0.940257370 -0.019034596 0.339932054 0.024648649 0.009835880 0.999537885 0.028763220 0.021676111 -0.340322465 -0.023701299 0.940010011 -1.372791631
