https://www.youtube.com/watch?v=RhAdWnSpPfs
237971000 0.510581054 0.907699694 0.500000000 0.500000000 0.000000000 0.000000000 0.998943508 -0.001430248 0.045932721 0.192244052 0.001200587 0.999986649 0.005027162 -0.057488263 -0.045939296 -0.004966705 0.998931885 -0.411868974
238005000 0.510581054 0.907699694 0.500000000 0.500000000 0.000000000 0.000000000 0.998695254 -0.001609569 0.051040836 0.205788577 0.001349717 0.999985933 0.005125117 -0.059036057 -0.051048368 -0.005049539 0.998683393 -0.436710832
238038000 0.510581054 0.907699694 0.500000000 0.500000000 0.000000000 0.000000000 0.998392344 -0.001774448 0.056653604 0.218778884 0.001478889 0.999985099 0.005258438 -0.060113891 -0.056662090 -0.005166200 0.998380065 -0.461582385
238071000 0.510581054 0.907699694 0.500000000 0.500000000 0.000000000 0.000000000 0.997989595 -0.001844664 0.063351355 0.230971626 0.001502891 0.999984086 0.005442112 -0.061591548 -0.063360386 -0.005335961 0.997976422 -0.486260950
238105000 0.510581054 0.907699694 0.500000000 0.500000000 0.000000000 0.000000000 0.997509897 -0.002078281 0.070495926 0.242816827 0.001686082 0.999982774 0.005622469 -0.063138155 -0.070506401 -0.005489607 0.997496247 -0.511032446
238138000 0.510581054 0.907699694 0.500000000 0.500000000 0.000000000 0.000000000 0.996983886 -0.002398686 0.077571444 0.254251382 0.001957196 0.999981463 0.005766930 -0.064544327 -0.077583842 -0.005597714 0.996970117 -0.536451322
238172000 0.510581054 0.907699694 0.500000000 0.500000000 0.000000000 0.000000000 0.996432483 -0.002508596 0.084356695 0.265752593 0.001998210 0.999979198 0.006134213 -0.066787614 -0.084370330 -0.005943767 0.996416748 -0.562391088
238205000 0.510581054 0.907699694 0.500000000 0.500000000 0.000000000 0.000000000 0.996131301 -0.002610661 0.087838560 0.271652961 0.002060724 0.999977708 0.006350867 -0.067958923 -0.087853186 -0.006145286 0.996114492 -0.575332962
238238000 0.510581054 0.907699694 0.500000000 0.500000000 0.000000000 0.000000000 0.995403886 -0.002786457 0.095725626 0.282310097 0.002164931 0.999975920 0.006596039 -0.070301869 -0.095741697 -0.006358483 0.995385885 -0.600764625
238272000 0.510581054 0.907699694 0.500000000 0.500000000 0.000000000 0.000000000 0.994556785 -0.002876470 0.104156412 0.292313049 0.002216930 0.999976754 0.006447424 -0.073019604 -0.104172535 -0.006181422 0.994540036 -0.626159096
238305000 0.510581054 0.907699694 0.500000000 0.500000000 0.000000000 0.000000000 0.993632197 -0.003063611 0.112630554 0.301926545 0.002397569 0.999978840 0.006048487 -0.075870810 -0.112646699 -0.005739931 0.993618548 -0.651631928
238338000 0.510581054 0.907699694 0.500000000 0.500000000 0.000000000 0.000000000 0.992664158 -0.003178741 0.120862439 0.311535263 0.002503873 0.999980390 0.005735234 -0.079494704 -0.120878302 -0.005390537 0.992652714 -0.677574990
238371000 0.510581054 0.907699694 0.500000000 0.500000000 0.000000000 0.000000000 0.991637290 -0.003230822 0.129015490 0.321360372 0.002537237 0.999981463 0.005539976 -0.083201079 -0.129030988 -0.005166304 0.991627097 -0.703521932
238404000 0.510581054 0.907699694 0.500000000 0.500000000 0.000000000 0.000000000 0.990499735 -0.003647394 0.137466401 0.330972614 0.002862628 0.999978483 0.005906054 -0.088735353 -0.137484983 -0.005456429 0.990488827 -0.730568734
238438000 0.510581054 0.907699694 0.500000000 0.500000000 0.000000000 0.000000000 0.989861369 -0.003644630 0.141989946 0.335269537 0.002830815 0.999978364 0.005933074 -0.091440691 -0.142008498 -0.005470973 0.989850342 -0.744367202
238471000 0.510581054 0.907699694 0.500000000 0.500000000 0.000000000 0.000000000 0.988485157 -0.003725674 0.151272058 0.343234172 0.002856485 0.999978125 0.005962770 -0.097020856 -0.151290968 -0.005462003 0.988474190 -0.772160774
238504000 0.510581054 0.907699694 0.500000000 0.500000000 0.000000000 0.000000000 0.987001479 -0.003804722 0.160666272 0.350196359 0.002906485 0.999978781 0.005825349 -0.102429495 -0.160685033 -0.005282653 0.986991584 -0.801493803
238538000 0.510581054 0.907699694 0.500000000 0.500000000 0.000000000 0.000000000 0.985431969 -0.003732456 0.170029238 0.356479373 0.002818850 0.999980271 0.005614315 -0.106603181 -0.170046836 -0.005053238 0.985423028 -0.831050490
238571000 0.510581054 0.907699694 0.500000000 0.500000000 0.000000000 0.000000000 0.983826041 -0.003547676 0.179091558 0.363005436 0.002577947 0.999980748 0.005647145 -0.110955507 -0.179108143 -0.005094119 0.983816206 -0.860495430
238605000 0.510581054 0.907699694 0.500000000 0.500000000 0.000000000 0.000000000 0.982088566 -0.003772869 0.188382164 0.368891562 0.002721864 0.999979258 0.005837489 -0.115199715 -0.188400283 -0.005220181 0.982078433 -0.889857981
238638000 0.510581054 0.907699694 0.500000000 0.500000000 0.000000000 0.000000000 0.980314076 -0.003781448 0.197408170 0.373923230 0.002733644 0.999980688 0.005580042 -0.118364136 -0.197425455 -0.004930550 0.980305493 -0.919779416
238671000 0.510581054 0.907699694 0.500000000 0.500000000 0.000000000 0.000000000 0.978498042 -0.003702231 0.206222802 0.378340207 0.002764697 0.999984503 0.004834202 -0.119257913 -0.206237510 -0.004160113 0.978493094 -0.949573705
238705000 0.510581054 0.907699694 0.500000000 0.500000000 0.000000000 0.000000000 0.977595747 -0.003977987 0.210453570 0.380783199 0.003000352 0.999983191 0.004964461 -0.120539824 -0.210469782 -0.004221802 0.977591276 -0.964774353
238738000 0.510581054 0.907699694 0.500000000 0.500000000 0.000000000 0.000000000 0.975664973 -0.004012350 0.219229937 0.384366473 0.003075201 0.999984622 0.004615806 -0.120833160 -0.219245091 -0.003829304 0.975662291 -0.994765154
238771000 0.510581054 0.907699694 0.500000000 0.500000000 0.000000000 0.000000000 0.973656774 -0.003997997 0.227983460 0.387881706 0.003068355 0.999985456 0.004431962 -0.120358394 -0.227997869 -0.003615675 0.973654926 -1.024663854
238805000 0.510581054 0.907699694 0.500000000 0.500000000 0.000000000 0.000000000 0.971615136 -0.004025231 0.236532897 0.391575899 0.003033895 0.999985039 0.004554935 -0.119909037 -0.236547694 -0.003708028 0.971612811 -1.053628348
238838000 0.510581054 0.907699694 0.500000000 0.500000000 0.000000000 0.000000000 0.969525337 -0.004222657 0.244954735 0.394743439 0.003053926 0.999982059 0.005150839 -0.120100444 -0.244972095 -0.004245795 0.969520807 -1.083125216
238872000 0.510581054 0.907699694 0.500000000 0.500000000 0.000000000 0.000000000 0.967328370 -0.004130556 0.253493190 0.396848769 0.002935120 0.999982715 0.005093863 -0.118706588 -0.253509849 -0.004183406 0.967323780 -1.113006285
238905000 0.510581054 0.907699694 0.500000000 0.500000000 0.000000000 0.000000000 0.965051413 -0.004378510 0.262023956 0.398624453 0.003132352 0.999981701 0.005173379 -0.118260050 -0.262041807 -0.004171825 0.965047479 -1.142313869
238938000 0.510581054 0.907699694 0.500000000 0.500000000 0.000000000 0.000000000 0.963910937 -0.004392692 0.266188711 0.399401884 0.003161643 0.999982238 0.005053076 -0.117779395 -0.266206175 -0.004029122 0.963907719 -1.156854192
238972000 0.510581054 0.907699694 0.500000000 0.500000000 0.000000000 0.000000000 0.961558044 -0.004147874 0.274570525 0.400352500 0.002995228 0.999984860 0.004617123 -0.116509510 -0.274585515 -0.003617231 0.961555898 -1.186322392
239005000 0.510581054 0.907699694 0.500000000 0.500000000 0.000000000 0.000000000 0.959207296 -0.004145910 0.282673210 0.401343342 0.002924871 0.999984503 0.004741475 -0.116572251 -0.282688469 -0.003721275 0.959204555 -1.215113418
239038000 0.510581054 0.907699694 0.500000000 0.500000000 0.000000000 0.000000000 0.956941009 -0.004469547 0.290248096 0.402760884 0.003061463 0.999981225 0.005305198 -0.117135024 -0.290266365 -0.004188178 0.956936717 -1.243123812
239072000 0.510581054 0.907699694 0.500000000 0.500000000 0.000000000 0.000000000 0.954605699 -0.004382493 0.297840059 0.404346134 0.002905422 0.999981165 0.005401819 -0.116732379 -0.297858149 -0.004291256 0.954600513 -1.271058170
239105000 0.510581054 0.907699694 0.500000000 0.500000000 0.000000000 0.000000000 0.952081919 -0.004217012 0.305814087 0.404978247 0.002755611 0.999982655 0.005210264 -0.116268977 -0.305830747 -0.004117894 0.952076972 -1.298548188
239138000 0.510581054 0.907699694 0.500000000 0.500000000 0.000000000 0.000000000 0.949451566 -0.003902127 0.313889384 0.405172422 0.002625377 0.999986470 0.004490133 -0.115578408 -0.313902646 -0.003439086 0.949448943 -1.325991094
239172000 0.510581054 0.907699694 0.500000000 0.500000000 0.000000000 0.000000000 0.948103964 -0.003856845 0.317937165 0.405169815 0.002651046 0.999987543 0.004225143 -0.115595446 -0.317949504 -0.003163008 0.948102355 -1.339591832
239205000 0.510581054 0.907699694 0.500000000 0.500000000 0.000000000 0.000000000 0.945479453 -0.004095944 0.325656086 0.406230233 0.002920821 0.999987364 0.004097317 -0.116905554 -0.325668722 -0.002922746 0.945479393 -1.366325892
239239000 0.510581054 0.907699694 0.500000000 0.500000000 0.000000000 0.000000000 0.942570090 -0.003853011 0.333986253 0.405383114 0.002825297 0.999989688 0.003562816 -0.117388541 -0.333996534 -0.002414593 0.942571223 -1.394896684
239272000 0.510581054 0.907699694 0.500000000 0.500000000 0.000000000 0.000000000 0.939463198 -0.004211542 0.342623889 0.404394952 0.003048349 0.999987602 0.003933403 -0.120498542 -0.342636198 -0.002650850 0.939464450 -1.423920888
239305000 0.510581054 0.907699694 0.500000000 0.500000000 0.000000000 0.000000000 0.936308980 -0.004275295 0.351151347 0.403807739 0.003135677 0.999987781 0.003813970 -0.122887465 -0.351163357 -0.002469957 0.936310947 -1.451934852
239339000 0.510581054 0.907699694 0.500000000 0.500000000 0.000000000 0.000000000 0.933202147 -0.004508965 0.359323561 0.402785655 0.003336335 0.999986887 0.003883493 -0.126772732 -0.359336376 -0.002425261 0.933204949 -1.481173618
239372000 0.510581054 0.907699694 0.500000000 0.500000000 0.000000000 0.000000000 0.930227041 -0.004754860 0.366953790 0.402864854 0.003520470 0.999985695 0.004033085 -0.130185249 -0.366967708 -0.002459835 0.930230439 -1.510862693
239405000 0.510581054 0.907699694 0.500000000 0.500000000 0.000000000 0.000000000 0.928661108 -0.004782012 0.370898485 0.402004662 0.003499505 0.999985337 0.004130749 -0.132283181 -0.370912790 -0.002538105 0.928664207 -1.526075785
239439000 0.510581054 0.907699694 0.500000000 0.500000000 0.000000000 0.000000000 0.925547481 -0.004968159 0.378598928 0.402318174 0.003594288 0.999984145 0.004335447 -0.135804840 -0.378614485 -0.002651868 0.925550699 -1.555854544
239472000 0.510581054 0.907699694 0.500000000 0.500000000 0.000000000 0.000000000 0.922480404 -0.005374229 0.386006504 0.403261199 0.003844097 0.999981403 0.004735736 -0.140020000 -0.386024773 -0.002884777 0.922483921 -1.585476268
239505000 0.510581054 0.907699694 0.500000000 0.500000000 0.000000000 0.000000000 0.919448495 -0.005356814 0.393173993 0.404353126 0.003881262 0.999982119 0.004547855 -0.143283953 -0.393191338 -0.002655507 0.919452846 -1.615876593
239539000 0.510581054 0.907699694 0.500000000 0.500000000 0.000000000 0.000000000 0.916315734 -0.005546365 0.400418192 0.405360338 0.004149704 0.999981880 0.004355012 -0.146011555 -0.400435120 -0.002328949 0.916322172 -1.647013194
239572000 0.510581054 0.907699694 0.500000000 0.500000000 0.000000000 0.000000000 0.913092554 -0.005881320 0.407709986 0.406934142 0.004486518 0.999980330 0.004377128 -0.148740043 -0.407727718 -0.002167525 0.913101017 -1.680885088
239606000 0.510581054 0.907699694 0.500000000 0.500000000 0.000000000 0.000000000 0.910064757 -0.006025011 0.414422333 0.410457448 0.004489563 0.999978960 0.004679021 -0.152121610 -0.414441794 -0.002397637 0.910072684 -1.713606423
239639000 0.510581054 0.907699694 0.500000000 0.500000000 0.000000000 0.000000000 0.906879961 -0.006166052 0.421343982 0.412353403 0.004537375 0.999977887 0.004867901 -0.155189562 -0.421364665 -0.002502806 0.906887829 -1.745254291
239672000 0.510581054 0.907699694 0.500000000 0.500000000 0.000000000 0.000000000 0.905229211 -0.006468200 0.424874365 0.412614569 0.004786810 0.999975920 0.005024741 -0.156135541 -0.424896657 -0.002514750 0.905238390 -1.760879717
239706000 0.510581054 0.907699694 0.500000000 0.500000000 0.000000000 0.000000000 0.901796520 -0.006787672 0.432107538 0.413119562 0.005262415 0.999974966 0.004725385 -0.157266490 -0.432128817 -0.001987407 0.901809692 -1.793854710
239739000 0.510581054 0.907699694 0.500000000 0.500000000 0.000000000 0.000000000 0.898401260 -0.007282967 0.439115167 0.412099487 0.005947898 0.999972582 0.004416080 -0.157818029 -0.439135283 -0.001355600 0.898419917 -1.825898803
239772000 0.510581054 0.907699694 0.500000000 0.500000000 0.000000000 0.000000000 0.895199001 -0.007582014 0.445602089 0.412580567 0.006290133 0.999970615 0.004378055 -0.159399967 -0.445622206 -0.001116334 0.895220399 -1.857564762
239806000 0.510581054 0.907699694 0.500000000 0.500000000 0.000000000 0.000000000 0.891963959 -0.007985540 0.452036023 0.411684857 0.006558691 0.999967337 0.004723435 -0.160795446 -0.452058971 -0.001248369 0.891987205 -1.888621514
239839000 0.510581054 0.907699694 0.500000000 0.500000000 0.000000000 0.000000000 0.888788044 -0.007702021 0.458253741 0.410903318 0.006106919 0.999969065 0.004962373 -0.163624822 -0.458277762 -0.001611979 0.888807595 -1.919214059
239873000 0.510581054 0.907699694 0.500000000 0.500000000 0.000000000 0.000000000 0.885696888 -0.007906410 0.464196652 0.410424812 0.006208007 0.999967277 0.005186894 -0.164894006 -0.464222491 -0.001712280 0.885716975 -1.949232743
239906000 0.510581054 0.907699694 0.500000000 0.500000000 0.000000000 0.000000000 0.884174764 -0.008017878 0.467087507 0.409790725 0.006300762 0.999966443 0.005238063 -0.165481620 -0.467113823 -0.001688356 0.884195566 -1.963519909
239939000 0.510581054 0.907699694 0.500000000 0.500000000 0.000000000 0.000000000 0.881182194 -0.007914911 0.472710550 0.409981575 0.006327152 0.999967754 0.004948657 -0.165578188 -0.472734451 -0.001369757 0.881203890 -1.993788124
239973000 0.510581054 0.907699694 0.500000000 0.500000000 0.000000000 0.000000000 0.878294408 -0.007972463 0.478053689 0.409782556 0.006437264 0.999967515 0.004849646 -0.166001217 -0.478076845 -0.001182059 0.878317237 -2.022894498
240006000 0.510581054 0.907699694 0.500000000 0.500000000 0.000000000 0.000000000 0.875321686 -0.008051856 0.483473986 0.409274897 0.006472252 0.999966860 0.004935709 -0.166551676 -0.483497709 -0.001191167 0.875344813 -2.052615220
240039000 0.510581054 0.907699694 0.500000000 0.500000000 0.000000000 0.000000000 0.872320771 -0.008085127 0.488867134 0.408066511 0.006394854 0.999966383 0.005127142 -0.167301565 -0.488892168 -0.001346279 0.872343183 -2.081661270
240073000 0.510581054 0.907699694 0.500000000 0.500000000 0.000000000 0.000000000 0.869557321 -0.008400830 0.493760556 0.407325634 0.006489883 0.999963343 0.005584076 -0.168106605 -0.493789375 -0.001651225 0.869579971 -2.110603356
240106000 0.510581054 0.907699694 0.500000000 0.500000000 0.000000000 0.000000000 0.866937101 -0.008284939 0.498348683 0.407481340 0.006274201 0.999963999 0.005709461 -0.170196384 -0.498378068 -0.001823004 0.866957903 -2.139778104
240139000 0.510581054 0.907699694 0.500000000 0.500000000 0.000000000 0.000000000 0.865593553 -0.008203492 0.500680029 0.407057000 0.006161787 0.999964595 0.005731401 -0.171528294 -0.500709355 -0.001875981 0.865613461 -2.154957070
240173000 0.510581054 0.907699694 0.500000000 0.500000000 0.000000000 0.000000000 0.862939775 -0.008428338 0.505236506 0.406074404 0.006413745 0.999963045 0.005726724 -0.172872358 -0.505266130 -0.001701360 0.862961888 -2.185354562
240206000 0.510581054 0.907699694 0.500000000 0.500000000 0.000000000 0.000000000 0.860474586 -0.008500567 0.509422421 0.405359174 0.006533042 0.999962687 0.005650975 -0.175858354 -0.509451449 -0.001534443 0.860498011 -2.215337311
240240000 0.510581054 0.907699694 0.500000000 0.500000000 0.000000000 0.000000000 0.858142793 -0.008713033 0.513337195 0.405624743 0.006737423 0.999961019 0.005709742 -0.178453182 -0.513366878 -0.001441205 0.858168006 -2.245865202
240273000 0.510581054 0.907699694 0.500000000 0.500000000 0.000000000 0.000000000 0.855903804 -0.008796575 0.517060220 0.405723362 0.006692444 0.999960005 0.005933806 -0.183449453 -0.517091751 -0.001618371 0.855928481 -2.276719783
240306000 0.510581054 0.907699694 0.500000000 0.500000000 0.000000000 0.000000000 0.853866994 -0.008885825 0.520415366 0.406607728 0.006740181 0.999959171 0.006014895 -0.187864340 -0.520447552 -0.001628227 0.853892088 -2.307900260
240340000 0.510581054 0.907699694 0.500000000 0.500000000 0.000000000 0.000000000 0.851849198 -0.008900658 0.523711503 0.407123130 0.006775698 0.999959230 0.005973560 -0.192340361 -0.523743331 -0.001540061 0.851874709 -2.340328288
240373000 0.510581054 0.907699694 0.500000000 0.500000000 0.000000000 0.000000000 0.850828528 -0.008820704 0.525369406 0.407383844 0.006726849 0.999960005 0.005894817 -0.194348899 -0.525400400 -0.001481398 0.850853860 -2.356546510
240406000 0.510581054 0.907699694 0.500000000 0.500000000 0.000000000 0.000000000 0.848681748 -0.009023819 0.528826833 0.407417872 0.006814954 0.999958038 0.006126227 -0.198434918 -0.528859913 -0.001595286 0.848707616 -2.390247974
240440000 0.510581054 0.907699694 0.500000000 0.500000000 0.000000000 0.000000000 0.846535265 -0.009078302 0.532255173 0.406882745 0.006789526 0.999957383 0.006257039 -0.201812571 -0.532289326 -0.001683044 0.846560836 -2.424203758
240473000 0.510581054 0.907699694 0.500000000 0.500000000 0.000000000 0.000000000 0.844475210 -0.009021955 0.535518646 0.406254633 0.006837675 0.999958217 0.006063899 -0.203688306 -0.535551012 -0.001459109 0.844501615 -2.458745874
240506000 0.510581054 0.907699694 0.500000000 0.500000000 0.000000000 0.000000000 0.842323780 -0.008905153 0.538898289 0.405325629 0.006934503 0.999959767 0.005685115 -0.204805563 -0.538927197 -0.001051716 0.842351675 -2.494083401
240540000 0.510581054 0.907699694 0.500000000 0.500000000 0.000000000 0.000000000 0.840180397 -0.008950303 0.542233169 0.404060736 0.007244054 0.999959826 0.005281181 -0.205215502 -0.542258620 -0.000509178 0.840211451 -2.529110076
240573000 0.510581054 0.907699694 0.500000000 0.500000000 0.000000000 0.000000000 0.837889552 -0.008903621 0.545767188 0.401572695 0.007488484 0.999960363 0.004816604 -0.204641908 -0.545788407 0.000051187 0.837923050 -2.564135702
240607000 0.510581054 0.907699694 0.500000000 0.500000000 0.000000000 0.000000000 0.835558236 -0.008933098 0.549329221 0.398814465 0.007669596 0.999960005 0.004595326 -0.204427795 -0.549348354 0.000373471 0.835593343 -2.599169849
240640000 0.510581054 0.907699694 0.500000000 0.500000000 0.000000000 0.000000000 0.834333479 -0.008965775 0.551187158 0.396692841 0.007677253 0.999959767 0.004644566 -0.204938814 -0.551206648 0.000356487 0.834368706 -2.616799965
240673000 0.510581054 0.907699694 0.500000000 0.500000000 0.000000000 0.000000000 0.832059145 -0.009129443 0.554611802 0.392762243 0.007769485 0.999958277 0.004804065 -0.205448893 -0.554632485 0.000311782 0.832095385 -2.651634396
240707000 0.510581054 0.907699694 0.500000000 0.500000000 0.000000000 0.000000000 0.829989851 -0.009155682 0.557703376 0.389039144 0.007706108 0.999958038 0.004947625 -0.206630753 -0.557725310 0.000191244 0.830025554 -2.685388705
240740000 0.510581054 0.907699694 0.500000000 0.500000000 0.000000000 0.000000000 0.827886939 -0.009202548 0.560819566 0.384713026 0.007658714 0.999957681 0.005102550 -0.207017075 -0.560842752 0.000070822 0.827922344 -2.718969098
240773000 0.510581054 0.907699694 0.500000000 0.500000000 0.000000000 0.000000000 0.826017082 -0.009299192 0.563568354 0.381494350 0.007680128 0.999956787 0.005243148 -0.207487755 -0.563592732 -0.000002652 0.826052785 -2.751637087
240807000 0.510581054 0.907699694 0.500000000 0.500000000 0.000000000 0.000000000 0.824115336 -0.009414116 0.566343844 0.377413541 0.007800674 0.999955654 0.005270727 -0.207827576 -0.566368341 0.000074177 0.824152231 -2.784164753
240840000 0.510581054 0.907699694 0.500000000 0.500000000 0.000000000 0.000000000 0.822332799 -0.009494007 0.568927586 0.373908773 0.008070117 0.999954820 0.005022178 -0.206891978 -0.568949580 0.000461411 0.822372258 -2.816180600
240874000 0.510581054 0.907699694 0.500000000 0.500000000 0.000000000 0.000000000 0.821575880 -0.009300963 0.570023239 0.373309071 0.007922015 0.999956608 0.004898086 -0.207561615 -0.570044100 0.000491583 0.821613967 -2.831856301
240907000 0.510581054 0.907699694 0.500000000 0.500000000 0.000000000 0.000000000 0.819673419 -0.009300982 0.572755635 0.368990167 0.008149794 0.999956310 0.004575085 -0.205926924 -0.572773159 0.000917765 0.819713414 -2.863489064
240940000 0.510581054 0.907699694 0.500000000 0.500000000 0.000000000 0.000000000 0.817622423 -0.009346741 0.575678945 0.364140181 0.008182313 0.999955893 0.004614181 -0.206002118 -0.575696707 0.000937727 0.817662776 -2.895056602
240974000 0.510581054 0.907699694 0.500000000 0.500000000 0.000000000 0.000000000 0.815677524 -0.009519390 0.578428566 0.360185688 0.008179862 0.999954462 0.004921656 -0.207026008 -0.578449070 0.000716982 0.815718174 -2.926104255
241007000 0.510581054 0.907699694 0.500000000 0.500000000 0.000000000 0.000000000 0.813816309 -0.009865890 0.581038415 0.355967053 0.008361046 0.999951184 0.005268245 -0.207748033 -0.581062019 0.000570706 0.813859105 -2.957662737
241040000 0.510581054 0.907699694 0.500000000 0.500000000 0.000000000 0.000000000 0.812138855 -0.009832226 0.583381414 0.353093013 0.008266580 0.999951541 0.005344939 -0.209262998 -0.583405674 0.000481736 0.812180758 -2.989322131
241074000 0.510581054 0.907699694 0.500000000 0.500000000 0.000000000 0.000000000 0.810213923 -0.009807167 0.586052239 0.348382228 0.008263628 0.999951780 0.005309060 -0.210927621 -0.586076021 0.000541443 0.810255885 -3.021607864
241107000 0.510581054 0.907699694 0.500000000 0.500000000 0.000000000 0.000000000 0.809202909 -0.009889293 0.587446094 0.345563399 0.008311188 0.999950945 0.005384956 -0.211938005 -0.587470531 0.000524853 0.809245408 -3.037795948
241140000 0.510581054 0.907699694 0.500000000 0.500000000 0.000000000 0.000000000 0.807229817 -0.009924644 0.590153813 0.340729879 0.008211246 0.999950707 0.005584633 -0.215697371 -0.590180159 0.000337816 0.807271481 -3.071334809
241174000 0.510581054 0.907699694 0.500000000 0.500000000 0.000000000 0.000000000 0.805350065 -0.010015970 0.592714906 0.336176003 0.008220864 0.999949813 0.005727533 -0.219402766 -0.592742562 0.000259959 0.805391967 -3.105354463
241207000 0.510581054 0.907699694 0.500000000 0.500000000 0.000000000 0.000000000 0.803590596 -0.009923345 0.595099747 0.333059713 0.008061129 0.999950767 0.005788961 -0.224514900 -0.595127881 0.000145221 0.803631008 -3.140302042
241241000 0.510581054 0.907699694 0.500000000 0.500000000 0.000000000 0.000000000 0.801836908 -0.009817017 0.597462296 0.328923514 0.008018375 0.999951780 0.005669169 -0.228171607 -0.597489119 0.000244928 0.801876962 -3.174341985
241274000 0.510581054 0.907699694 0.500000000 0.500000000 0.000000000 0.000000000 0.800335228 -0.009918959 0.599470675 0.327042310 0.008074867 0.999950767 0.005764869 -0.232493484 -0.599498332 0.000226818 0.800375938 -3.209822047
241307000 0.510581054 0.907699694 0.500000000 0.500000000 0.000000000 0.000000000 0.799004138 -0.009902588 0.601243973 0.326322809 0.008018090 0.999950945 0.005813970 -0.236517202 -0.601272047 0.000175442 0.799044371 -3.245813372
241341000 0.510581054 0.907699694 0.500000000 0.500000000 0.000000000 0.000000000 0.798331618 -0.009921453 0.602136374 0.326364576 0.007974534 0.999950767 0.005903384 -0.238886672 -0.602165282 0.000088899 0.798371434 -3.263959529
241374000 0.510581054 0.907699694 0.500000000 0.500000000 0.000000000 0.000000000 0.797070324 -0.009973994 0.603804111 0.327500885 0.007976815 0.999950230 0.005987729 -0.243288768 -0.603833795 0.000043793 0.797110260 -3.300671686
241407000 0.510581054 0.907699694 0.500000000 0.500000000 0.000000000 0.000000000 0.795738459 -0.009889308 0.605559707 0.326157256 0.008146401 0.999951005 0.005625241 -0.243871366 -0.605585635 0.000456912 0.795780003 -3.336911020
241441000 0.510581054 0.907699694 0.500000000 0.500000000 0.000000000 0.000000000 0.794506788 -0.009973244 0.607173383 0.327204487 0.008522572 0.999949753 0.005272797 -0.243702075 -0.607195497 0.000985406 0.794551909 -3.372894773
241474000 0.510581054 0.907699694 0.500000000 0.500000000 0.000000000 0.000000000 0.793127716 -0.010101019 0.608971655 0.326787896 0.008979556 0.999947727 0.004891126 -0.242722126 -0.608989179 0.001589008 0.793176949 -3.409644260
241507000 0.510581054 0.907699694 0.500000000 0.500000000 0.000000000 0.000000000 0.792029858 -0.010271264 0.610395908 0.327606075 0.009255275 0.999945581 0.004816956 -0.243330292 -0.610412180 0.001834209 0.792081833 -3.446691740
241541000 0.510581054 0.907699694 0.500000000 0.500000000 0.000000000 0.000000000 0.791149497 -0.010467159 0.611533225 0.329586930 0.009422407 0.999943495 0.004925381 -0.242363073 -0.611550212 0.001865402 0.791203439 -3.481697878
241574000 0.510581054 0.907699694 0.500000000 0.500000000 0.000000000 0.000000000 0.789973736 -0.010334747 0.613053560 0.328746942 0.009033863 0.999945581 0.005215972 -0.243762700 -0.613074124 0.001417760 0.790024102 -3.517084778
241608000 0.510581054 0.907699694 0.500000000 0.500000000 0.000000000 0.000000000 0.789409637 -0.010428858 0.613778174 0.328349789 0.008979709 0.999944866 0.005441077 -0.244037954 -0.613801062 0.001216311 0.789459765 -3.534701822
241641000 0.510581054 0.907699694 0.500000000 0.500000000 0.000000000 0.000000000 0.788615346 -0.010514230 0.614796937 0.329969367 0.008925387 0.999944210 0.005652185 -0.243319314 -0.614822090 0.001029901 0.788665175 -3.568738549
241674000 0.510581054 0.907699694 0.500000000 0.500000000 0.000000000 0.000000000 0.787775815 -0.010586004 0.615871072 0.330731858 0.009139732 0.999943137 0.005496833 -0.240738412 -0.615894258 0.001298625 0.787827730 -3.601914308
241708000 0.510581054 0.907699694 0.500000000 0.500000000 0.000000000 0.000000000 0.786969841 -0.010523321 0.616901755 0.332419606 0.009253551 0.999943376 0.005252798 -0.237982443 -0.616922081 0.001574739 0.787022650 -3.635200873
241741000 0.510581054 0.907699694 0.500000000 0.500000000 0.000000000 0.000000000 0.785934329 -0.010550778 0.618219972 0.331594767 0.009300328 0.999943018 0.005242035 -0.235847124 -0.618240058 0.001629753 0.785987675 -3.668193832
241774000 0.510581054 0.907699694 0.500000000 0.500000000 0.000000000 0.000000000 0.784965396 -0.010554095 0.619449735 0.330713201 0.009274385 0.999943018 0.005284403 -0.234581639 -0.619470179 0.001596942 0.785018563 -3.700549954
241808000 0.510581054 0.907699694 0.500000000 0.500000000 0.000000000 0.000000000 0.784289420 -0.010775431 0.620301545 0.331807806 0.009386978 0.999940813 0.005501657 -0.234180113 -0.620324075 0.001507865 0.784344137 -3.732429100
241841000 0.510581054 0.907699694 0.500000000 0.500000000 0.000000000 0.000000000 0.784018040 -0.010714286 0.620645523 0.332611421 0.009376727 0.999941349 0.005417157 -0.233840847 -0.620667219 0.001572475 0.784072578 -3.748802096
241875000 0.510581054 0.907699694 0.500000000 0.500000000 0.000000000 0.000000000 0.783527434 -0.010851647 0.621262431 0.334355473 0.009546948 0.999939680 0.005425560 -0.233648150 -0.621283889 0.001680085 0.783583760 -3.780637237
241908000 0.510581054 0.907699694 0.500000000 0.500000000 0.000000000 0.000000000 0.782714248 -0.010962185 0.622284651 0.333509925 0.009634474 0.999938488 0.005496633 -0.234810842 -0.622306645 0.001693093 0.782771707 -3.813527871
241941000 0.510581054 0.907699694 0.500000000 0.500000000 0.000000000 0.000000000 0.781892419 -0.011006829 0.623316228 0.332177195 0.009535151 0.999938309 0.005696448 -0.237715534 -0.623340487 0.001489404 0.781949162 -3.847437863
241975000 0.510581054 0.907699694 0.500000000 0.500000000 0.000000000 0.000000000 0.781186581 -0.010990570 0.624200821 0.331027052 0.009359207 0.999938846 0.005893313 -0.240962813 -0.624227464 0.001238248 0.781241655 -3.882043785
242008000 0.510581054 0.907699694 0.500000000 0.500000000 0.000000000 0.000000000 0.780694962 -0.010765088 0.624819577 0.331546822 0.008758887 0.999941885 0.006284124 -0.247706101 -0.624850929 0.000566741 0.780743897 -3.918105130
242041000 0.510581054 0.907699694 0.500000000 0.500000000 0.000000000 0.000000000 0.780115962 -0.010595412 0.625545204 0.329835228 0.008386996 0.999943852 0.006477530 -0.252468658 -0.625578701 0.000193220 0.780161023 -3.953991038
242075000 0.510581054 0.907699694 0.500000000 0.500000000 0.000000000 0.000000000 0.779968381 -0.010911603 0.625723779 0.331005806 0.008750411 0.999940395 0.006529892 -0.251961573 -0.625757754 0.000382231 0.780017376 -3.971874890
242108000 0.510581054 0.907699694 0.500000000 0.500000000 0.000000000 0.000000000 0.779581904 -0.011138797 0.626201272 0.331143864 0.009106569 0.999937713 0.006449664 -0.252436372 -0.626234114 0.000674504 0.779634774 -4.008250471
242141000 0.510581054 0.907699694 0.500000000 0.500000000 0.000000000 0.000000000 0.779176176 -0.011189724 0.626705050 0.330499363 0.009309170 0.999936938 0.006279725 -0.253571500 -0.626735806 0.000941092 0.779231250 -4.045049637
242175000 0.510581054 0.907699694 0.500000000 0.500000000 0.000000000 0.000000000 0.778934896 -0.011039664 0.627007604 0.330977999 0.009203197 0.999938607 0.006172644 -0.255955425 -0.627037287 0.000962387 0.778988659 -4.082652933
242208000 0.510581054 0.907699694 0.500000000 0.500000000 0.000000000 0.000000000 0.778672516 -0.010992866 0.627334297 0.331067511 0.009403595 0.999938667 0.005849945 -0.254622917 -0.627360106 0.001344006 0.778728127 -4.120023559
242242000 0.510581054 0.907699694 0.500000000 0.500000000 0.000000000 0.000000000 0.778194308 -0.010850312 0.627929807 0.329384366 0.009346917 0.999940097 0.005694814 -0.254614443 -0.627954006 0.001437536 0.778249145 -4.157952852
242275000 0.510581054 0.907699694 0.500000000 0.500000000 0.000000000 0.000000000 0.777355969 -0.010734515 0.628969371 0.324659005 0.009484764 0.999940753 0.005343411 -0.252432931 -0.628989458 0.001811894 0.777411699 -4.194976253
242308000 0.510581054 0.907699694 0.500000000 0.500000000 0.000000000 0.000000000 0.776301384 -0.010754576 0.630270183 0.319015111 0.009507932 0.999940455 0.005351538 -0.252451679 -0.630290210 0.001838159 0.776357472 -4.232200683
242342000 0.510581054 0.907699694 0.500000000 0.500000000 0.000000000 0.000000000 0.775817454 -0.010814976 0.630864739 0.315879612 0.009595773 0.999939680 0.005341487 -0.251552092 -0.630884469 0.001909616 0.775874436 -4.250161160
242375000 0.510581054 0.907699694 0.500000000 0.500000000 0.000000000 0.000000000 0.775232434 -0.010765626 0.631584346 0.312358177 0.009273689 0.999940991 0.005661518 -0.253492739 -0.631608009 0.001468125 0.775286496 -4.285503539
242408000 0.510581054 0.907699694 0.500000000 0.500000000 0.000000000 0.000000000 0.774769485 -0.010574590 0.632155359 0.310008635 0.008872251 0.999943495 0.005853060 -0.254313528 -0.632181525 0.001073868 0.774819553 -4.319792402
242442000 0.510581054 0.907699694 0.500000000 0.500000000 0.000000000 0.000000000 0.774407387 -0.010578092 0.632598817 0.308739625 0.008680029 0.999943733 0.006094887 -0.254487868 -0.632627726 0.000771050 0.774455667 -4.352620176
242475000 0.510581054 0.907699694 0.500000000 0.500000000 0.000000000 0.000000000 0.774107873 -0.010620261 0.632964611 0.308181856 0.008766912 0.999943256 0.006055824 -0.252470827 -0.632993042 0.000861283 0.774157047 -4.384419168
242508000 0.510581054 0.907699694 0.500000000 0.500000000 0.000000000 0.000000000 0.773664773 -0.010723300 0.633504391 0.306607759 0.009005339 0.999941885 0.005928236 -0.249171287 -0.633531153 0.001118455 0.773716390 -4.415349934
242542000 0.510581054 0.907699694 0.500000000 0.500000000 0.000000000 0.000000000 0.773254275 -0.010532198 0.634008586 0.305887626 0.008830712 0.999943972 0.005840964 -0.247738906 -0.634034574 0.001082197 0.773303986 -4.445563541
242575000 0.510581054 0.907699694 0.500000000 0.500000000 0.000000000 0.000000000 0.772886574 -0.010444450 0.634458244 0.304127086 0.008660998 0.999945045 0.005910407 -0.247821061 -0.634485066 0.000926967 0.772934556 -4.460497894
242609000 0.510581054 0.907699694 0.500000000 0.500000000 0.000000000 0.000000000 0.772084296 -0.010387588 0.635435224 0.300415000 0.008419064 0.999945879 0.006116751 -0.248497635 -0.635464311 0.000627122 0.772129953 -4.490253994
242642000 0.510581054 0.907699694 0.500000000 0.500000000 0.000000000 0.000000000 0.771229625 -0.010374146 0.636472523 0.296120154 0.008355930 0.999946058 0.006173471 -0.248832307 -0.636502206 0.000557156 0.771274686 -4.520399055
242675000 0.510581054 0.907699694 0.500000000 0.500000000 0.000000000 0.000000000 0.770480990 -0.010356655 0.637378812 0.293137372 0.008193289 0.999946296 0.006343678 -0.251203555 -0.637410343 0.000334546 0.770524502 -4.550636179
242709000 0.510581054 0.907699694 0.500000000 0.500000000 0.000000000 0.000000000 0.769662738 -0.010575357 0.638363123 0.289828870 0.008176335 0.999944091 0.006707381 -0.254239331 -0.638398349 0.000057050 0.769706130 -4.581926786
242742000 0.510581054 0.907699694 0.500000000 0.500000000 0.000000000 0.000000000 0.768771648 -0.010495837 0.639437258 0.285724566 0.007919053 0.999944866 0.006892490 -0.258535905 -0.639474332 -0.000235014 0.768812418 -4.613202843
242775000 0.510581054 0.907699694 0.500000000 0.500000000 0.000000000 0.000000000 0.767980039 -0.010457922 0.640388370 0.282507685 0.007898091 0.999945283 0.006857984 -0.262049408 -0.640425086 -0.000208949 0.768020630 -4.644702348
242809000 0.510581054 0.907699694 0.500000000 0.500000000 0.000000000 0.000000000 0.767580628 -0.010643192 0.640864015 0.281045777 0.008084087 0.999943376 0.006924090 -0.263410360 -0.640901446 -0.000133996 0.767623186 -4.660596531
242842000 0.510581054 0.907699694 0.500000000 0.500000000 0.000000000 0.000000000 0.766717255 -0.010678323 0.641896129 0.277785161 0.008201568 0.999942958 0.006838225 -0.266676223 -0.641932547 0.000021570 0.766761124 -4.693377615
242876000 0.510581054 0.907699694 0.500000000 0.500000000 0.000000000 0.000000000 0.765833497 -0.010911550 0.642946362 0.274549439 0.008316997 0.999940455 0.007063522 -0.270343740 -0.642985165 -0.000062099 0.765878618 -4.726093699
242909000 0.510581054 0.907699694 0.500000000 0.500000000 0.000000000 0.000000000 0.764926374 -0.010922538 0.644025087 0.271680483 0.008105433 0.999940276 0.007331742 -0.275194290 -0.644066751 -0.000388140 0.764969230 -4.759522186
242942000 0.510581054 0.907699694 0.500000000 0.500000000 0.000000000 0.000000000 0.763647377 -0.010859073 0.645542204 0.265339576 0.007909293 0.999940872 0.007464299 -0.278802069 -0.645585120 -0.000594310 0.763688087 -4.792891153
242976000 0.510581054 0.907699694 0.500000000 0.500000000 0.000000000 0.000000000 0.762410343 -0.011244677 0.646996140 0.259074604 0.008400165 0.999936759 0.007480096 -0.278536321 -0.647039354 -0.000268028 0.762456536 -4.827099332
243009000 0.510581054 0.907699694 0.500000000 0.500000000 0.000000000 0.000000000 0.761707604 -0.011367898 0.647821188 0.256966142 0.008772843 0.999935389 0.007231659 -0.277855844 -0.647861540 0.000174823 0.761758089 -4.862298545
243042000 0.510581054 0.907699694 0.500000000 0.500000000 0.000000000 0.000000000 0.761495471 -0.011400657 0.648069978 0.257723847 0.008908398 0.999934971 0.007123011 -0.277765502 -0.648109019 0.000349125 0.761547506 -4.879987872
243076000 0.510581054 0.907699694 0.500000000 0.500000000 0.000000000 0.000000000 0.760698438 -0.011421336 0.649004936 0.256646042 0.009020033 0.999934673 0.007024698 -0.277827565 -0.649042785 0.000510369 0.760751784 -4.915771126
243109000 0.510581054 0.907699694 0.500000000 0.500000000 0.000000000 0.000000000 0.759503186 -0.011519637 0.650401533 0.252269137 0.009033890 0.999933541 0.007161119 -0.277873440 -0.650440812 0.000436764 0.759556830 -4.952061153
243142000 0.510581054 0.907699694 0.500000000 0.500000000 0.000000000 0.000000000 0.758134186 -0.011525095 0.651996732 0.245820724 0.009005547 0.999933481 0.007203893 -0.277311162 -0.652036428 0.000410070 0.758187532 -4.987979729
243176000 0.510581054 0.907699694 0.500000000 0.500000000 0.000000000 0.000000000 0.757001042 -0.011511718 0.653312206 0.241031057 0.009142770 0.999933541 0.007025532 -0.274505571 -0.653349698 0.000654747 0.757055998 -5.023608766
243209000 0.510581054 0.907699694 0.500000000 0.500000000 0.000000000 0.000000000 0.755913258 -0.011420764 0.654572129 0.237049642 0.009245017 0.999934316 0.006770198 -0.270896670 -0.654606521 0.000933848 0.755969226 -5.058545141
243243000 0.510581054 0.907699694 0.500000000 0.500000000 0.000000000 0.000000000 0.754452825 -0.011592581 0.656251907 0.230263737 0.009512019 0.999932110 0.006728246 -0.266993193 -0.656285346 0.001166137 0.754511833 -5.093057417
243276000 0.510581054 0.907699694 0.500000000 0.500000000 0.000000000 0.000000000 0.753212810 -0.011518462 0.657676041 0.225038952 0.009377282 0.999933064 0.006773246 -0.265314983 -0.657710075 0.001065518 0.753270447 -5.125864361
243309000 0.510581054 0.907699694 0.500000000 0.500000000 0.000000000 0.000000000 0.752588153 -0.011521015 0.658390701 0.222349187 0.009352351 0.999933124 0.006807168 -0.264042049 -0.658425093 0.001034506 0.752645552 -5.142188181
243343000 0.510581054 0.907699694 0.500000000 0.500000000 0.000000000 0.000000000 0.750844061 -0.011368815 0.660381615 0.213372526 0.009070386 0.999935031 0.006901511 -0.262239149 -0.660417199 0.000807957 0.750898421 -5.173061382
243376000 0.510581054 0.907699694 0.500000000 0.500000000 0.000000000 0.000000000 0.748582840 -0.011338183 0.662944317 0.200273524 0.008938464 0.999935508 0.007008538 -0.259311700 -0.662981033 0.000679233 0.748635888 -5.203496450
243409000 0.510581054 0.907699694 0.500000000 0.500000000 0.000000000 0.000000000 0.746354640 -0.011465244 0.665449679 0.187658753 0.008973016 0.999934077 0.007164232 -0.255750587 -0.665487945 0.000624033 0.746408343 -5.232409186
243443000 0.510581054 0.907699694 0.500000000 0.500000000 0.000000000 0.000000000 0.744076967 -0.011499780 0.667994916 0.173817485 0.008846322 0.999933779 0.007360347 -0.253447664 -0.668035328 0.000432633 0.744129419 -5.260950376
243476000 0.510581054 0.907699694 0.500000000 0.500000000 0.000000000 0.000000000 0.741938472 -0.011539478 0.670368612 0.161206842 0.008671020 0.999933422 0.007615729 -0.252303601 -0.670411885 0.000162377 0.741989136 -5.288363976
243510000 0.510581054 0.907699694 0.500000000 0.500000000 0.000000000 0.000000000 0.739792109 -0.011741637 0.672733068 0.148152783 0.008660885 0.999931037 0.007928217 -0.250718890 -0.672779799 -0.000038768 0.739842772 -5.316502322
243543000 0.510581054 0.907699694 0.500000000 0.500000000 0.000000000 0.000000000 0.738792002 -0.011864207 0.673829079 0.142555900 0.008605968 0.999929607 0.008170249 -0.250728756 -0.673878551 -0.000237162 0.738842070 -5.330388350
243576000 0.510581054 0.907699694 0.500000000 0.500000000 0.000000000 0.000000000 0.737037957 -0.012054489 0.675743818 0.132835211 0.008307646 0.999926984 0.008776341 -0.252420402 -0.675800323 -0.000854656 0.737084270 -5.358646972
243610000 0.510581054 0.907699694 0.500000000 0.500000000 0.000000000 0.000000000 0.735363960 -0.011892720 0.677568018 0.123216968 0.007464800 0.999927521 0.009449254 -0.258000473 -0.677631319 -0.001890731 0.735399365 -5.387249193
243643000 0.510581054 0.907699694 0.500000000 0.500000000 0.000000000 0.000000000 0.733526766 -0.011876483 0.679556787 0.113231413 0.007131229 0.999926746 0.009777940 -0.259875694 -0.679623127 -0.002326306 0.733557761 -5.415586280
243677000 0.510581054 0.907699694 0.500000000 0.500000000 0.000000000 0.000000000 0.731091976 -0.011920482 0.682174802 0.097156336 0.006948010 0.999925613 0.010026698 -0.261427357 -0.682243526 -0.002590682 0.731120408 -5.444909453
243710000 0.510581054 0.907699694 0.500000000 0.500000000 0.000000000 0.000000000 0.728710532 -0.012124720 0.684714496 0.081890421 0.006772437 0.999921978 0.010498722 -0.263413475 -0.684788346 -0.003013344 0.728735805 -5.473928840
243743000 0.510581054 0.907699694 0.500000000 0.500000000 0.000000000 0.000000000 0.726545334 -0.011865261 0.687016070 0.068324243 0.005670495 0.999920368 0.011272580 -0.272177151 -0.687095165 -0.004294320 0.726554751 -5.504225128
243777000 0.510581054 0.907699694 0.500000000 0.500000000 0.000000000 0.000000000 0.725307524 -0.011839866 0.688323200 0.059935567 0.005316681 0.999918640 0.011597275 -0.274921266 -0.688404441 -0.004751996 0.725311458 -5.519223856
243810000 0.510581054 0.907699694 0.500000000 0.500000000 0.000000000 0.000000000 0.722328544 -0.011754801 0.691450119 0.038948189 0.004366067 0.999913096 0.012437694 -0.283484410 -0.691536248 -0.005965183 0.722317100 -5.550951296
243843000 0.510581054 0.907699694 0.500000000 0.500000000 0.000000000 0.000000000 0.719031990 -0.011695314 0.694878578 0.015486727 0.003681206 0.999908447 0.013020028 -0.289044659 -0.694967270 -0.006803825 0.719009221 -5.583567657
243877000 0.510581054 0.907699694 0.500000000 0.500000000 0.000000000 0.000000000 0.715646923 -0.011544366 0.698366821 -0.009410412 0.002889662 0.999903798 0.013567766 -0.295114637 -0.698456228 -0.007691687 0.715611458 -5.616738042
243910000 0.510581054 0.907699694 0.500000000 0.500000000 0.000000000 0.000000000 0.712030530 -0.011297029 0.702057660 -0.036272561 0.001895732 0.999897838 0.014167007 -0.302276348 -0.702145934 -0.008756428 0.711979210 -5.651342710
243944000 0.510581054 0.907699694 0.500000000 0.500000000 0.000000000 0.000000000 0.708213091 -0.011201785 0.705909848 -0.065108923 0.000978687 0.999888718 0.014884931 -0.307868504 -0.705998063 -0.009850838 0.708145261 -5.685433413
243977000 0.510581054 0.907699694 0.500000000 0.500000000 0.000000000 0.000000000 0.704144955 -0.011014865 0.709970832 -0.095322430 -0.000336125 0.999874413 0.015845949 -0.315115297 -0.710056186 -0.011396484 0.704052806 -5.720387039
244010000 0.510581054 0.907699694 0.500000000 0.500000000 0.000000000 0.000000000 0.701909065 -0.010969740 0.712182105 -0.112836628 -0.000909884 0.999866784 0.016297705 -0.317800918 -0.712266028 -0.012087510 0.701805532 -5.737210831
244044000 0.510581054 0.907699694 0.500000000 0.500000000 0.000000000 0.000000000 0.697428048 -0.010807726 0.716573298 -0.146334835 -0.002333680 0.999846756 0.017351530 -0.325394560 -0.716651022 -0.013773696 0.697295964 -5.770780760
244077000 0.510581054 0.907699694 0.500000000 0.500000000 0.000000000 0.000000000 0.692451656 -0.010651291 0.721385658 -0.185560268 -0.003853327 0.999822140 0.018461192 -0.334498491 -0.721454024 -0.015563218 0.692287445 -5.803920633
244110000 0.510581054 0.907699694 0.500000000 0.500000000 0.000000000 0.000000000 0.687232196 -0.010473477 0.726362288 -0.227412691 -0.005438098 0.999793887 0.019561248 -0.345133124 -0.726417482 -0.017393149 0.687033594 -5.835977795
244144000 0.510581054 0.907699694 0.500000000 0.500000000 0.000000000 0.000000000 0.681941330 -0.010451595 0.731332183 -0.268108217 -0.006678415 0.999767244 0.020515231 -0.352627141 -0.731376350 -0.018874325 0.681712806 -5.868168758
244177000 0.510581054 0.907699694 0.500000000 0.500000000 0.000000000 0.000000000 0.676431119 -0.010508179 0.736430943 -0.311129512 -0.007744821 0.999741435 0.021379195 -0.359250448 -0.736465156 -0.020165078 0.676174819 -5.898863616
244210000 0.510581054 0.907699694 0.500000000 0.500000000 0.000000000 0.000000000 0.671156645 -0.010409703 0.741242468 -0.352809475 -0.009301295 0.999704421 0.022461278 -0.371311638 -0.741257191 -0.021969551 0.670861483 -5.927672956
244244000 0.510581054 0.907699694 0.500000000 0.500000000 0.000000000 0.000000000 0.665619373 -0.010121907 0.746222734 -0.396404827 -0.011184451 0.999660432 0.023535945 -0.385112135 -0.746207595 -0.024012072 0.665280163 -5.955261649
244277000 0.510581054 0.907699694 0.500000000 0.500000000 0.000000000 0.000000000 0.662542641 -0.010176937 0.748955071 -0.421111178 -0.011983276 0.999635696 0.024183908 -0.392063171 -0.748928368 -0.024997806 0.662179291 -5.968146762
244311000 0.510581054 0.907699694 0.500000000 0.500000000 0.000000000 0.000000000 0.656230748 -0.010241849 0.754490733 -0.471840427 -0.013324874 0.999594688 0.025158545 -0.402860566 -0.754442573 -0.026563305 0.655828297 -5.992473389
244344000 0.510581054 0.907699694 0.500000000 0.500000000 0.000000000 0.000000000 0.650183260 -0.010133123 0.759709895 -0.520202941 -0.014667465 0.999557316 0.025885114 -0.412585870 -0.759635866 -0.027973086 0.649746776 -6.016245834
244377000 0.510581054 0.907699694 0.500000000 0.500000000 0.000000000 0.000000000 0.643981934 -0.010224022 0.764972389 -0.570653463 -0.016130798 0.999506950 0.026938127 -0.424572698 -0.764870644 -0.029687282 0.643499494 -6.038542502
244411000 0.510581054 0.907699694 0.500000000 0.500000000 0.000000000 0.000000000 0.638093174 -0.010278286 0.769890547 -0.617691561 -0.017923763 0.999441624 0.028198265 -0.438443360 -0.769750535 -0.031792454 0.637552619 -6.060997294
244444000 0.510581054 0.907699694 0.500000000 0.500000000 0.000000000 0.000000000 0.631859720 -0.010101541 0.775016904 -0.666679379 -0.019766202 0.999379873 0.029140970 -0.450132733 -0.774830699 -0.033732146 0.631268203 -6.082653904
244477000 0.510581054 0.907699694 0.500000000 0.500000000 0.000000000 0.000000000 0.625573218 -0.009926854 0.780102313 -0.715000225 -0.021307001 0.999328673 0.029802861 -0.459186722 -0.779874444 -0.035265513 0.624941766 -6.104056363
244511000 0.510581054 0.907699694 0.500000000 0.500000000 0.000000000 0.000000000 0.622471094 -0.009714101 0.782582521 -0.737966046 -0.022267442 0.999298334 0.030115835 -0.465302314 -0.782325923 -0.036172349 0.621818066 -6.114735515
244544000 0.510581054 0.907699694 0.500000000 0.500000000 0.000000000 0.000000000 0.615335524 -0.009597960 0.788206875 -0.793429927 -0.023648761 0.999251008 0.030629894 -0.474386746 -0.787910521 -0.037487779 0.614647627 -6.136289790
244577000 0.510581054 0.907699694 0.500000000 0.500000000 0.000000000 0.000000000 0.607925057 -0.009745138 0.793934584 -0.850387064 -0.024961166 0.999195874 0.031377673 -0.484306516 -0.793601930 -0.038892809 0.607192993 -6.156108206
244611000 0.510581054 0.907699694 0.500000000 0.500000000 0.000000000 0.000000000 0.600197971 -0.009945172 0.799789667 -0.910574697 -0.026856435 0.999108315 0.032577917 -0.499354424 -0.799400449 -0.041032698 0.599395692 -6.175622203
244644000 0.510581054 0.907699694 0.500000000 0.500000000 0.000000000 0.000000000 0.592633724 -0.010323323 0.805405915 -0.968291621 -0.028656365 0.999014616 0.033890836 -0.513839167 -0.804962158 -0.043164860 0.591753960 -6.194856425
244678000 0.510581054 0.907699694 0.500000000 0.500000000 0.000000000 0.000000000 0.585650563 -0.010431982 0.810496509 -1.021601072 -0.030407088 0.998930633 0.034828965 -0.527168995 -0.809993088 -0.045042444 0.584707081 -6.214065836
244711000 0.510581054 0.907699694 0.500000000 0.500000000 0.000000000 0.000000000 0.579249263 -0.010045375 0.815088570 -1.068883413 -0.032098554 0.998867452 0.035121411 -0.536749065 -0.814518273 -0.046507213 0.578270793 -6.235197388
244744000 0.510581054 0.907699694 0.500000000 0.500000000 0.000000000 0.000000000 0.575506687 -0.010304635 0.817732155 -1.098543857 -0.032569632 0.998838484 0.035508823 -0.540733552 -0.817148268 -0.047068801 0.574502587 -6.245864048
244778000 0.510581054 0.907699694 0.500000000 0.500000000 0.000000000 0.000000000 0.568277776 -0.010250095 0.822772920 -1.153461172 -0.034215741 0.998763204 0.036074914 -0.551258965 -0.822125077 -0.048652358 0.567224205 -6.266739400
244811000 0.510581054 0.907699694 0.500000000 0.500000000 0.000000000 0.000000000 0.560920179 -0.010398826 0.827804565 -1.209050479 -0.036383662 0.998645306 0.037198476 -0.567560433 -0.827069998 -0.050983939 0.559781969 -6.288014806
244844000 0.510581054 0.907699694 0.500000000 0.500000000 0.000000000 0.000000000 0.553704083 -0.010321328 0.832649529 -1.263685092 -0.038446341 0.998539984 0.037944119 -0.579450308 -0.831825495 -0.053022142 0.552498877 -6.309511849
244878000 0.510581054 0.907699694 0.500000000 0.500000000 0.000000000 0.000000000 0.546680987 -0.010143909 0.837279558 -1.315804144 -0.040538598 0.998433471 0.038565017 -0.591518944 -0.836359084 -0.055024900 0.545413375 -6.332264596
244911000 0.510581054 0.907699694 0.500000000 0.500000000 0.000000000 0.000000000 0.538944483 -0.010383654 0.842277288 -1.374968185 -0.042068139 0.998344421 0.039225627 -0.600571535 -0.841290176 -0.056573473 0.537615418 -6.354170483
244945000 0.510581054 0.907699694 0.500000000 0.500000000 0.000000000 0.000000000 0.531263173 -0.010394016 0.847143054 -1.432665158 -0.043636236 0.998261809 0.039613467 -0.607447033 -0.846082330 -0.058011312 0.529886186 -6.375960768
244978000 0.510581054 0.907699694 0.500000000 0.500000000 0.000000000 0.000000000 0.523161352 -0.010540649 0.852168441 -1.494412835 -0.045458201 0.998154879 0.040253986 -0.616331503 -0.851020396 -0.059797376 0.521716893 -6.396514843
245011000 0.510581054 0.907699694 0.500000000 0.500000000 0.000000000 0.000000000 0.519231260 -0.010450035 0.854569912 -1.523311798 -0.046817597 0.998075962 0.040650964 -0.623738257 -0.853350461 -0.061116163 0.517742991 -6.406485602
245045000 0.510581054 0.907699694 0.500000000 0.500000000 0.000000000 0.000000000 0.510606825 -0.010616392 0.859748781 -1.589238068 -0.048852067 0.997950315 0.041336294 -0.632473590 -0.858425379 -0.063107103 0.509041548 -6.424574960
245078000 0.510581054 0.907699694 0.500000000 0.500000000 0.000000000 0.000000000 0.501957715 -0.010919380 0.864823222 -1.653910178 -0.051185139 0.997792661 0.042306975 -0.645449740 -0.863376200 -0.065502413 0.500290811 -6.440850518
245111000 0.510581054 0.907699694 0.500000000 0.500000000 0.000000000 0.000000000 0.493927896 -0.010894506 0.869434595 -1.714725508 -0.053451370 0.997649908 0.042866971 -0.655867689 -0.867858410 -0.067645669 0.492184818 -6.457639035
245145000 0.510581054 0.907699694 0.500000000 0.500000000 0.000000000 0.000000000 0.486330092 -0.010731358 0.873709261 -1.771921525 -0.055728767 0.997507811 0.043272048 -0.665544115 -0.871996164 -0.069735236 0.484520018 -6.474309291
245178000 0.510581054 0.907699694 0.500000000 0.500000000 0.000000000 0.000000000 0.477769017 -0.011183800 0.878414333 -1.838245406 -0.057844378 0.997348487 0.044159569 -0.676450919 -0.876579046 -0.071909405 0.475855261 -6.488000971
245211000 0.510581054 0.907699694 0.500000000 0.500000000 0.000000000 0.000000000 0.470392048 -0.010902846 0.882390201 -1.892271176 -0.060470656 0.997174978 0.044557340 -0.687836558 -0.880383193 -0.074318133 0.468403876 -6.502126978
245245000 0.510581054 0.907699694 0.500000000 0.500000000 0.000000000 0.000000000 0.467083335 -0.010818549 0.884147108 -1.916213119 -0.062184587 0.997047365 0.045051314 -0.697858055 -0.882023931 -0.076023042 0.465031475 -6.510087745
245278000 0.510581054 0.907699694 0.500000000 0.500000000 0.000000000 0.000000000 0.459547341 -0.010682220 0.888089061 -1.971338151 -0.064744145 0.996864378 0.045492873 -0.708267895 -0.885790288 -0.078404695 0.457414746 -6.522746233
245312000 0.510581054 0.907699694 0.500000000 0.500000000 0.000000000 0.000000000 0.451093048 -0.010958588 0.892409623 -2.033092042 -0.067057773 0.996681869 0.046135228 -0.718319553 -0.889954090 -0.080654286 0.448861420 -6.532475075
245345000 0.510581054 0.907699694 0.500000000 0.500000000 0.000000000 0.000000000 0.442741632 -0.011354864 0.896577358 -2.096055416 -0.069617406 0.996466041 0.046997909 -0.732603921 -0.893942535 -0.083225317 0.440386504 -6.540298504
245378000 0.510581054 0.907699694 0.500000000 0.500000000 0.000000000 0.000000000 0.435181946 -0.011463586 0.900269568 -2.153129604 -0.071903773 0.996282578 0.047443785 -0.741794746 -0.897466719 -0.085379452 0.432739913 -6.549769549
245412000 0.510581054 0.907699694 0.500000000 0.500000000 0.000000000 0.000000000 0.428458065 -0.011289694 0.903491139 -2.201676800 -0.074631609 0.996063054 0.047838613 -0.754109210 -0.900474191 -0.087925836 0.425928682 -6.561034382
245445000 0.510581054 0.907699694 0.500000000 0.500000000 0.000000000 0.000000000 0.421539694 -0.011095590 0.906742096 -2.252703696 -0.077532344 0.995822549 0.048230033 -0.769047384 -0.903489351 -0.090632714 0.418918461 -6.571870734
245478000 0.510581054 0.907699694 0.500000000 0.500000000 0.000000000 0.000000000 0.417758286 -0.011117300 0.908490181 -2.281710887 -0.079065651 0.995686889 0.048541725 -0.778652458 -0.905111372 -0.092109077 0.415077448 -6.576429015
245512000 0.510581054 0.907699694 0.500000000 0.500000000 0.000000000 0.000000000 0.411043227 -0.010892589 0.911550760 -2.330111281 -0.080786571 0.995559216 0.048325326 -0.782622444 -0.908029199 -0.093504861 0.408337921 -6.587454816
245545000 0.510581054 0.907699694 0.500000000 0.500000000 0.000000000 0.000000000 0.403579354 -0.010646075 0.914882720 -2.387959712 -0.083796620 0.995299637 0.048546795 -0.800454928 -0.911099255 -0.096256569 0.400790274 -6.596334278
245578000 0.510581054 0.907699694 0.500000000 0.500000000 0.000000000 0.000000000 0.395504713 -0.010531736 0.918403566 -2.448674227 -0.086762965 0.995034277 0.048774417 -0.818457524 -0.914356709 -0.098973930 0.392626971 -6.603432759
245612000 0.510581054 0.907699694 0.500000000 0.500000000 0.000000000 0.000000000 0.387045890 -0.010613586 0.921999395 -2.512458285 -0.089253344 0.994806886 0.048919350 -0.831795260 -0.917730510 -0.101225562 0.384088606 -6.609130498
245645000 0.510581054 0.907699694 0.500000000 0.500000000 0.000000000 0.000000000 0.379159838 -0.010506812 0.925271511 -2.571272585 -0.092119530 0.994539499 0.049042322 -0.848186699 -0.920734406 -0.103830457 0.376121551 -6.616187003
245679000 0.510581054 0.907699694 0.500000000 0.500000000 0.000000000 0.000000000 0.371114343 -0.010310781 0.928529918 -2.633196628 -0.094779924 0.994295418 0.048922654 -0.860950396 -0.923737466 -0.106161892 0.368020028 -6.622330153
245712000 0.510581054 0.907699694 0.500000000 0.500000000 0.000000000 0.000000000 0.367066830 -0.010084547 0.930139899 -2.664624637 -0.096446067 0.994139254 0.048839532 -0.870083273 -0.925181091 -0.107635714 0.363942921 -6.625773321
245745000 0.510581054 0.907699694 0.500000000 0.500000000 0.000000000 0.000000000 0.358518690 -0.009745951 0.933471680 -2.731481749 -0.098975979 0.993912518 0.048390713 -0.879882140 -0.928260803 -0.109740250 0.355371594 -6.631533228
245779000 0.510581054 0.907699694 0.500000000 0.500000000 0.000000000 0.000000000 0.350008488 -0.009068259 0.936702609 -2.797429262 -0.102198176 0.993614614 0.047806617 -0.894336647 -0.931154966 -0.112462021 0.346846789 -6.637123946
245812000 0.510581054 0.907699694 0.500000000 0.500000000 0.000000000 0.000000000 0.340522140 -0.008845990 0.940194905 -2.870641284 -0.104715250 0.993378103 0.047272407 -0.902491139 -0.934387147 -0.114550047 0.337340921 -6.640158150
245845000 0.510581054 0.907699694 0.500000000 0.500000000 0.000000000 0.000000000 0.330350667 -0.008360897 0.943821251 -2.949188256 -0.107899681 0.993070722 0.046563581 -0.913986556 -0.937670588 -0.117220320 0.327159464 -6.640294337
245879000 0.510581054 0.907699694 0.500000000 0.500000000 0.000000000 0.000000000 0.319440514 -0.007666929 0.947575331 -3.034878787 -0.111395225 0.992730141 0.045585122 -0.926074897 -0.941036046 -0.120117098 0.316264153 -6.637160621
245912000 0.510581054 0.907699694 0.500000000 0.500000000 0.000000000 0.000000000 0.308269918 -0.006898349 0.951273918 -3.121522484 -0.114954591 0.992375791 0.044448603 -0.938153488 -0.944327831 -0.123055473 0.305126607 -6.631985985
245946000 0.510581054 0.907699694 0.500000000 0.500000000 0.000000000 0.000000000 0.296611726 -0.006499022 0.954976022 -3.210629462 -0.117514245 0.992128909 0.043251317 -0.942096435 -0.947740436 -0.125052139 0.293513358 -6.623899380
245979000 0.510581054 0.907699694 0.500000000 0.500000000 0.000000000 0.000000000 0.290568829 -0.005970238 0.956835449 -3.256387704 -0.119285934 0.991953611 0.042413741 -0.947043687 -0.949389577 -0.126461133 0.287518620 -6.617944263
246012000 0.510581054 0.907699694 0.500000000 0.500000000 0.000000000 0.000000000 0.278173298 -0.005379832 0.960515857 -3.349853448 -0.121911623 0.991699517 0.040861100 -0.949929040 -0.952762902 -0.128464520 0.275208443 -6.604626155
246046000 0.510581054 0.907699694 0.500000000 0.500000000 0.000000000 0.000000000 0.264457077 -0.004465186 0.964387119 -3.451854603 -0.126461595 0.991193950 0.039267976 -0.967369645 -0.956070065 -0.132342637 0.261563599 -6.585183758
