https://www.youtube.com/watch?v=G4ZSmts1DG0
211244367 0.476400565 0.846934357 0.500000000 0.500000000 0.000000000 0.000000000 0.998577356 -0.005042016 0.053083684 0.052451151 0.005314595 0.999973416 -0.004994981 -0.007659833 -0.053057086 0.005269993 0.998577595 0.036746680
211277733 0.476400565 0.846934357 0.500000000 0.500000000 0.000000000 0.000000000 0.998850346 -0.004844407 0.047692250 0.046422941 0.005067372 0.999976814 -0.004555304 -0.007537805 -0.047669075 0.004791742 0.998851717 0.031292732
211311100 0.476400565 0.846934357 0.500000000 0.500000000 0.000000000 0.000000000 0.999100626 -0.004549781 0.042157866 0.040289343 0.004717553 0.999981344 -0.003880988 -0.007286864 -0.042139422 0.004076379 0.999103427 0.025830208
211344467 0.476400565 0.846934357 0.500000000 0.500000000 0.000000000 0.000000000 0.999333322 -0.004196366 0.036266357 0.034599699 0.004307482 0.999986291 -0.002986311 -0.008235140 -0.036253326 0.003140536 0.999337673 0.020046730
211377833 0.476400565 0.846934357 0.500000000 0.500000000 0.000000000 0.000000000 0.999536693 -0.003802052 0.030198714 0.028859273 0.003889493 0.999988437 -0.002837291 -0.007871957 -0.030187577 0.002953434 0.999539912 0.013929163
211411200 0.476400565 0.846934357 0.500000000 0.500000000 0.000000000 0.000000000 0.999702573 -0.003446989 0.024142697 0.022710085 0.003504835 0.999991059 -0.002354083 -0.008384382 -0.024134368 0.002437999 0.999705732 0.006693529
211444567 0.476400565 0.846934357 0.500000000 0.500000000 0.000000000 0.000000000 0.999833643 -0.003123294 0.017969094 0.017708764 0.003152014 0.999993801 -0.001570162 -0.008656801 -0.017964080 0.001626539 0.999837339 -0.000191542
211477933 0.476400565 0.846934357 0.500000000 0.500000000 0.000000000 0.000000000 0.999926448 -0.002742562 0.011815073 0.012725440 0.002750446 0.999996006 -0.000651118 -0.009991951 -0.011813240 0.000683566 0.999929965 -0.008258298
211511300 0.476400565 0.846934357 0.500000000 0.500000000 0.000000000 0.000000000 0.999980450 -0.002189609 0.005853529 0.007805346 0.002190729 0.999997556 -0.000184805 -0.010956921 -0.005853110 0.000197625 0.999982834 -0.016580320
211544667 0.476400565 0.846934357 0.500000000 0.500000000 0.000000000 0.000000000 0.999998510 -0.001733551 -0.000115094 0.003073840 0.001733562 0.999998510 0.000102402 -0.011753086 0.000114917 -0.000102601 1.000000000 -0.025920947
211578033 0.476400565 0.846934357 0.500000000 0.500000000 0.000000000 0.000000000 0.999980450 -0.001369222 -0.006097476 -0.001809412 0.001373337 0.999998808 0.000670645 -0.012280518 0.006096550 -0.000679006 0.999981165 -0.036071195
211611400 0.476400565 0.846934357 0.500000000 0.500000000 0.000000000 0.000000000 0.999926805 -0.000968446 -0.012058737 -0.006736707 0.000984779 0.999998629 0.001348561 -0.012738653 0.012057413 -0.001360337 0.999926388 -0.046985197
211644767 0.476400565 0.846934357 0.500000000 0.500000000 0.000000000 0.000000000 0.999832749 -0.000779709 -0.018272553 -0.010753964 0.000816800 0.999997616 0.002022469 -0.013753385 0.018270932 -0.002037056 0.999831021 -0.058081540
211678133 0.476400565 0.846934357 0.500000000 0.500000000 0.000000000 0.000000000 0.999699116 -0.000451590 -0.024525123 -0.013902548 0.000506935 0.999997318 0.002250495 -0.013602611 0.024524041 -0.002262251 0.999696672 -0.070335945
211711500 0.476400565 0.846934357 0.500000000 0.500000000 0.000000000 0.000000000 0.999532819 -0.000222454 -0.030563433 -0.017289156 0.000312796 0.999995589 0.002951135 -0.013668043 0.030562641 -0.002959316 0.999528468 -0.083437439
211744867 0.476400565 0.846934357 0.500000000 0.500000000 0.000000000 0.000000000 0.999337077 0.000226205 -0.036406070 -0.020693986 -0.000092624 0.999993265 0.003670831 -0.013321615 0.036406655 -0.003665025 0.999330342 -0.096838104
211778233 0.476400565 0.846934357 0.500000000 0.500000000 0.000000000 0.000000000 0.999105752 0.000363150 -0.042279538 -0.022995642 -0.000192679 0.999991834 0.004036007 -0.013233411 0.042280659 -0.004024252 0.999097645 -0.110135742
211811600 0.476400565 0.846934357 0.500000000 0.500000000 0.000000000 0.000000000 0.998832881 0.000679954 -0.048295446 -0.025707401 -0.000484573 0.999991655 0.004057140 -0.012662779 0.048297800 -0.004029003 0.998824835 -0.124007646
211844967 0.476400565 0.846934357 0.500000000 0.500000000 0.000000000 0.000000000 0.998509169 0.000881388 -0.054576803 -0.027718332 -0.000667051 0.999992013 0.003945344 -0.011741889 0.054579847 -0.003903057 0.998501778 -0.138809224
211878333 0.476400565 0.846934357 0.500000000 0.500000000 0.000000000 0.000000000 0.998157978 0.001100162 -0.060658310 -0.029885122 -0.000855255 0.999991357 0.004063298 -0.010968660 0.060662255 -0.004003935 0.998150349 -0.154071493
211911700 0.476400565 0.846934357 0.500000000 0.500000000 0.000000000 0.000000000 0.997766435 0.001586698 -0.066780530 -0.031700402 -0.001295148 0.999989450 0.004408861 -0.010943932 0.066786818 -0.004312523 0.997757971 -0.169413431
211945067 0.476400565 0.846934357 0.500000000 0.500000000 0.000000000 0.000000000 0.997343898 0.001662113 -0.072817229 -0.033192496 -0.001339814 0.999989092 0.004474761 -0.011431546 0.072823875 -0.004365314 0.997335255 -0.184948490
211978433 0.476400565 0.846934357 0.500000000 0.500000000 0.000000000 0.000000000 0.996879458 0.001808502 -0.078917876 -0.034542127 -0.001463099 0.999989092 0.004434332 -0.011366260 0.078925036 -0.004305030 0.996871233 -0.200906531
212011800 0.476400565 0.846934357 0.500000000 0.500000000 0.000000000 0.000000000 0.996385276 0.002264407 -0.084919348 -0.036074483 -0.001889647 0.999988139 0.004493256 -0.010340828 0.084928513 -0.004316547 0.996377707 -0.216406146
212045167 0.476400565 0.846934357 0.500000000 0.500000000 0.000000000 0.000000000 0.995861590 0.002598927 -0.090845503 -0.037567000 -0.002155615 0.999985278 0.004977629 -0.010978996 0.090857103 -0.004761201 0.995852530 -0.232061438
212078533 0.476400565 0.846934357 0.500000000 0.500000000 0.000000000 0.000000000 0.995300055 0.003337505 -0.096781559 -0.038819599 -0.002874910 0.999983788 0.004918838 -0.009702525 0.096796408 -0.004617481 0.995293498 -0.247041141
212111900 0.476400565 0.846934357 0.500000000 0.500000000 0.000000000 0.000000000 0.994716644 0.003637214 -0.102594040 -0.039794428 -0.003178664 0.999984205 0.004632691 -0.009143437 0.102609269 -0.004282103 0.994712532 -0.262617517
212145267 0.476400565 0.846934357 0.500000000 0.500000000 0.000000000 0.000000000 0.994108975 0.003862140 -0.108316518 -0.040738077 -0.003375192 0.999983370 0.004678579 -0.008523672 0.108332783 -0.004285428 0.994105458 -0.278682189
212178633 0.476400565 0.846934357 0.500000000 0.500000000 0.000000000 0.000000000 0.993479013 0.004272403 -0.113934815 -0.042085624 -0.003730909 0.999980688 0.004965479 -0.007758130 0.113953829 -0.004508018 0.993475795 -0.294475958
212212000 0.476400565 0.846934357 0.500000000 0.500000000 0.000000000 0.000000000 0.992816031 0.004569057 -0.119563498 -0.043766719 -0.003987987 0.999979079 0.005098752 -0.007772024 0.119584292 -0.004585305 0.992813468 -0.309756522
212245367 0.476400565 0.846934357 0.500000000 0.500000000 0.000000000 0.000000000 0.992087960 0.004655970 -0.125458211 -0.044966391 -0.004091778 0.999980330 0.004754365 -0.007441650 0.125477880 -0.004203402 0.992087483 -0.325526222
212278733 0.476400565 0.846934357 0.500000000 0.500000000 0.000000000 0.000000000 0.991294682 0.004732142 -0.131576911 -0.045355240 -0.004136659 0.999979913 0.004798703 -0.007184426 0.131596968 -0.004212640 0.991294324 -0.341670759
212312100 0.476400565 0.846934357 0.500000000 0.500000000 0.000000000 0.000000000 0.990482569 0.005031880 -0.137546077 -0.045010098 -0.004371698 0.999977410 0.005101377 -0.006687404 0.137568653 -0.004451515 0.990482211 -0.357341681
212345467 0.476400565 0.846934357 0.500000000 0.500000000 0.000000000 0.000000000 0.989710331 0.005750579 -0.142969877 -0.046214737 -0.005011787 0.999972165 0.005527049 -0.007615059 0.142997682 -0.004753643 0.989711583 -0.372374767
212378833 0.476400565 0.846934357 0.500000000 0.500000000 0.000000000 0.000000000 0.988934577 0.006139799 -0.148225263 -0.047480412 -0.005440525 0.999972105 0.005122645 -0.007509677 0.148252577 -0.004259537 0.988940358 -0.387617478
212412200 0.476400565 0.846934357 0.500000000 0.500000000 0.000000000 0.000000000 0.988127470 0.006311445 -0.153506428 -0.049249281 -0.005590234 0.999971211 0.005129419 -0.008530301 0.153534383 -0.004210383 0.988134325 -0.403541782
212445567 0.476400565 0.846934357 0.500000000 0.500000000 0.000000000 0.000000000 0.987223327 0.006289606 -0.159218639 -0.050080124 -0.005530548 0.999971151 0.005210053 -0.009194973 0.159246802 -0.004262919 0.987229586 -0.419459396
212478933 0.476400565 0.846934357 0.500000000 0.500000000 0.000000000 0.000000000 0.986332893 0.006679344 -0.164629251 -0.051916485 -0.005896594 0.999968886 0.005242877 -0.010497995 0.164659142 -0.004200471 0.986341596 -0.435597769
212512300 0.476400565 0.846934357 0.500000000 0.500000000 0.000000000 0.000000000 0.985461652 0.007288883 -0.169741482 -0.054498901 -0.006562505 0.999966741 0.004839966 -0.011115916 0.169771105 -0.003655672 0.985476732 -0.452859333
212545667 0.476400565 0.846934357 0.500000000 0.500000000 0.000000000 0.000000000 0.984612882 0.007488180 -0.174589172 -0.057658942 -0.006765865 0.999965906 0.004732063 -0.012462801 0.174618661 -0.003478003 0.984629989 -0.470562428
212579033 0.476400565 0.846934357 0.500000000 0.500000000 0.000000000 0.000000000 0.983756304 0.007842221 -0.179337785 -0.060478923 -0.007100070 0.999963343 0.004779780 -0.013592016 0.179368705 -0.003428828 0.983775973 -0.488705515
212612400 0.476400565 0.846934357 0.500000000 0.500000000 0.000000000 0.000000000 0.982954919 0.008291013 -0.183659568 -0.064475263 -0.007621668 0.999961495 0.004350096 -0.014244783 0.183688566 -0.002876156 0.982980311 -0.507219960
212645767 0.476400565 0.846934357 0.500000000 0.500000000 0.000000000 0.000000000 0.982129991 0.008356871 -0.188018262 -0.068429033 -0.007792451 0.999962628 0.003740905 -0.016032376 0.188042492 -0.002208932 0.982158422 -0.526476222
212679133 0.476400565 0.846934357 0.500000000 0.500000000 0.000000000 0.000000000 0.981317937 0.008556227 -0.192202702 -0.073474580 -0.008169195 0.999962687 0.002806049 -0.015819131 0.192219540 -0.001183485 0.981351256 -0.546725566
212712500 0.476400565 0.846934357 0.500000000 0.500000000 0.000000000 0.000000000 0.980467737 0.008649266 -0.196489632 -0.078077879 -0.008288295 0.999962091 0.002659341 -0.017186011 0.196505189 -0.000978834 0.980502307 -0.567469898
212745867 0.476400565 0.846934357 0.500000000 0.500000000 0.000000000 0.000000000 0.979633570 0.009096446 -0.200587481 -0.083554440 -0.008789985 0.999958456 0.002418417 -0.018636143 0.200601146 -0.000606002 0.979672790 -0.588990751
212779233 0.476400565 0.846934357 0.500000000 0.500000000 0.000000000 0.000000000 0.978778422 0.009292932 -0.204710558 -0.088798490 -0.009133095 0.999956787 0.001725627 -0.020109055 0.204717755 0.000180634 0.978821039 -0.611879682
212812600 0.476400565 0.846934357 0.500000000 0.500000000 0.000000000 0.000000000 0.977924943 0.009426700 -0.208743706 -0.093680402 -0.009481696 0.999954760 0.000737200 -0.020226919 0.208741218 0.001258318 0.977970123 -0.635737513
212845967 0.476400565 0.846934357 0.500000000 0.500000000 0.000000000 0.000000000 0.977117896 0.009745816 -0.212475136 -0.099618217 -0.009899634 0.999950945 0.000339938 -0.020603830 0.212468028 0.001771267 0.977166414 -0.661098108
212879333 0.476400565 0.846934357 0.500000000 0.500000000 0.000000000 0.000000000 0.976324618 0.009844862 -0.216086268 -0.105801914 -0.010067855 0.999949336 0.000068809 -0.021887441 0.216076002 0.002108346 0.976374269 -0.686877398
212912700 0.476400565 0.846934357 0.500000000 0.500000000 0.000000000 0.000000000 0.975517094 0.010308322 -0.219681844 -0.111803431 -0.010673804 0.999942899 -0.000476802 -0.022380493 0.219664395 0.002809970 0.975571454 -0.712911618
212946067 0.476400565 0.846934357 0.500000000 0.500000000 0.000000000 0.000000000 0.974690437 0.010323877 -0.223320276 -0.117958340 -0.010918949 0.999939382 -0.001429985 -0.022461449 0.223291978 0.003832216 0.974744081 -0.739622016
212979433 0.476400565 0.846934357 0.500000000 0.500000000 0.000000000 0.000000000 0.973856509 0.010352100 -0.226927996 -0.124511673 -0.011127102 0.999935806 -0.002136206 -0.022931640 0.226891309 0.004605410 0.973909199 -0.766973883
213012800 0.476400565 0.846934357 0.500000000 0.500000000 0.000000000 0.000000000 0.973040402 0.010561455 -0.230392888 -0.131579588 -0.011415374 0.999932051 -0.002373692 -0.023944899 0.230352148 0.004939719 0.973094821 -0.794367564
213046167 0.476400565 0.846934357 0.500000000 0.500000000 0.000000000 0.000000000 0.972225666 0.010558101 -0.233807191 -0.138420835 -0.011492827 0.999930501 -0.002635735 -0.024919717 0.233763114 0.005249635 0.972279429 -0.821419451
213079533 0.476400565 0.846934357 0.500000000 0.500000000 0.000000000 0.000000000 0.971399605 0.010602017 -0.237213820 -0.145376398 -0.011693694 0.999926507 -0.003195480 -0.025323793 0.237162501 0.005877994 0.971452236 -0.848235464
213112900 0.476400565 0.846934357 0.500000000 0.500000000 0.000000000 0.000000000 0.970616043 0.010649181 -0.240397826 -0.153114473 -0.011949603 0.999920785 -0.003952361 -0.025077097 0.240336686 0.006708883 0.970666409 -0.874822919
213146267 0.476400565 0.846934357 0.500000000 0.500000000 0.000000000 0.000000000 0.969800055 0.010649478 -0.243668824 -0.160982267 -0.012102947 0.999916792 -0.004468551 -0.025003115 0.243600950 0.007282712 0.969848216 -0.901123028
213179633 0.476400565 0.846934357 0.500000000 0.500000000 0.000000000 0.000000000 0.968909204 0.010604062 -0.247189268 -0.167774050 -0.012195514 0.999913573 -0.004907978 -0.025341999 0.247115865 0.007769985 0.968954802 -0.926968598
213213000 0.476400565 0.846934357 0.500000000 0.500000000 0.000000000 0.000000000 0.967954993 0.010680635 -0.250896573 -0.173477614 -0.012535270 0.999904633 -0.005795058 -0.024292015 0.250810772 0.008754412 0.967996538 -0.952908512
213246367 0.476400565 0.846934357 0.500000000 0.500000000 0.000000000 0.000000000 0.967119396 0.010691000 -0.254097968 -0.179429553 -0.012730932 0.999898553 -0.006384998 -0.023669237 0.254003942 0.009409959 0.967157423 -0.978194249
213279733 0.476400565 0.846934357 0.500000000 0.500000000 0.000000000 0.000000000 0.966278672 0.010665204 -0.257277578 -0.183749588 -0.012829673 0.999895036 -0.006735743 -0.022627674 0.257178724 0.009809393 0.966314077 -1.003546705
213313100 0.476400565 0.846934357 0.500000000 0.500000000 0.000000000 0.000000000 0.965557218 0.010707481 -0.259970486 -0.188141065 -0.012869077 0.999895334 -0.006614094 -0.022312580 0.259872437 0.009731865 0.965593934 -1.028248992
213346467 0.476400565 0.846934357 0.500000000 0.500000000 0.000000000 0.000000000 0.964873612 0.010732915 -0.262495130 -0.192445049 -0.012975790 0.999892592 -0.006812449 -0.021359427 0.262393832 0.009979234 0.964909256 -1.052973861
213379833 0.476400565 0.846934357 0.500000000 0.500000000 0.000000000 0.000000000 0.964236498 0.010770316 -0.264824420 -0.197259149 -0.013151436 0.999887466 -0.007219844 -0.020166446 0.264716834 0.010444459 0.964269638 -1.077541628
213413200 0.476400565 0.846934357 0.500000000 0.500000000 0.000000000 0.000000000 0.963571668 0.010954612 -0.267225802 -0.201741350 -0.013562169 0.999876738 -0.007914132 -0.017647379 0.267106175 0.011249996 0.963601410 -1.102212862
213446567 0.476400565 0.846934357 0.500000000 0.500000000 0.000000000 0.000000000 0.962857425 0.010802037 -0.269794106 -0.205395822 -0.013545555 0.999873757 -0.008309172 -0.015297911 0.269670278 0.011655059 0.962882161 -1.127551366
213479933 0.476400565 0.846934357 0.500000000 0.500000000 0.000000000 0.000000000 0.962123573 0.010905517 -0.272395402 -0.208807514 -0.013690102 0.999871612 -0.008324121 -0.012434538 0.272269636 0.011737954 0.962149382 -1.153592437
213513300 0.476400565 0.846934357 0.500000000 0.500000000 0.000000000 0.000000000 0.961372018 0.011200801 -0.275024235 -0.211294605 -0.014013411 0.999867678 -0.008263932 -0.008888182 0.274895281 0.011798740 0.961401761 -1.180002468
213546667 0.476400565 0.846934357 0.500000000 0.500000000 0.000000000 0.000000000 0.960792720 0.011226368 -0.277040333 -0.214727213 -0.014092234 0.999865770 -0.008355659 -0.005356851 0.276909351 0.011932174 0.960821986 -1.206604442
213580033 0.476400565 0.846934357 0.500000000 0.500000000 0.000000000 0.000000000 0.960207462 0.011232412 -0.279061824 -0.217624806 -0.014256117 0.999859571 -0.008808063 -0.001031420 0.278923720 0.012435907 0.960232735 -1.232843834
213613400 0.476400565 0.846934357 0.500000000 0.500000000 0.000000000 0.000000000 0.959665716 0.011042487 -0.280926704 -0.221259789 -0.014268714 0.999853611 -0.009441341 0.004001366 0.280781329 0.013068994 0.959682763 -1.259403975
213646767 0.476400565 0.846934357 0.500000000 0.500000000 0.000000000 0.000000000 0.959088147 0.010856176 -0.282899350 -0.224643026 -0.014226108 0.999850154 -0.009860549 0.008843919 0.282749921 0.013481692 0.959098935 -1.285705672
213680133 0.476400565 0.846934357 0.500000000 0.500000000 0.000000000 0.000000000 0.958426595 0.010531917 -0.285144746 -0.226932899 -0.013950705 0.999853075 -0.009961108 0.013323221 0.284997940 0.013524961 0.958432734 -1.311352232
213713500 0.476400565 0.846934357 0.500000000 0.500000000 0.000000000 0.000000000 0.957797110 0.010410425 -0.287256479 -0.230116385 -0.013843615 0.999854922 -0.009923046 0.018387274 0.287111521 0.013480933 0.957802296 -1.337173635
213746867 0.476400565 0.846934357 0.500000000 0.500000000 0.000000000 0.000000000 0.956998110 0.010254708 -0.289912790 -0.231312048 -0.013743859 0.999855518 -0.010001699 0.023808673 0.289768338 0.013556127 0.957000792 -1.363114862
213780233 0.476400565 0.846934357 0.500000000 0.500000000 0.000000000 0.000000000 0.956237555 0.010143077 -0.292415500 -0.232168526 -0.013775620 0.999851406 -0.010366055 0.029994776 0.292266905 0.013940617 0.956235170 -1.389092125
213813600 0.476400565 0.846934357 0.500000000 0.500000000 0.000000000 0.000000000 0.955456376 0.010189379 -0.294956386 -0.232049725 -0.014035957 0.999841809 -0.010926966 0.037709697 0.294798374 0.014580234 0.955448270 -1.416099213
213846967 0.476400565 0.846934357 0.500000000 0.500000000 0.000000000 0.000000000 0.954772472 0.010303732 -0.297158837 -0.231784975 -0.014353895 0.999831378 -0.011450807 0.046821284 0.296990752 0.015198302 0.954759419 -1.443579700
213880333 0.476400565 0.846934357 0.500000000 0.500000000 0.000000000 0.000000000 0.954128504 0.010517537 -0.299212635 -0.230666588 -0.014635622 0.999826491 -0.011525422 0.056057960 0.299039483 0.015375896 0.954116881 -1.471011705
213913700 0.476400565 0.846934357 0.500000000 0.500000000 0.000000000 0.000000000 0.953606606 0.010592229 -0.300869137 -0.230406592 -0.014816953 0.999821007 -0.011763291 0.066479791 0.300690681 0.015675515 0.953592896 -1.498280444
213947067 0.476400565 0.846934357 0.500000000 0.500000000 0.000000000 0.000000000 0.953134060 0.010595310 -0.302362651 -0.230802498 -0.014948462 0.999815226 -0.012086598 0.078332205 0.302178741 0.016040007 0.953116357 -1.525561868
213980433 0.476400565 0.846934357 0.500000000 0.500000000 0.000000000 0.000000000 0.952597678 0.010503554 -0.304051489 -0.230287598 -0.015018251 0.999808908 -0.012513685 0.091831987 0.303861946 0.016486829 0.952573419 -1.551380220
214013800 0.476400565 0.846934357 0.500000000 0.500000000 0.000000000 0.000000000 0.952002883 0.010172661 -0.305920005 -0.229316731 -0.014781480 0.999809444 -0.012752643 0.105903438 0.305731982 0.016662503 0.951971829 -1.576349304
214047167 0.476400565 0.846934357 0.500000000 0.500000000 0.000000000 0.000000000 0.951488197 0.010138541 -0.307518184 -0.229706933 -0.014787219 0.999808848 -0.012790335 0.120575171 0.307329744 0.016717192 0.951456249 -1.600615460
214080533 0.476400565 0.846934357 0.500000000 0.500000000 0.000000000 0.000000000 0.951031566 0.010058076 -0.308930039 -0.230913962 -0.014763334 0.999807835 -0.012896945 0.134808800 0.308740944 0.016826238 0.950997293 -1.622374934
214113900 0.476400565 0.846934357 0.500000000 0.500000000 0.000000000 0.000000000 0.950520456 0.009986130 -0.310501486 -0.232548033 -0.014950981 0.999795556 -0.013613869 0.150937998 0.310302049 0.017582562 0.950475395 -1.643527723
214147267 0.476400565 0.846934357 0.500000000 0.500000000 0.000000000 0.000000000 0.949985027 0.009615752 -0.312147379 -0.234726458 -0.014754900 0.999791622 -0.014106112 0.166431141 0.311946690 0.018006299 0.949928939 -1.663781626
214180633 0.476400565 0.846934357 0.500000000 0.500000000 0.000000000 0.000000000 0.949309349 0.009539174 -0.314198613 -0.236202350 -0.014714440 0.999792278 -0.014103699 0.181272232 0.313998818 0.018012030 0.949252486 -1.683281764
214214000 0.476400565 0.846934357 0.500000000 0.500000000 0.000000000 0.000000000 0.948606372 0.009510829 -0.316315532 -0.237499038 -0.014750334 0.999790728 -0.014173890 0.196401507 0.316114545 0.018111203 0.948548138 -1.701791946
214247367 0.476400565 0.846934357 0.500000000 0.500000000 0.000000000 0.000000000 0.947960436 0.009277638 -0.318252951 -0.239272035 -0.014615443 0.999789655 -0.014388475 0.211264595 0.318052530 0.018291112 0.947896659 -1.719992327
214280733 0.476400565 0.846934357 0.500000000 0.500000000 0.000000000 0.000000000 0.947217822 0.009308653 -0.320455492 -0.240026187 -0.014843324 0.999779820 -0.014832820 0.226644921 0.320246845 0.018806536 0.947147429 -1.737103831
214314100 0.476400565 0.846934357 0.500000000 0.500000000 0.000000000 0.000000000 0.946484268 0.009283897 -0.322616458 -0.240888400 -0.014955145 0.999774098 -0.015104656 0.240925783 0.322403342 0.019121094 0.946409225 -1.754332918
214347467 0.476400565 0.846934357 0.500000000 0.500000000 0.000000000 0.000000000 0.945830464 0.009316663 -0.324527293 -0.242489817 -0.015007951 0.999774277 -0.015038541 0.252907004 0.324313909 0.019094400 0.945756793 -1.771221695
214380833 0.476400565 0.846934357 0.500000000 0.500000000 0.000000000 0.000000000 0.945245504 0.009263771 -0.326228619 -0.244729959 -0.014949914 0.999776840 -0.014927064 0.263399743 0.326017529 0.018986830 0.945173025 -1.787096682
214414200 0.476400565 0.846934357 0.500000000 0.500000000 0.000000000 0.000000000 0.944634557 0.009319911 -0.327991903 -0.246992428 -0.015042958 0.999775589 -0.014915852 0.272936010 0.327779293 0.019023998 0.944562793 -1.803143444
214447567 0.476400565 0.846934357 0.500000000 0.500000000 0.000000000 0.000000000 0.944081485 0.009235121 -0.329582810 -0.249888508 -0.015018292 0.999774635 -0.015005184 0.281258917 0.329369962 0.019115888 0.944007397 -1.819044942
214480933 0.476400565 0.846934357 0.500000000 0.500000000 0.000000000 0.000000000 0.943530262 0.009274187 -0.331156462 -0.252947904 -0.015242558 0.999764740 -0.015430197 0.289124070 0.330935448 0.019606529 0.943449676 -1.835056677
214514300 0.476400565 0.846934357 0.500000000 0.500000000 0.000000000 0.000000000 0.942993939 0.009366201 -0.332678139 -0.256998869 -0.015579709 0.999750376 -0.016014598 0.297153236 0.332445115 0.020284697 0.942904413 -1.851738423
214547667 0.476400565 0.846934357 0.500000000 0.500000000 0.000000000 0.000000000 0.942436099 0.009382484 -0.334254593 -0.261585118 -0.015726540 0.999743819 -0.016278550 0.304120940 0.334016234 0.020598162 0.942342222 -1.869412967
214581033 0.476400565 0.846934357 0.500000000 0.500000000 0.000000000 0.000000000 0.941768527 0.009353686 -0.336131722 -0.265426845 -0.015791828 0.999740362 -0.016425073 0.310602906 0.335890830 0.020776751 0.941671729 -1.887664510
214614400 0.476400565 0.846934357 0.500000000 0.500000000 0.000000000 0.000000000 0.941135883 0.009380039 -0.337898314 -0.269821114 -0.016009921 0.999730051 -0.016839400 0.317945398 0.337649137 0.021257889 0.941031992 -1.906458226
214647767 0.476400565 0.846934357 0.500000000 0.500000000 0.000000000 0.000000000 0.940411747 0.009315037 -0.339910179 -0.274024275 -0.016299948 0.999710500 -0.017699743 0.327384128 0.339646876 0.022185566 0.940291345 -1.926768091
214681133 0.476400565 0.846934357 0.500000000 0.500000000 0.000000000 0.000000000 0.939614654 0.009074609 -0.342113912 -0.277423505 -0.016315363 0.999699533 -0.018292947 0.336788172 0.341845125 0.022770032 0.939480424 -1.947711655
214714500 0.476400565 0.846934357 0.500000000 0.500000000 0.000000000 0.000000000 0.938945055 0.009203719 -0.343943924 -0.282235989 -0.016610973 0.999689102 -0.018595863 0.347206609 0.343665838 0.023173738 0.938806057 -1.969184335
214747867 0.476400565 0.846934357 0.500000000 0.500000000 0.000000000 0.000000000 0.938301861 0.009070850 -0.345698297 -0.287679364 -0.016767798 0.999673486 -0.019280881 0.360234359 0.345410526 0.023887886 0.938147604 -1.991231487
214781233 0.476400565 0.846934357 0.500000000 0.500000000 0.000000000 0.000000000 0.937691987 0.009122224 -0.347347796 -0.293434818 -0.017022606 0.999661028 -0.019700225 0.373076613 0.347050339 0.024385510 0.937529445 -2.013307171
214814600 0.476400565 0.846934357 0.500000000 0.500000000 0.000000000 0.000000000 0.937068284 0.009064541 -0.349028409 -0.299323692 -0.017265121 0.999642968 -0.020391729 0.388044129 0.348718941 0.025134461 0.936890244 -2.035136138
214847967 0.476400565 0.846934357 0.500000000 0.500000000 0.000000000 0.000000000 0.936399996 0.008972595 -0.350819767 -0.305162115 -0.017415086 0.999629498 -0.020917336 0.403869485 0.350502133 0.025696550 0.936209381 -2.057690187
214881333 0.476400565 0.846934357 0.500000000 0.500000000 0.000000000 0.000000000 0.935782194 0.009084058 -0.352461636 -0.310726618 -0.017732140 0.999615550 -0.021315385 0.419405609 0.352132499 0.026196456 0.935583472 -2.079262455
214914700 0.476400565 0.846934357 0.500000000 0.500000000 0.000000000 0.000000000 0.935203731 0.009104528 -0.353993118 -0.316264629 -0.017919963 0.999605358 -0.021632854 0.434818338 0.353656471 0.026574669 0.934997797 -2.100266000
214948067 0.476400565 0.846934357 0.500000000 0.500000000 0.000000000 0.000000000 0.934780002 0.009018501 -0.355112672 -0.323494878 -0.018219538 0.999579132 -0.022574678 0.453226390 0.354759604 0.027572347 0.934550881 -2.120342285
214981433 0.476400565 0.846934357 0.500000000 0.500000000 0.000000000 0.000000000 0.934315324 0.009083334 -0.356331885 -0.329480753 -0.018674841 0.999549747 -0.023486376 0.471638503 0.355958104 0.028598122 0.934064209 -2.139098546
215014800 0.476400565 0.846934357 0.500000000 0.500000000 0.000000000 0.000000000 0.933952153 0.008944047 -0.357286096 -0.336355139 -0.018834209 0.999529421 -0.024211448 0.490687085 0.356901407 0.029341536 0.933681130 -2.157228235
215048167 0.476400565 0.846934357 0.500000000 0.500000000 0.000000000 0.000000000 0.933521390 0.008728226 -0.358415455 -0.342091596 -0.018823864 0.999517977 -0.024687720 0.509352627 0.358027220 0.029793277 0.933235705 -2.175801344
215081533 0.476400565 0.846934357 0.500000000 0.500000000 0.000000000 0.000000000 0.933140218 0.008781847 -0.359405428 -0.347794630 -0.019109266 0.999499977 -0.025192076 0.527359025 0.359004468 0.030375713 0.932841420 -2.193547410
215114900 0.476400565 0.846934357 0.500000000 0.500000000 0.000000000 0.000000000 0.932972848 0.008460744 -0.359847277 -0.356825608 -0.019176986 0.999472201 -0.026220372 0.546681707 0.359435499 0.031363681 0.932642698 -2.211307587
215148267 0.476400565 0.846934357 0.500000000 0.500000000 0.000000000 0.000000000 0.932593524 0.008349638 -0.360831797 -0.362153948 -0.019436393 0.999443531 -0.027107541 0.565847904 0.360404700 0.032293584 0.932236850 -2.229755621
215181633 0.476400565 0.846934357 0.500000000 0.500000000 0.000000000 0.000000000 0.932095408 0.008051377 -0.362123340 -0.365746376 -0.019502359 0.999418259 -0.027977662 0.585505574 0.361687422 0.033140112 0.931710243 -2.248335023
215215000 0.476400565 0.846934357 0.500000000 0.500000000 0.000000000 0.000000000 0.931721151 0.008110284 -0.363083839 -0.368609816 -0.019791931 0.999398828 -0.028464923 0.604666629 0.362634718 0.033707500 0.931321561 -2.266840329
215248367 0.476400565 0.846934357 0.500000000 0.500000000 0.000000000 0.000000000 0.931501627 0.008268106 -0.363643199 -0.372743746 -0.020146770 0.999379694 -0.028884832 0.624561336 0.363178819 0.034232505 0.931090355 -2.284007567
215281733 0.476400565 0.846934357 0.500000000 0.500000000 0.000000000 0.000000000 0.931385458 0.008442556 -0.363936603 -0.376969496 -0.020463169 0.999364495 -0.029186148 0.642918494 0.363458902 0.034630850 0.930966318 -2.300904866
215315100 0.476400565 0.846934357 0.500000000 0.500000000 0.000000000 0.000000000 0.931384802 0.008375044 -0.363939911 -0.382620951 -0.020627240 0.999343276 -0.029791605 0.660493261 0.363451391 0.035254523 0.930945873 -2.316951574
215348467 0.476400565 0.846934357 0.500000000 0.500000000 0.000000000 0.000000000 0.931283414 0.008195974 -0.364203274 -0.386730469 -0.020811157 0.999311149 -0.030726681 0.678051305 0.363700569 0.036194738 0.930812478 -2.333436639
215381833 0.476400565 0.846934357 0.500000000 0.500000000 0.000000000 0.000000000 0.931144118 0.007853592 -0.364566803 -0.390844576 -0.020827834 0.999281347 -0.031669822 0.693434619 0.364056081 0.037082307 0.930638552 -2.349449747
215415200 0.476400565 0.846934357 0.500000000 0.500000000 0.000000000 0.000000000 0.930808008 0.007518407 -0.365431160 -0.392082251 -0.020828094 0.999254882 -0.032493539 0.707626707 0.364914596 0.037856482 0.930271029 -2.366636226
215448567 0.476400565 0.846934357 0.500000000 0.500000000 0.000000000 0.000000000 0.930448949 0.007335914 -0.366348177 -0.392286016 -0.020820357 0.999242723 -0.032870151 0.718659127 0.365829617 0.038211495 0.929897070 -2.385024095
215481933 0.476400565 0.846934357 0.500000000 0.500000000 0.000000000 0.000000000 0.930186868 0.007265149 -0.367014468 -0.393087889 -0.020972529 0.999222875 -0.033374351 0.729762508 0.366486758 0.038741603 0.929616332 -2.402736917
215515300 0.476400565 0.846934357 0.500000000 0.500000000 0.000000000 0.000000000 0.929956377 0.006831570 -0.367606372 -0.394528334 -0.020825712 0.999200881 -0.034115005 0.741143143 0.367079556 0.039381132 0.929355562 -2.420289229
215548667 0.476400565 0.846934357 0.500000000 0.500000000 0.000000000 0.000000000 0.929751277 0.006767747 -0.368126005 -0.394186866 -0.020879490 0.999191225 -0.034364481 0.750179180 0.367595702 0.039636705 0.929140627 -2.439275915
215582033 0.476400565 0.846934357 0.500000000 0.500000000 0.000000000 0.000000000 0.929532349 0.006551064 -0.368682355 -0.393970472 -0.020939732 0.999166548 -0.035039797 0.760957102 0.368145525 0.040290736 0.928894818 -2.457571806
215615400 0.476400565 0.846934357 0.500000000 0.500000000 0.000000000 0.000000000 0.929223418 0.006387590 -0.369463205 -0.391259323 -0.021106733 0.999135673 -0.035810877 0.771918809 0.368915111 0.041074466 0.928555071 -2.476493415
215648767 0.476400565 0.846934357 0.500000000 0.500000000 0.000000000 0.000000000 0.928980649 0.006333040 -0.370074093 -0.388590299 -0.021350311 0.999105632 -0.036497150 0.784015847 0.369511992 0.041806344 0.928285062 -2.496284043
215682133 0.476400565 0.846934357 0.500000000 0.500000000 0.000000000 0.000000000 0.928770185 0.006083870 -0.370606244 -0.386498072 -0.021327514 0.999085903 -0.037047543 0.796589142 0.370042056 0.042312760 0.928050935 -2.515264954
215715500 0.476400565 0.846934357 0.500000000 0.500000000 0.000000000 0.000000000 0.928533912 0.005969956 -0.371199548 -0.385026641 -0.021327637 0.999077201 -0.037281800 0.809073351 0.370634437 0.042534225 0.927804351 -2.533734139
215748867 0.476400565 0.846934357 0.500000000 0.500000000 0.000000000 0.000000000 0.928208232 0.005913190 -0.372014195 -0.382976096 -0.021517195 0.999053359 -0.037807275 0.823221842 0.371438473 0.043097727 0.927456737 -2.551678773
215782233 0.476400565 0.846934357 0.500000000 0.500000000 0.000000000 0.000000000 0.927880168 0.005812964 -0.372833252 -0.380582087 -0.021754945 0.999019206 -0.038566083 0.839737276 0.372243375 0.043895669 0.927096546 -2.568373692
215815600 0.476400565 0.846934357 0.500000000 0.500000000 0.000000000 0.000000000 0.927462339 0.005782897 -0.373871803 -0.377360450 -0.021921732 0.999001503 -0.038929004 0.856540702 0.373273373 0.044301104 0.926663041 -2.584494323
215848967 0.476400565 0.846934357 0.500000000 0.500000000 0.000000000 0.000000000 0.927033186 0.005705872 -0.374935836 -0.374818083 -0.022099834 0.998977542 -0.039439395 0.875959176 0.374327451 0.044847649 0.926211476 -2.599424215
215882333 0.476400565 0.846934357 0.500000000 0.500000000 0.000000000 0.000000000 0.926515698 0.005499175 -0.376215905 -0.371577548 -0.022223566 0.998947322 -0.040128808 0.895731408 0.375599205 0.045540832 0.925662637 -2.613397886
215915700 0.476400565 0.846934357 0.500000000 0.500000000 0.000000000 0.000000000 0.926039279 0.005278629 -0.377390265 -0.368747688 -0.022448035 0.998902380 -0.041111097 0.916761160 0.376759022 0.046542160 0.925141335 -2.627425108
215949067 0.476400565 0.846934357 0.500000000 0.500000000 0.000000000 0.000000000 0.925601184 0.005169906 -0.378464907 -0.365870993 -0.022662003 0.998869836 -0.041779075 0.937423636 0.377821177 0.047247533 0.924672306 -2.642481611
215982433 0.476400565 0.846934357 0.500000000 0.500000000 0.000000000 0.000000000 0.925187945 0.005241671 -0.379473060 -0.362808207 -0.022791116 0.998867273 -0.041769318 0.955742897 0.378824294 0.047293086 0.924259424 -2.657605688
216015800 0.476400565 0.846934357 0.500000000 0.500000000 0.000000000 0.000000000 0.924921155 0.005150913 -0.380124062 -0.362172701 -0.022772264 0.998863339 -0.041874465 0.973784521 0.379476279 0.047386866 0.923987150 -2.672019078
216049167 0.476400565 0.846934357 0.500000000 0.500000000 0.000000000 0.000000000 0.924653590 0.004983878 -0.380776763 -0.361344465 -0.023036668 0.998815119 -0.042867545 0.993649825 0.380111963 0.048409455 0.923672795 -2.684706131
216082533 0.476400565 0.846934357 0.500000000 0.500000000 0.000000000 0.000000000 0.924353302 0.004771153 -0.381507754 -0.360023841 -0.023290034 0.998762727 -0.043938741 1.012684632 0.380826086 0.049500249 0.923320770 -2.697003167
216115900 0.476400565 0.846934357 0.500000000 0.500000000 0.000000000 0.000000000 0.924004316 0.004701031 -0.382353097 -0.357658502 -0.023308935 0.998757422 -0.044049248 1.027513087 0.381670922 0.049613938 0.922965765 -2.710512190
216149267 0.476400565 0.846934357 0.500000000 0.500000000 0.000000000 0.000000000 0.923709035 0.004419840 -0.383069307 -0.356614149 -0.022951735 0.998775721 -0.043820519 1.040361553 0.382406652 0.049269512 0.922679603 -2.723078684
216182633 0.476400565 0.846934357 0.500000000 0.500000000 0.000000000 0.000000000 0.923415482 0.004336190 -0.383777320 -0.356078997 -0.022925483 0.998773873 -0.043876674 1.052626212 0.383116513 0.049314681 0.922382653 -2.735168569
216216000 0.476400565 0.846934357 0.500000000 0.500000000 0.000000000 0.000000000 0.923153937 0.004023135 -0.384409457 -0.356301342 -0.023021067 0.998729229 -0.044832315 1.066975844 0.383740604 0.050236642 0.922073424 -2.746657705
216249367 0.476400565 0.846934357 0.500000000 0.500000000 0.000000000 0.000000000 0.922767818 0.003715746 -0.385338515 -0.354726375 -0.023131322 0.998684525 -0.045762312 1.080609433 0.384661555 0.051141378 0.921639860 -2.759182185
216282733 0.476400565 0.846934357 0.500000000 0.500000000 0.000000000 0.000000000 0.922472894 0.003639241 -0.386044711 -0.354255010 -0.023179678 0.998673618 -0.045974497 1.091907696 0.385365367 0.051358618 0.921333730 -2.772752955
216316100 0.476400565 0.846934357 0.500000000 0.500000000 0.000000000 0.000000000 0.922263443 0.003545220 -0.386545748 -0.355541694 -0.023106627 0.998675525 -0.045970939 1.102500354 0.385870814 0.051329084 0.921123803 -2.787176957
216349467 0.476400565 0.846934357 0.500000000 0.500000000 0.000000000 0.000000000 0.922056615 0.003445495 -0.387039751 -0.357146164 -0.023231486 0.998650193 -0.046454918 1.114965793 0.386357278 0.051825572 0.920892060 -2.801986440
216382833 0.476400565 0.846934357 0.500000000 0.500000000 0.000000000 0.000000000 0.921793997 0.003370435 -0.387665421 -0.358172029 -0.023339668 0.998630881 -0.046814971 1.126228706 0.386976868 0.052201740 0.920610607 -2.817497614
216416200 0.476400565 0.846934357 0.500000000 0.500000000 0.000000000 0.000000000 0.921489179 0.003111459 -0.388391525 -0.359418385 -0.023349125 0.998603165 -0.047397673 1.138956473 0.387701511 0.052745048 0.920274675 -2.833050554
216449567 0.476400565 0.846934357 0.500000000 0.500000000 0.000000000 0.000000000 0.921281815 0.003016621 -0.388883919 -0.362051166 -0.023353543 0.998594403 -0.047579270 1.150803195 0.388193786 0.052915733 0.920057356 -2.850155961
216482933 0.476400565 0.846934357 0.500000000 0.500000000 0.000000000 0.000000000 0.920959949 0.002966169 -0.389645934 -0.362908291 -0.023380291 0.998589993 -0.047659487 1.163014960 0.388955176 0.053002514 0.919730723 -2.867747576
216516300 0.476400565 0.846934357 0.500000000 0.500000000 0.000000000 0.000000000 0.920676529 0.002684271 -0.390317172 -0.365155734 -0.023270166 0.998575151 -0.048022099 1.177307477 0.389632106 0.053295564 0.919427216 -2.884727397
216549667 0.476400565 0.846934357 0.500000000 0.500000000 0.000000000 0.000000000 0.920344830 0.002490861 -0.391099960 -0.366353246 -0.023377832 0.998542070 -0.048653644 1.194280313 0.390408576 0.053921197 0.919061303 -2.901750414
216583033 0.476400565 0.846934357 0.500000000 0.500000000 0.000000000 0.000000000 0.920090020 0.002544071 -0.391698748 -0.367350370 -0.023658173 0.998514295 -0.049087103 1.211148950 0.390991896 0.054431431 0.918783188 -2.918019212
216616400 0.476400565 0.846934357 0.500000000 0.500000000 0.000000000 0.000000000 0.920084059 0.002364276 -0.391713828 -0.371152102 -0.023626175 0.998496234 -0.049468122 1.228575688 0.391007811 0.054769531 0.918756306 -2.934050878
216649767 0.476400565 0.846934357 0.500000000 0.500000000 0.000000000 0.000000000 0.919968545 0.002074806 -0.391986638 -0.373707716 -0.023407562 0.998492301 -0.049651038 1.246013531 0.391292632 0.054852847 0.918630123 -2.949349403
216683133 0.476400565 0.846934357 0.500000000 0.500000000 0.000000000 0.000000000 0.919819176 0.001893599 -0.392338037 -0.375763827 -0.023472175 0.998462796 -0.050210446 1.265412159 0.391639858 0.055393558 0.918449640 -2.963150106
216716500 0.476400565 0.846934357 0.500000000 0.500000000 0.000000000 0.000000000 0.919590652 0.001758553 -0.392873973 -0.376218906 -0.023569187 0.998435855 -0.050698709 1.284376379 0.392170310 0.055881776 0.918193698 -2.976021397
216749867 0.476400565 0.846934357 0.500000000 0.500000000 0.000000000 0.000000000 0.919290125 0.001625244 -0.393577158 -0.374100313 -0.023652146 0.998412311 -0.051122174 1.304138652 0.392869204 0.056305055 0.917869031 -2.989024254
216783233 0.476400565 0.846934357 0.500000000 0.500000000 0.000000000 0.000000000 0.919182897 0.001558317 -0.393827885 -0.374177190 -0.023650238 0.998405874 -0.051248431 1.321998573 0.393120199 0.056420803 0.917754412 -3.000335503
216816600 0.476400565 0.846934357 0.500000000 0.500000000 0.000000000 0.000000000 0.919003904 0.001560680 -0.394245356 -0.372021374 -0.023785908 0.998390019 -0.051493756 1.339826244 0.393530279 0.056700446 0.917561412 -3.011807520
216849967 0.476400565 0.846934357 0.500000000 0.500000000 0.000000000 0.000000000 0.918961227 0.001464738 -0.394345224 -0.372146905 -0.023917612 0.998359144 -0.052028071 1.357516095 0.393621981 0.057243574 0.917488396 -3.022245276
216883333 0.476400565 0.846934357 0.500000000 0.500000000 0.000000000 0.000000000 0.918793499 0.001270670 -0.394736528 -0.369520139 -0.023918834 0.998336554 -0.052460086 1.373873853 0.394013226 0.057641622 0.917295516 -3.032641024
216916700 0.476400565 0.846934357 0.500000000 0.500000000 0.000000000 0.000000000 0.918919861 0.001307259 -0.394442052 -0.370587522 -0.024049709 0.998319745 -0.052719258 1.389257956 0.393710375 0.057930991 0.917407274 -3.042704164
216950067 0.476400565 0.846934357 0.500000000 0.500000000 0.000000000 0.000000000 0.918966889 0.001279629 -0.394332677 -0.370369499 -0.023971399 0.998326659 -0.052624177 1.401449560 0.393605471 0.057812579 0.917459786 -3.054505541
216983433 0.476400565 0.846934357 0.500000000 0.500000000 0.000000000 0.000000000 0.918933868 0.001216777 -0.394409806 -0.369613961 -0.024083277 0.998302400 -0.053031713 1.414294268 0.393675715 0.058231317 0.917403162 -3.065109529
217016800 0.476400565 0.846934357 0.500000000 0.500000000 0.000000000 0.000000000 0.918824553 0.001075672 -0.394664824 -0.368501824 -0.024208652 0.998266876 -0.053639684 1.425971646 0.393923104 0.058839761 0.917258143 -3.077119971
217050167 0.476400565 0.846934357 0.500000000 0.500000000 0.000000000 0.000000000 0.918696523 0.000792429 -0.394963324 -0.367389493 -0.024244880 0.998225272 -0.054391541 1.436983234 0.394219279 0.059545159 0.917085350 -3.090497101
217083533 0.476400565 0.846934357 0.500000000 0.500000000 0.000000000 0.000000000 0.918481767 0.000713472 -0.395462662 -0.365196115 -0.024342444 0.998204112 -0.054735638 1.445450305 0.394713402 0.059900213 0.916849673 -3.104721550
217116900 0.476400565 0.846934357 0.500000000 0.500000000 0.000000000 0.000000000 0.918263793 0.000562967 -0.395968735 -0.362173782 -0.024316661 0.998191774 -0.054971915 1.453601773 0.395221800 0.060107358 0.916617036 -3.120740807
217150267 0.476400565 0.846934357 0.500000000 0.500000000 0.000000000 0.000000000 0.918171883 0.000422163 -0.396182090 -0.360062880 -0.024260474 0.998182654 -0.055161227 1.461115795 0.395438820 0.060259052 0.916513503 -3.137604828
217183633 0.476400565 0.846934357 0.500000000 0.500000000 0.000000000 0.000000000 0.918254018 0.000197093 -0.395991772 -0.360523815 -0.024126297 0.998170018 -0.055448972 1.467581863 0.395256191 0.060470056 0.916578352 -3.153049046
217217000 0.476400565 0.846934357 0.500000000 0.500000000 0.000000000 0.000000000 0.918317914 -0.000009843 -0.395843685 -0.360343657 -0.024142228 0.998137057 -0.056032378 1.474677702 0.395106792 0.061012086 0.916606843 -3.168574047
217250367 0.476400565 0.846934357 0.500000000 0.500000000 0.000000000 0.000000000 0.918134749 -0.000367346 -0.396268159 -0.356636523 -0.024049276 0.998104632 -0.056646302 1.482174390 0.395537883 0.061538897 0.916385710 -3.186123322
217283733 0.476400565 0.846934357 0.500000000 0.500000000 0.000000000 0.000000000 0.917909622 -0.000546128 -0.396789134 -0.352331374 -0.024063878 0.998081744 -0.057041746 1.489585155 0.396059155 0.061907452 0.916135669 -3.203485085
217317100 0.476400565 0.846934357 0.500000000 0.500000000 0.000000000 0.000000000 0.917642653 -0.000856966 -0.397405595 -0.346929146 -0.023986269 0.998055100 -0.057538502 1.499028731 0.396681994 0.062332060 0.915837407 -3.221311226
217350467 0.476400565 0.846934357 0.500000000 0.500000000 0.000000000 0.000000000 0.917442203 -0.000893395 -0.397868097 -0.340519124 -0.024151370 0.998028398 -0.057931561 1.510174887 0.397135407 0.062757917 0.915611744 -3.238713564
217383833 0.476400565 0.846934357 0.500000000 0.500000000 0.000000000 0.000000000 0.917308629 -0.001005977 -0.398175627 -0.334999463 -0.024230504 0.998002470 -0.058343146 1.522792614 0.397438943 0.063166671 0.915451944 -3.256055316
217417200 0.476400565 0.846934357 0.500000000 0.500000000 0.000000000 0.000000000 0.917180598 -0.001201162 -0.398470014 -0.329361981 -0.024241609 0.997974992 -0.058806591 1.538061984 0.397733748 0.063595816 0.915294170 -3.272609962
217450567 0.476400565 0.846934357 0.500000000 0.500000000 0.000000000 0.000000000 0.917352915 -0.001376693 -0.398072511 -0.327014259 -0.024149049 0.997959793 -0.059102509 1.554496670 0.397341698 0.063830934 0.915448070 -3.288363320
217483933 0.476400565 0.846934357 0.500000000 0.500000000 0.000000000 0.000000000 0.917528689 -0.001552565 -0.397666633 -0.325289993 -0.024058290 0.997943997 -0.059405398 1.571698035 0.396941245 0.064073332 0.915604830 -3.302604262
217517300 0.476400565 0.846934357 0.500000000 0.500000000 0.000000000 0.000000000 0.917512655 -0.001750879 -0.397702724 -0.322908975 -0.024012195 0.997922122 -0.059790220 1.589663694 0.396981031 0.064407997 0.915564120 -3.315843251
217550667 0.476400565 0.846934357 0.500000000 0.500000000 0.000000000 0.000000000 0.917333722 -0.002084293 -0.398113608 -0.320684305 -0.023917357 0.997891605 -0.060334779 1.607915824 0.397399992 0.064868957 0.915349782 -3.327579247
217584033 0.476400565 0.846934357 0.500000000 0.500000000 0.000000000 0.000000000 0.916925132 -0.002450240 -0.399051785 -0.315557316 -0.023988811 0.997834325 -0.061247382 1.628437658 0.398337603 0.065732040 0.914880574 -3.339964973
217617400 0.476400565 0.846934357 0.500000000 0.500000000 0.000000000 0.000000000 0.916481256 -0.002846927 -0.400067478 -0.310770986 -0.023839192 0.997809291 -0.061711751 1.646986528 0.399366736 0.066094950 0.914405644 -3.352347620
217650767 0.476400565 0.846934357 0.500000000 0.500000000 0.000000000 0.000000000 0.916079879 -0.003133069 -0.400983572 -0.306846649 -0.023640260 0.997808278 -0.061804451 1.665097751 0.400298357 0.066097170 0.913998008 -3.364511632
217684133 0.476400565 0.846934357 0.500000000 0.500000000 0.000000000 0.000000000 0.915747941 -0.002909793 -0.401742756 -0.301979441 -0.023763150 0.997830689 -0.061393853 1.681160557 0.401049912 0.065767966 0.913692236 -3.377744344
217717500 0.476400565 0.846934357 0.500000000 0.500000000 0.000000000 0.000000000 0.915406287 -0.002842818 -0.402521163 -0.297639373 -0.023943700 0.997819901 -0.061499462 1.699494490 0.401818424 0.065934837 0.913342535 -3.388830249
217750867 0.476400565 0.846934357 0.500000000 0.500000000 0.000000000 0.000000000 0.915052593 -0.002636207 -0.403325886 -0.293173428 -0.024407251 0.997784138 -0.061896063 1.718542734 0.402595311 0.066482231 0.912960649 -3.398918007
217784233 0.476400565 0.846934357 0.500000000 0.500000000 0.000000000 0.000000000 0.914691865 -0.002549155 -0.404143959 -0.288595715 -0.024730098 0.997753263 -0.062264562 1.736193832 0.403394669 0.066947408 0.912573695 -3.408670774
217817600 0.476400565 0.846934357 0.500000000 0.500000000 0.000000000 0.000000000 0.914390981 -0.002403842 -0.404825121 -0.285547644 -0.025012946 0.997736335 -0.062422045 1.752147562 0.404058814 0.067204021 0.912261009 -3.418031767
217850967 0.476400565 0.846934357 0.500000000 0.500000000 0.000000000 0.000000000 0.914086103 -0.002142353 -0.405514508 -0.281171029 -0.025333602 0.997731090 -0.062376525 1.766036665 0.404728055 0.067290656 0.911957860 -3.428605671
217884333 0.476400565 0.846934357 0.500000000 0.500000000 0.000000000 0.000000000 0.913891554 -0.002159725 -0.405952662 -0.280450711 -0.025403460 0.997721791 -0.062496971 1.778745075 0.405162811 0.067428060 0.911754668 -3.437383608
217917700 0.476400565 0.846934357 0.500000000 0.500000000 0.000000000 0.000000000 0.913602412 -0.002198458 -0.406602740 -0.278818955 -0.025560906 0.997696996 -0.062827662 1.791924103 0.405804455 0.067792639 0.911442220 -3.447094803
217951067 0.476400565 0.846934357 0.500000000 0.500000000 0.000000000 0.000000000 0.913247705 -0.001995046 -0.407399923 -0.276777281 -0.025835784 0.997691631 -0.062800482 1.802812654 0.406584769 0.067877889 0.911088049 -3.457762244
217984433 0.476400565 0.846934357 0.500000000 0.500000000 0.000000000 0.000000000 0.912781656 -0.002310076 -0.408441246 -0.274531248 -0.025834315 0.997655213 -0.063376918 1.815231742 0.407629967 0.068401091 0.910581768 -3.468592146
218017800 0.476400565 0.846934357 0.500000000 0.500000000 0.000000000 0.000000000 0.912316203 -0.002180071 -0.409480602 -0.272180030 -0.026117669 0.997639954 -0.063501172 1.825513843 0.408652633 0.068627827 0.910106182 -3.480505278
218051167 0.476400565 0.846934357 0.500000000 0.500000000 0.000000000 0.000000000 0.911838412 -0.002265103 -0.410543084 -0.270241734 -0.026151434 0.997633517 -0.063588023 1.834676195 0.409715593 0.068718292 0.909621298 -3.493199477
218084533 0.476400565 0.846934357 0.500000000 0.500000000 0.000000000 0.000000000 0.911410511 -0.002172813 -0.411492586 -0.268951123 -0.026377724 0.997621000 -0.063691497 1.843843207 0.410652041 0.068903334 0.909184933 -3.506247066
218117900 0.476400565 0.846934357 0.500000000 0.500000000 0.000000000 0.000000000 0.911005259 -0.001921264 -0.412390262 -0.267131770 -0.026723092 0.997612417 -0.063681319 1.852116797 0.411527991 0.069034360 0.908778846 -3.520398469
218151267 0.476400565 0.846934357 0.500000000 0.500000000 0.000000000 0.000000000 0.910672307 -0.002000123 -0.413124621 -0.267963700 -0.026875926 0.997583210 -0.064073764 1.861986428 0.412254333 0.069453314 0.908417642 -3.533786931
218184633 0.476400565 0.846934357 0.500000000 0.500000000 0.000000000 0.000000000 0.910253704 -0.002024501 -0.414046049 -0.268117315 -0.027093682 0.997553647 -0.064441316 1.871730489 0.413163602 0.069875978 0.907972038 -3.547630132
