https://www.youtube.com/watch?v=K5dvDURG94k
112946167 0.499006497 0.887122688 0.500000000 0.500000000 0.000000000 0.000000000 0.999781370 0.000822790 0.020892357 0.182341610 -0.000885448 0.999995112 0.002990006 0.027535834 -0.020889796 -0.003007851 0.999777257 -0.177400206
112979533 0.499006497 0.887122688 0.500000000 0.500000000 0.000000000 0.000000000 0.999757946 0.000881664 0.021984387 0.189712667 -0.000955003 0.999994040 0.003325675 0.028556154 -0.021981323 -0.003345865 0.999752760 -0.185745397
113012900 0.499006497 0.887122688 0.500000000 0.500000000 0.000000000 0.000000000 0.999726117 0.000832451 0.023388455 0.196327593 -0.000918371 0.999992847 0.003663102 0.029476771 -0.023385240 -0.003683578 0.999719739 -0.193980573
113046267 0.499006497 0.887122688 0.500000000 0.500000000 0.000000000 0.000000000 0.999698520 0.000766260 0.024541045 0.204385510 -0.000859891 0.999992371 0.003804950 0.031294229 -0.024537943 -0.003824905 0.999691606 -0.204213020
113079633 0.499006497 0.887122688 0.500000000 0.500000000 0.000000000 0.000000000 0.999661922 0.000757794 0.025988754 0.211481210 -0.000858828 0.999992132 0.003876673 0.033149715 -0.025985612 -0.003897682 0.999654710 -0.215684251
113113000 0.499006497 0.887122688 0.500000000 0.500000000 0.000000000 0.000000000 0.999634922 0.000585622 0.027013075 0.220085248 -0.000690753 0.999992251 0.003882678 0.034994513 -0.027010590 -0.003899919 0.999627531 -0.229013124
113146367 0.499006497 0.887122688 0.500000000 0.500000000 0.000000000 0.000000000 0.999594867 0.000458243 0.028458377 0.227031574 -0.000572463 0.999991834 0.004005564 0.036081057 -0.028456308 -0.004020233 0.999586940 -0.241379045
113179733 0.499006497 0.887122688 0.500000000 0.500000000 0.000000000 0.000000000 0.999563575 0.000410900 0.029537193 0.235187632 -0.000534329 0.999991179 0.004170967 0.037040607 -0.029535219 -0.004184929 0.999554992 -0.253223947
113213100 0.499006497 0.887122688 0.500000000 0.500000000 0.000000000 0.000000000 0.999534369 0.000508222 0.030509407 0.243860876 -0.000640694 0.999990404 0.004332378 0.038055710 -0.030506913 -0.004349907 0.999525070 -0.265513024
113246467 0.499006497 0.887122688 0.500000000 0.500000000 0.000000000 0.000000000 0.999504209 0.000397420 0.031482205 0.252680814 -0.000540338 0.999989569 0.004531276 0.039137902 -0.031480078 -0.004546041 0.999494016 -0.278314539
113279833 0.499006497 0.887122688 0.500000000 0.500000000 0.000000000 0.000000000 0.999472678 0.000439375 0.032467984 0.261095159 -0.000591741 0.999988854 0.004683371 0.040273396 -0.032465562 -0.004700114 0.999461830 -0.290898000
113313200 0.499006497 0.887122688 0.500000000 0.500000000 0.000000000 0.000000000 0.999451935 0.000591614 0.033098783 0.270811984 -0.000755458 0.999987543 0.004937868 0.041082346 -0.033095449 -0.004960166 0.999439895 -0.303699328
113346567 0.499006497 0.887122688 0.500000000 0.500000000 0.000000000 0.000000000 0.999428153 0.000764011 0.033805441 0.280211541 -0.000941377 0.999985874 0.005231087 0.041629464 -0.033800967 -0.005259919 0.999414742 -0.317118312
113379933 0.499006497 0.887122688 0.500000000 0.500000000 0.000000000 0.000000000 0.999409258 0.000873718 0.034355663 0.289991995 -0.001066676 0.999983788 0.005598553 0.042132660 -0.034350216 -0.005631893 0.999394000 -0.330437560
113413300 0.499006497 0.887122688 0.500000000 0.500000000 0.000000000 0.000000000 0.999402404 0.000971550 0.034552880 0.300874567 -0.001179889 0.999981225 0.006009707 0.042239919 -0.034546390 -0.006046884 0.999384820 -0.342413423
113446667 0.499006497 0.887122688 0.500000000 0.500000000 0.000000000 0.000000000 0.999391258 0.001187373 0.034867503 0.310965548 -0.001410633 0.999978662 0.006379192 0.042775380 -0.034859184 -0.006424494 0.999371588 -0.353817725
113480033 0.499006497 0.887122688 0.500000000 0.500000000 0.000000000 0.000000000 0.999378681 0.001295663 0.035221819 0.320876264 -0.001536095 0.999975681 0.006799998 0.043414093 -0.035212152 -0.006849877 0.999356389 -0.364652483
113513400 0.499006497 0.887122688 0.500000000 0.500000000 0.000000000 0.000000000 0.999369025 0.001518171 0.035485122 0.332122120 -0.001769072 0.999973655 0.007040274 0.044501248 -0.035473499 -0.007098608 0.999345422 -0.375597085
113546767 0.499006497 0.887122688 0.500000000 0.500000000 0.000000000 0.000000000 0.999360323 0.001825883 0.035716102 0.342744518 -0.002087222 0.999971330 0.007281207 0.045552476 -0.035701782 -0.007351097 0.999335468 -0.387954854
113580133 0.499006497 0.887122688 0.500000000 0.500000000 0.000000000 0.000000000 0.999347448 0.001875627 0.036072202 0.352936638 -0.002143524 0.999970376 0.007389451 0.047205894 -0.036057275 -0.007461950 0.999321878 -0.398589721
113613500 0.499006497 0.887122688 0.500000000 0.500000000 0.000000000 0.000000000 0.999325514 0.002054634 0.036664963 0.362876463 -0.002318261 0.999971747 0.007149118 0.050566378 -0.036649238 -0.007229295 0.999302030 -0.409369437
113646867 0.499006497 0.887122688 0.500000000 0.500000000 0.000000000 0.000000000 0.999302685 0.002517563 0.037253208 0.372961405 -0.002777449 0.999972165 0.006926098 0.053447446 -0.037234735 -0.007024738 0.999281883 -0.420823239
113680233 0.499006497 0.887122688 0.500000000 0.500000000 0.000000000 0.000000000 0.999292552 0.002912130 0.037495315 0.383446871 -0.003184397 0.999969006 0.007203680 0.054241830 -0.037473172 -0.007317984 0.999270856 -0.433440228
113713600 0.499006497 0.887122688 0.500000000 0.500000000 0.000000000 0.000000000 0.999278486 0.003338280 0.037832923 0.392974971 -0.003616808 0.999966860 0.007295989 0.055525833 -0.037807312 -0.007427559 0.999257445 -0.447374945
113746967 0.499006497 0.887122688 0.500000000 0.500000000 0.000000000 0.000000000 0.999261618 0.003679455 0.038245630 0.402159744 -0.003966500 0.999964535 0.007432150 0.056919286 -0.038216926 -0.007578363 0.999240756 -0.460815428
113780333 0.499006497 0.887122688 0.500000000 0.500000000 0.000000000 0.000000000 0.999230206 0.004138511 0.039011382 0.409871713 -0.004436752 0.999961555 0.007561505 0.058448658 -0.038978588 -0.007728768 0.999210179 -0.474654845
113813700 0.499006497 0.887122688 0.500000000 0.500000000 0.000000000 0.000000000 0.999201953 0.004413948 0.039697990 0.418200806 -0.004719062 0.999960005 0.007595480 0.060438746 -0.039662875 -0.007776757 0.999182880 -0.488539808
113847067 0.499006497 0.887122688 0.500000000 0.500000000 0.000000000 0.000000000 0.999179602 0.004760301 0.040218428 0.426110542 -0.005072143 0.999957860 0.007655241 0.062044263 -0.040180292 -0.007852954 0.999161601 -0.502506050
113880433 0.499006497 0.887122688 0.500000000 0.500000000 0.000000000 0.000000000 0.999163508 0.005204642 0.040561628 0.434860168 -0.005519570 0.999955475 0.007656061 0.063670660 -0.040519971 -0.007873539 0.999147713 -0.515746491
113913800 0.499006497 0.887122688 0.500000000 0.500000000 0.000000000 0.000000000 0.999150991 0.005602477 0.040815685 0.444213714 -0.005922509 0.999952614 0.007724220 0.065055763 -0.040770475 -0.007959393 0.999136865 -0.529057337
113947167 0.499006497 0.887122688 0.500000000 0.500000000 0.000000000 0.000000000 0.999141812 0.006099444 0.040968731 0.453652854 -0.006417825 0.999950171 0.007644289 0.066753376 -0.040920064 -0.007900659 0.999131203 -0.543449225
113980533 0.499006497 0.887122688 0.500000000 0.500000000 0.000000000 0.000000000 0.999130189 0.006651626 0.041165061 0.463172434 -0.006969658 0.999946952 0.007587096 0.068569249 -0.041112412 -0.007867403 0.999123573 -0.558124030
114013900 0.499006497 0.887122688 0.500000000 0.500000000 0.000000000 0.000000000 0.999120176 0.006994226 0.041351076 0.472239930 -0.007313847 0.999944508 0.007583209 0.070318336 -0.041295744 -0.007878973 0.999115884 -0.573259555
114047267 0.499006497 0.887122688 0.500000000 0.500000000 0.000000000 0.000000000 0.999117851 0.007441464 0.041329831 0.482227631 -0.007760043 0.999941349 0.007553125 0.072197102 -0.041271202 -0.007867183 0.999117017 -0.587816437
114080633 0.499006497 0.887122688 0.500000000 0.500000000 0.000000000 0.000000000 0.999124765 0.007803086 0.041095715 0.492980288 -0.008120795 0.999938369 0.007569701 0.073779208 -0.041034117 -0.007896805 0.999126554 -0.602478910
114114000 0.499006497 0.887122688 0.500000000 0.500000000 0.000000000 0.000000000 0.999135077 0.008283786 0.040748663 0.504527201 -0.008582235 0.999937594 0.007154665 0.077127287 -0.040686853 -0.007498192 0.999143839 -0.618039767
114147367 0.499006497 0.887122688 0.500000000 0.500000000 0.000000000 0.000000000 0.999153078 0.008574434 0.040244289 0.516505284 -0.008869143 0.999935091 0.007150185 0.078727256 -0.040180366 -0.007501062 0.999164283 -0.633942322
114180733 0.499006497 0.887122688 0.500000000 0.500000000 0.000000000 0.000000000 0.999185026 0.008946823 0.039360706 0.530102811 -0.009218716 0.999934852 0.006731643 0.081512759 -0.039297916 -0.007089012 0.999202371 -0.650048299
114214100 0.499006497 0.887122688 0.500000000 0.500000000 0.000000000 0.000000000 0.999214649 0.009257676 0.038527913 0.543240967 -0.009515525 0.999933481 0.006514532 0.083446011 -0.038465042 -0.006876029 0.999236286 -0.666780282
114247467 0.499006497 0.887122688 0.500000000 0.500000000 0.000000000 0.000000000 0.999236763 0.009481034 0.037894193 0.555800405 -0.009720320 0.999933958 0.006135308 0.086067281 -0.037833519 -0.006498969 0.999262929 -0.682733605
114280833 0.499006497 0.887122688 0.500000000 0.500000000 0.000000000 0.000000000 0.999266386 0.009825714 0.037015144 0.569530742 -0.010043543 0.999933302 0.005703520 0.088749872 -0.036956634 -0.006071099 0.999298453 -0.697203813
114314200 0.499006497 0.887122688 0.500000000 0.500000000 0.000000000 0.000000000 0.999298096 0.010071195 0.036080882 0.583234098 -0.010270658 0.999932945 0.005347151 0.091522568 -0.036024611 -0.005713972 0.999334574 -0.714091529
114347567 0.499006497 0.887122688 0.500000000 0.500000000 0.000000000 0.000000000 0.999333084 0.010496884 0.034973931 0.597098181 -0.010668168 0.999931991 0.004714460 0.095296693 -0.034922063 -0.005084423 0.999377131 -0.732963924
114380933 0.499006497 0.887122688 0.500000000 0.500000000 0.000000000 0.000000000 0.999364614 0.010435672 0.034080070 0.609918406 -0.010590957 0.999934316 0.004379159 0.098132907 -0.034032132 -0.004737317 0.999409497 -0.751853605
114414300 0.499006497 0.887122688 0.500000000 0.500000000 0.000000000 0.000000000 0.999392986 0.010432014 0.033238333 0.623373325 -0.010579960 0.999934852 0.004278296 0.099244614 -0.033191536 -0.004627359 0.999438286 -0.768516233
114447667 0.499006497 0.887122688 0.500000000 0.500000000 0.000000000 0.000000000 0.999425888 0.010733224 0.032136362 0.637487160 -0.010865917 0.999933124 0.003957319 0.102038711 -0.032091737 -0.004304237 0.999475658 -0.784860416
114481033 0.499006497 0.887122688 0.500000000 0.500000000 0.000000000 0.000000000 0.999450803 0.010912885 0.031289946 0.649771005 -0.011027779 0.999933064 0.003501700 0.105228861 -0.031249637 -0.003844836 0.999504209 -0.803297000
114514400 0.499006497 0.887122688 0.500000000 0.500000000 0.000000000 0.000000000 0.999478281 0.010920087 0.030396340 0.662144256 -0.011022563 0.999934137 0.003205821 0.107558773 -0.030359330 -0.003539194 0.999532759 -0.821571511
114547767 0.499006497 0.887122688 0.500000000 0.500000000 0.000000000 0.000000000 0.999496162 0.011119775 0.029727940 0.673944224 -0.011208873 0.999933183 0.002832171 0.110301917 -0.029694458 -0.003163961 0.999554038 -0.840785955
114581133 0.499006497 0.887122688 0.500000000 0.500000000 0.000000000 0.000000000 0.999511898 0.011086051 0.029207412 0.684878456 -0.011166907 0.999934256 0.002606649 0.112548070 -0.029176595 -0.002931533 0.999569952 -0.860363329
114614500 0.499006497 0.887122688 0.500000000 0.500000000 0.000000000 0.000000000 0.999533236 0.010998371 0.028502632 0.695553970 -0.011067801 0.999936163 0.002279296 0.115287344 -0.028475743 -0.002593693 0.999591112 -0.878572924
114647867 0.499006497 0.887122688 0.500000000 0.500000000 0.000000000 0.000000000 0.999543250 0.011144935 0.028090650 0.704841721 -0.011204781 0.999935269 0.001973967 0.118005449 -0.028066833 -0.002287815 0.999603450 -0.896622761
114681233 0.499006497 0.887122688 0.500000000 0.500000000 0.000000000 0.000000000 0.999552011 0.011297587 0.027715135 0.714189593 -0.011350060 0.999934077 0.001736683 0.119968881 -0.027693689 -0.002050473 0.999614358 -0.915043823
114714600 0.499006497 0.887122688 0.500000000 0.500000000 0.000000000 0.000000000 0.999561667 0.011417424 0.027314283 0.723216203 -0.011467339 0.999932826 0.001671498 0.121322775 -0.027293365 -0.001983987 0.999625504 -0.932455983
114747967 0.499006497 0.887122688 0.500000000 0.500000000 0.000000000 0.000000000 0.999560833 0.011538919 0.027294107 0.730746657 -0.011583913 0.999931812 0.001490949 0.123363099 -0.027275041 -0.001806466 0.999626338 -0.950258133
114781333 0.499006497 0.887122688 0.500000000 0.500000000 0.000000000 0.000000000 0.999561071 0.011804257 0.027171232 0.738548703 -0.011844582 0.999928951 0.001323662 0.125173929 -0.027153676 -0.001644913 0.999629915 -0.968055571
114814700 0.499006497 0.887122688 0.500000000 0.500000000 0.000000000 0.000000000 0.999563813 0.011926710 0.027017001 0.745824371 -0.011967844 0.999927461 0.001361378 0.126320533 -0.026998803 -0.001684119 0.999634027 -0.985537265
114848067 0.499006497 0.887122688 0.500000000 0.500000000 0.000000000 0.000000000 0.999568045 0.011862895 0.026888043 0.753080487 -0.011901728 0.999928355 0.001284700 0.128010109 -0.026870875 -0.001604159 0.999637604 -1.003399403
114881433 0.499006497 0.887122688 0.500000000 0.500000000 0.000000000 0.000000000 0.999569952 0.011881235 0.026809506 0.759826609 -0.011915509 0.999928355 0.001119009 0.130035930 -0.026794290 -0.001437976 0.999639928 -1.021108099
114914800 0.499006497 0.887122688 0.500000000 0.500000000 0.000000000 0.000000000 0.999575973 0.011915754 0.026569150 0.766953305 -0.011940355 0.999928415 0.000767487 0.132284316 -0.026558103 -0.001084406 0.999646664 -1.039022225
114948167 0.499006497 0.887122688 0.500000000 0.500000000 0.000000000 0.000000000 0.999575138 0.012152873 0.026491357 0.772946493 -0.012164975 0.999925971 0.000295691 0.134635184 -0.026485803 -0.000617832 0.999648988 -1.058470362
114981533 0.499006497 0.887122688 0.500000000 0.500000000 0.000000000 0.000000000 0.999588311 0.012297761 0.025923345 0.780854672 -0.012299597 0.999924362 -0.000088609 0.136742438 -0.025922475 -0.000230274 0.999663949 -1.077627517
115014900 0.499006497 0.887122688 0.500000000 0.500000000 0.000000000 0.000000000 0.999614894 0.012223837 0.024911903 0.789965474 -0.012213335 0.999925256 -0.000573649 0.139630885 -0.024917053 0.000269170 0.999689460 -1.097738408
115048267 0.499006497 0.887122688 0.500000000 0.500000000 0.000000000 0.000000000 0.999639153 0.012224808 0.023918886 0.798213184 -0.012205021 0.999925017 -0.000973088 0.142365024 -0.023928989 0.000680806 0.999713421 -1.117548077
115081633 0.499006497 0.887122688 0.500000000 0.500000000 0.000000000 0.000000000 0.999667346 0.011916853 0.022873526 0.806602286 -0.011894684 0.999928653 -0.001105036 0.144082581 -0.022885064 0.000832595 0.999737740 -1.137309031
115115000 0.499006497 0.887122688 0.500000000 0.500000000 0.000000000 0.000000000 0.999689937 0.011676759 0.021993507 0.814402880 -0.011651204 0.999931276 -0.001289732 0.145726613 -0.022007056 0.001033081 0.999757290 -1.155999461
115148367 0.499006497 0.887122688 0.500000000 0.500000000 0.000000000 0.000000000 0.999711812 0.011531418 0.021054905 0.822514839 -0.011502869 0.999932766 -0.001476543 0.147690882 -0.021070516 0.001233926 0.999777257 -1.175152738
115181733 0.499006497 0.887122688 0.500000000 0.500000000 0.000000000 0.000000000 0.999735534 0.011398769 0.019972395 0.831054408 -0.011361210 0.999933481 -0.001993041 0.151067339 -0.019993786 0.001765603 0.999798536 -1.193931610
115215100 0.499006497 0.887122688 0.500000000 0.500000000 0.000000000 0.000000000 0.999760509 0.011030168 0.018899933 0.838947861 -0.010991482 0.999937296 -0.002149584 0.153069567 -0.018922457 0.001941331 0.999819040 -1.213029014
115248467 0.499006497 0.887122688 0.500000000 0.500000000 0.000000000 0.000000000 0.999776840 0.010885038 0.018106453 0.845501192 -0.010841775 0.999938130 -0.002485843 0.155903747 -0.018132392 0.002288982 0.999832988 -1.232724277
115281833 0.499006497 0.887122688 0.500000000 0.500000000 0.000000000 0.000000000 0.999793410 0.010707038 0.017276578 0.852489503 -0.010660511 0.999939322 -0.002782862 0.158395763 -0.017305326 0.002598110 0.999846876 -1.252227319
115315200 0.499006497 0.887122688 0.500000000 0.500000000 0.000000000 0.000000000 0.999806404 0.010540730 0.016614350 0.858727665 -0.010493087 0.999940574 -0.002952191 0.160564358 -0.016644480 0.002777283 0.999857605 -1.271761720
115348567 0.499006497 0.887122688 0.500000000 0.500000000 0.000000000 0.000000000 0.999815881 0.010257211 0.016215397 0.863882766 -0.010208727 0.999943197 -0.003069942 0.162862418 -0.016245965 0.002903838 0.999863803 -1.290675125
115381933 0.499006497 0.887122688 0.500000000 0.500000000 0.000000000 0.000000000 0.999829948 0.009956842 0.015523315 0.870216169 -0.009905900 0.999945283 -0.003355091 0.165908466 -0.015555873 0.003200748 0.999873877 -1.309383820
115415300 0.499006497 0.887122688 0.500000000 0.500000000 0.000000000 0.000000000 0.999845266 0.009572663 0.014759596 0.876705235 -0.009516908 0.999947309 -0.003843213 0.169885276 -0.014795609 0.003702153 0.999883711 -1.328371582
115448667 0.499006497 0.887122688 0.500000000 0.500000000 0.000000000 0.000000000 0.999853611 0.009392205 0.014303020 0.881339263 -0.009335106 0.999948204 -0.004053625 0.172467934 -0.014340352 0.003919511 0.999889493 -1.347731471
115482033 0.499006497 0.887122688 0.500000000 0.500000000 0.000000000 0.000000000 0.999866843 0.009008114 0.013607278 0.887305701 -0.008949374 0.999950409 -0.004371584 0.175712368 -0.013645982 0.004249225 0.999897838 -1.367433457
115515400 0.499006497 0.887122688 0.500000000 0.500000000 0.000000000 0.000000000 0.999872267 0.008730551 0.013385748 0.890966186 -0.008671560 0.999952435 -0.004458716 0.178178208 -0.013424039 0.004342072 0.999900460 -1.386734858
115548767 0.499006497 0.887122688 0.500000000 0.500000000 0.000000000 0.000000000 0.999878764 0.008699239 0.012912869 0.895997924 -0.008636624 0.999950707 -0.004896919 0.181777599 -0.012954832 0.004784802 0.999904633 -1.405544479
115582133 0.499006497 0.887122688 0.500000000 0.500000000 0.000000000 0.000000000 0.999887049 0.008511628 0.012388198 0.901012866 -0.008449957 0.999951661 -0.005022087 0.184229693 -0.012430346 0.004916840 0.999910653 -1.424760772
115615500 0.499006497 0.887122688 0.500000000 0.500000000 0.000000000 0.000000000 0.999890089 0.008490191 0.012152985 0.904962814 -0.008428164 0.999951243 -0.005145983 0.186651128 -0.012196083 0.005042990 0.999912918 -1.443581627
115648867 0.499006497 0.887122688 0.500000000 0.500000000 0.000000000 0.000000000 0.999897838 0.008272677 0.011658243 0.909980319 -0.008208868 0.999951124 -0.005510498 0.190304531 -0.011703260 0.005414234 0.999916852 -1.462525000
115682233 0.499006497 0.887122688 0.500000000 0.500000000 0.000000000 0.000000000 0.999903679 0.008148752 0.011236298 0.914297524 -0.008083562 0.999950290 -0.005834970 0.193583635 -0.011283287 0.005743579 0.999919832 -1.481571013
115715600 0.499006497 0.887122688 0.500000000 0.500000000 0.000000000 0.000000000 0.999912143 0.008135290 0.010464743 0.919389752 -0.008071697 0.999948800 -0.006104834 0.196734981 -0.010513871 0.006019829 0.999926627 -1.500143182
115748967 0.499006497 0.887122688 0.500000000 0.500000000 0.000000000 0.000000000 0.999922037 0.008104036 0.009499228 0.925381192 -0.008042973 0.999946833 -0.006448932 0.200325952 -0.009550985 0.006372027 0.999934077 -1.517108306
115782333 0.499006497 0.887122688 0.500000000 0.500000000 0.000000000 0.000000000 0.999926031 0.008170185 0.009006890 0.929236978 -0.008111591 0.999945819 -0.006522994 0.202745902 -0.009059696 0.006449451 0.999938190 -1.535729378
115815700 0.499006497 0.887122688 0.500000000 0.500000000 0.000000000 0.000000000 0.999933243 0.007976155 0.008361474 0.934066030 -0.007918733 0.999944985 -0.006878181 0.206615094 -0.008415876 0.006811510 0.999941409 -1.553983862
115849067 0.499006497 0.887122688 0.500000000 0.500000000 0.000000000 0.000000000 0.999940395 0.007899211 0.007537143 0.939447245 -0.007844313 0.999942720 -0.007285628 0.210706385 -0.007594262 0.007226069 0.999945045 -1.573034877
115882433 0.499006497 0.887122688 0.500000000 0.500000000 0.000000000 0.000000000 0.999945164 0.007772853 0.007015762 0.942985042 -0.007720825 0.999942720 -0.007412751 0.213785682 -0.007072979 0.007358178 0.999947906 -1.592474453
115915800 0.499006497 0.887122688 0.500000000 0.500000000 0.000000000 0.000000000 0.999946296 0.007517212 0.007136088 0.944710991 -0.007463294 0.999943614 -0.007552511 0.217419606 -0.007192460 0.007498846 0.999945998 -1.611228813
115949167 0.499006497 0.887122688 0.500000000 0.500000000 0.000000000 0.000000000 0.999947965 0.007071062 0.007349454 0.945927799 -0.007014449 0.999945760 -0.007700515 0.221494350 -0.007403506 0.007648562 0.999943316 -1.629906484
115982533 0.499006497 0.887122688 0.500000000 0.500000000 0.000000000 0.000000000 0.999947906 0.006960624 0.007463613 0.947958486 -0.006901547 0.999944866 -0.007912061 0.225577177 -0.007518274 0.007860139 0.999940872 -1.649485720
116015900 0.499006497 0.887122688 0.500000000 0.500000000 0.000000000 0.000000000 0.999948919 0.006871163 0.007409691 0.951196985 -0.006813286 0.999946296 -0.007808120 0.228339125 -0.007462944 0.007757237 0.999942064 -1.667977711
116049267 0.499006497 0.887122688 0.500000000 0.500000000 0.000000000 0.000000000 0.999952257 0.006679545 0.007135241 0.954864553 -0.006622814 0.999946535 -0.007945138 0.232011480 -0.007187929 0.007897503 0.999942958 -1.686999266
116082633 0.499006497 0.887122688 0.500000000 0.500000000 0.000000000 0.000000000 0.999954462 0.006459534 0.007025132 0.957477362 -0.006400612 0.999944448 -0.008377771 0.237013842 -0.007078858 0.008332424 0.999940217 -1.706682672
116116000 0.499006497 0.887122688 0.500000000 0.500000000 0.000000000 0.000000000 0.999955237 0.006297485 0.007064026 0.959235589 -0.006236681 0.999943614 -0.008596782 0.241097127 -0.007117765 0.008552340 0.999938071 -1.726416491
116149367 0.499006497 0.887122688 0.500000000 0.500000000 0.000000000 0.000000000 0.999957919 0.005932399 0.006999084 0.961889015 -0.005870514 0.999943793 -0.008829620 0.245256507 -0.007051071 0.008788160 0.999936521 -1.745306918
116182733 0.499006497 0.887122688 0.500000000 0.500000000 0.000000000 0.000000000 0.999959052 0.005616270 0.007098305 0.964030207 -0.005552140 0.999943912 -0.009022305 0.249397980 -0.007148578 0.008982524 0.999934077 -1.765282859
116216100 0.499006497 0.887122688 0.500000000 0.500000000 0.000000000 0.000000000 0.999957681 0.005487370 0.007381137 0.965714936 -0.005420018 0.999943793 -0.009114075 0.253106899 -0.007430735 0.009073683 0.999931216 -1.785496770
116249467 0.499006497 0.887122688 0.500000000 0.500000000 0.000000000 0.000000000 0.999956608 0.005242253 0.007702796 0.967201780 -0.005171178 0.999944150 -0.009218253 0.256672940 -0.007750690 0.009178020 0.999927819 -1.806128055
116282833 0.499006497 0.887122688 0.500000000 0.500000000 0.000000000 0.000000000 0.999952018 0.004947238 0.008453071 0.966942049 -0.004869829 0.999946237 -0.009153676 0.259875010 -0.008497902 0.009112072 0.999922395 -1.827316600
116316200 0.499006497 0.887122688 0.500000000 0.500000000 0.000000000 0.000000000 0.999947846 0.004696760 0.009071530 0.967759386 -0.004614594 0.999948323 -0.009057388 0.262794881 -0.009113601 0.009015054 0.999917805 -1.848726520
116349567 0.499006497 0.887122688 0.500000000 0.500000000 0.000000000 0.000000000 0.999942303 0.004531874 0.009741866 0.968454798 -0.004445492 0.999950767 -0.008870602 0.265463074 -0.009781587 0.008826782 0.999913216 -1.870319394
116382933 0.499006497 0.887122688 0.500000000 0.500000000 0.000000000 0.000000000 0.999933183 0.004404117 0.010686164 0.967908971 -0.004311825 0.999953330 -0.008644274 0.267983516 -0.010723735 0.008597620 0.999905527 -1.892380514
116416300 0.499006497 0.887122688 0.500000000 0.500000000 0.000000000 0.000000000 0.999921203 0.004282497 0.011801145 0.966788512 -0.004185451 0.999957323 -0.008235889 0.269671102 -0.011835912 0.008185847 0.999896467 -1.914232210
116449667 0.499006497 0.887122688 0.500000000 0.500000000 0.000000000 0.000000000 0.999905586 0.004200319 0.013081196 0.964998429 -0.004092908 0.999957800 -0.008227107 0.273009810 -0.013115200 0.008172791 0.999880612 -1.935962348
116483033 0.499006497 0.887122688 0.500000000 0.500000000 0.000000000 0.000000000 0.999887347 0.004117588 0.014432535 0.963185455 -0.004002032 0.999959767 -0.008026384 0.275809681 -0.014465004 0.007967721 0.999863625 -1.958381971
116516400 0.499006497 0.887122688 0.500000000 0.500000000 0.000000000 0.000000000 0.999865234 0.003831692 0.015963800 0.960575003 -0.003708158 0.999962986 -0.007760855 0.278364052 -0.015992947 0.007700613 0.999842465 -1.980143721
116549767 0.499006497 0.887122688 0.500000000 0.500000000 0.000000000 0.000000000 0.999834657 0.003595710 0.017824104 0.956560721 -0.003462491 0.999965906 -0.007499345 0.280887745 -0.017850462 0.007436389 0.999813020 -2.001576393
116583133 0.499006497 0.887122688 0.500000000 0.500000000 0.000000000 0.000000000 0.999805033 0.003409067 0.019449633 0.953926458 -0.003264195 0.999966741 -0.007475456 0.284571367 -0.019474469 0.007410511 0.999782920 -2.023875660
116616500 0.499006497 0.887122688 0.500000000 0.500000000 0.000000000 0.000000000 0.999770582 0.003078389 0.021196667 0.951047795 -0.002922900 0.999968648 -0.007362602 0.288073563 -0.021218667 0.007298958 0.999748230 -2.045488465
116649867 0.499006497 0.887122688 0.500000000 0.500000000 0.000000000 0.000000000 0.999731123 0.002745141 0.023024740 0.947880055 -0.002581846 0.999971330 -0.007118901 0.290749778 -0.023043623 0.007057541 0.999709547 -2.067556549
116683233 0.499006497 0.887122688 0.500000000 0.500000000 0.000000000 0.000000000 0.999683678 0.002295724 0.025045797 0.943890831 -0.002117101 0.999972165 -0.007156041 0.295151816 -0.025061527 0.007100753 0.999660671 -2.090134854
116716600 0.499006497 0.887122688 0.500000000 0.500000000 0.000000000 0.000000000 0.999627531 0.002030774 0.027214963 0.939148428 -0.001829075 0.999970675 -0.007434193 0.300332930 -0.027229263 0.007381646 0.999601960 -2.112225617
116749967 0.499006497 0.887122688 0.500000000 0.500000000 0.000000000 0.000000000 0.999567449 0.001468028 0.029373458 0.935026942 -0.001248713 0.999971211 -0.007483361 0.304741911 -0.029383598 0.007443445 0.999540508 -2.135328512
116783333 0.499006497 0.887122688 0.500000000 0.500000000 0.000000000 0.000000000 0.999494791 0.000926072 0.031770192 0.929674393 -0.000695825 0.999973416 -0.007257562 0.307418026 -0.031776067 0.007231789 0.999468863 -2.158113171
116816700 0.499006497 0.887122688 0.500000000 0.500000000 0.000000000 0.000000000 0.999422967 0.000330863 0.033964552 0.925252747 -0.000088025 0.999974430 -0.007150999 0.310922531 -0.033966050 0.007143883 0.999397457 -2.180065466
116850067 0.499006497 0.887122688 0.500000000 0.500000000 0.000000000 0.000000000 0.999342561 -0.000179553 0.036255628 0.920867593 0.000434312 0.999975264 -0.007019006 0.314275170 -0.036253471 0.007030137 0.999317884 -2.202170996
116883433 0.499006497 0.887122688 0.500000000 0.500000000 0.000000000 0.000000000 0.999248087 -0.000752963 0.038764402 0.915670617 0.001021228 0.999975681 -0.006901073 0.317750568 -0.038758263 0.006935472 0.999224544 -2.224741733
116916800 0.499006497 0.887122688 0.500000000 0.500000000 0.000000000 0.000000000 0.999144197 -0.001269934 0.041343857 0.910388478 0.001545709 0.999976754 -0.006639013 0.320267299 -0.041334465 0.006697237 0.999122918 -2.247045131
116950167 0.499006497 0.887122688 0.500000000 0.500000000 0.000000000 0.000000000 0.999032080 -0.001834910 0.043949068 0.905254118 0.002128595 0.999975741 -0.006636546 0.324107732 -0.043935824 0.006723672 0.999011755 -2.270186745
116983533 0.499006497 0.887122688 0.500000000 0.500000000 0.000000000 0.000000000 0.998908818 -0.002644720 0.046627540 0.899768194 0.002947525 0.999975026 -0.006426560 0.327047120 -0.046609379 0.006556984 0.998891652 -2.293446179
117016900 0.499006497 0.887122688 0.500000000 0.500000000 0.000000000 0.000000000 0.998773813 -0.003092345 0.049409203 0.893967720 0.003405738 0.999974608 -0.006259883 0.330042279 -0.049388591 0.006420482 0.998759031 -2.316228957
117050267 0.499006497 0.887122688 0.500000000 0.500000000 0.000000000 0.000000000 0.998632371 -0.003851896 0.052139591 0.888902613 0.004166325 0.999973774 -0.005923180 0.332313189 -0.052115407 0.006132310 0.998622239 -2.338780358
117083633 0.499006497 0.887122688 0.500000000 0.500000000 0.000000000 0.000000000 0.998466492 -0.004607743 0.055167347 0.882492481 0.004935746 0.999970913 -0.005810818 0.335901120 -0.055138972 0.006074199 0.998460233 -2.363341921
117117000 0.499006497 0.887122688 0.500000000 0.500000000 0.000000000 0.000000000 0.998277783 -0.005351561 0.058419429 0.875426171 0.005683585 0.999968648 -0.005518764 0.338409375 -0.058388062 0.005841291 0.998276889 -2.388274520
117150367 0.499006497 0.887122688 0.500000000 0.500000000 0.000000000 0.000000000 0.998073399 -0.006059182 0.061747912 0.867937853 0.006402921 0.999965072 -0.005370464 0.341544974 -0.061713215 0.005755484 0.998077333 -2.413515725
117183733 0.499006497 0.887122688 0.500000000 0.500000000 0.000000000 0.000000000 0.997874260 -0.006946484 0.064797126 0.861753097 0.007312555 0.999958634 -0.005414033 0.345896567 -0.064756833 0.005876357 0.997883797 -2.439549819
117217100 0.499006497 0.887122688 0.500000000 0.500000000 0.000000000 0.000000000 0.997669578 -0.007516970 0.067815036 0.856045692 0.007903305 0.999954045 -0.005430388 0.349950720 -0.067771100 0.005953696 0.997683108 -2.464093496
117250467 0.499006497 0.887122688 0.500000000 0.500000000 0.000000000 0.000000000 0.997434735 -0.008354493 0.071092829 0.849539028 0.008745753 0.999948263 -0.005193999 0.352706295 -0.071045756 0.005802435 0.997456193 -2.489610219
117283833 0.499006497 0.887122688 0.500000000 0.500000000 0.000000000 0.000000000 0.997187912 -0.009206991 0.074374199 0.843276178 0.009617309 0.999940455 -0.005160684 0.356879119 -0.074322253 0.005861451 0.997217059 -2.514992456
117317200 0.499006497 0.887122688 0.500000000 0.500000000 0.000000000 0.000000000 0.996916711 -0.010073895 0.077817723 0.836286284 0.010509389 0.999931335 -0.005188824 0.361003764 -0.077760108 0.005990642 0.996954083 -2.540205434
117350567 0.499006497 0.887122688 0.500000000 0.500000000 0.000000000 0.000000000 0.996595442 -0.011059036 0.081701979 0.826967807 0.011537083 0.999918938 -0.005381332 0.366629405 -0.081635840 0.006305614 0.996642292 -2.565760881
117383933 0.499006497 0.887122688 0.500000000 0.500000000 0.000000000 0.000000000 0.996286750 -0.011575940 0.085315138 0.819373747 0.012102350 0.999910772 -0.005655551 0.371893623 -0.085242063 0.006667064 0.996337950 -2.590936630
117417300 0.499006497 0.887122688 0.500000000 0.500000000 0.000000000 0.000000000 0.995908737 -0.012425972 0.089506418 0.808635144 0.013003880 0.999898195 -0.005876346 0.377175160 -0.089424282 0.007016235 0.995968938 -2.615732493
117450667 0.499006497 0.887122688 0.500000000 0.500000000 0.000000000 0.000000000 0.995530069 -0.013237909 0.093513042 0.799280660 0.013857057 0.999886155 -0.005974727 0.381918993 -0.093423299 0.007243835 0.995600104 -2.640472368
117484033 0.499006497 0.887122688 0.500000000 0.500000000 0.000000000 0.000000000 0.995115221 -0.013950959 0.097729616 0.788696361 0.014613518 0.999874830 -0.006066954 0.386462699 -0.097632736 0.007465492 0.995194495 -2.664794469
117517400 0.499006497 0.887122688 0.500000000 0.500000000 0.000000000 0.000000000 0.994658411 -0.014815270 0.102152668 0.777047461 0.015552226 0.999858439 -0.006421561 0.392477549 -0.102043070 0.007975961 0.994747996 -2.689308997
117550767 0.499006497 0.887122688 0.500000000 0.500000000 0.000000000 0.000000000 0.994199812 -0.015643721 0.106404789 0.766787185 0.016443172 0.999842763 -0.006640101 0.397777389 -0.106284179 0.008351220 0.994300723 -2.713818707
117584133 0.499006497 0.887122688 0.500000000 0.500000000 0.000000000 0.000000000 0.993705630 -0.016520116 0.110798106 0.756074615 0.017378239 0.999825954 -0.006783630 0.402502978 -0.110666759 0.008666407 0.993819773 -2.738775988
117617500 0.499006497 0.887122688 0.500000000 0.500000000 0.000000000 0.000000000 0.993205309 -0.017227635 0.115092956 0.745558215 0.018141190 0.999811649 -0.006894732 0.406977075 -0.114952497 0.008935808 0.993330777 -2.762946714
117650867 0.499006497 0.887122688 0.500000000 0.500000000 0.000000000 0.000000000 0.992673397 -0.017856294 0.119501770 0.735099474 0.018823840 0.999798477 -0.006972525 0.410940451 -0.119353190 0.009170922 0.992809474 -2.787883624
117684233 0.499006497 0.887122688 0.500000000 0.500000000 0.000000000 0.000000000 0.992058694 -0.018622464 0.124389730 0.721734885 0.019645529 0.999782503 -0.007003029 0.415176410 -0.124232262 0.009391118 0.992208719 -2.812516870
117717600 0.499006497 0.887122688 0.500000000 0.500000000 0.000000000 0.000000000 0.991430998 -0.019411989 0.129180863 0.708909243 0.020485107 0.999765754 -0.006983465 0.419086169 -0.129015043 0.009569908 0.991596460 -2.837005750
117750967 0.499006497 0.887122688 0.500000000 0.500000000 0.000000000 0.000000000 0.990756154 -0.020094708 0.134158507 0.695026862 0.021212593 0.999751091 -0.006908244 0.422607718 -0.133986294 0.009690235 0.990935802 -2.861586380
117784333 0.499006497 0.887122688 0.500000000 0.500000000 0.000000000 0.000000000 0.990007937 -0.020686107 0.139486060 0.679096868 0.021870496 0.999736547 -0.006963473 0.426544258 -0.139305264 0.009944523 0.990199566 -2.886290964
117817700 0.499006497 0.887122688 0.500000000 0.500000000 0.000000000 0.000000000 0.989197254 -0.021251136 0.145042032 0.661888373 0.022450434 0.999725938 -0.006636661 0.428426932 -0.144861251 0.009821223 0.989403248 -2.910783112
117851067 0.499006497 0.887122688 0.500000000 0.500000000 0.000000000 0.000000000 0.988341630 -0.021786338 0.150685534 0.644258129 0.022994798 0.999715865 -0.006281753 0.430144717 -0.150505856 0.009673501 0.988561809 -2.935410234
117884433 0.499006497 0.887122688 0.500000000 0.500000000 0.000000000 0.000000000 0.987464547 -0.022448124 0.156236380 0.627088392 0.023693465 0.999700606 -0.006112878 0.432906392 -0.156052381 0.009738032 0.987700760 -2.960192380
117917800 0.499006497 0.887122688 0.500000000 0.500000000 0.000000000 0.000000000 0.986491919 -0.023135018 0.162167847 0.607829088 0.024454987 0.999682009 -0.006147866 0.436650030 -0.161974043 0.010030633 0.986744046 -2.984837334
117951167 0.499006497 0.887122688 0.500000000 0.500000000 0.000000000 0.000000000 0.985507429 -0.023942122 0.167934194 0.589418913 0.025315979 0.999661207 -0.006044476 0.440038451 -0.167732581 0.010208295 0.985779703 -3.009843524
117984533 0.499006497 0.887122688 0.500000000 0.500000000 0.000000000 0.000000000 0.984441698 -0.024667256 0.173971593 0.569332003 0.026076745 0.999643028 -0.005820407 0.442707414 -0.173765913 0.010266464 0.984733462 -3.034882548
118017900 0.499006497 0.887122688 0.500000000 0.500000000 0.000000000 0.000000000 0.983443558 -0.025144003 0.179461896 0.552313703 0.026647810 0.999627054 -0.005973365 0.446984800 -0.179244772 0.010656734 0.983746767 -3.059444025
118051267 0.499006497 0.887122688 0.500000000 0.500000000 0.000000000 0.000000000 0.982254744 -0.026023455 0.185737386 0.530742133 0.027588909 0.999602258 -0.005848221 0.450472387 -0.185511306 0.010868735 0.982582033 -3.083683200
118084633 0.499006497 0.887122688 0.500000000 0.500000000 0.000000000 0.000000000 0.981024802 -0.026875276 0.192010581 0.508227666 0.028542107 0.999575078 -0.005919768 0.455019332 -0.191769898 0.011287826 0.981374979 -3.107405079
118118000 0.499006497 0.887122688 0.500000000 0.500000000 0.000000000 0.000000000 0.979832709 -0.027291235 0.197947145 0.487829665 0.029077088 0.999558449 -0.006120318 0.459299085 -0.197692707 0.011752614 0.980193615 -3.131379193
118151367 0.499006497 0.887122688 0.500000000 0.500000000 0.000000000 0.000000000 0.978566885 -0.028140994 0.203997448 0.466605872 0.030064313 0.999527872 -0.006334550 0.464671865 -0.203722879 0.012331824 0.978950918 -3.155043019
118184733 0.499006497 0.887122688 0.500000000 0.500000000 0.000000000 0.000000000 0.977410316 -0.028921314 0.209362417 0.449546673 0.030934155 0.999501288 -0.006345328 0.468888218 -0.209074482 0.012678439 0.977817535 -3.178874940
118218100 0.499006497 0.887122688 0.500000000 0.500000000 0.000000000 0.000000000 0.976218820 -0.029777447 0.214732677 0.431965086 0.031882074 0.999471486 -0.006343564 0.473175710 -0.214430287 0.013038830 0.976652265 -3.202537781
118251467 0.499006497 0.887122688 0.500000000 0.500000000 0.000000000 0.000000000 0.975050151 -0.030709857 0.219850153 0.415533491 0.032927420 0.999437094 -0.006428536 0.477983568 -0.219528973 0.013507243 0.975512445 -3.225944394
118284833 0.499006497 0.887122688 0.500000000 0.500000000 0.000000000 0.000000000 0.973901391 -0.031463586 0.224780262 0.399615323 0.033808194 0.999406636 -0.006588340 0.483104618 -0.224439591 0.014015808 0.974387228 -3.249029555
118318200 0.499006497 0.887122688 0.500000000 0.500000000 0.000000000 0.000000000 0.972687423 -0.032084771 0.229890838 0.382271299 0.034535948 0.999381363 -0.006645596 0.487223317 -0.229535401 0.014403585 0.973193705 -3.271511105
118351567 0.499006497 0.887122688 0.500000000 0.500000000 0.000000000 0.000000000 0.971489310 -0.032958202 0.234781444 0.366413375 0.035504568 0.999347568 -0.006625781 0.491535884 -0.234409884 0.014772689 0.972025633 -3.294304118
118384933 0.499006497 0.887122688 0.500000000 0.500000000 0.000000000 0.000000000 0.970378935 -0.034031946 0.239178941 0.353288354 0.036684368 0.999304831 -0.006645445 0.496421299 -0.238786519 0.015222728 0.970952749 -3.317636372
118418300 0.499006497 0.887122688 0.500000000 0.500000000 0.000000000 0.000000000 0.969169319 -0.034957740 0.243903235 0.338068743 0.037700776 0.999267399 -0.006585833 0.500523879 -0.243494317 0.015578128 0.969777226 -3.340339507
118451667 0.499006497 0.887122688 0.500000000 0.500000000 0.000000000 0.000000000 0.967974007 -0.035740633 0.248493388 0.322985410 0.038529094 0.999237180 -0.006365522 0.503511632 -0.248076335 0.015735885 0.968612671 -3.362914896
118485033 0.499006497 0.887122688 0.500000000 0.500000000 0.000000000 0.000000000 0.966822147 -0.036328260 0.252854168 0.308998500 0.039165892 0.999213517 -0.006196315 0.506534644 -0.252430201 0.015893994 0.967484534 -3.385693391
118518400 0.499006497 0.887122688 0.500000000 0.500000000 0.000000000 0.000000000 0.965589464 -0.036766358 0.257459044 0.292870927 0.039615456 0.999197662 -0.005886020 0.508283941 -0.257036090 0.015882837 0.966271281 -3.407759013
118551767 0.499006497 0.887122688 0.500000000 0.500000000 0.000000000 0.000000000 0.964358151 -0.037183039 0.261974782 0.277394425 0.040023744 0.999183536 -0.005514054 0.509844037 -0.261555851 0.015802735 0.965058982 -3.430213792
118585133 0.499006497 0.887122688 0.500000000 0.500000000 0.000000000 0.000000000 0.963098705 -0.037915885 0.266464353 0.261247435 0.040832907 0.999151349 -0.005413157 0.513012324 -0.266032964 0.016093919 0.963829577 -3.452320023
118618500 0.499006497 0.887122688 0.500000000 0.500000000 0.000000000 0.000000000 0.961932778 -0.038590968 0.270547658 0.247548145 0.041536566 0.999123633 -0.005168178 0.515447253 -0.270111114 0.016209060 0.962692738 -3.474487512
118651867 0.499006497 0.887122688 0.500000000 0.500000000 0.000000000 0.000000000 0.960830271 -0.039142385 0.274359435 0.235463713 0.042174917 0.999096930 -0.005160747 0.519217561 -0.273909688 0.016529689 0.961613357 -3.496533481
118685233 0.499006497 0.887122688 0.500000000 0.500000000 0.000000000 0.000000000 0.959775925 -0.039598070 0.277960628 0.224427786 0.042755850 0.999071479 -0.005305553 0.523979098 -0.277492464 0.016976586 0.960577786 -3.518445530
118718600 0.499006497 0.887122688 0.500000000 0.500000000 0.000000000 0.000000000 0.958700657 -0.040281434 0.281550109 0.213009724 0.043494970 0.999040246 -0.005170953 0.527500529 -0.281071603 0.017203409 0.959532619 -3.540625535
118751967 0.499006497 0.887122688 0.500000000 0.500000000 0.000000000 0.000000000 0.957442403 -0.040991303 0.285698771 0.197522938 0.044380371 0.999000132 -0.005394951 0.532898535 -0.285191953 0.017844772 0.958304286 -3.561472655
118785333 0.499006497 0.887122688 0.500000000 0.500000000 0.000000000 0.000000000 0.956259906 -0.041212726 0.289600581 0.182500121 0.044659860 0.998988211 -0.005301807 0.536068766 -0.289089054 0.018003426 0.957132876 -3.583408892
118818700 0.499006497 0.887122688 0.500000000 0.500000000 0.000000000 0.000000000 0.955008745 -0.041838463 0.293611765 0.167341644 0.045458864 0.998951018 -0.005514214 0.541288907 -0.293073058 0.018613379 0.955908835 -3.604029100
118852067 0.499006497 0.887122688 0.500000000 0.500000000 0.000000000 0.000000000 0.953774273 -0.042967603 0.297436357 0.152810497 0.046816204 0.998886526 -0.005824214 0.548115752 -0.296854943 0.019479828 0.954723895 -3.624313666
118885433 0.499006497 0.887122688 0.500000000 0.500000000 0.000000000 0.000000000 0.952551901 -0.043775875 0.301211894 0.138237579 0.047839243 0.998836279 -0.006123365 0.554329713 -0.300593317 0.020242572 0.953537583 -3.644366297
118918800 0.499006497 0.887122688 0.500000000 0.500000000 0.000000000 0.000000000 0.951225698 -0.044584136 0.305257201 0.121952516 0.048779737 0.998790741 -0.006127007 0.558689929 -0.304614902 0.020718534 0.952250242 -3.664779344
118952167 0.499006497 0.887122688 0.500000000 0.500000000 0.000000000 0.000000000 0.949927747 -0.045583609 0.309126914 0.106049257 0.049957171 0.998731852 -0.006243059 0.564336112 -0.308450311 0.021373561 0.951000273 -3.685028419
118985533 0.499006497 0.887122688 0.500000000 0.500000000 0.000000000 0.000000000 0.948728263 -0.046153776 0.312705219 0.091808636 0.050688364 0.998694122 -0.006382930 0.569455544 -0.312002271 0.021906182 0.949828804 -3.705375429
119018900 0.499006497 0.887122688 0.500000000 0.500000000 0.000000000 0.000000000 0.947381914 -0.047083929 0.316623807 0.075092098 0.051794417 0.998636782 -0.006472501 0.574778966 -0.315887421 0.022531275 0.948529124 -3.724662021
119052267 0.499006497 0.887122688 0.500000000 0.500000000 0.000000000 0.000000000 0.946074069 -0.048113536 0.320357591 0.059446777 0.053034250 0.998570561 -0.006647469 0.580380538 -0.319579810 0.023278922 0.947273374 -3.744367870
119085633 0.499006497 0.887122688 0.500000000 0.500000000 0.000000000 0.000000000 0.944743931 -0.048996214 0.324126869 0.043444547 0.054141097 0.998509645 -0.006868551 0.585973370 -0.323307276 0.024037607 0.945988715 -3.762864174
