https://www.youtube.com/watch?v=y0jD8wkrzE0
94160000 0.500955656 0.890587841 0.500000000 0.500000000 0.000000000 0.000000000 0.991856575 -0.021693109 0.125498608 0.060083896 0.021368263 0.999763906 0.003934179 0.004035252 -0.125554323 -0.001220454 0.992085993 -0.223462222
94194000 0.500955656 0.890587841 0.500000000 0.500000000 0.000000000 0.000000000 0.991118908 -0.022098491 0.131129354 0.060773984 0.021750277 0.999755085 0.004087315 0.004398704 -0.131187573 -0.001198915 0.991356850 -0.233956722
94227000 0.500955656 0.890587841 0.500000000 0.500000000 0.000000000 0.000000000 0.990356505 -0.022327874 0.136731207 0.061024473 0.021940369 0.999749839 0.004340649 0.004605139 -0.136793926 -0.001298857 0.990598679 -0.243837620
94261000 0.500955656 0.890587841 0.500000000 0.500000000 0.000000000 0.000000000 0.989569664 -0.022444379 0.142296091 0.060868792 0.022006530 0.999747038 0.004650204 0.004711686 -0.142364472 -0.001470257 0.989813209 -0.253789469
94294000 0.500955656 0.890587841 0.500000000 0.500000000 0.000000000 0.000000000 0.988769233 -0.022598337 0.147731811 0.060573874 0.022133099 0.999743521 0.004792567 0.005328543 -0.147802219 -0.001468980 0.989015818 -0.263279465
94327000 0.500955656 0.890587841 0.500000000 0.500000000 0.000000000 0.000000000 0.987953365 -0.022631517 0.153088033 0.060333859 0.022105716 0.999742448 0.005136062 0.005418507 -0.153164834 -0.001690069 0.988199234 -0.272733898
94361000 0.500955656 0.890587841 0.500000000 0.500000000 0.000000000 0.000000000 0.987138689 -0.022674046 0.158250183 0.059975313 0.022057233 0.999740720 0.005653195 0.004714704 -0.158337340 -0.002089927 0.987382889 -0.282550725
94394000 0.500955656 0.890587841 0.500000000 0.500000000 0.000000000 0.000000000 0.986301541 -0.022720806 0.163380027 0.059340493 0.022032602 0.999739110 0.006023320 0.004565796 -0.163474247 -0.002341123 0.986544847 -0.292116733
94427000 0.500955656 0.890587841 0.500000000 0.500000000 0.000000000 0.000000000 0.985428452 -0.022828190 0.168551654 0.058297284 0.022085171 0.999736369 0.006281842 0.005034646 -0.168650627 -0.002467813 0.985672832 -0.301814780
94461000 0.500955656 0.890587841 0.500000000 0.500000000 0.000000000 0.000000000 0.984526098 -0.022897080 0.173735544 0.056757572 0.022095770 0.999734461 0.006545211 0.005340061 -0.173839271 -0.002605111 0.984770596 -0.311850174
94494000 0.500955656 0.890587841 0.500000000 0.500000000 0.000000000 0.000000000 0.983612061 -0.022968896 0.178828955 0.055200658 0.022091666 0.999732196 0.006895502 0.005559477 -0.178939447 -0.002831869 0.983856022 -0.321463668
94527000 0.500955656 0.890587841 0.500000000 0.500000000 0.000000000 0.000000000 0.982675135 -0.023126507 0.183887959 0.053701265 0.022170799 0.999727905 0.007251821 0.006045554 -0.184005633 -0.003049241 0.982920468 -0.331312871
94561000 0.500955656 0.890587841 0.500000000 0.500000000 0.000000000 0.000000000 0.981691778 -0.023331173 0.189042076 0.051346557 0.022351241 0.999723434 0.007314200 0.007362367 -0.189160436 -0.002954965 0.981941760 -0.341217697
94594000 0.500955656 0.890587841 0.500000000 0.500000000 0.000000000 0.000000000 0.980677068 -0.023603108 0.194204405 0.048898731 0.022526156 0.999716222 0.007752269 0.007614679 -0.194332257 -0.003227794 0.980930448 -0.351272228
94628000 0.500955656 0.890587841 0.500000000 0.500000000 0.000000000 0.000000000 0.979597509 -0.023845879 0.199549600 0.045409540 0.022716841 0.999710381 0.007945953 0.008549954 -0.199681282 -0.003250699 0.979855537 -0.361549454
94661000 0.500955656 0.890587841 0.500000000 0.500000000 0.000000000 0.000000000 0.978528798 -0.024158344 0.204689533 0.042422822 0.022983298 0.999702930 0.008116436 0.009387209 -0.204824805 -0.003237726 0.978793323 -0.372111124
94694000 0.500955656 0.890587841 0.500000000 0.500000000 0.000000000 0.000000000 0.977400482 -0.024494750 0.209972188 0.038833670 0.023189891 0.999693453 0.008674626 0.008774726 -0.210120305 -0.003609352 0.977668881 -0.382665426
94728000 0.500955656 0.890587841 0.500000000 0.500000000 0.000000000 0.000000000 0.976233840 -0.024889598 0.215285718 0.034820247 0.023582755 0.999684572 0.008637189 0.010047797 -0.215432793 -0.003354886 0.976512909 -0.393732496
94761000 0.500955656 0.890587841 0.500000000 0.500000000 0.000000000 0.000000000 0.975038648 -0.025224650 0.220597640 0.030968007 0.023815395 0.999675453 0.009046027 0.009994478 -0.220754221 -0.003566607 0.975322962 -0.404875571
94794000 0.500955656 0.890587841 0.500000000 0.500000000 0.000000000 0.000000000 0.973778903 -0.025643459 0.226046473 0.026343387 0.024209656 0.999665380 0.009113281 0.011304848 -0.226204515 -0.003401814 0.974073887 -0.415993283
94828000 0.500955656 0.890587841 0.500000000 0.500000000 0.000000000 0.000000000 0.972484946 -0.026088564 0.231500372 0.021733079 0.024563052 0.999653399 0.009470069 0.011719938 -0.231667206 -0.003523144 0.972788692 -0.426960422
94861000 0.500955656 0.890587841 0.500000000 0.500000000 0.000000000 0.000000000 0.971191287 -0.026524471 0.236820519 0.017178785 0.024952251 0.999642193 0.009634186 0.012721071 -0.236991331 -0.003447432 0.971505642 -0.438033533
94894000 0.500955656 0.890587841 0.500000000 0.500000000 0.000000000 0.000000000 0.969851375 -0.026903171 0.242207617 0.012284309 0.025238635 0.999631703 0.009973006 0.013603448 -0.242386729 -0.003559344 0.970173180 -0.448464807
94928000 0.500955656 0.890587841 0.500000000 0.500000000 0.000000000 0.000000000 0.968462706 -0.027373882 0.247650251 0.006913979 0.025641600 0.999618948 0.010218111 0.014618181 -0.247835606 -0.003545711 0.968795598 -0.458738979
94961000 0.500955656 0.890587841 0.500000000 0.500000000 0.000000000 0.000000000 0.967076004 -0.027828777 0.252961636 0.002113035 0.025993055 0.999605954 0.010596680 0.015175194 -0.253156841 -0.003672549 0.967418253 -0.469141267
94995000 0.500955656 0.890587841 0.500000000 0.500000000 0.000000000 0.000000000 0.965694427 -0.028355854 0.258128196 -0.002724085 0.026453059 0.999591231 0.010842250 0.016107299 -0.258330137 -0.003642021 0.966049850 -0.479616734
95028000 0.500955656 0.890587841 0.500000000 0.500000000 0.000000000 0.000000000 0.964348197 -0.028801490 0.263064712 -0.007469113 0.026765954 0.999577641 0.011318986 0.016393419 -0.263279617 -0.003874266 0.964711785 -0.490030551
95061000 0.500955656 0.890587841 0.500000000 0.500000000 0.000000000 0.000000000 0.963028431 -0.029322619 0.267799139 -0.011753645 0.027219450 0.999562621 0.011563471 0.017363050 -0.268021077 -0.003846606 0.963405371 -0.500278179
95095000 0.500955656 0.890587841 0.500000000 0.500000000 0.000000000 0.000000000 0.961698890 -0.029882265 0.272474349 -0.016027720 0.027676439 0.999545693 0.011936123 0.018098449 -0.272707224 -0.003937838 0.962089002 -0.510223525
95128000 0.500955656 0.890587841 0.500000000 0.500000000 0.000000000 0.000000000 0.960313618 -0.030535230 0.277245998 -0.020701172 0.028178569 0.999524951 0.012481559 0.018554851 -0.277495414 -0.004173817 0.960717916 -0.519931983
95161000 0.500955656 0.890587841 0.500000000 0.500000000 0.000000000 0.000000000 0.958903134 -0.031204857 0.282012552 -0.025213690 0.028736666 0.999503970 0.012884890 0.019213854 -0.282274723 -0.004251261 0.959324181 -0.529716335
95195000 0.500955656 0.890587841 0.500000000 0.500000000 0.000000000 0.000000000 0.957470000 -0.031884868 0.286765665 -0.029610189 0.029284755 0.999481916 0.013352623 0.019767828 -0.287042856 -0.004386873 0.957907677 -0.539388253
95228000 0.500955656 0.890587841 0.500000000 0.500000000 0.000000000 0.000000000 0.955973208 -0.032704886 0.291625828 -0.034388037 0.029994734 0.999455333 0.013760488 0.020484639 -0.291917026 -0.004407418 0.956433475 -0.549114342
95262000 0.500955656 0.890587841 0.500000000 0.500000000 0.000000000 0.000000000 0.954469681 -0.033489786 0.296422154 -0.038585132 0.030582700 0.999427915 0.014440111 0.019924927 -0.296736181 -0.004717258 0.954947829 -0.559090629
95295000 0.500955656 0.890587841 0.500000000 0.500000000 0.000000000 0.000000000 0.952935338 -0.034342036 0.301222265 -0.042592665 0.031284172 0.999398410 0.014970937 0.020081929 -0.301555187 -0.004842845 0.953436434 -0.569309372
95328000 0.500955656 0.890587841 0.500000000 0.500000000 0.000000000 0.000000000 0.951347351 -0.035067998 0.306118399 -0.047052183 0.031918526 0.999373496 0.015289587 0.020642222 -0.306462795 -0.004774861 0.951870680 -0.579902249
95362000 0.500955656 0.890587841 0.500000000 0.500000000 0.000000000 0.000000000 0.949717820 -0.035721969 0.311062634 -0.051727000 0.032426298 0.999349833 0.015761811 0.020332103 -0.311423451 -0.004882663 0.950258672 -0.590910634
95395000 0.500955656 0.890587841 0.500000000 0.500000000 0.000000000 0.000000000 0.948134482 -0.036307503 0.315789074 -0.055860713 0.032910332 0.999328852 0.016085785 0.020713913 -0.316161156 -0.004858764 0.948693037 -0.601888775
95428000 0.500955656 0.890587841 0.500000000 0.500000000 0.000000000 0.000000000 0.946493506 -0.036821529 0.320615411 -0.060430408 0.033267759 0.999309301 0.016556846 0.020504231 -0.321003616 -0.005004791 0.947064757 -0.613053006
95462000 0.500955656 0.890587841 0.500000000 0.500000000 0.000000000 0.000000000 0.944814146 -0.037358627 0.325469792 -0.064969233 0.033704992 0.999289632 0.016859122 0.020731201 -0.325868428 -0.004958780 0.945402145 -0.624269170
95495000 0.500955656 0.890587841 0.500000000 0.500000000 0.000000000 0.000000000 0.943165064 -0.037866216 0.330160230 -0.069120650 0.034125254 0.999270916 0.017121576 0.021295612 -0.330567837 -0.004881670 0.943769634 -0.635271230
95528000 0.500955656 0.890587841 0.500000000 0.500000000 0.000000000 0.000000000 0.941453576 -0.038467892 0.334940851 -0.073666456 0.034506503 0.999246418 0.017772185 0.020487645 -0.335372120 -0.005174048 0.942071557 -0.646641458
95562000 0.500955656 0.890587841 0.500000000 0.500000000 0.000000000 0.000000000 0.939722776 -0.038945064 0.339712203 -0.078377678 0.034873005 0.999228060 0.018086024 0.020783176 -0.340154350 -0.005149062 0.940355539 -0.658042363
95595000 0.500955656 0.890587841 0.500000000 0.500000000 0.000000000 0.000000000 0.937961161 -0.039525691 0.344480097 -0.083127734 0.035249852 0.999204159 0.018669417 0.020283904 -0.344943881 -0.005368316 0.938607991 -0.669239527
95629000 0.500955656 0.890587841 0.500000000 0.500000000 0.000000000 0.000000000 0.936156213 -0.040055852 0.349295139 -0.088326437 0.035703883 0.999183834 0.018891621 0.021433824 -0.349766761 -0.005214316 0.936822295 -0.681018064
95662000 0.500955656 0.890587841 0.500000000 0.500000000 0.000000000 0.000000000 0.934418201 -0.040596217 0.353856653 -0.092684165 0.036140852 0.999162376 0.019192915 0.022079564 -0.354339421 -0.005145527 0.935102701 -0.692746398
95695000 0.500955656 0.890587841 0.500000000 0.500000000 0.000000000 0.000000000 0.932576537 -0.040998515 0.358636498 -0.097839254 0.036492009 0.999146998 0.019328628 0.023561464 -0.359123021 -0.004938059 0.933277190 -0.704036444
95729000 0.500955656 0.890587841 0.500000000 0.500000000 0.000000000 0.000000000 0.930680931 -0.041265212 0.363497108 -0.102697675 0.036672261 0.999136448 0.019530840 0.024849993 -0.363989145 -0.004846722 0.931390584 -0.715160273
95762000 0.500955656 0.890587841 0.500000000 0.500000000 0.000000000 0.000000000 0.928730369 -0.041385513 0.368438840 -0.107784474 0.036716271 0.999131978 0.019677823 0.026372006 -0.368933380 -0.004747693 0.929443717 -0.725564881
95795000 0.500955656 0.890587841 0.500000000 0.500000000 0.000000000 0.000000000 0.926702559 -0.041439239 0.373503923 -0.113506250 0.036744896 0.999130845 0.019682869 0.028433058 -0.373994917 -0.004515801 0.927419782 -0.735710986
95829000 0.500955656 0.890587841 0.500000000 0.500000000 0.000000000 0.000000000 0.924642563 -0.041431297 0.378575772 -0.119595252 0.036594413 0.999130726 0.019965706 0.029450433 -0.379073888 -0.004607383 0.925354958 -0.745574557
95862000 0.500955656 0.890587841 0.500000000 0.500000000 0.000000000 0.000000000 0.922577024 -0.041517403 0.383572638 -0.125757633 0.036611632 0.999127686 0.020085214 0.030979790 -0.384071916 -0.004486937 0.923292279 -0.755524262
95895000 0.500955656 0.890587841 0.500000000 0.500000000 0.000000000 0.000000000 0.920530856 -0.041529648 0.388456255 -0.131805416 0.036535963 0.999127448 0.020236330 0.031719793 -0.388957679 -0.004435543 0.921244919 -0.765136641
95929000 0.500955656 0.890587841 0.500000000 0.500000000 0.000000000 0.000000000 0.918429434 -0.041695207 0.393381387 -0.138127344 0.036563747 0.999120355 0.020533023 0.032368033 -0.393891484 -0.004474634 0.919146061 -0.774654399
95962000 0.500955656 0.890587841 0.500000000 0.500000000 0.000000000 0.000000000 0.916301072 -0.041768547 0.398306131 -0.144906981 0.036436852 0.999116361 0.020950001 0.032160169 -0.398829192 -0.004683486 0.917013288 -0.784329667
95996000 0.500955656 0.890587841 0.500000000 0.500000000 0.000000000 0.000000000 0.914257050 -0.041936897 0.402958274 -0.150745279 0.036502149 0.999109507 0.021161506 0.032950922 -0.403486907 -0.004638211 0.914973676 -0.794129639
96029000 0.500955656 0.890587841 0.500000000 0.500000000 0.000000000 0.000000000 0.912116945 -0.042062189 0.407766432 -0.157616509 0.036486898 0.999104023 0.021444108 0.033718195 -0.408303052 -0.004681403 0.912834406 -0.803775594
96062000 0.500955656 0.890587841 0.500000000 0.500000000 0.000000000 0.000000000 0.909975946 -0.042045008 0.412523925 -0.164849444 0.036350790 0.999104679 0.021644857 0.034159066 -0.413064629 -0.004700729 0.910689592 -0.813274149
96096000 0.500955656 0.890587841 0.500000000 0.500000000 0.000000000 0.000000000 0.907836437 -0.041945800 0.417221248 -0.171944691 0.036192395 0.999109328 0.021695122 0.034759556 -0.417759657 -0.004595387 0.908545971 -0.823073237
96129000 0.500955656 0.890587841 0.500000000 0.500000000 0.000000000 0.000000000 0.905640841 -0.041772075 0.421983182 -0.179321269 0.035982493 0.999117255 0.021678556 0.035409779 -0.422516227 -0.004448979 0.906344414 -0.832820340
96163000 0.500955656 0.890587841 0.500000000 0.500000000 0.000000000 0.000000000 0.903296232 -0.041455530 0.427009732 -0.187833546 0.035677109 0.999131501 0.021527672 0.036141843 -0.427531302 -0.004211393 0.903990746 -0.842369276
96196000 0.500955656 0.890587841 0.500000000 0.500000000 0.000000000 0.000000000 0.900960267 -0.041140053 0.431946874 -0.196148144 0.035361882 0.999145329 0.021403655 0.036698446 -0.432458252 -0.004009388 0.901645064 -0.851951436
96229000 0.500955656 0.890587841 0.500000000 0.500000000 0.000000000 0.000000000 0.898583233 -0.040802248 0.436902016 -0.204690447 0.034996662 0.999159694 0.021333274 0.037206967 -0.437405348 -0.003879608 0.899256110 -0.861217169
96263000 0.500955656 0.890587841 0.500000000 0.500000000 0.000000000 0.000000000 0.896048486 -0.040637251 0.442092419 -0.214343724 0.034849256 0.999167502 0.021210033 0.038191745 -0.442586273 -0.003598627 0.896718681 -0.870558533
96296000 0.500955656 0.890587841 0.500000000 0.500000000 0.000000000 0.000000000 0.893542171 -0.040307414 0.447166353 -0.223631182 0.034669645 0.999182582 0.020787962 0.040083469 -0.447638750 -0.003071821 0.894209206 -0.880123855
96330000 0.500955656 0.890587841 0.500000000 0.500000000 0.000000000 0.000000000 0.891068578 -0.040281579 0.452077597 -0.232065117 0.034484621 0.999183297 0.021059481 0.040076757 -0.452556700 -0.003175719 0.891729951 -0.889189443
96363000 0.500955656 0.890587841 0.500000000 0.500000000 0.000000000 0.000000000 0.888321280 -0.040122680 0.457466424 -0.242692931 0.034333982 0.999190509 0.020964585 0.041298769 -0.457937270 -0.002916642 0.888979733 -0.898707852
96396000 0.500955656 0.890587841 0.500000000 0.500000000 0.000000000 0.000000000 0.885732532 -0.039955866 0.462473154 -0.251990792 0.034256615 0.999198318 0.020718245 0.043336958 -0.462930202 -0.002508058 0.886391163 -0.907646336
96430000 0.500955656 0.890587841 0.500000000 0.500000000 0.000000000 0.000000000 0.882971108 -0.039957311 0.467723638 -0.262290005 0.034106147 0.999198079 0.020975046 0.043851105 -0.468186677 -0.002568108 0.883625865 -0.916224922
96463000 0.500955656 0.890587841 0.500000000 0.500000000 0.000000000 0.000000000 0.880233824 -0.039920244 0.472858071 -0.272189942 0.033927985 0.999199450 0.021198168 0.044110824 -0.473325729 -0.002616223 0.880883574 -0.924449818
96496000 0.500955656 0.890587841 0.500000000 0.500000000 0.000000000 0.000000000 0.877522409 -0.040064622 0.477859050 -0.281368801 0.034028601 0.999194145 0.021285517 0.044905986 -0.478326797 -0.002417644 0.878178596 -0.932559321
96530000 0.500955656 0.890587841 0.500000000 0.500000000 0.000000000 0.000000000 0.874610841 -0.040255893 0.483151495 -0.291674167 0.034188982 0.999187052 0.021362064 0.045718879 -0.483618647 -0.002165035 0.875276148 -0.941008428
96563000 0.500955656 0.890587841 0.500000000 0.500000000 0.000000000 0.000000000 0.871721148 -0.040527802 0.488323361 -0.301379605 0.034306958 0.999176085 0.021682987 0.045615220 -0.488799810 -0.002148629 0.872393370 -0.949163094
96597000 0.500955656 0.890587841 0.500000000 0.500000000 0.000000000 0.000000000 0.868836284 -0.040978801 0.493400723 -0.310783849 0.034659714 0.999158084 0.021951089 0.045858964 -0.493884832 -0.001970774 0.869525075 -0.957160527
96630000 0.500955656 0.890587841 0.500000000 0.500000000 0.000000000 0.000000000 0.865936100 -0.041669182 0.498415858 -0.320004647 0.035137609 0.999129534 0.022483205 0.045474328 -0.498918861 -0.001955878 0.866646469 -0.965257009
96663000 0.500955656 0.890587841 0.500000000 0.500000000 0.000000000 0.000000000 0.863094926 -0.042674147 0.503235638 -0.328634236 0.035889063 0.999087155 0.023169115 0.044912061 -0.503764987 -0.001936490 0.863838553 -0.973354469
96697000 0.500955656 0.890587841 0.500000000 0.500000000 0.000000000 0.000000000 0.860124826 -0.043529972 0.508222818 -0.337973100 0.036557872 0.999050498 0.023698876 0.045002664 -0.508771896 -0.001804446 0.860899448 -0.981457582
96730000 0.500955656 0.890587841 0.500000000 0.500000000 0.000000000 0.000000000 0.856987059 -0.044508364 0.513412297 -0.347872463 0.037437994 0.999007940 0.024113821 0.045345717 -0.513976216 -0.001444107 0.857803226 -0.990781913
96763000 0.500955656 0.890587841 0.500000000 0.500000000 0.000000000 0.000000000 0.853930354 -0.045421541 0.518401265 -0.357212401 0.038185801 0.998967171 0.024626896 0.045284840 -0.518984437 -0.001234085 0.854782820 -0.999590869
96797000 0.500955656 0.890587841 0.500000000 0.500000000 0.000000000 0.000000000 0.851074576 -0.046320450 0.522997558 -0.365175742 0.039027508 0.998926282 0.024962626 0.045955148 -0.523592293 -0.000833765 0.851968527 -1.008830457
96830000 0.500955656 0.890587841 0.500000000 0.500000000 0.000000000 0.000000000 0.847955346 -0.047326729 0.527950644 -0.374657062 0.039910473 0.998879313 0.025440615 0.046263796 -0.528563023 -0.000501746 0.848893940 -1.018280158
96863000 0.500955656 0.890587841 0.500000000 0.500000000 0.000000000 0.000000000 0.844935358 -0.048296906 0.532683372 -0.383479568 0.040810127 0.998833001 0.025828896 0.046657846 -0.533309221 -0.000084872 0.845920384 -1.027769527
96897000 0.500955656 0.890587841 0.500000000 0.500000000 0.000000000 0.000000000 0.841845274 -0.049392924 0.537454069 -0.392524935 0.041788779 0.998779356 0.026333317 0.046783805 -0.538098693 0.000290970 0.842881799 -1.037806327
96930000 0.500955656 0.890587841 0.500000000 0.500000000 0.000000000 0.000000000 0.838729858 -0.050433561 0.542207241 -0.401660897 0.042634450 0.998727262 0.026946502 0.046545680 -0.542876184 0.000515873 0.839812577 -1.047494866
96964000 0.500955656 0.890587841 0.500000000 0.500000000 0.000000000 0.000000000 0.835614741 -0.051598568 0.546887219 -0.410737787 0.043642584 0.998667538 0.027540280 0.046362803 -0.547579527 0.000854507 0.836753190 -1.057687879
96997000 0.500955656 0.890587841 0.500000000 0.500000000 0.000000000 0.000000000 0.832467675 -0.052599322 0.551571310 -0.420062484 0.044560522 0.998614848 0.027976930 0.046755270 -0.552278876 0.001288416 0.833658457 -1.067830084
97030000 0.500955656 0.890587841 0.500000000 0.500000000 0.000000000 0.000000000 0.829288781 -0.053754345 0.556228936 -0.429544384 0.045525141 0.998552918 0.028626826 0.046670901 -0.556962848 0.001582496 0.830535889 -1.077785838
97064000 0.500955656 0.890587841 0.500000000 0.500000000 0.000000000 0.000000000 0.826170981 -0.054596342 0.560768008 -0.438708694 0.046165369 0.998506963 0.029199842 0.046652016 -0.561524987 0.001764001 0.827457905 -1.087978290
97097000 0.500955656 0.890587841 0.500000000 0.500000000 0.000000000 0.000000000 0.823022485 -0.055350792 0.565305412 -0.447851775 0.046874233 0.998464525 0.029519005 0.047242670 -0.566071332 0.002203453 0.824353337 -1.098129695
97130000 0.500955656 0.890587841 0.500000000 0.500000000 0.000000000 0.000000000 0.819760501 -0.055920813 0.569969773 -0.457168325 0.047317903 0.998432159 0.029902976 0.047353788 -0.570748389 0.002456494 0.821121335 -1.108147330
97164000 0.500955656 0.890587841 0.500000000 0.500000000 0.000000000 0.000000000 0.816537201 -0.056450624 0.574526131 -0.465874626 0.047683831 0.998401940 0.030328972 0.047393128 -0.575320125 0.002630872 0.817924142 -1.117963598
97197000 0.500955656 0.890587841 0.500000000 0.500000000 0.000000000 0.000000000 0.813329816 -0.056802411 0.579023421 -0.474415395 0.047884014 0.998381615 0.030680943 0.047627670 -0.579829037 0.002772239 0.814733446 -1.127283283
97230000 0.500955656 0.890587841 0.500000000 0.500000000 0.000000000 0.000000000 0.810095489 -0.057070781 0.583513677 -0.483253929 0.048028372 0.998365819 0.030967480 0.047771272 -0.584327459 0.002938595 0.811512649 -1.136708825
97264000 0.500955656 0.890587841 0.500000000 0.500000000 0.000000000 0.000000000 0.806776702 -0.057328325 0.588068724 -0.492658224 0.048122372 0.998350739 0.031305470 0.047840411 -0.588893533 0.003042740 0.808204889 -1.146165585
97297000 0.500955656 0.890587841 0.500000000 0.500000000 0.000000000 0.000000000 0.803562820 -0.057732198 0.592413545 -0.501258405 0.048306558 0.998327315 0.031765442 0.047458294 -0.593256533 0.003091931 0.805007517 -1.155497358
97331000 0.500955656 0.890587841 0.500000000 0.500000000 0.000000000 0.000000000 0.800329924 -0.058287449 0.596719861 -0.509877215 0.048607860 0.998294890 0.032319587 0.046899475 -0.597586215 0.003138943 0.801798522 -1.165050833
97364000 0.500955656 0.890587841 0.500000000 0.500000000 0.000000000 0.000000000 0.797098875 -0.058693081 0.600989580 -0.518592743 0.048799839 0.998270929 0.032768123 0.046173337 -0.601873696 0.003208762 0.798584819 -1.174709229
97397000 0.500955656 0.890587841 0.500000000 0.500000000 0.000000000 0.000000000 0.793770492 -0.059329279 0.605316818 -0.527688699 0.049137112 0.998233259 0.033405434 0.045437038 -0.606229246 0.003227272 0.795283377 -1.184430022
97431000 0.500955656 0.890587841 0.500000000 0.500000000 0.000000000 0.000000000 0.790434718 -0.059879649 0.609612525 -0.537144312 0.049525984 0.998199642 0.033832621 0.045321291 -0.610540867 0.003449182 0.791977227 -1.194656632
97464000 0.500955656 0.890587841 0.500000000 0.500000000 0.000000000 0.000000000 0.787066758 -0.060658563 0.613878191 -0.546958653 0.050026987 0.998152196 0.034488764 0.044907782 -0.614835918 0.003565518 0.788646996 -1.205129124
97497000 0.500955656 0.890587841 0.500000000 0.500000000 0.000000000 0.000000000 0.783785403 -0.061283715 0.618000627 -0.556619229 0.050617613 0.998112261 0.034781009 0.045411582 -0.618965507 0.004020870 0.785407841 -1.216031458
97531000 0.500955656 0.890587841 0.500000000 0.500000000 0.000000000 0.000000000 0.780382037 -0.061881024 0.622233570 -0.567280405 0.051115736 0.998073936 0.035150845 0.045772206 -0.623210251 0.004374838 0.782042086 -1.226983902
97564000 0.500955656 0.890587841 0.500000000 0.500000000 0.000000000 0.000000000 0.776910543 -0.062551491 0.626496077 -0.578068961 0.051749639 0.998029888 0.035472561 0.046117187 -0.627480686 0.004861939 0.778616965 -1.238205868
97598000 0.500955656 0.890587841 0.500000000 0.500000000 0.000000000 0.000000000 0.773379922 -0.063074023 0.630797207 -0.589053997 0.052249327 0.997994661 0.035730902 0.046619903 -0.631785929 0.005325167 0.775124609 -1.249038206
97631000 0.500955656 0.890587841 0.500000000 0.500000000 0.000000000 0.000000000 0.769626200 -0.063715115 0.635307729 -0.601145085 0.052808046 0.997951508 0.036111858 0.046881685 -0.636307180 0.005756727 0.771414340 -1.259951770
97664000 0.500955656 0.890587841 0.500000000 0.500000000 0.000000000 0.000000000 0.765885651 -0.064131953 0.639770448 -0.612994235 0.053281162 0.997921407 0.036249515 0.047694112 -0.640765369 0.006324730 0.767710686 -1.270933470
97698000 0.500955656 0.890587841 0.500000000 0.500000000 0.000000000 0.000000000 0.762141705 -0.064896941 0.644149363 -0.624437259 0.053881682 0.997869670 0.036782168 0.047564307 -0.645164192 0.006674629 0.764014840 -1.282004719
97731000 0.500955656 0.890587841 0.500000000 0.500000000 0.000000000 0.000000000 0.758237481 -0.065389358 0.648691058 -0.636932801 0.054477781 0.997832716 0.036905918 0.048608647 -0.649698436 0.007355800 0.760156453 -1.292839114
97764000 0.500955656 0.890587841 0.500000000 0.500000000 0.000000000 0.000000000 0.754383028 -0.066043161 0.653103769 -0.648852925 0.055149395 0.997785032 0.037196402 0.049214093 -0.654113710 0.007957943 0.756354332 -1.304053852
97798000 0.500955656 0.890587841 0.500000000 0.500000000 0.000000000 0.000000000 0.750661016 -0.066522732 0.657330036 -0.660438623 0.055599082 0.997749448 0.037480343 0.049523469 -0.658343971 0.008411917 0.752670169 -1.315031252
97831000 0.500955656 0.890587841 0.500000000 0.500000000 0.000000000 0.000000000 0.746983528 -0.067112111 0.661446571 -0.671971608 0.056254949 0.997704387 0.037699994 0.050170394 -0.662458301 0.009048368 0.749044180 -1.325931053
97864000 0.500955656 0.890587841 0.500000000 0.500000000 0.000000000 0.000000000 0.743405163 -0.067568704 0.665419579 -0.682508314 0.056879476 0.997666717 0.037760459 0.050844413 -0.666418433 0.009777399 0.745513856 -1.336607117
97898000 0.500955656 0.890587841 0.500000000 0.500000000 0.000000000 0.000000000 0.739393532 -0.067774870 0.669853568 -0.694559517 0.057224706 0.997646391 0.037775096 0.051257043 -0.670837164 0.010401511 0.741531730 -1.346479656
97931000 0.500955656 0.890587841 0.500000000 0.500000000 0.000000000 0.000000000 0.735423028 -0.067813337 0.674206436 -0.705903792 0.057637673 0.997633994 0.037473422 0.052468308 -0.675152481 0.011300871 0.737591684 -1.356295405
97965000 0.500955656 0.890587841 0.500000000 0.500000000 0.000000000 0.000000000 0.731353581 -0.068141170 0.678585827 -0.717101110 0.058079544 0.997604370 0.037579983 0.052661276 -0.679520965 0.011927699 0.733559132 -1.365989067
97998000 0.500955656 0.890587841 0.500000000 0.500000000 0.000000000 0.000000000 0.727113187 -0.068318732 0.683109820 -0.729190901 0.058541920 0.997582018 0.037456550 0.053445022 -0.684017003 0.012755407 0.729354501 -1.375477870
98031000 0.500955656 0.890587841 0.500000000 0.500000000 0.000000000 0.000000000 0.723004341 -0.068481304 0.687440932 -0.740292620 0.058956113 0.997560918 0.037368659 0.054156450 -0.688323259 0.013511143 0.725278258 -1.385117121
98065000 0.500955656 0.890587841 0.500000000 0.500000000 0.000000000 0.000000000 0.718810737 -0.068972811 0.691775918 -0.751331448 0.059663817 0.997515380 0.037460752 0.054602746 -0.692640841 0.014346803 0.721139908 -1.394884766
98098000 0.500955656 0.890587841 0.500000000 0.500000000 0.000000000 0.000000000 0.714655042 -0.069338791 0.696031868 -0.762000188 0.060265727 0.997478068 0.037490692 0.055224622 -0.696876049 0.015153954 0.717031479 -1.404949920
98131000 0.500955656 0.890587841 0.500000000 0.500000000 0.000000000 0.000000000 0.710315883 -0.069634154 0.700430155 -0.773601573 0.060900841 0.997442842 0.037401665 0.056396610 -0.701243520 0.016089788 0.712740242 -1.414683641
98165000 0.500955656 0.890587841 0.500000000 0.500000000 0.000000000 0.000000000 0.706119180 -0.069948390 0.704629600 -0.784279471 0.061511576 0.997406542 0.037370667 0.057282879 -0.705416203 0.016954735 0.708590508 -1.424920281
98198000 0.500955656 0.890587841 0.500000000 0.500000000 0.000000000 0.000000000 0.701964378 -0.070142753 0.708749592 -0.794665090 0.062028456 0.997378170 0.037272796 0.058406671 -0.709505796 0.017798470 0.704474807 -1.434914424
98231000 0.500955656 0.890587841 0.500000000 0.500000000 0.000000000 0.000000000 0.697850704 -0.070190154 0.712795734 -0.804695719 0.062404662 0.997360587 0.037115481 0.059446265 -0.713519514 0.018580714 0.700388968 -1.445082430
98265000 0.500955656 0.890587841 0.500000000 0.500000000 0.000000000 0.000000000 0.693656385 -0.069838896 0.716912329 -0.815253320 0.062675379 0.997365654 0.036517356 0.061525077 -0.717574120 0.019602254 0.696206272 -1.455295639
98298000 0.500955656 0.890587841 0.500000000 0.500000000 0.000000000 0.000000000 0.689709127 -0.069494084 0.720743954 -0.824604920 0.062695205 0.997377038 0.036171433 0.062711574 -0.721367180 0.020239424 0.692256987 -1.465825993
98332000 0.500955656 0.890587841 0.500000000 0.500000000 0.000000000 0.000000000 0.685715675 -0.068997756 0.724591851 -0.834457216 0.062819213 0.997392416 0.035525817 0.065028537 -0.725153625 0.021157682 0.688261986 -1.476081251
98365000 0.500955656 0.890587841 0.500000000 0.500000000 0.000000000 0.000000000 0.681754827 -0.068603493 0.728357017 -0.844188607 0.062879473 0.997404099 0.035088588 0.066898092 -0.728873491 0.021876892 0.684298813 -1.486223466
98398000 0.500955656 0.890587841 0.500000000 0.500000000 0.000000000 0.000000000 0.677910149 -0.068416141 0.731954277 -0.853184755 0.063100494 0.997400761 0.034786109 0.068686046 -0.732431650 0.022604821 0.680465221 -1.496447425
98432000 0.500955656 0.890587841 0.500000000 0.500000000 0.000000000 0.000000000 0.673891008 -0.067967862 0.735697806 -0.863497967 0.063400976 0.997406363 0.034071371 0.071814162 -0.736105442 0.023683567 0.676452398 -1.506240727
98465000 0.500955656 0.890587841 0.500000000 0.500000000 0.000000000 0.000000000 0.669971049 -0.067800917 0.739284694 -0.873088766 0.063463256 0.997406185 0.033960540 0.073107425 -0.739669681 0.024164835 0.672536135 -1.515778690
98498000 0.500955656 0.890587841 0.500000000 0.500000000 0.000000000 0.000000000 0.665955782 -0.067456901 0.742935061 -0.883696560 0.063732781 0.997406840 0.033433292 0.076014571 -0.743263781 0.025084218 0.668528020 -1.524646290
98532000 0.500955656 0.890587841 0.500000000 0.500000000 0.000000000 0.000000000 0.662000775 -0.067185581 0.746485829 -0.894087674 0.063822217 0.997409880 0.033170361 0.078208474 -0.746780872 0.025683576 0.664574027 -1.532966569
98565000 0.500955656 0.890587841 0.500000000 0.500000000 0.000000000 0.000000000 0.658008754 -0.066850655 0.750037014 -0.904663576 0.063953608 0.997413933 0.032792706 0.080911351 -0.750289559 0.026389686 0.660582423 -1.541442873
98599000 0.500955656 0.890587841 0.500000000 0.500000000 0.000000000 0.000000000 0.653989732 -0.066763058 0.753551662 -0.915020441 0.064140968 0.997404933 0.032701492 0.082735281 -0.753779352 0.026947090 0.656574845 -1.549708744
98632000 0.500955656 0.890587841 0.500000000 0.500000000 0.000000000 0.000000000 0.649898827 -0.066458903 0.757109463 -0.925565716 0.064259477 0.997407377 0.032392200 0.084976528 -0.757299304 0.027599800 0.652484536 -1.557915440
98665000 0.500955656 0.890587841 0.500000000 0.500000000 0.000000000 0.000000000 0.645516336 -0.066142462 0.760877013 -0.937353295 0.064306833 0.997412264 0.032147363 0.087181292 -0.761034310 0.028177943 0.648099363 -1.565757601
98699000 0.500955656 0.890587841 0.500000000 0.500000000 0.000000000 0.000000000 0.641241610 -0.065854169 0.764508009 -0.948802091 0.064256050 0.997419596 0.032021355 0.088865499 -0.764643967 0.028590839 0.643818438 -1.573405601
98732000 0.500955656 0.890587841 0.500000000 0.500000000 0.000000000 0.000000000 0.636972785 -0.065691791 0.768082201 -0.959969992 0.064141467 0.997423947 0.032114007 0.089630101 -0.768213212 0.028810170 0.639545500 -1.581498631
98765000 0.500955656 0.890587841 0.500000000 0.500000000 0.000000000 0.000000000 0.632487237 -0.065292388 0.771813929 -0.972653615 0.063996300 0.997439027 0.031935591 0.091186327 -0.771922529 0.029194379 0.635045946 -1.588651167
98799000 0.500955656 0.890587841 0.500000000 0.500000000 0.000000000 0.000000000 0.627810717 -0.065112427 0.775637865 -0.985646025 0.063895218 0.997442961 0.032014720 0.091354935 -0.775739074 0.029460367 0.630365789 -1.597410189
98832000 0.500955656 0.890587841 0.500000000 0.500000000 0.000000000 0.000000000 0.623208940 -0.064900510 0.779357731 -0.998811645 0.063928746 0.997443199 0.031941175 0.092543507 -0.779438078 0.029917337 0.625764549 -1.605079417
98865000 0.500955656 0.890587841 0.500000000 0.500000000 0.000000000 0.000000000 0.618650913 -0.064863667 0.782983899 -1.012017812 0.063964978 0.997436106 0.032089259 0.093381832 -0.783057809 0.030231493 0.621213734 -1.612579371
98899000 0.500955656 0.890587841 0.500000000 0.500000000 0.000000000 0.000000000 0.614110589 -0.064699888 0.786563456 -1.025542496 0.063994482 0.997434437 0.032081589 0.094507665 -0.786621213 0.030634081 0.616675496 -1.619856544
98932000 0.500955656 0.890587841 0.500000000 0.500000000 0.000000000 0.000000000 0.609498560 -0.064392395 0.790167809 -1.039815240 0.063921824 0.997442484 0.031977322 0.095466071 -0.790206015 0.031018836 0.612055779 -1.627290740
98966000 0.500955656 0.890587841 0.500000000 0.500000000 0.000000000 0.000000000 0.604835987 -0.064055502 0.793769658 -1.054360515 0.063858740 0.997451127 0.031833123 0.096398053 -0.793785512 0.031435311 0.607384861 -1.634442684
98999000 0.500955656 0.890587841 0.500000000 0.500000000 0.000000000 0.000000000 0.600210488 -0.063760817 0.797296643 -1.068603368 0.063864164 0.997455299 0.031690370 0.097471001 -0.797288358 0.031897787 0.602755189 -1.641869982
99032000 0.500955656 0.890587841 0.500000000 0.500000000 0.000000000 0.000000000 0.595351219 -0.063375950 0.800962210 -1.083812535 0.063926399 0.997460246 0.031407643 0.099131244 -0.800918460 0.032504048 0.597890556 -1.648530812
99066000 0.500955656 0.890587841 0.500000000 0.500000000 0.000000000 0.000000000 0.590721667 -0.062923722 0.804418087 -1.097882910 0.063912272 0.997471094 0.031091075 0.100951634 -0.804340184 0.033046018 0.593249381 -1.655293537
99099000 0.500955656 0.890587841 0.500000000 0.500000000 0.000000000 0.000000000 0.585794985 -0.062385932 0.808054626 -1.113336645 0.063905306 0.997484148 0.030683041 0.103146765 -0.807935834 0.033665001 0.588308036 -1.661761309
99132000 0.500955656 0.890587841 0.500000000 0.500000000 0.000000000 0.000000000 0.580944717 -0.062159076 0.811566055 -1.127961672 0.063972585 0.997482240 0.030605074 0.104653682 -0.811425149 0.034138124 0.583458543 -1.668516283
99166000 0.500955656 0.890587841 0.500000000 0.500000000 0.000000000 0.000000000 0.576079428 -0.061808016 0.815053523 -1.142668772 0.063973770 0.997487664 0.030425929 0.106669970 -0.814886391 0.034614291 0.578586221 -1.675286259
99199000 0.500955656 0.890587841 0.500000000 0.500000000 0.000000000 0.000000000 0.571357191 -0.061750561 0.818375111 -1.156589014 0.064182766 0.997473359 0.030454563 0.108720970 -0.818187952 0.035125144 0.573876917 -1.681546033
99232000 0.500955656 0.890587841 0.500000000 0.500000000 0.000000000 0.000000000 0.566512644 -0.061638050 0.821744621 -1.170967142 0.064368054 0.997461796 0.030442895 0.110402562 -0.821535289 0.035647813 0.569042206 -1.687921285
99266000 0.500955656 0.890587841 0.500000000 0.500000000 0.000000000 0.000000000 0.561761677 -0.061590698 0.825003266 -1.184937992 0.064511418 0.997449636 0.030537548 0.111350076 -0.824780047 0.036067307 0.564302266 -1.695026925
99299000 0.500955656 0.890587841 0.500000000 0.500000000 0.000000000 0.000000000 0.556846857 -0.061518706 0.828333914 -1.199550824 0.064744160 0.997434080 0.030553224 0.112944128 -0.828088045 0.036616318 0.559400976 -1.701703819
99333000 0.500955656 0.890587841 0.500000000 0.500000000 0.000000000 0.000000000 0.552135110 -0.061513409 0.831482351 -1.213394397 0.064882331 0.997420430 0.030705303 0.113995768 -0.831226289 0.036995038 0.554701924 -1.708547590
99366000 0.500955656 0.890587841 0.500000000 0.500000000 0.000000000 0.000000000 0.547331750 -0.061427072 0.834658384 -1.227719351 0.065117300 0.997405171 0.030703472 0.115703289 -0.834378600 0.037545718 0.549911499 -1.715465680
99399000 0.500955656 0.890587841 0.500000000 0.500000000 0.000000000 0.000000000 0.542777479 -0.061239474 0.837640941 -1.241228149 0.065209441 0.997400343 0.030664753 0.117323515 -0.837341249 0.037977964 0.545359790 -1.722900785
99433000 0.500955656 0.890587841 0.500000000 0.500000000 0.000000000 0.000000000 0.538227975 -0.060943816 0.840592980 -1.254757134 0.065329194 0.997398078 0.030482348 0.119276193 -0.840263486 0.038508810 0.540808916 -1.730536252
99466000 0.500955656 0.890587841 0.500000000 0.500000000 0.000000000 0.000000000 0.533796310 -0.060507122 0.843445539 -1.267960657 0.065115422 0.997416317 0.030342702 0.120519292 -0.843102276 0.038724490 0.536357105 -1.738386255
99499000 0.500955656 0.890587841 0.500000000 0.500000000 0.000000000 0.000000000 0.529404938 -0.060139503 0.846234977 -1.280915181 0.065053150 0.997425079 0.030186877 0.122049174 -0.845871449 0.039069172 0.531954050 -1.746576927
99533000 0.500955656 0.890587841 0.500000000 0.500000000 0.000000000 0.000000000 0.525059223 -0.059928402 0.848953128 -1.293704900 0.065082021 0.997424126 0.030157285 0.123439161 -0.848573625 0.039417226 0.527606964 -1.754761588
99566000 0.500955656 0.890587841 0.500000000 0.500000000 0.000000000 0.000000000 0.520624936 -0.059426509 0.851714849 -1.307211528 0.064898536 0.997443080 0.029924057 0.124723461 -0.851315379 0.039695833 0.523150444 -1.763441436
99600000 0.500955656 0.890587841 0.500000000 0.500000000 0.000000000 0.000000000 0.516222477 -0.059057929 0.854415894 -1.320690196 0.064802237 0.997453272 0.029792462 0.126120790 -0.853999436 0.039988525 0.518734872 -1.771862081
99633000 0.500955656 0.890587841 0.500000000 0.500000000 0.000000000 0.000000000 0.511890292 -0.058968574 0.857024550 -1.333938878 0.065038718 0.997438192 0.029783064 0.128021375 -0.856585264 0.040494118 0.514414132 -1.780247244
99666000 0.500955656 0.890587841 0.500000000 0.500000000 0.000000000 0.000000000 0.507450044 -0.058894251 0.859666169 -1.347735338 0.064984933 0.997435987 0.029972842 0.129014197 -0.859227240 0.040655632 0.509976208 -1.788424443
99700000 0.500955656 0.890587841 0.500000000 0.500000000 0.000000000 0.000000000 0.502940834 -0.058581300 0.862333298 -1.362067545 0.065081932 0.997434795 0.029801317 0.131490168 -0.861867070 0.041134018 0.505463302 -1.796226416
99733000 0.500955656 0.890587841 0.500000000 0.500000000 0.000000000 0.000000000 0.498513252 -0.058419861 0.864911377 -1.376177126 0.064732805 0.997449756 0.030061709 0.131916237 -0.864461780 0.041001983 0.501023591 -1.804274849
99766000 0.500955656 0.890587841 0.500000000 0.500000000 0.000000000 0.000000000 0.494333714 -0.058564436 0.867297173 -1.389340545 0.064819917 0.997433603 0.030406497 0.132734829 -0.866852105 0.041187171 0.496861190 -1.812678788
99800000 0.500955656 0.890587841 0.500000000 0.500000000 0.000000000 0.000000000 0.490103483 -0.058529243 0.869697034 -1.402977606 0.064789854 0.997429192 0.030614164 0.133497561 -0.869253039 0.041343432 0.492635638 -1.821236204
99833000 0.500955656 0.890587841 0.500000000 0.500000000 0.000000000 0.000000000 0.485831380 -0.058478396 0.872094095 -1.416825613 0.064833380 0.997421741 0.030764498 0.134812009 -0.871644735 0.041594449 0.488370150 -1.828709203
99866000 0.500955656 0.890587841 0.500000000 0.500000000 0.000000000 0.000000000 0.481563181 -0.058141302 0.874480724 -1.430965727 0.064618737 0.997436702 0.030731684 0.135772508 -0.874025941 0.041708592 0.484085798 -1.836274659
99900000 0.500955656 0.890587841 0.500000000 0.500000000 0.000000000 0.000000000 0.477370232 -0.058189966 0.876773417 -1.444639137 0.064586319 0.997429490 0.031032877 0.135846468 -0.876325428 0.041813396 0.479901433 -1.844041263
99933000 0.500955656 0.890587841 0.500000000 0.500000000 0.000000000 0.000000000 0.473182440 -0.058116905 0.879045367 -1.458486088 0.064753175 0.997416973 0.031086816 0.137115997 -0.878581464 0.042211242 0.475723475 -1.851372965
99967000 0.500955656 0.890587841 0.500000000 0.500000000 0.000000000 0.000000000 0.469094574 -0.058184583 0.881229162 -1.472203371 0.064619794 0.997413993 0.031457566 0.136660513 -0.880780637 0.042188276 0.471641362 -1.858954349
100000000 0.500955656 0.890587841 0.500000000 0.500000000 0.000000000 0.000000000 0.464856088 -0.058258738 0.883467436 -1.486710333 0.064691298 0.997400641 0.031733096 0.137399295 -0.883019745 0.042401336 0.467416614 -1.865966319
100033000 0.500955656 0.890587841 0.500000000 0.500000000 0.000000000 0.000000000 0.460714996 -0.058417279 0.885623574 -1.501228896 0.064599767 0.997392118 0.032183934 0.137432865 -0.885194063 0.042383455 0.463287264 -1.872723393
100067000 0.500955656 0.890587841 0.500000000 0.500000000 0.000000000 0.000000000 0.456559569 -0.058567759 0.887763023 -1.516140934 0.064407080 0.997388601 0.032676674 0.137399869 -0.887358487 0.042259376 0.459139466 -1.879438843
100100000 0.500955656 0.890587841 0.500000000 0.500000000 0.000000000 0.000000000 0.452245265 -0.058636222 0.889964044 -1.531909581 0.064229093 0.997386932 0.033075154 0.137340314 -0.889577925 0.042203501 0.454829663 -1.886528955
100133000 0.500955656 0.890587841 0.500000000 0.500000000 0.000000000 0.000000000 0.447964072 -0.058742173 0.892119706 -1.547934075 0.064102694 0.997381389 0.033485021 0.137538145 -0.891750574 0.042187192 0.450556546 -1.893548505
100167000 0.500955656 0.890587841 0.500000000 0.500000000 0.000000000 0.000000000 0.443767220 -0.058803197 0.894210756 -1.564155479 0.063846551 0.997383654 0.033902906 0.137140949 -0.893864810 0.042047277 0.446360558 -1.901211094
100200000 0.500955656 0.890587841 0.500000000 0.500000000 0.000000000 0.000000000 0.439730972 -0.058601875 0.896215677 -1.580120431 0.063722268 0.997389972 0.033951946 0.137925122 -0.895866156 0.042179175 0.442317486 -1.908828925
100233000 0.500955656 0.890587841 0.500000000 0.500000000 0.000000000 0.000000000 0.435577035 -0.058555577 0.898244917 -1.596410417 0.063327380 0.997402847 0.034310851 0.137292009 -0.897921085 0.041938476 0.438153923 -1.916487878
100267000 0.500955656 0.890587841 0.500000000 0.500000000 0.000000000 0.000000000 0.431311548 -0.058428947 0.900309086 -1.613204883 0.063244618 0.997403920 0.034431651 0.138194820 -0.899983585 0.042088933 0.433887124 -1.923642726
100300000 0.500955656 0.890587841 0.500000000 0.500000000 0.000000000 0.000000000 0.426825970 -0.058000043 0.902471900 -1.631380793 0.062868282 0.997429848 0.034369115 0.138592610 -0.902145863 0.042067226 0.429375350 -1.930788938
100334000 0.500955656 0.890587841 0.500000000 0.500000000 0.000000000 0.000000000 0.422478348 -0.057761513 0.904530644 -1.649069796 0.062520750 0.997447431 0.034493480 0.138899972 -0.904214144 0.041979183 0.425011247 -1.937759881
100367000 0.500955656 0.890587841 0.500000000 0.500000000 0.000000000 0.000000000 0.417989969 -0.057613421 0.906622887 -1.667417404 0.062357951 0.997452676 0.034635860 0.139526332 -0.906308949 0.042057704 0.420517862 -1.945093828
100400000 0.500955656 0.890587841 0.500000000 0.500000000 0.000000000 0.000000000 0.413556188 -0.057662115 0.908650875 -1.685578919 0.062399942 0.997440994 0.034896433 0.140430346 -0.908337772 0.042268123 0.416096002 -1.952298022
100434000 0.500955656 0.890587841 0.500000000 0.500000000 0.000000000 0.000000000 0.409205973 -0.057698432 0.910615921 -1.703594214 0.062417287 0.997430980 0.035150576 0.141528772 -0.910304666 0.042454351 0.411756068 -1.959587654
100467000 0.500955656 0.890587841 0.500000000 0.500000000 0.000000000 0.000000000 0.404753774 -0.057662416 0.912605822 -1.722137950 0.062678874 0.997412026 0.035221864 0.143903361 -0.912275016 0.042944927 0.407320499 -1.966322499
100500000 0.500955656 0.890587841 0.500000000 0.500000000 0.000000000 0.000000000 0.400154829 -0.057394542 0.914648533 -1.741340615 0.062675253 0.997414172 0.035167962 0.145819624 -0.914301872 0.043253198 0.402717292 -1.972908130
100534000 0.500955656 0.890587841 0.500000000 0.500000000 0.000000000 0.000000000 0.395589471 -0.057659548 0.916615725 -1.760111008 0.062900417 0.997384906 0.035593998 0.147203282 -0.916270971 0.043574896 0.398181766 -1.978498039
100567000 0.500955656 0.890587841 0.500000000 0.500000000 0.000000000 0.000000000 0.390887827 -0.057819549 0.918620467 -1.779569593 0.062887415 0.997370541 0.036016606 0.147430528 -0.918287456 0.043691214 0.393496126 -1.984580451
100601000 0.500955656 0.890587841 0.500000000 0.500000000 0.000000000 0.000000000 0.386166453 -0.057889923 0.920610785 -1.799102453 0.063030884 0.997352064 0.036276158 0.148690296 -0.920273125 0.044018276 0.388792753 -1.990175207
100634000 0.500955656 0.890587841 0.500000000 0.500000000 0.000000000 0.000000000 0.381492853 -0.058407735 0.922524631 -1.818125396 0.063339718 0.997307777 0.036949515 0.148924178 -0.922199130 0.044336475 0.384165317 -1.996051591
100667000 0.500955656 0.890587841 0.500000000 0.500000000 0.000000000 0.000000000 0.376806319 -0.058778271 0.924425304 -1.837172498 0.063695818 0.997266531 0.037446633 0.149705984 -0.924099445 0.044771895 0.379520267 -2.001910749
100701000 0.500955656 0.890587841 0.500000000 0.500000000 0.000000000 0.000000000 0.372154593 -0.059361808 0.926270545 -1.855979401 0.063909724 0.997223079 0.038231455 0.148973028 -0.925967872 0.044969685 0.374914944 -2.007186579
100734000 0.500955656 0.890587841 0.500000000 0.500000000 0.000000000 0.000000000 0.367371619 -0.059760589 0.928152323 -1.875729905 0.064259388 0.997179806 0.038770553 0.149480134 -0.927851737 0.045399301 0.370175749 -2.012505884
100767000 0.500955656 0.890587841 0.500000000 0.500000000 0.000000000 0.000000000 0.362762451 -0.060568687 0.929911196 -1.893417718 0.064740933 0.997112513 0.039690044 0.148554050 -0.929630041 0.045805261 0.365636230 -2.018020782
100801000 0.500955656 0.890587841 0.500000000 0.500000000 0.000000000 0.000000000 0.358088255 -0.060920872 0.931698143 -1.911197139 0.065341651 0.997057676 0.040081158 0.149602472 -0.931398571 0.046526100 0.361015320 -2.023172926
100834000 0.500955656 0.890587841 0.500000000 0.500000000 0.000000000 0.000000000 0.352744222 -0.061283387 0.933710814 -1.931718195 0.065943129 0.997000098 0.040524848 0.150827520 -0.933393300 0.047276910 0.355727226 -2.027545841
100867000 0.500955656 0.890587841 0.500000000 0.500000000 0.000000000 0.000000000 0.347039968 -0.061322741 0.935843349 -1.953903270 0.066554181 0.996954560 0.040646788 0.152994018 -0.935485840 0.048178229 0.350064367 -2.030855086
100901000 0.500955656 0.890587841 0.500000000 0.500000000 0.000000000 0.000000000 0.341415375 -0.061802030 0.937878489 -1.974661973 0.066862665 0.996904910 0.041351635 0.151911703 -0.937531292 0.048590969 0.344490916 -2.035228743
100934000 0.500955656 0.890587841 0.500000000 0.500000000 0.000000000 0.000000000 0.335931689 -0.062107906 0.939836442 -1.995082546 0.067244701 0.996858835 0.041840456 0.151774181 -0.939482868 0.049143486 0.339052916 -2.039407830
100968000 0.500955656 0.890587841 0.500000000 0.500000000 0.000000000 0.000000000 0.329763919 -0.062212426 0.942011356 -2.020306138 0.067390256 0.996832073 0.042242024 0.150004686 -0.941655099 0.049552489 0.332911760 -2.042467657
101001000 0.500955656 0.890587841 0.500000000 0.500000000 0.000000000 0.000000000 0.324448913 -0.062729731 0.943820894 -2.040012330 0.068053164 0.996760905 0.042854283 0.150823431 -0.943452001 0.050325971 0.327666938 -2.047017508
101034000 0.500955656 0.890587841 0.500000000 0.500000000 0.000000000 0.000000000 0.319153041 -0.063129060 0.945598245 -2.059954571 0.068812937 0.996688843 0.043314561 0.152148890 -0.945201635 0.051245421 0.322440356 -2.051154565
101068000 0.500955656 0.890587841 0.500000000 0.500000000 0.000000000 0.000000000 0.313404053 -0.063343510 0.947504878 -2.082944211 0.069248311 0.996640801 0.043723281 0.152697953 -0.947091639 0.051910058 0.316737711 -2.054387175
101101000 0.500955656 0.890587841 0.500000000 0.500000000 0.000000000 0.000000000 0.307808846 -0.063682824 0.949314594 -2.104821016 0.069728427 0.996584356 0.044244844 0.152767527 -0.948889673 0.052575260 0.311197966 -2.057923880
101134000 0.500955656 0.890587841 0.500000000 0.500000000 0.000000000 0.000000000 0.302420259 -0.063821346 0.951035678 -2.124740428 0.070214845 0.996536732 0.044547144 0.153756248 -0.950585008 0.053304862 0.305854112 -2.061734737
101168000 0.500955656 0.890587841 0.500000000 0.500000000 0.000000000 0.000000000 0.296743065 -0.063720837 0.952829063 -2.146552907 0.070560433 0.996506929 0.044666916 0.154841331 -0.952346981 0.053977430 0.300202698 -2.063892639
101201000 0.500955656 0.890587841 0.500000000 0.500000000 0.000000000 0.000000000 0.291343629 -0.063489407 0.954509258 -2.166605385 0.070977569 0.996479571 0.044616681 0.157061605 -0.953981698 0.054749962 0.294824302 -2.066789541
101234000 0.500955656 0.890587841 0.500000000 0.500000000 0.000000000 0.000000000 0.285608470 -0.063203029 0.956259966 -2.188713232 0.071506001 0.996446908 0.044502273 0.160149286 -0.955675006 0.055668101 0.289113075 -2.068459170
101268000 0.500955656 0.890587841 0.500000000 0.500000000 0.000000000 0.000000000 0.280008912 -0.062704846 0.957947373 -2.209940572 0.071356930 0.996463537 0.044368327 0.160085767 -0.957341731 0.055932656 0.283493102 -2.070769710
101301000 0.500955656 0.890587841 0.500000000 0.500000000 0.000000000 0.000000000 0.274451613 -0.062405445 0.959573805 -2.230849046 0.071466841 0.996455908 0.044363536 0.160832033 -0.958941519 0.056402061 0.277938843 -2.072750751
101335000 0.500955656 0.890587841 0.500000000 0.500000000 0.000000000 0.000000000 0.268559933 -0.062103502 0.961258948 -2.254182859 0.071743704 0.996437371 0.044332247 0.162047780 -0.960587561 0.057058409 0.272058696 -2.074284985
101368000 0.500955656 0.890587841 0.500000000 0.500000000 0.000000000 0.000000000 0.262912571 -0.061836343 0.962836027 -2.276395667 0.072076105 0.996414304 0.044311702 0.163724695 -0.962123692 0.057747368 0.266426772 -2.075991398
101401000 0.500955656 0.890587841 0.500000000 0.500000000 0.000000000 0.000000000 0.257256269 -0.061519820 0.964382946 -2.298973758 0.072646357 0.996378660 0.044181932 0.166649049 -0.963608682 0.058692832 0.260793865 -2.077054675
101434000 0.500955656 0.890587841 0.500000000 0.500000000 0.000000000 0.000000000 0.251772732 -0.061320238 0.965841770 -2.320196492 0.072344683 0.996390879 0.044401173 0.165082760 -0.965078592 0.058694512 0.255300254 -2.078751052
101467000 0.500955656 0.890587841 0.500000000 0.500000000 0.000000000 0.000000000 0.246055767 -0.061061881 0.967330337 -2.343145783 0.072591200 0.996371627 0.044430368 0.166437313 -0.966533542 0.059287325 0.249595538 -2.080154574
101501000 0.500955656 0.890587841 0.500000000 0.500000000 0.000000000 0.000000000 0.240428612 -0.060871575 0.968756258 -2.365558440 0.073093079 0.996333480 0.044463936 0.168765808 -0.967910886 0.060118977 0.243996367 -2.081315497
101534000 0.500955656 0.890587841 0.500000000 0.500000000 0.000000000 0.000000000 0.234616667 -0.060770757 0.970186532 -2.388749483 0.073570684 0.996291578 0.044614602 0.170773804 -0.969299912 0.060909957 0.238217562 -2.082486813
101567000 0.500955656 0.890587841 0.500000000 0.500000000 0.000000000 0.000000000 0.228682086 -0.060616978 0.971612096 -2.412564246 0.073884599 0.996261597 0.044765070 0.172096165 -0.970693350 0.061550200 0.232305840 -2.083591953
101601000 0.500955656 0.890587841 0.500000000 0.500000000 0.000000000 0.000000000 0.222490713 -0.060368322 0.973064005 -2.438262248 0.074043997 0.996244729 0.044876307 0.172615187 -0.972119033 0.062064987 0.226125121 -2.084663409
101634000 0.500955656 0.890587841 0.500000000 0.500000000 0.000000000 0.000000000 0.216471136 -0.060244761 0.974428475 -2.462782375 0.074403256 0.996209562 0.045062572 0.174154156 -0.973449767 0.062745906 0.220133021 -2.085194105
101668000 0.500955656 0.890587841 0.500000000 0.500000000 0.000000000 0.000000000 0.210759938 -0.060130615 0.975686729 -2.485937611 0.074692301 0.996179044 0.045259111 0.175432884 -0.974680126 0.063337475 0.214445934 -2.086108224
101701000 0.500955656 0.890587841 0.500000000 0.500000000 0.000000000 0.000000000 0.204606384 -0.060241502 0.976988852 -2.510921706 0.075027294 0.996133327 0.045709331 0.176233669 -0.975964725 0.063948408 0.208334982 -2.086190016
101734000 0.500955656 0.890587841 0.500000000 0.500000000 0.000000000 0.000000000 0.198473334 -0.060109515 0.978261292 -2.535793885 0.075291760 0.996103168 0.045930337 0.177030734 -0.977210045 0.064539067 0.202225670 -2.086330414
101768000 0.500955656 0.890587841 0.500000000 0.500000000 0.000000000 0.000000000 0.192172498 -0.060057569 0.979521751 -2.561711162 0.075572155 0.996067345 0.046245527 0.177976259 -0.978447020 0.065137453 0.195955426 -2.085539862
101801000 0.500955656 0.890587841 0.500000000 0.500000000 0.000000000 0.000000000 0.186002567 -0.060231213 0.980701387 -2.586714295 0.075872511 0.996019483 0.046781801 0.178120685 -0.979615450 0.065706737 0.189832076 -2.084846084
101834000 0.500955656 0.890587841 0.500000000 0.500000000 0.000000000 0.000000000 0.180010989 -0.060418110 0.981807351 -2.610058698 0.075997785 0.995982766 0.047356497 0.177175434 -0.980724394 0.066090494 0.183879495 -2.084495576
101868000 0.500955656 0.890587841 0.500000000 0.500000000 0.000000000 0.000000000 0.173894793 -0.060746685 0.982888818 -2.633969891 0.076358534 0.995922327 0.048042696 0.176400283 -0.981799364 0.066697575 0.177824229 -2.084025014
101901000 0.500955656 0.890587841 0.500000000 0.500000000 0.000000000 0.000000000 0.167999536 -0.061103337 0.983891547 -2.656245102 0.076691911 0.995862246 0.048751615 0.175590114 -0.982799351 0.067266278 0.171990529 -2.083640030
101935000 0.500955656 0.890587841 0.500000000 0.500000000 0.000000000 0.000000000 0.161848545 -0.061572324 0.984892845 -2.680187049 0.077006161 0.995796144 0.049599454 0.173823864 -0.983806431 0.067815214 0.165909603 -2.082895857
101968000 0.500955656 0.890587841 0.500000000 0.500000000 0.000000000 0.000000000 0.155929640 -0.062177960 0.985809207 -2.702251951 0.077597022 0.995703578 0.050528176 0.173090166 -0.984715521 0.068617024 0.160084531 -2.082744658
102001000 0.500955656 0.890587841 0.500000000 0.500000000 0.000000000 0.000000000 0.149659961 -0.062754564 0.986744046 -2.726114264 0.078156255 0.995611846 0.051464539 0.172375345 -0.985643685 0.069418035 0.153907895 -2.081600065
102035000 0.500955656 0.890587841 0.500000000 0.500000000 0.000000000 0.000000000 0.143818244 -0.063339122 0.987575054 -2.747573612 0.078667857 0.995523155 0.052392665 0.171351711 -0.986472368 0.070155390 0.148157150 -2.081217350
102068000 0.500955656 0.890587841 0.500000000 0.500000000 0.000000000 0.000000000 0.137705877 -0.063861035 0.988412321 -2.770242228 0.079237446 0.995431185 0.053275134 0.170699867 -0.987298608 0.070982963 0.142136917 -2.080308448
102101000 0.500955656 0.890587841 0.500000000 0.500000000 0.000000000 0.000000000 0.131852254 -0.064449966 0.989171982 -2.791138885 0.079810157 0.995334744 0.054213166 0.169581849 -0.988051295 0.071797848 0.136380896 -2.079606030
102135000 0.500955656 0.890587841 0.500000000 0.500000000 0.000000000 0.000000000 0.125635237 -0.064845964 0.989954948 -2.813368669 0.080371328 0.995246828 0.054992676 0.169199956 -0.988815546 0.072654977 0.130249828 -2.078385812
102168000 0.500955656 0.890587841 0.500000000 0.500000000 0.000000000 0.000000000 0.119446941 -0.065252461 0.990693986 -2.835127981 0.080991469 0.995152652 0.055781078 0.168583338 -0.989531636 0.073574878 0.124152832 -2.076670403
102201000 0.500955656 0.890587841 0.500000000 0.500000000 0.000000000 0.000000000 0.113296710 -0.065817311 0.991378784 -2.856497780 0.081634678 0.995046377 0.056731429 0.167763254 -0.990201831 0.074503407 0.118108451 -2.075389951
102235000 0.500955656 0.890587841 0.500000000 0.500000000 0.000000000 0.000000000 0.107142530 -0.066165939 0.992039561 -2.878393610 0.081984393 0.994973123 0.057507098 0.165987777 -0.990857720 0.075170308 0.112028509 -2.073454807
102268000 0.500955656 0.890587841 0.500000000 0.500000000 0.000000000 0.000000000 0.101094559 -0.066642612 0.992642283 -2.899739848 0.082416467 0.994885445 0.058399595 0.164770240 -0.991457224 0.075906187 0.106069952 -2.071748410
102302000 0.500955656 0.890587841 0.500000000 0.500000000 0.000000000 0.000000000 0.095068552 -0.067258082 0.993196011 -2.920690458 0.083142243 0.994765460 0.059405997 0.164269807 -0.991992593 0.076928906 0.100162901 -2.069926815
102335000 0.500955656 0.890587841 0.500000000 0.500000000 0.000000000 0.000000000 0.089002401 -0.067876384 0.993715942 -2.941790559 0.083493724 0.994672298 0.060463570 0.162693482 -0.992525756 0.077587642 0.094195470 -2.067798762
102368000 0.500955656 0.890587841 0.500000000 0.500000000 0.000000000 0.000000000 0.083091632 -0.068704203 0.994170785 -2.962167841 0.084090635 0.994545937 0.061701935 0.161826798 -0.992987692 0.078473538 0.088415824 -2.065370289
102402000 0.500955656 0.890587841 0.500000000 0.500000000 0.000000000 0.000000000 0.076990575 -0.069592968 0.994600058 -2.983127524 0.084743030 0.994407952 0.063019685 0.161131205 -0.993423939 0.079433493 0.082457557 -2.062324031
102435000 0.500955656 0.890587841 0.500000000 0.500000000 0.000000000 0.000000000 0.071053423 -0.070514433 0.994976938 -3.003445742 0.085279979 0.994275212 0.064374678 0.160266163 -0.993820250 0.080277570 0.076660126 -2.058776694
102468000 0.500955656 0.890587841 0.500000000 0.500000000 0.000000000 0.000000000 0.064891048 -0.071368545 0.995336950 -3.024619060 0.085423470 0.994175136 0.065716051 0.158560879 -0.994229317 0.080760747 0.070609614 -2.054778659
102502000 0.500955656 0.890587841 0.500000000 0.500000000 0.000000000 0.000000000 0.058860309 -0.072227255 0.995649874 -3.045043962 0.085650034 0.994066656 0.067048989 0.156739430 -0.994585097 0.081330925 0.064697333 -2.050623068
102535000 0.500955656 0.890587841 0.500000000 0.500000000 0.000000000 0.000000000 0.052728996 -0.073196106 0.995922685 -3.065663357 0.085732557 0.993959725 0.068512738 0.154072203 -0.994921923 0.081770390 0.058685787 -2.046436404
102568000 0.500955656 0.890587841 0.500000000 0.500000000 0.000000000 0.000000000 0.046634488 -0.074174553 0.996154308 -3.085908546 0.085948713 0.993838906 0.069978498 0.151646885 -0.995207548 0.082354762 0.052722376 -2.042044433
102602000 0.500955656 0.890587841 0.500000000 0.500000000 0.000000000 0.000000000 0.040287301 -0.075197838 0.996354461 -3.107448550 0.086124361 0.993714273 0.071516164 0.148658620 -0.995469511 0.082929194 0.046510432 -2.037074295
102635000 0.500955656 0.890587841 0.500000000 0.500000000 0.000000000 0.000000000 0.034158479 -0.076215722 0.996506095 -3.128010913 0.086391605 0.993580878 0.073030643 0.146162886 -0.995675504 0.083595149 0.040523611 -2.032412397
102669000 0.500955656 0.890587841 0.500000000 0.500000000 0.000000000 0.000000000 0.027997361 -0.077137947 0.996627271 -3.148759398 0.086295567 0.993482411 0.074470319 0.142105558 -0.995876133 0.083919547 0.034471549 -2.027921282
102702000 0.500955656 0.890587841 0.500000000 0.500000000 0.000000000 0.000000000 0.021816565 -0.078201391 0.996698856 -3.169931407 0.086466394 0.993348181 0.076045848 0.139072998 -0.996015847 0.084521897 0.028433237 -2.022603604
102735000 0.500955656 0.890587841 0.500000000 0.500000000 0.000000000 0.000000000 0.015568988 -0.079143293 0.996741652 -3.191495400 0.086602814 0.993223011 0.077511184 0.136495746 -0.996121228 0.085113868 0.022317510 -2.017060784
102769000 0.500955656 0.890587841 0.500000000 0.500000000 0.000000000 0.000000000 0.009137537 -0.079941012 0.996757686 -3.213650049 0.086683609 0.993110299 0.078853831 0.133694202 -0.996194005 0.085682027 0.016004158 -2.010878539
102802000 0.500955656 0.890587841 0.500000000 0.500000000 0.000000000 0.000000000 0.002289864 -0.080659755 0.996739089 -3.237061399 0.086885788 0.992988288 0.080156617 0.131305559 -0.996215641 0.086418912 0.009281995 -2.003886461
102835000 0.500955656 0.890587841 0.500000000 0.500000000 0.000000000 0.000000000 -0.004668474 -0.081184991 0.996688128 -3.260430535 0.086930595 0.992892802 0.081283025 0.128404199 -0.996203423 0.087022163 0.002422165 -1.996042359
102869000 0.500955656 0.890587841 0.500000000 0.500000000 0.000000000 0.000000000 -0.011892842 -0.081592821 0.996594787 -3.285291998 0.087054193 0.992796481 0.082320705 0.126617547 -0.996132612 0.087736785 -0.004704175 -1.987100971
102902000 0.500955656 0.890587841 0.500000000 0.500000000 0.000000000 0.000000000 -0.019142702 -0.082149185 0.996436179 -3.309790383 0.086883374 0.992712021 0.083511278 0.123370254 -0.996034563 0.088172369 -0.011865792 -1.977891397
102936000 0.500955656 0.890587841 0.500000000 0.500000000 0.000000000 0.000000000 -0.026464015 -0.082684390 0.996224344 -3.334535494 0.086721316 0.992626369 0.084689461 0.120466087 -0.995881081 0.088635109 -0.019098381 -1.968130329
102969000 0.500955656 0.890587841 0.500000000 0.500000000 0.000000000 0.000000000 -0.033804242 -0.083227947 0.995957017 -3.359422614 0.086440347 0.992548823 0.085877053 0.117291557 -0.995683372 0.088993877 -0.026358107 -1.957683364
103002000 0.500955656 0.890587841 0.500000000 0.500000000 0.000000000 0.000000000 -0.041311361 -0.083841093 0.995622456 -3.384971918 0.086266153 0.992452741 0.087153606 0.114308598 -0.995415270 0.089488953 -0.033766925 -1.946609264
103036000 0.500955656 0.890587841 0.500000000 0.500000000 0.000000000 0.000000000 -0.048915483 -0.084330358 0.995236516 -3.410496210 0.085789017 0.992392242 0.088305853 0.110178280 -0.995111823 0.089699879 -0.041308723 -1.935417642
103069000 0.500955656 0.890587841 0.500000000 0.500000000 0.000000000 0.000000000 -0.056405421 -0.085101269 0.994774461 -3.435439172 0.085422158 0.992295861 0.089732818 0.105261078 -0.994746923 0.090037197 -0.048701331 -1.923950468
103102000 0.500955656 0.890587841 0.500000000 0.500000000 0.000000000 0.000000000 -0.063847773 -0.085758448 0.994268060 -3.460048892 0.085215241 0.992193520 0.091051683 0.101085242 -0.994314730 0.090540238 -0.056041420 -1.912373608
103136000 0.500955656 0.890587841 0.500000000 0.500000000 0.000000000 0.000000000 -0.071496114 -0.086165190 0.993712187 -3.485265006 0.084907457 0.992119789 0.092136085 0.096799886 -0.993820429 0.090960950 -0.063616641 -1.900247743
103169000 0.500955656 0.890587841 0.500000000 0.500000000 0.000000000 0.000000000 -0.079056643 -0.086725444 0.993090510 -3.509620011 0.084671035 0.992024362 0.093372717 0.092108231 -0.993267775 0.091467731 -0.071082987 -1.887767200
103202000 0.500955656 0.890587841 0.500000000 0.500000000 0.000000000 0.000000000 -0.086787447 -0.087020725 0.992418945 -3.534125032 0.084560625 0.991939068 0.094373509 0.088502995 -0.992631555 0.092110001 -0.078729331 -1.875027069
103236000 0.500955656 0.890587841 0.500000000 0.500000000 0.000000000 0.000000000 -0.094515719 -0.087374747 0.991681635 -3.558291572 0.084309414 0.991859794 0.095425852 0.084346396 -0.991946936 0.092627339 -0.086379826 -1.861895983
103269000 0.500955656 0.890587841 0.500000000 0.500000000 0.000000000 0.000000000 -0.102248445 -0.087703049 0.990885198 -3.582154366 0.083878756 0.991798282 0.096439235 0.079546886 -0.991216242 0.092974976 -0.094053410 -1.848582538
103303000 0.500955656 0.890587841 0.500000000 0.500000000 0.000000000 0.000000000 -0.110031098 -0.088073157 0.990018308 -3.606291890 0.083816029 0.991696179 0.097537771 0.075975808 -0.990387797 0.093711592 -0.101735473 -1.834700196
103336000 0.500955656 0.890587841 0.500000000 0.500000000 0.000000000 0.000000000 -0.117861770 -0.088262953 0.989099741 -3.630489597 0.083393663 0.991643906 0.098427229 0.071476203 -0.989522159 0.094085455 -0.109516330 -1.820900732
103369000 0.500955656 0.890587841 0.500000000 0.500000000 0.000000000 0.000000000 -0.125606149 -0.088520452 0.988123059 -3.654220893 0.083016269 0.991580248 0.099382848 0.067003004 -0.988600731 0.094513386 -0.117199942 -1.806956402
103403000 0.500955656 0.890587841 0.500000000 0.500000000 0.000000000 0.000000000 -0.133364648 -0.088771820 0.987083316 -3.677917060 0.082562290 0.991523147 0.100326084 0.062447948 -0.987622082 0.094875805 -0.124904938 -1.793113793
103436000 0.500955656 0.890587841 0.500000000 0.500000000 0.000000000 0.000000000 -0.141232774 -0.088994361 0.985968232 -3.702317796 0.082586631 0.991420388 0.101316415 0.060011657 -0.986525595 0.095736988 -0.132671311 -1.778169914
