https://www.youtube.com/watch?v=59B9TLbJIbs
62062000 0.500762912 0.890245197 0.500000000 0.500000000 0.000000000 0.000000000 0.999999225 -0.001242058 -0.000120917 0.140046447 0.001242853 0.999976039 0.006812755 -0.008217397 0.000112453 -0.006812899 0.999976814 -0.009171274
62095000 0.500762912 0.890245197 0.500000000 0.500000000 0.000000000 0.000000000 0.999999225 -0.001224263 -0.000100631 0.144401969 0.001224927 0.999975562 0.006885988 -0.008102127 0.000092198 -0.006886106 0.999976277 -0.009849499
62128000 0.500762912 0.890245197 0.500000000 0.500000000 0.000000000 0.000000000 0.999999225 -0.001231261 -0.000023922 0.148656977 0.001231401 0.999973893 0.007123650 -0.008002600 0.000015150 -0.007123674 0.999974608 -0.009989683
62162000 0.500762912 0.890245197 0.500000000 0.500000000 0.000000000 0.000000000 0.999999106 -0.001310330 -0.000117719 0.153104637 0.001311136 0.999973714 0.007127843 -0.007922793 0.000108376 -0.007127991 0.999974608 -0.010796569
62195000 0.500762912 0.890245197 0.500000000 0.500000000 0.000000000 0.000000000 0.999999285 -0.001192312 -0.000055584 0.157388074 0.001192683 0.999973118 0.007237721 -0.007690414 0.000046952 -0.007237782 0.999973834 -0.011046572
62229000 0.500762912 0.890245197 0.500000000 0.500000000 0.000000000 0.000000000 0.999999225 -0.001256487 -0.000107514 0.161950596 0.001257249 0.999971807 0.007406354 -0.007629244 0.000098205 -0.007406483 0.999972582 -0.011827869
62262000 0.500762912 0.890245197 0.500000000 0.500000000 0.000000000 0.000000000 0.999999285 -0.001193668 -0.000108835 0.166301576 0.001194464 0.999970198 0.007628245 -0.007626979 0.000099726 -0.007628369 0.999970913 -0.011870613
62295000 0.500762912 0.890245197 0.500000000 0.500000000 0.000000000 0.000000000 0.999999344 -0.001146413 -0.000137865 0.170644475 0.001147457 0.999968708 0.007830273 -0.007552949 0.000128884 -0.007830427 0.999969363 -0.012424408
62329000 0.500762912 0.890245197 0.500000000 0.500000000 0.000000000 0.000000000 0.999999344 -0.001161985 -0.000132400 0.175026206 0.001163015 0.999966800 0.008065158 -0.007592261 0.000123024 -0.008065306 0.999967456 -0.013195375
62362000 0.500762912 0.890245197 0.500000000 0.500000000 0.000000000 0.000000000 0.999999404 -0.001091392 -0.000070525 0.179240070 0.001091936 0.999965429 0.008241522 -0.007280371 0.000061528 -0.008241594 0.999966025 -0.013751530
62395000 0.500762912 0.890245197 0.500000000 0.500000000 0.000000000 0.000000000 0.999999285 -0.001183226 -0.000090320 0.183602405 0.001183957 0.999962509 0.008577579 -0.007513628 0.000080168 -0.008577680 0.999963224 -0.014559890
62429000 0.500762912 0.890245197 0.500000000 0.500000000 0.000000000 0.000000000 0.999999285 -0.001194221 -0.000132455 0.188067215 0.001195335 0.999960959 0.008755290 -0.007275724 0.000121994 -0.008755442 0.999961674 -0.015185646
62462000 0.500762912 0.890245197 0.500000000 0.500000000 0.000000000 0.000000000 0.999999225 -0.001256795 -0.000141641 0.192599502 0.001258009 0.999959409 0.008922430 -0.006981010 0.000130421 -0.008922601 0.999960184 -0.015165178
62495000 0.500762912 0.890245197 0.500000000 0.500000000 0.000000000 0.000000000 0.999999106 -0.001336783 -0.000152938 0.197029647 0.001338118 0.999957800 0.009088702 -0.006801480 0.000140782 -0.009088898 0.999958694 -0.015656945
62529000 0.500762912 0.890245197 0.500000000 0.500000000 0.000000000 0.000000000 0.999999046 -0.001387028 -0.000161931 0.201580285 0.001388453 0.999957085 0.009161096 -0.006579310 0.000149217 -0.009161312 0.999958038 -0.016215730
62562000 0.500762912 0.890245197 0.500000000 0.500000000 0.000000000 0.000000000 0.999999106 -0.001334916 -0.000184268 0.206097973 0.001336555 0.999956787 0.009202933 -0.006493488 0.000171975 -0.009203171 0.999957621 -0.016608448
62596000 0.500762912 0.890245197 0.500000000 0.500000000 0.000000000 0.000000000 0.999999046 -0.001379389 -0.000146729 0.210449698 0.001380687 0.999956310 0.009245764 -0.006532101 0.000133970 -0.009245957 0.999957263 -0.017267085
62629000 0.500762912 0.890245197 0.500000000 0.500000000 0.000000000 0.000000000 0.999998987 -0.001393037 -0.000206196 0.215020866 0.001394846 0.999958098 0.009048230 -0.006220836 0.000193583 -0.009048509 0.999959052 -0.017610277
62662000 0.500762912 0.890245197 0.500000000 0.500000000 0.000000000 0.000000000 0.999998927 -0.001467485 -0.000180563 0.219563813 0.001469059 0.999957979 0.009049444 -0.006317014 0.000167276 -0.009049700 0.999959052 -0.018342047
62696000 0.500762912 0.890245197 0.500000000 0.500000000 0.000000000 0.000000000 0.999998868 -0.001502738 -0.000201340 0.224104956 0.001504467 0.999959409 0.008880432 -0.006325720 0.000187987 -0.008880725 0.999960542 -0.019165922
62729000 0.500762912 0.890245197 0.500000000 0.500000000 0.000000000 0.000000000 0.999998868 -0.001488870 -0.000191949 0.228396915 0.001490486 0.999960899 0.008714557 -0.006192476 0.000178966 -0.008714832 0.999962032 -0.019724030
62762000 0.500762912 0.890245197 0.500000000 0.500000000 0.000000000 0.000000000 0.999998748 -0.001554050 -0.000248109 0.233201707 0.001556120 0.999962032 0.008572933 -0.006079645 0.000234777 -0.008573309 0.999963224 -0.020536347
62796000 0.500762912 0.890245197 0.500000000 0.500000000 0.000000000 0.000000000 0.999998748 -0.001568885 -0.000202075 0.237419169 0.001570537 0.999963045 0.008449458 -0.005990027 0.000188811 -0.008449764 0.999964297 -0.020950290
62829000 0.500762912 0.890245197 0.500000000 0.500000000 0.000000000 0.000000000 0.999998569 -0.001657197 -0.000283003 0.241935165 0.001659527 0.999962986 0.008440868 -0.005966378 0.000269005 -0.008441325 0.999964356 -0.021323801
62862000 0.500762912 0.890245197 0.500000000 0.500000000 0.000000000 0.000000000 0.999998689 -0.001584853 -0.000246127 0.246300759 0.001586879 0.999962926 0.008463862 -0.006007248 0.000232704 -0.008464242 0.999964178 -0.022064597
62896000 0.500762912 0.890245197 0.500000000 0.500000000 0.000000000 0.000000000 0.999998629 -0.001637107 -0.000272514 0.250673034 0.001639359 0.999962687 0.008479210 -0.005785852 0.000258622 -0.008479645 0.999963999 -0.022514499
62929000 0.500762912 0.890245197 0.500000000 0.500000000 0.000000000 0.000000000 0.999998569 -0.001677724 -0.000301964 0.255198433 0.001680290 0.999960661 0.008708045 -0.005894622 0.000287343 -0.008708539 0.999962032 -0.023385633
62963000 0.500762912 0.890245197 0.500000000 0.500000000 0.000000000 0.000000000 0.999998629 -0.001631605 -0.000273173 0.259605409 0.001633990 0.999958396 0.008971528 -0.005741210 0.000258524 -0.008971962 0.999959707 -0.023790632
62996000 0.500762912 0.890245197 0.500000000 0.500000000 0.000000000 0.000000000 0.999998569 -0.001664916 -0.000246426 0.263964446 0.001667123 0.999955893 0.009244489 -0.005679916 0.000231024 -0.009244886 0.999957263 -0.024367471
63029000 0.500762912 0.890245197 0.500000000 0.500000000 0.000000000 0.000000000 0.999998689 -0.001594134 -0.000224015 0.268446977 0.001596200 0.999953151 0.009546212 -0.005678173 0.000208786 -0.009546557 0.999954402 -0.024718429
63063000 0.500762912 0.890245197 0.500000000 0.500000000 0.000000000 0.000000000 0.999998868 -0.001481308 -0.000188478 0.272838872 0.001483055 0.999952495 0.009633804 -0.005309071 0.000174198 -0.009634073 0.999953568 -0.025346017
63096000 0.500762912 0.890245197 0.500000000 0.500000000 0.000000000 0.000000000 0.999998808 -0.001525559 -0.000227850 0.277324217 0.001527751 0.999949336 0.009950423 -0.005311939 0.000212659 -0.009950759 0.999950469 -0.025960368
63129000 0.500762912 0.890245197 0.500000000 0.500000000 0.000000000 0.000000000 0.999998808 -0.001533601 -0.000202888 0.281513049 0.001535577 0.999947548 0.010125644 -0.005348690 0.000187349 -0.010125943 0.999948740 -0.026806864
63163000 0.500762912 0.890245197 0.500000000 0.500000000 0.000000000 0.000000000 0.999998868 -0.001470818 -0.000229520 0.286294383 0.001473089 0.999946594 0.010231646 -0.004951065 0.000214459 -0.010231973 0.999947608 -0.027135615
63196000 0.500762912 0.890245197 0.500000000 0.500000000 0.000000000 0.000000000 0.999998808 -0.001520892 -0.000179364 0.290536857 0.001522674 0.999944866 0.010388710 -0.004860978 0.000163554 -0.010388970 0.999945998 -0.027624192
63230000 0.500762912 0.890245197 0.500000000 0.500000000 0.000000000 0.000000000 0.999998748 -0.001560489 -0.000203997 0.295034327 0.001562541 0.999943852 0.010478737 -0.004594537 0.000187634 -0.010479042 0.999945104 -0.028309052
63263000 0.500762912 0.890245197 0.500000000 0.500000000 0.000000000 0.000000000 0.999998629 -0.001659609 -0.000200103 0.299260260 0.001661643 0.999942064 0.010636741 -0.004768519 0.000182439 -0.010637059 0.999943435 -0.028893920
63296000 0.500762912 0.890245197 0.500000000 0.500000000 0.000000000 0.000000000 0.999998510 -0.001703848 -0.000275659 0.303591120 0.001706681 0.999942124 0.010624626 -0.004648008 0.000257540 -0.010625080 0.999943495 -0.029421489
63330000 0.500762912 0.890245197 0.500000000 0.500000000 0.000000000 0.000000000 0.999998569 -0.001688710 -0.000228336 0.307945188 0.001691045 0.999941885 0.010645379 -0.004486607 0.000210346 -0.010645750 0.999943316 -0.030044031
63363000 0.500762912 0.890245197 0.500000000 0.500000000 0.000000000 0.000000000 0.999998510 -0.001699237 -0.000299821 0.312198387 0.001702342 0.999941528 0.010680411 -0.004539506 0.000281655 -0.010680906 0.999942899 -0.030332207
63396000 0.500762912 0.890245197 0.500000000 0.500000000 0.000000000 0.000000000 0.999998450 -0.001731996 -0.000293759 0.316471694 0.001735038 0.999941349 0.010691635 -0.004509648 0.000275224 -0.010692129 0.999942780 -0.030978666
63430000 0.500762912 0.890245197 0.500000000 0.500000000 0.000000000 0.000000000 0.999998510 -0.001712274 -0.000292159 0.320636007 0.001715296 0.999941528 0.010677885 -0.004278338 0.000273858 -0.010678370 0.999942958 -0.031714855
63463000 0.500762912 0.890245197 0.500000000 0.500000000 0.000000000 0.000000000 0.999998450 -0.001734443 -0.000335577 0.325032069 0.001737930 0.999941409 0.010686213 -0.004083181 0.000317022 -0.010686779 0.999942839 -0.031981251
63496000 0.500762912 0.890245197 0.500000000 0.500000000 0.000000000 0.000000000 0.999998450 -0.001734593 -0.000327710 0.329090705 0.001738030 0.999940217 0.010796162 -0.003962453 0.000308964 -0.010796715 0.999941647 -0.032536525
63530000 0.500762912 0.890245197 0.500000000 0.500000000 0.000000000 0.000000000 0.999998212 -0.001852409 -0.000353736 0.333591971 0.001856175 0.999938190 0.010962541 -0.003970328 0.000333407 -0.010963179 0.999939859 -0.032806709
63563000 0.500762912 0.890245197 0.500000000 0.500000000 0.000000000 0.000000000 0.999998212 -0.001859580 -0.000414376 0.337996919 0.001864011 0.999938190 0.010963191 -0.003719036 0.000393964 -0.010963944 0.999939799 -0.033296047
63597000 0.500762912 0.890245197 0.500000000 0.500000000 0.000000000 0.000000000 0.999998152 -0.001871404 -0.000429812 0.342231336 0.001876074 0.999936223 0.011134312 -0.003639575 0.000408947 -0.011135098 0.999937892 -0.033877822
63630000 0.500762912 0.890245197 0.500000000 0.500000000 0.000000000 0.000000000 0.999998271 -0.001808913 -0.000466208 0.346401625 0.001814101 0.999933600 0.011379562 -0.003677788 0.000445593 -0.011380388 0.999935150 -0.034405960
63663000 0.500762912 0.890245197 0.500000000 0.500000000 0.000000000 0.000000000 0.999998212 -0.001853104 -0.000431931 0.350386675 0.001858003 0.999930620 0.011631382 -0.003682733 0.000410347 -0.011632163 0.999932289 -0.034841610
63697000 0.500762912 0.890245197 0.500000000 0.500000000 0.000000000 0.000000000 0.999997914 -0.001980677 -0.000538642 0.354676757 0.001986932 0.999927521 0.011872543 -0.003619756 0.000515087 -0.011873588 0.999929368 -0.035321923
63730000 0.500762912 0.890245197 0.500000000 0.500000000 0.000000000 0.000000000 0.999997914 -0.001975110 -0.000543877 0.358816065 0.001981567 0.999924362 0.012140029 -0.003463523 0.000519858 -0.012141082 0.999926150 -0.035803992
63763000 0.500762912 0.890245197 0.500000000 0.500000000 0.000000000 0.000000000 0.999997914 -0.001970322 -0.000586956 0.362615993 0.001977438 0.999921381 0.012381118 -0.003561520 0.000562515 -0.012382252 0.999923170 -0.036467762
63797000 0.500762912 0.890245197 0.500000000 0.500000000 0.000000000 0.000000000 0.999997973 -0.001927636 -0.000584691 0.366930304 0.001934819 0.999919474 0.012542833 -0.003230127 0.000560466 -0.012543938 0.999921143 -0.036915332
63830000 0.500762912 0.890245197 0.500000000 0.500000000 0.000000000 0.000000000 0.999997914 -0.001957718 -0.000559005 0.370738752 0.001964777 0.999914587 0.012920761 -0.003263192 0.000533662 -0.012921833 0.999916375 -0.037109563
63863000 0.500762912 0.890245197 0.500000000 0.500000000 0.000000000 0.000000000 0.999997914 -0.001946810 -0.000638796 0.374803050 0.001955053 0.999911427 0.013166831 -0.003126654 0.000613106 -0.013168053 0.999913096 -0.037271647
63897000 0.500762912 0.890245197 0.500000000 0.500000000 0.000000000 0.000000000 0.999998093 -0.001835338 -0.000670751 0.378615843 0.001844245 0.999906778 0.013528635 -0.003224898 0.000645858 -0.013529846 0.999908268 -0.038055427
63930000 0.500762912 0.890245197 0.500000000 0.500000000 0.000000000 0.000000000 0.999997854 -0.001927400 -0.000728674 0.382710990 0.001937249 0.999903381 0.013767074 -0.002924186 0.000702069 -0.013768456 0.999904990 -0.038324660
63964000 0.500762912 0.890245197 0.500000000 0.500000000 0.000000000 0.000000000 0.999997973 -0.001852624 -0.000758399 0.386400622 0.001863131 0.999898911 0.014095078 -0.002993601 0.000732209 -0.014096463 0.999900401 -0.038811347
63997000 0.500762912 0.890245197 0.500000000 0.500000000 0.000000000 0.000000000 0.999997795 -0.001976982 -0.000738343 0.390317919 0.001987354 0.999895453 0.014322896 -0.002730057 0.000709950 -0.014324331 0.999897122 -0.039232170
64030000 0.500762912 0.890245197 0.500000000 0.500000000 0.000000000 0.000000000 0.999998033 -0.001864040 -0.000709962 0.393964167 0.001874099 0.999893963 0.014441306 -0.002601685 0.000682967 -0.014442607 0.999895453 -0.039825471
64064000 0.500762912 0.890245197 0.500000000 0.500000000 0.000000000 0.000000000 0.999997735 -0.002015052 -0.000719073 0.398173063 0.002025409 0.999889791 0.014705597 -0.002591608 0.000689361 -0.014707020 0.999891579 -0.040246495
64097000 0.500762912 0.890245197 0.500000000 0.500000000 0.000000000 0.000000000 0.999997675 -0.002021172 -0.000771753 0.402049668 0.002032299 0.999889910 0.014700203 -0.002267600 0.000741957 -0.014701737 0.999891639 -0.040521076
64131000 0.500762912 0.890245197 0.500000000 0.500000000 0.000000000 0.000000000 0.999997318 -0.002163815 -0.000806088 0.405764330 0.002175663 0.999885142 0.014999147 -0.002601187 0.000773540 -0.015000860 0.999887168 -0.041132987
64164000 0.500762912 0.890245197 0.500000000 0.500000000 0.000000000 0.000000000 0.999997199 -0.002223230 -0.000793788 0.409385686 0.002234927 0.999884188 0.015053323 -0.002427977 0.000760229 -0.015055055 0.999886394 -0.041907158
64197000 0.500762912 0.890245197 0.500000000 0.500000000 0.000000000 0.000000000 0.999997079 -0.002267385 -0.000838101 0.413326638 0.002279756 0.999883890 0.015066715 -0.002196420 0.000803842 -0.015068581 0.999886155 -0.042006843
64231000 0.500762912 0.890245197 0.500000000 0.500000000 0.000000000 0.000000000 0.999996901 -0.002339448 -0.000858161 0.417072139 0.002352314 0.999880016 0.015310847 -0.002385125 0.000822239 -0.015312819 0.999882400 -0.042513363
64264000 0.500762912 0.890245197 0.500000000 0.500000000 0.000000000 0.000000000 0.999996901 -0.002348844 -0.000852390 0.420685790 0.002361656 0.999879301 0.015354339 -0.002282883 0.000816222 -0.015356304 0.999881744 -0.043064035
64298000 0.500762912 0.890245197 0.500000000 0.500000000 0.000000000 0.000000000 0.999996841 -0.002355115 -0.000890983 0.424519438 0.002368573 0.999878347 0.015417117 -0.002096342 0.000854566 -0.015419178 0.999880731 -0.043686403
64331000 0.500762912 0.890245197 0.500000000 0.500000000 0.000000000 0.000000000 0.999996424 -0.002516109 -0.000899610 0.428386094 0.002529691 0.999877751 0.015429003 -0.001710838 0.000860679 -0.015431223 0.999880552 -0.043754769
64364000 0.500762912 0.890245197 0.500000000 0.500000000 0.000000000 0.000000000 0.999996364 -0.002514306 -0.000953671 0.432262999 0.002528700 0.999878168 0.015403960 -0.001578129 0.000914825 -0.015406316 0.999880910 -0.044316033
64398000 0.500762912 0.890245197 0.500000000 0.500000000 0.000000000 0.000000000 0.999996364 -0.002530662 -0.000959845 0.435774526 0.002545165 0.999877870 0.015421240 -0.001664244 0.000920701 -0.015423626 0.999880612 -0.044721367
64431000 0.500762912 0.890245197 0.500000000 0.500000000 0.000000000 0.000000000 0.999996245 -0.002551794 -0.001014031 0.439597437 0.002567105 0.999878168 0.015395754 -0.001430409 0.000974621 -0.015398299 0.999880970 -0.045141491
64464000 0.500762912 0.890245197 0.500000000 0.500000000 0.000000000 0.000000000 0.999996364 -0.002494408 -0.001047621 0.443331933 0.002510250 0.999878228 0.015403126 -0.001416864 0.001009072 -0.015405700 0.999880791 -0.045572978
64498000 0.500762912 0.890245197 0.500000000 0.500000000 0.000000000 0.000000000 0.999996364 -0.002490530 -0.001031997 0.446856874 0.002506084 0.999878943 0.015354595 -0.001230132 0.000993631 -0.015357126 0.999881566 -0.046270498
64531000 0.500762912 0.890245197 0.500000000 0.500000000 0.000000000 0.000000000 0.999996245 -0.002530403 -0.001039692 0.450337268 0.002546089 0.999878585 0.015374039 -0.001267813 0.001000663 -0.015376628 0.999881268 -0.046597165
64565000 0.500762912 0.890245197 0.500000000 0.500000000 0.000000000 0.000000000 0.999996185 -0.002557120 -0.001066077 0.453979045 0.002573197 0.999878705 0.015362077 -0.001090560 0.001026665 -0.015364761 0.999881446 -0.047142245
64598000 0.500762912 0.890245197 0.500000000 0.500000000 0.000000000 0.000000000 0.999996185 -0.002549809 -0.001085690 0.457927664 0.002566134 0.999879479 0.015310923 -0.000777237 0.001046520 -0.015313650 0.999882221 -0.047368219
64631000 0.500762912 0.890245197 0.500000000 0.500000000 0.000000000 0.000000000 0.999995887 -0.002658626 -0.001074673 0.461405630 0.002674747 0.999879539 0.015288350 -0.000758963 0.001033898 -0.015291162 0.999882519 -0.047650340
64665000 0.500762912 0.890245197 0.500000000 0.500000000 0.000000000 0.000000000 0.999995947 -0.002631076 -0.001094058 0.464971578 0.002647512 0.999879420 0.015303017 -0.000724139 0.001053663 -0.015305852 0.999882281 -0.048378471
64698000 0.500762912 0.890245197 0.500000000 0.500000000 0.000000000 0.000000000 0.999995947 -0.002607860 -0.001139667 0.468673335 0.002624940 0.999880254 0.015251358 -0.000607987 0.001099758 -0.015254288 0.999883056 -0.048408933
64731000 0.500762912 0.890245197 0.500000000 0.500000000 0.000000000 0.000000000 0.999996066 -0.002573314 -0.001117600 0.472229920 0.002590013 0.999881029 0.015206176 -0.000633551 0.001078336 -0.015209011 0.999883771 -0.048898240
64765000 0.500762912 0.890245197 0.500000000 0.500000000 0.000000000 0.000000000 0.999996066 -0.002553032 -0.001139711 0.475704527 0.002570011 0.999881864 0.015153407 -0.000623940 0.001100889 -0.015156277 0.999884546 -0.049416246
64798000 0.500762912 0.890245197 0.500000000 0.500000000 0.000000000 0.000000000 0.999995708 -0.002668726 -0.001195145 0.479887848 0.002686566 0.999881148 0.015182902 -0.000445957 0.001154484 -0.015186048 0.999884009 -0.049883224
64831000 0.500762912 0.890245197 0.500000000 0.500000000 0.000000000 0.000000000 0.999996006 -0.002600438 -0.001105304 0.482808610 0.002616994 0.999880254 0.015251082 -0.000675279 0.001065512 -0.015253914 0.999883056 -0.050674102
64865000 0.500762912 0.890245197 0.500000000 0.500000000 0.000000000 0.000000000 0.999995947 -0.002614232 -0.001128757 0.486417980 0.002631150 0.999880135 0.015256727 -0.000588240 0.001088737 -0.015259636 0.999882996 -0.050830257
64898000 0.500762912 0.890245197 0.500000000 0.500000000 0.000000000 0.000000000 0.999995947 -0.002587141 -0.001210419 0.489991693 0.002605456 0.999878287 0.015382441 -0.000324690 0.001170476 -0.015385532 0.999880970 -0.051027106
64932000 0.500762912 0.890245197 0.500000000 0.500000000 0.000000000 0.000000000 0.999995649 -0.002649918 -0.001290267 0.494032058 0.002669707 0.999874949 0.015585615 -0.000254990 0.001248805 -0.015588991 0.999877691 -0.051199198
64965000 0.500762912 0.890245197 0.500000000 0.500000000 0.000000000 0.000000000 0.999995291 -0.002767496 -0.001323097 0.497433993 0.002787771 0.999874771 0.015576014 -0.000077803 0.001279825 -0.015579629 0.999877810 -0.051843529
64998000 0.500762912 0.890245197 0.500000000 0.500000000 0.000000000 0.000000000 0.999995351 -0.002715596 -0.001402783 0.501049822 0.002737315 0.999872684 0.015720451 0.000154854 0.001359914 -0.015724218 0.999875426 -0.051971142
65032000 0.500762912 0.890245197 0.500000000 0.500000000 0.000000000 0.000000000 0.999994934 -0.002847070 -0.001414677 0.504466980 0.002869166 0.999869943 0.015870672 0.000110951 0.001369308 -0.015874650 0.999873042 -0.052372911
65065000 0.500762912 0.890245197 0.500000000 0.500000000 0.000000000 0.000000000 0.999995053 -0.002794300 -0.001429272 0.507646184 0.002816881 0.999867260 0.016048869 -0.000039352 0.001384237 -0.016052816 0.999870181 -0.053094761
