https://www.youtube.com/watch?v=3ISmdTtiA9Q
47581000 0.484835229 0.861929258 0.500000000 0.500000000 0.000000000 0.000000000 0.926896632 0.017286375 -0.374918371 -0.068220309 -0.009947116 0.999719322 0.021502214 -0.004825580 0.375184834 -0.016200973 0.926808417 -0.082136165
47614000 0.484835229 0.861929258 0.500000000 0.500000000 0.000000000 0.000000000 0.925621748 0.017328545 -0.378053039 -0.068974740 -0.009845124 0.999715626 0.021718536 -0.004826228 0.378321886 -0.016381169 0.925529182 -0.082426541
47647000 0.484835229 0.861929258 0.500000000 0.500000000 0.000000000 0.000000000 0.924323976 0.017523726 -0.381206155 -0.069526899 -0.009951914 0.999712288 0.021825176 -0.004630646 0.381478935 -0.016379803 0.924232423 -0.082905526
47681000 0.484835229 0.861929258 0.500000000 0.500000000 0.000000000 0.000000000 0.923030555 0.017636083 -0.384322166 -0.070241502 -0.009970721 0.999709845 0.021928698 -0.004860910 0.384597391 -0.016408890 0.922938585 -0.083238533
47714000 0.484835229 0.861929258 0.500000000 0.500000000 0.000000000 0.000000000 0.921747863 0.017728904 -0.387384295 -0.070843454 -0.010012656 0.999709427 0.021928119 -0.004728902 0.387660474 -0.016333451 0.921657503 -0.083627218
47747000 0.484835229 0.861929258 0.500000000 0.500000000 0.000000000 0.000000000 0.920436263 0.017881230 -0.390483469 -0.071533902 -0.010086110 0.999706984 0.022004439 -0.004633899 0.390762538 -0.016315224 0.920346916 -0.083733073
47781000 0.484835229 0.861929258 0.500000000 0.500000000 0.000000000 0.000000000 0.919113398 0.018060477 -0.393578887 -0.072288907 -0.010156052 0.999702930 0.022157053 -0.004611392 0.393862128 -0.016367637 0.919023812 -0.084258090
47814000 0.484835229 0.861929258 0.500000000 0.500000000 0.000000000 0.000000000 0.917795718 0.018202921 -0.396635413 -0.072958531 -0.010181508 0.999699056 0.022319987 -0.004534546 0.396922320 -0.016446842 0.917704821 -0.084654263
47847000 0.484835229 0.861929258 0.500000000 0.500000000 0.000000000 0.000000000 0.916420221 0.018331841 -0.399797320 -0.073837701 -0.010185260 0.999695122 0.022492077 -0.004379916 0.400087744 -0.016540155 0.916327596 -0.085116591
47881000 0.484835229 0.861929258 0.500000000 0.500000000 0.000000000 0.000000000 0.915031493 0.018486990 -0.402958602 -0.074643475 -0.010220848 0.999691129 0.022654640 -0.004411259 0.403252929 -0.016611131 0.914937794 -0.085424183
47914000 0.484835229 0.861929258 0.500000000 0.500000000 0.000000000 0.000000000 0.913641572 0.018574068 -0.406096190 -0.075615114 -0.010200639 0.999688566 0.022774298 -0.004553909 0.406392723 -0.016665105 0.913546503 -0.085939297
47948000 0.484835229 0.861929258 0.500000000 0.500000000 0.000000000 0.000000000 0.912178338 0.018777380 -0.409362972 -0.076370478 -0.010300882 0.999684632 0.022901963 -0.004706558 0.409663945 -0.016673876 0.912084103 -0.086757541
47981000 0.484835229 0.861929258 0.500000000 0.500000000 0.000000000 0.000000000 0.910711348 0.018843144 -0.412613332 -0.076908297 -0.010263857 0.999682784 0.022999149 -0.004735029 0.412915826 -0.016710581 0.910615861 -0.087468686
48014000 0.484835229 0.861929258 0.500000000 0.500000000 0.000000000 0.000000000 0.909305751 0.019011872 -0.415694088 -0.077799980 -0.010334617 0.999679387 0.023114234 -0.004849682 0.416000277 -0.016721867 0.909210742 -0.087926895
48048000 0.484835229 0.861929258 0.500000000 0.500000000 0.000000000 0.000000000 0.907880008 0.019214949 -0.418789566 -0.078784220 -0.010427999 0.999675035 0.023260687 -0.004877572 0.419100434 -0.016750775 0.907785356 -0.088431793
48081000 0.484835229 0.861929258 0.500000000 0.500000000 0.000000000 0.000000000 0.906423926 0.019448046 -0.421921134 -0.079829938 -0.010545717 0.999670029 0.023423189 -0.005074163 0.422237426 -0.016781880 0.906329930 -0.089022144
48115000 0.484835229 0.861929258 0.500000000 0.500000000 0.000000000 0.000000000 0.904886067 0.019579060 -0.425203294 -0.080528882 -0.010541919 0.999665976 0.023596443 -0.005156866 0.425523281 -0.016869634 0.904790223 -0.089601428
48148000 0.484835229 0.861929258 0.500000000 0.500000000 0.000000000 0.000000000 0.903353810 0.019650267 -0.428445697 -0.081166419 -0.010512743 0.999664247 0.023683146 -0.005344546 0.428767204 -0.016890122 0.903257132 -0.090275898
48181000 0.484835229 0.861929258 0.500000000 0.500000000 0.000000000 0.000000000 0.901863396 0.019789262 -0.431567878 -0.082072173 -0.010534661 0.999660671 0.023824112 -0.005132677 0.431892872 -0.016939674 0.901765823 -0.090636914
48215000 0.484835229 0.861929258 0.500000000 0.500000000 0.000000000 0.000000000 0.900318563 0.019905336 -0.434776038 -0.082795620 -0.010570849 0.999659002 0.023877617 -0.005327950 0.435103089 -0.016901510 0.900222003 -0.091500403
48248000 0.484835229 0.861929258 0.500000000 0.500000000 0.000000000 0.000000000 0.898753762 0.020060996 -0.437994570 -0.083765407 -0.010619726 0.999655664 0.023994749 -0.005344012 0.438325107 -0.016913988 0.898657322 -0.091898368
48282000 0.484835229 0.861929258 0.500000000 0.500000000 0.000000000 0.000000000 0.897147059 0.020179335 -0.441270888 -0.084589676 -0.010604052 0.999651968 0.024155047 -0.005421180 0.441604733 -0.016991369 0.897048771 -0.092831263
48315000 0.484835229 0.861929258 0.500000000 0.500000000 0.000000000 0.000000000 0.895519853 0.020375825 -0.444554865 -0.085359094 -0.010637978 0.999645948 0.024388645 -0.005464400 0.444894403 -0.017111350 0.895419538 -0.093228576
48348000 0.484835229 0.861929258 0.500000000 0.500000000 0.000000000 0.000000000 0.893929541 0.020503011 -0.447738260 -0.086155958 -0.010658691 0.999643147 0.024495503 -0.005541550 0.448080719 -0.017124951 0.893829048 -0.094098258
48382000 0.484835229 0.861929258 0.500000000 0.500000000 0.000000000 0.000000000 0.892316580 0.020685496 -0.450935930 -0.086770874 -0.010717604 0.999638736 0.024647687 -0.005574824 0.451282889 -0.017160587 0.892215908 -0.094809834
48415000 0.484835229 0.861929258 0.500000000 0.500000000 0.000000000 0.000000000 0.890744627 0.020809129 -0.454027474 -0.087856527 -0.010727774 0.999635637 0.024769073 -0.005343544 0.454377472 -0.017192217 0.890643358 -0.095229123
48448000 0.484835229 0.861929258 0.500000000 0.500000000 0.000000000 0.000000000 0.889135361 0.020878766 -0.457167804 -0.088400139 -0.010621601 0.999631166 0.024995251 -0.005459725 0.457521051 -0.017368307 0.889029145 -0.096017427
48482000 0.484835229 0.861929258 0.500000000 0.500000000 0.000000000 0.000000000 0.887545407 0.021125171 -0.460235685 -0.089518166 -0.010725738 0.999624908 0.025199411 -0.005232401 0.460595399 -0.017429253 0.887439072 -0.096508973
48515000 0.484835229 0.861929258 0.500000000 0.500000000 0.000000000 0.000000000 0.885916173 0.021182120 -0.463361531 -0.090003972 -0.010672227 0.999623120 0.025292212 -0.005269194 0.463722646 -0.017461680 0.885808349 -0.096949896
48549000 0.484835229 0.861929258 0.500000000 0.500000000 0.000000000 0.000000000 0.884349406 0.021270547 -0.466340750 -0.090765204 -0.010702818 0.999622643 0.025298003 -0.005025938 0.466702878 -0.017381115 0.884243369 -0.097457439
48582000 0.484835229 0.861929258 0.500000000 0.500000000 0.000000000 0.000000000 0.882740378 0.021366643 -0.469374985 -0.091553649 -0.010650147 0.999618709 0.025474690 -0.005034838 0.469740361 -0.017488625 0.882631361 -0.098036888
48615000 0.484835229 0.861929258 0.500000000 0.500000000 0.000000000 0.000000000 0.881166399 0.021497581 -0.472317338 -0.092235781 -0.010608274 0.999613225 0.025706474 -0.004956516 0.472687304 -0.017641207 0.881053627 -0.098774348
48649000 0.484835229 0.861929258 0.500000000 0.500000000 0.000000000 0.000000000 0.879536808 0.021556329 -0.475342274 -0.092807278 -0.010461203 0.999607861 0.025974678 -0.005236039 0.475715786 -0.017873034 0.879417419 -0.099184287
