https://www.youtube.com/watch?v=2Cyog3J5dS8
225091533 0.728493062 1.295098846 0.500000000 0.500000000 0.000000000 0.000000000 0.999773383 0.002559095 -0.021133330 -0.210631832 -0.002132684 0.999794185 0.020175124 0.033580836 0.021180609 -0.020125480 0.999573112 0.149660227
225124900 0.728493062 1.295098846 0.500000000 0.500000000 0.000000000 0.000000000 0.999707818 0.002735700 -0.024015700 -0.212362771 -0.002240487 0.999784827 0.020623120 0.033773548 0.024066951 -0.020563288 0.999498844 0.149198884
225158267 0.728493062 1.295098846 0.500000000 0.500000000 0.000000000 0.000000000 0.999635875 0.002870790 -0.026831284 -0.214204152 -0.002319894 0.999786317 0.020540481 0.034589997 0.026884519 -0.020470757 0.999428928 0.148703081
225191633 0.728493062 1.295098846 0.500000000 0.500000000 0.000000000 0.000000000 0.999549627 0.003190464 -0.029838253 -0.215879299 -0.002584758 0.999790251 0.020316221 0.035601551 0.029896813 -0.020229947 0.999348223 0.147988710
225225000 0.728493062 1.295098846 0.500000000 0.500000000 0.000000000 0.000000000 0.999454975 0.003475785 -0.032828402 -0.217630056 -0.002806034 0.999787450 0.020425623 0.036075630 0.032892421 -0.020322373 0.999252260 0.147233262
225258367 0.728493062 1.295098846 0.500000000 0.500000000 0.000000000 0.000000000 0.999341786 0.003587561 -0.036098335 -0.219044745 -0.002840591 0.999781251 0.020722717 0.036349942 0.036164783 -0.020606536 0.999133348 0.146556876
225291733 0.728493062 1.295098846 0.500000000 0.500000000 0.000000000 0.000000000 0.999218822 0.003864700 -0.039329112 -0.220490304 -0.003048034 0.999778926 0.020803737 0.036921602 0.039400816 -0.020667609 0.999009728 0.145715443
225325100 0.728493062 1.295098846 0.500000000 0.500000000 0.000000000 0.000000000 0.999094129 0.004079855 -0.042359479 -0.222246551 -0.003198474 0.999777436 0.020854134 0.037421956 0.042435132 -0.020699756 0.998884797 0.144863886
225358467 0.728493062 1.295098846 0.500000000 0.500000000 0.000000000 0.000000000 0.998973370 0.004207180 -0.045106146 -0.224423029 -0.003264452 0.999775112 0.020953538 0.037821555 0.045184158 -0.020784779 0.998762429 0.144133384
225391833 0.728493062 1.295098846 0.500000000 0.500000000 0.000000000 0.000000000 0.998827994 0.004451283 -0.048196137 -0.226107440 -0.003407845 0.999758482 0.021710398 0.037471247 0.048281137 -0.021520708 0.998601913 0.143342683
225425200 0.728493062 1.295098846 0.500000000 0.500000000 0.000000000 0.000000000 0.998679638 0.004529025 -0.051171128 -0.227991016 -0.003417927 0.999756932 0.021780064 0.037987125 0.051257331 -0.021576408 0.998452365 0.142661556
225458567 0.728493062 1.295098846 0.500000000 0.500000000 0.000000000 0.000000000 0.998534679 0.004830441 -0.053899191 -0.230244425 -0.003653076 0.999753058 0.021921018 0.038401146 0.053991769 -0.021692000 0.998305738 0.141832178
225491933 0.728493062 1.295098846 0.500000000 0.500000000 0.000000000 0.000000000 0.998386502 0.004976410 -0.056564759 -0.232592870 -0.003725315 0.999746561 0.022201903 0.038516163 0.056660909 -0.021955360 0.998152018 0.141084872
225525300 0.728493062 1.295098846 0.500000000 0.500000000 0.000000000 0.000000000 0.998242378 0.005100597 -0.059043687 -0.235214083 -0.003770790 0.999737203 0.022611976 0.038552391 0.059143506 -0.022349590 0.997999251 0.140538408
225558667 0.728493062 1.295098846 0.500000000 0.500000000 0.000000000 0.000000000 0.998063266 0.005282656 -0.061982311 -0.237251273 -0.003871414 0.999731004 0.022866512 0.038723351 0.062086437 -0.022582266 0.997815251 0.139783499
225592033 0.728493062 1.295098846 0.500000000 0.500000000 0.000000000 0.000000000 0.997897387 0.005414525 -0.064586736 -0.239776795 -0.003932582 0.999726593 0.023050090 0.038949816 0.064693883 -0.022747634 0.997645855 0.139094380
225625400 0.728493062 1.295098846 0.500000000 0.500000000 0.000000000 0.000000000 0.997696817 0.005506221 -0.067606978 -0.241789677 -0.003948977 0.999724329 0.023145860 0.039278695 0.067715786 -0.022825573 0.997443497 0.138507677
225658767 0.728493062 1.295098846 0.500000000 0.500000000 0.000000000 0.000000000 0.997506201 0.005642063 -0.070352793 -0.244215027 -0.003996839 0.999715745 0.023504214 0.039269377 0.070465401 -0.023164412 0.997245252 0.137704135
225692133 0.728493062 1.295098846 0.500000000 0.500000000 0.000000000 0.000000000 0.997280419 0.005835106 -0.073469311 -0.246059907 -0.004107614 0.999712050 0.023642296 0.039552153 0.073586114 -0.023276214 0.997017205 0.136920628
225725500 0.728493062 1.295098846 0.500000000 0.500000000 0.000000000 0.000000000 0.997057259 0.005884599 -0.076434322 -0.248173344 -0.004077211 0.999708891 0.023780856 0.039748909 0.076552011 -0.023399236 0.996791005 0.136238137
225758867 0.728493062 1.295098846 0.500000000 0.500000000 0.000000000 0.000000000 0.996835232 0.005975984 -0.079270482 -0.250493079 -0.004095974 0.999706984 0.023857830 0.039996884 0.079389833 -0.023457635 0.996567607 0.135535804
225792233 0.728493062 1.295098846 0.500000000 0.500000000 0.000000000 0.000000000 0.996602118 0.006081777 -0.082141548 -0.252744279 -0.004104445 0.999698222 0.024219701 0.039925264 0.082264058 -0.023800259 0.996326327 0.134727090
225825600 0.728493062 1.295098846 0.500000000 0.500000000 0.000000000 0.000000000 0.996364176 0.006180366 -0.084972240 -0.255086252 -0.004145080 0.999700785 0.024107957 0.040389106 0.085095815 -0.023668088 0.996091604 0.134086379
225858967 0.728493062 1.295098846 0.500000000 0.500000000 0.000000000 0.000000000 0.996122479 0.006268422 -0.087753423 -0.257496115 -0.004150944 0.999696314 0.024291582 0.040500116 0.087879039 -0.023833133 0.995845973 0.133352248
225892333 0.728493062 1.295098846 0.500000000 0.500000000 0.000000000 0.000000000 0.995853364 0.006393740 -0.090748243 -0.259623349 -0.004161867 0.999684691 0.024762085 0.040255639 0.090877950 -0.024281723 0.995565951 0.132537992
225925700 0.728493062 1.295098846 0.500000000 0.500000000 0.000000000 0.000000000 0.995599210 0.006409580 -0.093494155 -0.262104492 -0.004132755 0.999690652 0.024525926 0.040845980 0.093622431 -0.024031602 0.995317698 0.131841263
225959067 0.728493062 1.295098846 0.500000000 0.500000000 0.000000000 0.000000000 0.995338976 0.006436814 -0.096222878 -0.264583204 -0.004105803 0.999693751 0.024403514 0.041264985 0.096350491 -0.023894697 0.995060623 0.131240984
225992433 0.728493062 1.295098846 0.500000000 0.500000000 0.000000000 0.000000000 0.995061874 0.006539902 -0.099041022 -0.267015657 -0.004167505 0.999699891 0.024141651 0.041945492 0.099169180 -0.023609681 0.994790435 0.130490477
226025800 0.728493062 1.295098846 0.500000000 0.500000000 0.000000000 0.000000000 0.994790852 0.006599356 -0.101723172 -0.269620040 -0.004191999 0.999706507 0.023861399 0.042573031 0.101850785 -0.023310678 0.994526565 0.129688639
226059167 0.728493062 1.295098846 0.500000000 0.500000000 0.000000000 0.000000000 0.994490921 0.006659660 -0.104611225 -0.271949713 -0.004207067 0.999711514 0.023648033 0.043051208 0.104738533 -0.023077646 0.994231999 0.128845222
226092533 0.728493062 1.295098846 0.500000000 0.500000000 0.000000000 0.000000000 0.994153261 0.006725651 -0.107768290 -0.273887639 -0.004188151 0.999709010 0.023754956 0.043160315 0.107896701 -0.023164719 0.993892193 0.127933386
226125900 0.728493062 1.295098846 0.500000000 0.500000000 0.000000000 0.000000000 0.993833363 0.006747395 -0.110678628 -0.276213032 -0.004153481 0.999711692 0.023650294 0.043480934 0.110806294 -0.023044750 0.993574798 0.127103294
226159267 0.728493062 1.295098846 0.500000000 0.500000000 0.000000000 0.000000000 0.993515193 0.006848565 -0.113493145 -0.278651376 -0.004202066 0.999714017 0.023541423 0.043766970 0.113621913 -0.022911854 0.993259847 0.126259708
226192633 0.728493062 1.295098846 0.500000000 0.500000000 0.000000000 0.000000000 0.993179679 0.006991687 -0.116383925 -0.281044778 -0.004267280 0.999711394 0.023641525 0.043853427 0.116515629 -0.022983640 0.992922902 0.125385377
226226000 0.728493062 1.295098846 0.500000000 0.500000000 0.000000000 0.000000000 0.992808342 0.007090192 -0.119504541 -0.283038416 -0.004270875 0.999706864 0.023831340 0.043752898 0.119638480 -0.023149565 0.992547572 0.124407267
226259367 0.728493062 1.295098846 0.500000000 0.500000000 0.000000000 0.000000000 0.992416143 0.007170825 -0.122714214 -0.284964625 -0.004245683 0.999700963 0.024081940 0.043610457 0.122850209 -0.023378300 0.992149830 0.123573394
226292733 0.728493062 1.295098846 0.500000000 0.500000000 0.000000000 0.000000000 0.992040396 0.007278720 -0.125709638 -0.287119415 -0.004307275 0.999705255 0.023893025 0.043967771 0.125846490 -0.023161380 0.991779327 0.122686745
226326100 0.728493062 1.295098846 0.500000000 0.500000000 0.000000000 0.000000000 0.991665304 0.007345113 -0.128631026 -0.289396794 -0.004320089 0.999707878 0.023780307 0.044252391 0.128768116 -0.023026409 0.991407335 0.121891044
226359467 0.728493062 1.295098846 0.500000000 0.500000000 0.000000000 0.000000000 0.991259694 0.007420440 -0.131716326 -0.291465433 -0.004355672 0.999713361 0.023540827 0.044732270 0.131853268 -0.022761360 0.991007864 0.121084077
