https://www.youtube.com/watch?v=V_8pco9aqp4
143510033 0.481164111 0.855402907 0.500000000 0.500000000 0.000000000 0.000000000 0.999997675 0.000729681 -0.002035283 -0.028665878 -0.000759016 0.999895334 -0.014449926 0.036093121 0.002024526 0.014451437 0.999893546 -0.500813403
143543400 0.481164111 0.855402907 0.500000000 0.500000000 0.000000000 0.000000000 0.999995828 0.000573500 -0.002834497 -0.027218675 -0.000615143 0.999891579 -0.014712417 0.038110780 0.002825752 0.014714099 0.999887764 -0.517965196
143576767 0.481164111 0.855402907 0.500000000 0.500000000 0.000000000 0.000000000 0.999994338 0.000828632 -0.003270055 -0.028932331 -0.000878024 0.999885142 -0.015131778 0.040811683 0.003257140 0.015134563 0.999880135 -0.535822841
143610133 0.481164111 0.855402907 0.500000000 0.500000000 0.000000000 0.000000000 0.999990880 0.000759589 -0.004204808 -0.029129156 -0.000822749 0.999886572 -0.015039632 0.041977969 0.004192907 0.015042954 0.999878049 -0.552644399
143643500 0.481164111 0.855402907 0.500000000 0.500000000 0.000000000 0.000000000 0.999987125 0.000840175 -0.005007931 -0.028273758 -0.000918614 0.999876618 -0.015681306 0.044716300 0.004994138 0.015685705 0.999864519 -0.569141520
143676867 0.481164111 0.855402907 0.500000000 0.500000000 0.000000000 0.000000000 0.999984860 0.001290189 -0.005352858 -0.028295690 -0.001374504 0.999874592 -0.015777806 0.045156133 0.005331830 0.015784923 0.999861181 -0.584728451
143710233 0.481164111 0.855402907 0.500000000 0.500000000 0.000000000 0.000000000 0.999983847 0.001293613 -0.005535416 -0.028444448 -0.001382783 0.999868870 -0.016135663 0.047091706 0.005513817 0.016143056 0.999854505 -0.600026806
143743600 0.481164111 0.855402907 0.500000000 0.500000000 0.000000000 0.000000000 0.999983490 0.001066696 -0.005644069 -0.028756897 -0.001161784 0.999857008 -0.016871098 0.050683728 0.005625265 0.016877377 0.999841750 -0.615947932
143776967 0.481164111 0.855402907 0.500000000 0.500000000 0.000000000 0.000000000 0.999981880 0.000899109 -0.005950298 -0.028040526 -0.000998381 0.999860048 -0.016701620 0.049483927 0.005934448 0.016707258 0.999842823 -0.631648267
143810333 0.481164111 0.855402907 0.500000000 0.500000000 0.000000000 0.000000000 0.999976397 0.001190001 -0.006768954 -0.025847671 -0.001305845 0.999852300 -0.017135352 0.050944797 0.006747563 0.017143788 0.999830246 -0.648385629
143843700 0.481164111 0.855402907 0.500000000 0.500000000 0.000000000 0.000000000 0.999970973 0.000663293 -0.007587181 -0.023480155 -0.000797231 0.999843657 -0.017663822 0.052635278 0.007574278 0.017669359 0.999815166 -0.665244916
143877067 0.481164111 0.855402907 0.500000000 0.500000000 0.000000000 0.000000000 0.999970436 0.001010277 -0.007624221 -0.023573030 -0.001146576 0.999839246 -0.017894059 0.052814727 0.007604918 0.017902272 0.999810815 -0.682568672
143910433 0.481164111 0.855402907 0.500000000 0.500000000 0.000000000 0.000000000 0.999963701 0.001157118 -0.008440061 -0.020148794 -0.001307692 0.999839723 -0.017856769 0.051838082 0.008418046 0.017867159 0.999804914 -0.700098758
143943800 0.481164111 0.855402907 0.500000000 0.500000000 0.000000000 0.000000000 0.999963343 0.001110436 -0.008490279 -0.019344542 -0.001266090 0.999830842 -0.018349826 0.052747277 0.008468466 0.018359901 0.999795556 -0.716297873
143977167 0.481164111 0.855402907 0.500000000 0.500000000 0.000000000 0.000000000 0.999959111 0.000402406 -0.009032233 -0.016815584 -0.000573245 0.999820828 -0.018919766 0.053692397 0.009023000 0.018924171 0.999780178 -0.734026280
144010533 0.481164111 0.855402907 0.500000000 0.500000000 0.000000000 0.000000000 0.999954164 0.000595091 -0.009556142 -0.014241866 -0.000780797 0.999810696 -0.019441150 0.053799106 0.009542763 0.019447720 0.999765337 -0.751187698
144043900 0.481164111 0.855402907 0.500000000 0.500000000 0.000000000 0.000000000 0.999945581 0.000446368 -0.010424137 -0.010534235 -0.000653956 0.999801397 -0.019919250 0.053656556 0.010413175 0.019924983 0.999747276 -0.770157161
144077267 0.481164111 0.855402907 0.500000000 0.500000000 0.000000000 0.000000000 0.999930501 0.000165960 -0.011787826 -0.004830401 -0.000408879 0.999787569 -0.020608226 0.055401734 0.011781902 0.020611614 0.999718130 -0.788226641
144110633 0.481164111 0.855402907 0.500000000 0.500000000 0.000000000 0.000000000 0.999915957 -0.000059421 -0.012963110 0.000268163 -0.000214040 0.999777496 -0.021092936 0.056666775 0.012961478 0.021093938 0.999693453 -0.804840689
144144000 0.481164111 0.855402907 0.500000000 0.500000000 0.000000000 0.000000000 0.999907672 0.000227876 -0.013587479 0.002661382 -0.000520814 0.999767423 -0.021559758 0.056968164 0.013579406 0.021564845 0.999675214 -0.821969318
144177367 0.481164111 0.855402907 0.500000000 0.500000000 0.000000000 0.000000000 0.999885798 0.000187434 -0.015112664 0.007881218 -0.000522950 0.999753416 -0.022200044 0.057854003 0.015104775 0.022205411 0.999639332 -0.838946438
144210733 0.481164111 0.855402907 0.500000000 0.500000000 0.000000000 0.000000000 0.999869585 0.000059310 -0.016148414 0.010950518 -0.000422409 0.999747157 -0.022482608 0.058463105 0.016142998 0.022486497 0.999616802 -0.855197854
144244100 0.481164111 0.855402907 0.500000000 0.500000000 0.000000000 0.000000000 0.999845922 -0.000288288 -0.017551865 0.015526440 -0.000116865 0.999733686 -0.023077780 0.060898302 0.017553844 0.023076275 0.999579608 -0.870762014
144277467 0.481164111 0.855402907 0.500000000 0.500000000 0.000000000 0.000000000 0.999825299 -0.000443659 -0.018686103 0.018452657 -0.000002501 0.999715090 -0.023869747 0.064004705 0.018691368 0.023865625 0.999540448 -0.884373927
144310833 0.481164111 0.855402907 0.500000000 0.500000000 0.000000000 0.000000000 0.999787509 -0.000446571 -0.020610189 0.024031062 -0.000048821 0.999711275 -0.024029501 0.064567476 0.020614969 0.024025399 0.999498785 -0.900696782
144344200 0.481164111 0.855402907 0.500000000 0.500000000 0.000000000 0.000000000 0.999746442 -0.000718631 -0.022506647 0.029023283 0.000164129 0.999696612 -0.024629420 0.066537652 0.022517519 0.024619481 0.999443293 -0.914141267
144377567 0.481164111 0.855402907 0.500000000 0.500000000 0.000000000 0.000000000 0.999707818 -0.000579118 -0.024164863 0.031515264 -0.000028010 0.999684513 -0.025116518 0.068414581 0.024171786 0.025109855 0.999392450 -0.928478179
144410933 0.481164111 0.855402907 0.500000000 0.500000000 0.000000000 0.000000000 0.999648273 -0.000656026 -0.026511163 0.036415967 -0.000019944 0.999675095 -0.025489237 0.069511396 0.026519271 0.025480801 0.999323487 -0.942572286
144444300 0.481164111 0.855402907 0.500000000 0.500000000 0.000000000 0.000000000 0.999585688 -0.000370552 -0.028780326 0.040328374 -0.000370046 0.999669015 -0.025723187 0.070045133 0.028780332 0.025723180 0.999254704 -0.956495441
144477667 0.481164111 0.855402907 0.500000000 0.500000000 0.000000000 0.000000000 0.999519706 -0.000213580 -0.030988310 0.043461112 -0.000592671 0.999661624 -0.026006384 0.070018520 0.030983377 0.026012260 0.999181390 -0.971497538
144511033 0.481164111 0.855402907 0.500000000 0.500000000 0.000000000 0.000000000 0.999431968 -0.000160581 -0.033700258 0.048197183 -0.000739735 0.999643207 -0.026701249 0.071934792 0.033692520 0.026711011 0.999075234 -0.985533595
144544400 0.481164111 0.855402907 0.500000000 0.500000000 0.000000000 0.000000000 0.999322176 -0.000472569 -0.036810514 0.054183821 -0.000539955 0.999621868 -0.027491590 0.073660952 0.036809586 0.027492832 0.998944044 -1.000128437
144577767 0.481164111 0.855402907 0.500000000 0.500000000 0.000000000 0.000000000 0.999215782 -0.000297773 -0.039594620 0.058490899 -0.000799691 0.999615967 -0.027698770 0.073397727 0.039587662 0.027708711 0.998831868 -1.013742267
144611133 0.481164111 0.855402907 0.500000000 0.500000000 0.000000000 0.000000000 0.999107242 -0.000077591 -0.042245507 0.062372324 -0.001110881 0.999604285 -0.028108314 0.073876536 0.042230971 0.028130149 0.998711765 -1.027267795
144644500 0.481164111 0.855402907 0.500000000 0.500000000 0.000000000 0.000000000 0.998994529 0.000213550 -0.044832207 0.065853113 -0.001492183 0.999593019 -0.028488882 0.074600087 0.044807877 0.028527133 0.998588204 -1.041007526
144677867 0.481164111 0.855402907 0.500000000 0.500000000 0.000000000 0.000000000 0.998848259 0.000360893 -0.047979482 0.070933522 -0.001744882 0.999583483 -0.028806685 0.075476277 0.047949102 0.028857226 0.998432815 -1.055759780
144711233 0.481164111 0.855402907 0.500000000 0.500000000 0.000000000 0.000000000 0.998703063 0.000604687 -0.050910506 0.075357359 -0.002103833 0.999565542 -0.029398255 0.077008258 0.050870612 0.029467234 0.998270452 -1.069601754
144744600 0.481164111 0.855402907 0.500000000 0.500000000 0.000000000 0.000000000 0.998548329 0.000708977 -0.053858954 0.080093728 -0.002317553 0.999552906 -0.029809875 0.077674383 0.053813737 0.029891422 0.998103499 -1.084214076
144777967 0.481164111 0.855402907 0.500000000 0.500000000 0.000000000 0.000000000 0.998387873 0.000564595 -0.056757070 0.084511592 -0.002275131 0.999544978 -0.030077757 0.077992554 0.056714259 0.030158397 0.997934878 -1.099327843
144811333 0.481164111 0.855402907 0.500000000 0.500000000 0.000000000 0.000000000 0.998205900 0.000727662 -0.059870157 0.088867216 -0.002561269 0.999529779 -0.030555353 0.079669140 0.059819769 0.030653877 0.997738421 -1.115308547
144844700 0.481164111 0.855402907 0.500000000 0.500000000 0.000000000 0.000000000 0.997995019 0.000603080 -0.063289657 0.094544206 -0.002563269 0.999519348 -0.030895092 0.080745485 0.063240603 0.030995375 0.997516870 -1.131062001
144878067 0.481164111 0.855402907 0.500000000 0.500000000 0.000000000 0.000000000 0.997788489 0.000712205 -0.066465482 0.098971252 -0.002802522 0.999504149 -0.031361733 0.082130639 0.066410191 0.031478647 0.997295737 -1.147007368
144911433 0.481164111 0.855402907 0.500000000 0.500000000 0.000000000 0.000000000 0.997576416 0.000988596 -0.069572553 0.102729099 -0.003223004 0.999482334 -0.032011300 0.083770669 0.069504894 0.032157950 0.997063160 -1.162750508
144944800 0.481164111 0.855402907 0.500000000 0.500000000 0.000000000 0.000000000 0.997347593 0.001056584 -0.072778411 0.106811781 -0.003464772 0.999450326 -0.032971025 0.086559034 0.072703563 0.033135731 0.996802986 -1.178611777
144978167 0.481164111 0.855402907 0.500000000 0.500000000 0.000000000 0.000000000 0.997106075 0.001019309 -0.076016366 0.110770201 -0.003555082 0.999441385 -0.033230390 0.086369831 0.075940028 0.033404469 0.996552706 -1.195121620
145011533 0.481164111 0.855402907 0.500000000 0.500000000 0.000000000 0.000000000 0.996858716 0.001181592 -0.079191715 0.114363604 -0.003876639 0.999418139 -0.033886842 0.089334765 0.079105593 0.034087393 0.996283293 -1.210036598
145044900 0.481164111 0.855402907 0.500000000 0.500000000 0.000000000 0.000000000 0.996574163 0.001204060 -0.082695432 0.119074115 -0.004022308 0.999416411 -0.033921715 0.089884768 0.082606323 0.034138128 0.995997369 -1.225239050
145078267 0.481164111 0.855402907 0.500000000 0.500000000 0.000000000 0.000000000 0.996302187 0.001421663 -0.085906267 0.122853032 -0.004339460 0.999419630 -0.033787705 0.089584910 0.085808374 0.034035552 0.995730162 -1.239260564
145111633 0.481164111 0.855402907 0.500000000 0.500000000 0.000000000 0.000000000 0.996016741 0.001210349 -0.089157924 0.126397277 -0.004288875 0.999400795 -0.034345437 0.091590215 0.089062929 0.034591015 0.995425165 -1.252805870
145145000 0.481164111 0.855402907 0.500000000 0.500000000 0.000000000 0.000000000 0.995681584 0.001045919 -0.092828281 0.130635508 -0.004258004 0.999398708 -0.034411136 0.092423155 0.092736468 0.034657795 0.995087326 -1.266564475
145178367 0.481164111 0.855402907 0.500000000 0.500000000 0.000000000 0.000000000 0.995326459 0.000669156 -0.096564718 0.134978353 -0.004012018 0.999399126 -0.034427829 0.092779733 0.096483655 0.034654353 0.994731128 -1.279564854
145211733 0.481164111 0.855402907 0.500000000 0.500000000 0.000000000 0.000000000 0.994967341 0.000976041 -0.100195006 0.138901014 -0.004419660 0.999406874 -0.034152951 0.092205630 0.100102246 0.034423899 0.994381487 -1.291654626
145245100 0.481164111 0.855402907 0.500000000 0.500000000 0.000000000 0.000000000 0.994604588 0.001039724 -0.103733279 0.142644157 -0.004640510 0.999394715 -0.034476668 0.092975294 0.103634648 0.034772027 0.994007409 -1.303763250
145278467 0.481164111 0.855402907 0.500000000 0.500000000 0.000000000 0.000000000 0.994219780 0.001244960 -0.107356943 0.147080539 -0.005042282 0.999370873 -0.035106812 0.094529883 0.107245691 0.035445210 0.993600547 -1.315819638
145311833 0.481164111 0.855402907 0.500000000 0.500000000 0.000000000 0.000000000 0.993814588 0.001179235 -0.111045845 0.151736791 -0.005154293 0.999355793 -0.035516292 0.095283998 0.110932425 0.035868973 0.993180454 -1.326829581
145345200 0.481164111 0.855402907 0.500000000 0.500000000 0.000000000 0.000000000 0.993427336 0.001424969 -0.114455916 0.155121403 -0.005492070 0.999364257 -0.035226744 0.094419214 0.114332952 0.035623807 0.992803574 -1.337449920
145378567 0.481164111 0.855402907 0.500000000 0.500000000 0.000000000 0.000000000 0.992975354 0.001579039 -0.118311040 0.160438767 -0.005823717 0.999351263 -0.035540152 0.094986491 0.118178174 0.035979506 0.992340386 -1.348213020
145411933 0.481164111 0.855402907 0.500000000 0.500000000 0.000000000 0.000000000 0.992547989 0.001667733 -0.121843055 0.164786649 -0.006056656 0.999345660 -0.035659641 0.094435392 0.121703856 0.036131866 0.991908610 -1.358592895
145445300 0.481164111 0.855402907 0.500000000 0.500000000 0.000000000 0.000000000 0.992079914 0.001644519 -0.125597656 0.169849477 -0.006222457 0.999330044 -0.036065623 0.094895459 0.125454202 0.036561504 0.991425514 -1.369834628
145478667 0.481164111 0.855402907 0.500000000 0.500000000 0.000000000 0.000000000 0.991587162 0.001720114 -0.129429296 0.175362813 -0.006432102 0.999331236 -0.035996690 0.094362090 0.129280806 0.036526360 0.990935087 -1.380271491
145512033 0.481164111 0.855402907 0.500000000 0.500000000 0.000000000 0.000000000 0.991050959 0.001585788 -0.133474648 0.181432144 -0.006522074 0.999310374 -0.036553860 0.095822102 0.133324638 0.037097268 0.990377903 -1.391188845
145545400 0.481164111 0.855402907 0.500000000 0.500000000 0.000000000 0.000000000 0.990485489 0.001800547 -0.137605473 0.187305174 -0.006888733 0.999309540 -0.036509350 0.094840187 0.137444735 0.037109908 0.989814043 -1.402274537
145578767 0.481164111 0.855402907 0.500000000 0.500000000 0.000000000 0.000000000 0.989880562 0.001632650 -0.141893700 0.194276091 -0.006903702 0.999303818 -0.036663555 0.095017350 0.141735062 0.037272129 0.989202678 -1.413513038
145612133 0.481164111 0.855402907 0.500000000 0.500000000 0.000000000 0.000000000 0.989278018 0.001880658 -0.146032393 0.201049207 -0.007320831 0.999298632 -0.036724716 0.095485343 0.145860896 0.037400033 0.988597929 -1.424438509
145645500 0.481164111 0.855402907 0.500000000 0.500000000 0.000000000 0.000000000 0.988608122 0.001907436 -0.150500417 0.209125024 -0.007539959 0.999291837 -0.036863543 0.096088055 0.150323540 0.037578367 0.987922430 -1.435179393
145678867 0.481164111 0.855402907 0.500000000 0.500000000 0.000000000 0.000000000 0.987939894 0.001964906 -0.154825270 0.216938122 -0.007824904 0.999275386 -0.037248787 0.097641738 0.154639885 0.038011055 0.987239420 -1.445939840
145712233 0.481164111 0.855402907 0.500000000 0.500000000 0.000000000 0.000000000 0.987187088 0.001908894 -0.159555703 0.225279310 -0.007959237 0.999272823 -0.037289485 0.097535464 0.159368500 0.038081639 0.986484408 -1.456813265
145745600 0.481164111 0.855402907 0.500000000 0.500000000 0.000000000 0.000000000 0.986386418 0.001973216 -0.164432257 0.234503338 -0.008258884 0.999260545 -0.037551593 0.098562078 0.164236575 0.038398407 0.985673308 -1.467070206
145778967 0.481164111 0.855402907 0.500000000 0.500000000 0.000000000 0.000000000 0.985501289 0.002065435 -0.169655412 0.244557587 -0.008643569 0.999238670 -0.038044095 0.100676872 0.169447660 0.038958933 0.984768867 -1.477101242
145812333 0.481164111 0.855402907 0.500000000 0.500000000 0.000000000 0.000000000 0.984619796 0.002191844 -0.174696982 0.253721513 -0.008989827 0.999232292 -0.038131174 0.101477492 0.174479291 0.039115202 0.983883619 -1.486910842
145845700 0.481164111 0.855402907 0.500000000 0.500000000 0.000000000 0.000000000 0.983694017 0.002242657 -0.179836020 0.263206560 -0.009206231 0.999239266 -0.037896547 0.100756819 0.179614231 0.038934220 0.982966363 -1.496640059
145879067 0.481164111 0.855402907 0.500000000 0.500000000 0.000000000 0.000000000 0.982701063 0.002560408 -0.185181171 0.272854362 -0.009656141 0.999252737 -0.037426081 0.099425499 0.184946969 0.038566787 0.981991470 -1.505100897
145912433 0.481164111 0.855402907 0.500000000 0.500000000 0.000000000 0.000000000 0.981635928 0.002494572 -0.190747663 0.282949454 -0.009850866 0.999243319 -0.037627086 0.100209891 0.190509468 0.038815130 0.980917692 -1.513810503
145945800 0.481164111 0.855402907 0.500000000 0.500000000 0.000000000 0.000000000 0.980528533 0.002336819 -0.196362630 0.292892323 -0.010007584 0.999224544 -0.038081154 0.101766013 0.196121365 0.039304774 0.979791582 -1.521384114
145979167 0.481164111 0.855402907 0.500000000 0.500000000 0.000000000 0.000000000 0.979316175 0.002322212 -0.202322647 0.304534650 -0.010313545 0.999207199 -0.038452692 0.103458299 0.202072948 0.039744005 0.978563726 -1.529131136
146012533 0.481164111 0.855402907 0.500000000 0.500000000 0.000000000 0.000000000 0.978140831 0.002547108 -0.207927808 0.314984735 -0.010720749 0.999212861 -0.038192578 0.103720843 0.207666874 0.039586864 0.977398276 -1.536470914
146045900 0.481164111 0.855402907 0.500000000 0.500000000 0.000000000 0.000000000 0.976918101 0.002551071 -0.213598922 0.325318999 -0.010915606 0.999218524 -0.037989780 0.104363793 0.213335082 0.039444469 0.976182520 -1.543593515
146079267 0.481164111 0.855402907 0.500000000 0.500000000 0.000000000 0.000000000 0.975638330 0.002658012 -0.219368935 0.335969155 -0.011217176 0.999223113 -0.037780922 0.104352134 0.219098076 0.039321218 0.974910200 -1.550722954
146112633 0.481164111 0.855402907 0.500000000 0.500000000 0.000000000 0.000000000 0.974223375 0.002541986 -0.225571141 0.348068300 -0.011353635 0.999221742 -0.037775088 0.104505840 0.225299567 0.039362427 0.973494053 -1.557175154
146146000 0.481164111 0.855402907 0.500000000 0.500000000 0.000000000 0.000000000 0.972794652 0.002650410 -0.231653869 0.359448476 -0.011719086 0.999217331 -0.037780195 0.104455240 0.231372431 0.039467145 0.972064376 -1.563153171
146179367 0.481164111 0.855402907 0.500000000 0.500000000 0.000000000 0.000000000 0.971367121 0.002664905 -0.237568542 0.370631172 -0.011981785 0.999214172 -0.037782367 0.104451087 0.237281173 0.039547045 0.970635712 -1.569721227
146212733 0.481164111 0.855402907 0.500000000 0.500000000 0.000000000 0.000000000 0.969902933 0.003017924 -0.243473083 0.381698514 -0.012549380 0.999213815 -0.037606332 0.104469495 0.243168175 0.039529931 0.969178319 -1.576174596
146246100 0.481164111 0.855402907 0.500000000 0.500000000 0.000000000 0.000000000 0.968407214 0.002966772 -0.249356568 0.393188125 -0.012723699 0.999214649 -0.037525702 0.104982585 0.249049410 0.039512899 0.967684388 -1.582248900
146279467 0.481164111 0.855402907 0.500000000 0.500000000 0.000000000 0.000000000 0.966868639 0.003160460 -0.255254924 0.404891392 -0.013127632 0.999215901 -0.037353687 0.105004513 0.254936725 0.039467003 0.966151953 -1.588522530
146312833 0.481164111 0.855402907 0.500000000 0.500000000 0.000000000 0.000000000 0.965413988 0.003478693 -0.260698587 0.414749199 -0.013459423 0.999242663 -0.036509044 0.102201390 0.260374159 0.038755193 0.964729667 -1.593988192
146346200 0.481164111 0.855402907 0.500000000 0.500000000 0.000000000 0.000000000 0.963798344 0.003341744 -0.266611367 0.426865902 -0.013701588 0.999221087 -0.037006773 0.103810421 0.266280025 0.039320063 0.963093400 -1.600135934
146379567 0.481164111 0.855402907 0.500000000 0.500000000 0.000000000 0.000000000 0.962202430 0.003583777 -0.272311598 0.438529782 -0.014214555 0.999211311 -0.037076384 0.103968302 0.271963954 0.039545778 0.961494505 -1.606296130
146412933 0.481164111 0.855402907 0.500000000 0.500000000 0.000000000 0.000000000 0.960651636 0.003385932 -0.277735412 0.449341540 -0.014349478 0.999195397 -0.037451621 0.105165891 0.277385116 0.039963320 0.959927320 -1.612308866
146446300 0.481164111 0.855402907 0.500000000 0.500000000 0.000000000 0.000000000 0.959113121 0.003662545 -0.282999337 0.459459629 -0.014774953 0.999200761 -0.037142254 0.104097591 0.282637119 0.039804924 0.958400667 -1.618524152
146479667 0.481164111 0.855402907 0.500000000 0.500000000 0.000000000 0.000000000 0.957600534 0.003638905 -0.288076431 0.468978343 -0.014900940 0.999207437 -0.036910780 0.103652309 0.287713796 0.039638393 0.956895769 -1.624176378
146513033 0.481164111 0.855402907 0.500000000 0.500000000 0.000000000 0.000000000 0.955964804 0.003837822 -0.293456167 0.479266176 -0.015313661 0.999204636 -0.036818281 0.103938054 0.293081462 0.039690871 0.955263257 -1.630344408
146546400 0.481164111 0.855402907 0.500000000 0.500000000 0.000000000 0.000000000 0.954164147 0.003614758 -0.299261898 0.491467868 -0.015340774 0.999203324 -0.036843110 0.104206384 0.298890293 0.039745282 0.953459442 -1.636635931
146579767 0.481164111 0.855402907 0.500000000 0.500000000 0.000000000 0.000000000 0.952459931 0.003818531 -0.304639876 0.501819381 -0.015755355 0.999200821 -0.036734737 0.104203590 0.304256141 0.039788075 0.951758981 -1.642697326
146613133 0.481164111 0.855402907 0.500000000 0.500000000 0.000000000 0.000000000 0.950705171 0.004023062 -0.310070187 0.512724207 -0.016213600 0.999193013 -0.036748253 0.104728041 0.309672117 0.039964106 0.950003207 -1.648992005
146646500 0.481164111 0.855402907 0.500000000 0.500000000 0.000000000 0.000000000 0.948986948 0.003933798 -0.315290779 0.523095990 -0.016417868 0.999182284 -0.036949266 0.105628923 0.314887583 0.040240772 0.948275506 -1.655266768
146679867 0.481164111 0.855402907 0.500000000 0.500000000 0.000000000 0.000000000 0.947302580 0.004099276 -0.320313871 0.533150367 -0.016782777 0.999180019 -0.036846526 0.106200113 0.319900155 0.040280569 0.946594596 -1.661650306
146713233 0.481164111 0.855402907 0.500000000 0.500000000 0.000000000 0.000000000 0.945681453 0.004141922 -0.325068414 0.542430625 -0.016985979 0.999182522 -0.036683936 0.106537350 0.324650735 0.040212922 0.944978714 -1.668146192
146746600 0.481164111 0.855402907 0.500000000 0.500000000 0.000000000 0.000000000 0.943938255 0.004113870 -0.330096334 0.552757521 -0.017138559 0.999184608 -0.036556683 0.107157884 0.329676777 0.040164631 0.943239093 -1.674622932
146779967 0.481164111 0.855402907 0.500000000 0.500000000 0.000000000 0.000000000 0.942210257 0.004263279 -0.334995061 0.562404536 -0.017462185 0.999184787 -0.036398284 0.107668857 0.334566802 0.040144581 0.941516578 -1.680996052
146813333 0.481164111 0.855402907 0.500000000 0.500000000 0.000000000 0.000000000 0.940487266 0.004503952 -0.339799017 0.571933016 -0.017880529 0.999182940 -0.036245361 0.108156613 0.339358121 0.040164087 0.939799368 -1.687634574
146846700 0.481164111 0.855402907 0.500000000 0.500000000 0.000000000 0.000000000 0.938811958 0.004325514 -0.344402909 0.580539334 -0.018054008 0.999164522 -0.036664672 0.110564678 0.343956560 0.040639084 0.938105702 -1.693914712
146880067 0.481164111 0.855402907 0.500000000 0.500000000 0.000000000 0.000000000 0.937160194 0.004539699 -0.348869860 0.588277631 -0.018469866 0.999158800 -0.036613487 0.111725662 0.348410189 0.040756281 0.936455667 -1.700246881
146913433 0.481164111 0.855402907 0.500000000 0.500000000 0.000000000 0.000000000 0.935409784 0.004511329 -0.353536725 0.597167415 -0.018691430 0.999151289 -0.036705233 0.113822313 0.353071094 0.040942539 0.934700251 -1.706025549
146946800 0.481164111 0.855402907 0.500000000 0.500000000 0.000000000 0.000000000 0.933646262 0.004648836 -0.358166218 0.606074100 -0.018919777 0.999159992 -0.036350295 0.114488241 0.357696384 0.040714744 0.932949960 -1.712251180
146980167 0.481164111 0.855402907 0.500000000 0.500000000 0.000000000 0.000000000 0.931920230 0.004997504 -0.362628877 0.614513688 -0.019327026 0.999168515 -0.035898678 0.115035949 0.362147957 0.040463243 0.931241989 -1.718066507
147013533 0.481164111 0.855402907 0.500000000 0.500000000 0.000000000 0.000000000 0.930255592 0.005014342 -0.366877854 0.622863011 -0.019548064 0.999163806 -0.035909902 0.117142762 0.366391003 0.040577140 0.929575801 -1.723939391
147046900 0.481164111 0.855402907 0.500000000 0.500000000 0.000000000 0.000000000 0.928607881 0.005237532 -0.371025503 0.630853885 -0.019927930 0.999161303 -0.035771377 0.118711023 0.370526969 0.040611356 0.927933455 -1.729453303
147080267 0.481164111 0.855402907 0.500000000 0.500000000 0.000000000 0.000000000 0.926948190 0.005333638 -0.375151485 0.639323874 -0.020170646 0.999161363 -0.035633549 0.119577448 0.374646783 0.040597502 0.926278353 -1.735347331
147113633 0.481164111 0.855402907 0.500000000 0.500000000 0.000000000 0.000000000 0.925249040 0.005477651 -0.379320681 0.647798764 -0.020479737 0.999158859 -0.035526175 0.120565069 0.378807038 0.040638950 0.924583018 -1.741121642
147147000 0.481164111 0.855402907 0.500000000 0.500000000 0.000000000 0.000000000 0.923507094 0.005446965 -0.383542627 0.656946093 -0.020722184 0.999147475 -0.035705976 0.122726330 0.383021176 0.040922564 0.922832668 -1.746244930
147180367 0.481164111 0.855402907 0.500000000 0.500000000 0.000000000 0.000000000 0.921778202 0.005606456 -0.387677014 0.665850040 -0.020951509 0.999154747 -0.035366882 0.122821495 0.387151033 0.040722840 0.921116590 -1.751702701
147213733 0.481164111 0.855402907 0.500000000 0.500000000 0.000000000 0.000000000 0.920103014 0.005703975 -0.391634911 0.674336770 -0.021103999 0.999163449 -0.035029180 0.122868565 0.391107470 0.040495519 0.919453681 -1.757117707
147247100 0.481164111 0.855402907 0.500000000 0.500000000 0.000000000 0.000000000 0.918369055 0.005674299 -0.395684391 0.683354209 -0.021196181 0.999167144 -0.034867037 0.123755282 0.395156980 0.040407807 0.917724431 -1.762154438
147280467 0.481164111 0.855402907 0.500000000 0.500000000 0.000000000 0.000000000 0.916656792 0.005913753 -0.399631530 0.691798315 -0.021438451 0.999178588 -0.034388699 0.122942691 0.399099886 0.040090114 0.916030586 -1.767206775
147313833 0.481164111 0.855402907 0.500000000 0.500000000 0.000000000 0.000000000 0.914915085 0.006017063 -0.403601557 0.700857186 -0.021764329 0.999169707 -0.034441009 0.123575624 0.403059214 0.040294718 0.914286375 -1.772187208
147347200 0.481164111 0.855402907 0.500000000 0.500000000 0.000000000 0.000000000 0.913284659 0.006223022 -0.407274365 0.709097947 -0.022104111 0.999167085 -0.034299992 0.123469495 0.406721681 0.040328093 0.912661552 -1.776993350
147380567 0.481164111 0.855402907 0.500000000 0.500000000 0.000000000 0.000000000 0.911648095 0.006012976 -0.410927773 0.717542096 -0.022241516 0.999149442 -0.034722827 0.125403449 0.410369486 0.040794656 0.911006391 -1.781773582
147413933 0.481164111 0.855402907 0.500000000 0.500000000 0.000000000 0.000000000 0.909889817 0.005973807 -0.414806962 0.727157933 -0.022283910 0.999156535 -0.034491070 0.124944770 0.414251029 0.040626593 0.909255505 -1.787070429
147447300 0.481164111 0.855402907 0.500000000 0.500000000 0.000000000 0.000000000 0.908233166 0.006073297 -0.418420404 0.735428868 -0.022362154 0.999170363 -0.034037039 0.124141274 0.417866558 0.040270351 0.907615483 -1.792486867
147480667 0.481164111 0.855402907 0.500000000 0.500000000 0.000000000 0.000000000 0.906422198 0.005990744 -0.422330320 0.745175465 -0.022422044 0.999171972 -0.033949859 0.124790566 0.421777219 0.040242415 0.905806005 -1.798147868
147514033 0.481164111 0.855402907 0.500000000 0.500000000 0.000000000 0.000000000 0.904602885 0.006103205 -0.426211685 0.754867229 -0.022629553 0.999175012 -0.033721715 0.124130172 0.425654262 0.040149741 0.903994739 -1.803907358
147547400 0.481164111 0.855402907 0.500000000 0.500000000 0.000000000 0.000000000 0.902669787 0.006057051 -0.430291265 0.765857387 -0.022933803 0.999157071 -0.034046020 0.125008188 0.429722369 0.040600527 0.902047813 -1.809970598
147580767 0.481164111 0.855402907 0.500000000 0.500000000 0.000000000 0.000000000 0.900803328 0.006185772 -0.434183270 0.775811143 -0.023232445 0.999152958 -0.033965684 0.124511675 0.433605403 0.040683541 0.900183976 -1.816171411
147614133 0.481164111 0.855402907 0.500000000 0.500000000 0.000000000 0.000000000 0.898764491 0.006121772 -0.438388973 0.787281310 -0.023406083 0.999146581 -0.034033719 0.124852648 0.437806487 0.040849268 0.898140728 -1.821935386
147647500 0.481164111 0.855402907 0.500000000 0.500000000 0.000000000 0.000000000 0.896690130 0.006000158 -0.442618161 0.798805979 -0.023410505 0.999151587 -0.033882253 0.124376823 0.442039371 0.040743794 0.896069825 -1.827599247
147680867 0.481164111 0.855402907 0.500000000 0.500000000 0.000000000 0.000000000 0.894619823 0.006095703 -0.446786553 0.810314291 -0.023611702 0.999154806 -0.033646818 0.124120175 0.446203828 0.040650502 0.894007623 -1.833099687
147714233 0.481164111 0.855402907 0.500000000 0.500000000 0.000000000 0.000000000 0.892632425 0.006164359 -0.450743139 0.821453387 -0.023803841 0.999155998 -0.033475656 0.123529230 0.450156391 0.040610872 0.892025769 -1.838632191
147747600 0.481164111 0.855402907 0.500000000 0.500000000 0.000000000 0.000000000 0.890587628 0.006149504 -0.454770118 0.832831170 -0.023901703 0.999159694 -0.033296432 0.122488550 0.454183221 0.040523171 0.889986217 -1.844246290
147780967 0.481164111 0.855402907 0.500000000 0.500000000 0.000000000 0.000000000 0.888563693 0.006100292 -0.458712697 0.843497668 -0.024091152 0.999152362 -0.033379067 0.123117979 0.458120257 0.040710345 0.887957513 -1.849277900
147814333 0.481164111 0.855402907 0.500000000 0.500000000 0.000000000 0.000000000 0.886467338 0.006056128 -0.462751538 0.854543727 -0.024207730 0.999152303 -0.033297282 0.123222945 0.462157607 0.040719118 0.885862470 -1.854248017
147847700 0.481164111 0.855402907 0.500000000 0.500000000 0.000000000 0.000000000 0.884380579 0.006212420 -0.466725141 0.864937233 -0.024466870 0.999153793 -0.033061992 0.122503341 0.466124803 0.040658690 0.883784235 -1.858966326
147881067 0.481164111 0.855402907 0.500000000 0.500000000 0.000000000 0.000000000 0.882252991 0.006296619 -0.470733434 0.875622539 -0.024719931 0.999150753 -0.032965500 0.121657698 0.470126092 0.040720411 0.881659389 -1.863285258
147914433 0.481164111 0.855402907 0.500000000 0.500000000 0.000000000 0.000000000 0.880130231 0.006194019 -0.474691927 0.886036997 -0.024925629 0.999138594 -0.033177551 0.121909218 0.474077553 0.041032560 0.879526496 -1.867741217
147947800 0.481164111 0.855402907 0.500000000 0.500000000 0.000000000 0.000000000 0.877951384 0.006092931 -0.478710979 0.896256614 -0.025062053 0.999132872 -0.033246819 0.121388982 0.478093326 0.041186571 0.877342820 -1.871679616
147981167 0.481164111 0.855402907 0.500000000 0.500000000 0.000000000 0.000000000 0.875742316 0.006107400 -0.482740253 0.906243537 -0.025381502 0.999119580 -0.033404365 0.121524891 0.482111216 0.041506287 0.875126302 -1.875674130
148014533 0.481164111 0.855402907 0.500000000 0.500000000 0.000000000 0.000000000 0.873470426 0.006445869 -0.486834496 0.916565866 -0.025744690 0.999125004 -0.032961912 0.119462308 0.486196041 0.041324660 0.872872114 -1.879418017
148047900 0.481164111 0.855402907 0.500000000 0.500000000 0.000000000 0.000000000 0.871284544 0.006402150 -0.490736455 0.926598568 -0.025899500 0.999121428 -0.032949068 0.119229656 0.490094334 0.041417841 0.870684862 -1.883150992
148081267 0.481164111 0.855402907 0.500000000 0.500000000 0.000000000 0.000000000 0.869169533 0.006601193 -0.494470209 0.936250889 -0.026143005 0.999126017 -0.032615267 0.117598883 0.493822753 0.041275132 0.868582428 -1.886854722
148114633 0.481164111 0.855402907 0.500000000 0.500000000 0.000000000 0.000000000 0.867137671 0.006778375 -0.498022377 0.945539067 -0.026482049 0.999120474 -0.032510929 0.116645112 0.497363985 0.041380104 0.866554499 -1.890676230
148148000 0.481164111 0.855402907 0.500000000 0.500000000 0.000000000 0.000000000 0.865168154 0.007099465 -0.501431584 0.954480775 -0.026876545 0.999119163 -0.032226767 0.114947493 0.500761151 0.041358322 0.864596903 -1.894627983
148181367 0.481164111 0.855402907 0.500000000 0.500000000 0.000000000 0.000000000 0.863247037 0.007154122 -0.504730999 0.963378959 -0.027123440 0.999112427 -0.032227971 0.114646971 0.504052460 0.041510742 0.862674892 -1.898907104
148214733 0.481164111 0.855402907 0.500000000 0.500000000 0.000000000 0.000000000 0.861304700 0.007217925 -0.508037567 0.972620420 -0.027229631 0.999117851 -0.031969000 0.113744133 0.507358611 0.041368723 0.860741436 -1.903114811
148248100 0.481164111 0.855402907 0.500000000 0.500000000 0.000000000 0.000000000 0.859516382 0.007426478 -0.511054218 0.980681262 -0.027378598 0.999127805 -0.031527679 0.112307189 0.510374367 0.041090507 0.858970106 -1.907881218
148281467 0.481164111 0.855402907 0.500000000 0.500000000 0.000000000 0.000000000 0.857688189 0.007421711 -0.514116585 0.989450985 -0.027440067 0.999131620 -0.031354282 0.111107195 0.513437390 0.040999595 0.857147038 -1.912483425
148314833 0.481164111 0.855402907 0.500000000 0.500000000 0.000000000 0.000000000 0.856024027 0.007603944 -0.516880095 0.996869035 -0.027677862 0.999131739 -0.031139856 0.109378210 0.516194522 0.040962603 0.855491221 -1.917342093
148348200 0.481164111 0.855402907 0.500000000 0.500000000 0.000000000 0.000000000 0.854294240 0.007687323 -0.519732893 1.004494584 -0.027948445 0.999123514 -0.031161407 0.108871118 0.519037843 0.041146737 0.853760302 -1.921877875
148381567 0.481164111 0.855402907 0.500000000 0.500000000 0.000000000 0.000000000 0.852599561 0.007513412 -0.522510767 1.011967906 -0.027919911 0.999123394 -0.031191086 0.108860527 0.521818399 0.041181959 0.852061987 -1.926240559
148414933 0.481164111 0.855402907 0.500000000 0.500000000 0.000000000 0.000000000 0.850889206 0.007651486 -0.525289476 1.019607915 -0.028069012 0.999127865 -0.030914014 0.108029405 0.524594784 0.041048758 0.850361884 -1.930795827
148448300 0.481164111 0.855402907 0.500000000 0.500000000 0.000000000 0.000000000 0.849267244 0.007838696 -0.527904987 1.027208555 -0.028288463 0.999129057 -0.030673316 0.107245012 0.527204812 0.040983465 0.848749340 -1.935466059
148481667 0.481164111 0.855402907 0.500000000 0.500000000 0.000000000 0.000000000 0.847877920 0.007988336 -0.530131340 1.033598462 -0.028508866 0.999126852 -0.030540882 0.106768104 0.529424489 0.041008383 0.847365379 -1.940974679
148515033 0.481164111 0.855402907 0.500000000 0.500000000 0.000000000 0.000000000 0.846636534 0.008127156 -0.532109559 1.039430263 -0.028690664 0.999126256 -0.030389436 0.106188945 0.531397641 0.040995382 0.846129954 -1.947365626
148548400 0.481164111 0.855402907 0.500000000 0.500000000 0.000000000 0.000000000 0.845325589 0.008111612 -0.534189939 1.045572830 -0.028813833 0.999121666 -0.030424725 0.106472374 0.533473969 0.041110858 0.844816804 -1.953645457
148581767 0.481164111 0.855402907 0.500000000 0.500000000 0.000000000 0.000000000 0.844020247 0.008201255 -0.536248624 1.051623850 -0.028970394 0.999120414 -0.030317204 0.106056924 0.535528302 0.041123666 0.843515456 -1.960205934
148615133 0.481164111 0.855402907 0.500000000 0.500000000 0.000000000 0.000000000 0.842831850 0.008325687 -0.538112640 1.056939626 -0.029247139 0.999111295 -0.030350769 0.106554015 0.537381709 0.041318849 0.842326343 -1.967146195
148648500 0.481164111 0.855402907 0.500000000 0.500000000 0.000000000 0.000000000 0.841665983 0.008340760 -0.539934099 1.062407403 -0.029368456 0.999107897 -0.030346502 0.107165637 0.539199293 0.041398648 0.841160059 -1.974509091
148681867 0.481164111 0.855402907 0.500000000 0.500000000 0.000000000 0.000000000 0.840665102 0.008558380 -0.541487694 1.066988173 -0.029594380 0.999107063 -0.030154379 0.107152881 0.540746093 0.041374728 0.840167701 -1.982492162
148715233 0.481164111 0.855402907 0.500000000 0.500000000 0.000000000 0.000000000 0.839683652 0.008659459 -0.543006837 1.071239794 -0.029901048 0.999093354 -0.030304987 0.108521912 0.542252064 0.041683074 0.839181304 -1.990388825
148748600 0.481164111 0.855402907 0.500000000 0.500000000 0.000000000 0.000000000 0.838750958 0.008809432 -0.544443965 1.075309956 -0.030147137 0.999086797 -0.030277777 0.108966607 0.543680012 0.041808940 0.838250577 -1.998823861
148781967 0.481164111 0.855402907 0.500000000 0.500000000 0.000000000 0.000000000 0.837904632 0.008899844 -0.545744121 1.078855051 -0.030377284 0.999077737 -0.030346882 0.110506455 0.544970691 0.042006016 0.837402225 -2.007176916
148815333 0.481164111 0.855402907 0.500000000 0.500000000 0.000000000 0.000000000 0.837105632 0.008899461 -0.546968877 1.081983372 -0.030365583 0.999082029 -0.030217277 0.111084983 0.546197832 0.041904081 0.836607397 -2.015708543
148848700 0.481164111 0.855402907 0.500000000 0.500000000 0.000000000 0.000000000 0.836427271 0.009185351 -0.548000932 1.084369629 -0.030715445 0.999073744 -0.030135700 0.111876998 0.547216535 0.042038415 0.835934699 -2.024592641
148882067 0.481164111 0.855402907 0.500000000 0.500000000 0.000000000 0.000000000 0.835800648 0.009362474 -0.548953176 1.086533743 -0.031126004 0.999054551 -0.030351425 0.113619299 0.548150003 0.042454459 0.835301876 -2.033566548
148915433 0.481164111 0.855402907 0.500000000 0.500000000 0.000000000 0.000000000 0.835371554 0.009465380 -0.549604177 1.087490049 -0.031443641 0.999037385 -0.030587202 0.115443458 0.548785627 0.042833235 0.834865034 -2.043263235
148948800 0.481164111 0.855402907 0.500000000 0.500000000 0.000000000 0.000000000 0.834926367 0.009740304 -0.550275445 1.088341707 -0.031749789 0.999030709 -0.030489955 0.116410305 0.549445093 0.042927999 0.834426343 -2.053346929
148982167 0.481164111 0.855402907 0.500000000 0.500000000 0.000000000 0.000000000 0.834486485 0.009709699 -0.550942838 1.089232199 -0.031568415 0.999045014 -0.030208196 0.116101300 0.550123394 0.042600725 0.833996058 -2.063950213
149015533 0.481164111 0.855402907 0.500000000 0.500000000 0.000000000 0.000000000 0.834138274 0.009789699 -0.551468432 1.089155476 -0.031558774 0.999051571 -0.029999847 0.116348357 0.550651729 0.042427689 0.833656132 -2.074119013
149048900 0.481164111 0.855402907 0.500000000 0.500000000 0.000000000 0.000000000 0.833571255 0.009646618 -0.552327752 1.090368452 -0.031511337 0.999049842 -0.030108014 0.117370026 0.551512480 0.042501759 0.833083153 -2.083833740
149082267 0.481164111 0.855402907 0.500000000 0.500000000 0.000000000 0.000000000 0.833006203 0.009714545 -0.553178370 1.091117204 -0.031707332 0.999040782 -0.030202150 0.118267373 0.552354395 0.042698387 0.832515180 -2.093297315
149115633 0.481164111 0.855402907 0.500000000 0.500000000 0.000000000 0.000000000 0.832442582 0.009857218 -0.554023623 1.091896015 -0.031934045 0.999033391 -0.030207323 0.118910353 0.553190351 0.042838078 0.831952751 -2.102362415
149149000 0.481164111 0.855402907 0.500000000 0.500000000 0.000000000 0.000000000 0.831984282 0.010117328 -0.554706931 1.092264536 -0.032129642 0.999034345 -0.029968616 0.119039491 0.553868055 0.042755950 0.831505954 -2.111200324
149182367 0.481164111 0.855402907 0.500000000 0.500000000 0.000000000 0.000000000 0.831667662 0.010406332 -0.555176258 1.091749201 -0.032343350 0.999034703 -0.029725032 0.118916176 0.554331005 0.042677607 0.831201375 -2.120224525
149215733 0.481164111 0.855402907 0.500000000 0.500000000 0.000000000 0.000000000 0.831433713 0.010616400 -0.555522501 1.090857120 -0.032546546 0.999031246 -0.029619286 0.119172414 0.554669917 0.042706814 0.830973804 -2.128988099
149249100 0.481164111 0.855402907 0.500000000 0.500000000 0.000000000 0.000000000 0.831170619 0.010572676 -0.555916965 1.090254983 -0.032535631 0.999030828 -0.029645132 0.119781856 0.555064738 0.042727269 0.830709040 -2.137607364
149282467 0.481164111 0.855402907 0.500000000 0.500000000 0.000000000 0.000000000 0.830773532 0.010667682 -0.556508303 1.090227776 -0.032580357 0.999034047 -0.029486574 0.119875770 0.555656195 0.042627908 0.830318630 -2.145910169
149315833 0.481164111 0.855402907 0.500000000 0.500000000 0.000000000 0.000000000 0.830355227 0.010675428 -0.557132185 1.090604299 -0.032566179 0.999037266 -0.029394004 0.119909929 0.556281984 0.042551130 0.829903424 -2.153739143
149349200 0.481164111 0.855402907 0.500000000 0.500000000 0.000000000 0.000000000 0.830028713 0.010819282 -0.557615697 1.090812215 -0.032752283 0.999031901 -0.029368838 0.120145636 0.556758165 0.042640164 0.829579532 -2.161403097
149382567 0.481164111 0.855402907 0.500000000 0.500000000 0.000000000 0.000000000 0.829919159 0.010885387 -0.557777524 1.089951395 -0.032915972 0.999023259 -0.029479213 0.120729289 0.556911826 0.042825151 0.829466820 -2.169365769
149415933 0.481164111 0.855402907 0.500000000 0.500000000 0.000000000 0.000000000 0.829832792 0.010969973 -0.557904243 1.088804919 -0.033003561 0.999021351 -0.029446272 0.120821147 0.557035267 0.042848311 0.829382777 -2.177427111
149449300 0.481164111 0.855402907 0.500000000 0.500000000 0.000000000 0.000000000 0.829510033 0.011126666 -0.558380961 1.088626627 -0.033168651 0.999018252 -0.029367024 0.121161412 0.557505965 0.042880982 0.829064727 -2.185544090
149482667 0.481164111 0.855402907 0.500000000 0.500000000 0.000000000 0.000000000 0.829080284 0.011010909 -0.559021175 1.089169858 -0.033066697 0.999021709 -0.029363487 0.122108850 0.558150947 0.042829674 0.828633308 -2.193040471
149516033 0.481164111 0.855402907 0.500000000 0.500000000 0.000000000 0.000000000 0.828739703 0.010802349 -0.559529960 1.089265469 -0.032865759 0.999027550 -0.029391304 0.123124476 0.558668375 0.042747118 0.828288794 -2.200791810
149549400 0.481164111 0.855402907 0.500000000 0.500000000 0.000000000 0.000000000 0.828428686 0.010697169 -0.559992433 1.089099033 -0.032663457 0.999038696 -0.029236929 0.123738596 0.559141338 0.042512000 0.827981710 -2.208694023
149582767 0.481164111 0.855402907 0.500000000 0.500000000 0.000000000 0.000000000 0.827913523 0.010647385 -0.560754716 1.090095097 -0.032473866 0.999052465 -0.028975688 0.124232356 0.559914887 0.042199239 0.827474773 -2.216143285
149616133 0.481164111 0.855402907 0.500000000 0.500000000 0.000000000 0.000000000 0.827442944 0.010536955 -0.561450899 1.090963356 -0.032314889 0.999060571 -0.028874604 0.124545616 0.560619235 0.042035311 0.827006102 -2.223136791
149649500 0.481164111 0.855402907 0.500000000 0.500000000 0.000000000 0.000000000 0.827054024 0.010474492 -0.562024891 1.091454766 -0.032449991 0.999048710 -0.029132811 0.126046106 0.561185062 0.042332109 0.826607108 -2.230331362
149682867 0.481164111 0.855402907 0.500000000 0.500000000 0.000000000 0.000000000 0.826558232 0.010500216 -0.562753260 1.092412469 -0.032590017 0.999041378 -0.029226657 0.127091203 0.561906934 0.042497672 0.826108098 -2.237439291
149716233 0.481164111 0.855402907 0.500000000 0.500000000 0.000000000 0.000000000 0.825979590 0.010508936 -0.563602030 1.093965933 -0.032495886 0.999051213 -0.028995588 0.126763222 0.562762558 0.042264510 0.825537384 -2.244383893
149749600 0.481164111 0.855402907 0.500000000 0.500000000 0.000000000 0.000000000 0.825438678 0.010436442 -0.564395308 1.095455661 -0.032328945 0.999062061 -0.028807664 0.126318088 0.563565254 0.042025264 0.825001836 -2.251107217
149782967 0.481164111 0.855402907 0.500000000 0.500000000 0.000000000 0.000000000 0.824890673 0.010500345 -0.565194726 1.097119115 -0.032343511 0.999066293 -0.028643794 0.125588586 0.564366221 0.041908380 0.824460089 -2.258196572
149816333 0.481164111 0.855402907 0.500000000 0.500000000 0.000000000 0.000000000 0.824306011 0.010426356 -0.566048443 1.099011756 -0.032458011 0.999056220 -0.028864700 0.126524383 0.565213263 0.042166151 0.823866487 -2.264853662
149849700 0.481164111 0.855402907 0.500000000 0.500000000 0.000000000 0.000000000 0.823746324 0.010454522 -0.566862166 1.100863042 -0.032538965 0.999053717 -0.028859263 0.126871161 0.566024065 0.042217821 0.823307037 -2.271697574
149883067 0.481164111 0.855402907 0.500000000 0.500000000 0.000000000 0.000000000 0.823187888 0.010352008 -0.567674637 1.102819609 -0.032379784 0.999062479 -0.028735373 0.126511425 0.566844940 0.042035796 0.822751343 -2.278678220
149916433 0.481164111 0.855402907 0.500000000 0.500000000 0.000000000 0.000000000 0.822607100 0.010297156 -0.568516910 1.104965819 -0.032487676 0.999053836 -0.028912382 0.127558328 0.567681313 0.042253323 0.822163343 -2.285177466
149949800 0.481164111 0.855402907 0.500000000 0.500000000 0.000000000 0.000000000 0.822066009 0.010238904 -0.569300115 1.106691687 -0.032504890 0.999051690 -0.028968852 0.127677936 0.568463624 0.042319346 0.821619213 -2.292250775
149983167 0.481164111 0.855402907 0.500000000 0.500000000 0.000000000 0.000000000 0.821403742 0.010229963 -0.570255458 1.109061142 -0.032490749 0.999054790 -0.028877812 0.127325753 0.569420993 0.042248368 0.820959687 -2.299557984
150016533 0.481164111 0.855402907 0.500000000 0.500000000 0.000000000 0.000000000 0.820633233 0.010133837 -0.571365416 1.112180518 -0.032374460 0.999061406 -0.028778836 0.127024873 0.570537508 0.042114515 0.820191026 -2.306193996
150049900 0.481164111 0.855402907 0.500000000 0.500000000 0.000000000 0.000000000 0.819876432 0.010109095 -0.572451234 1.115228647 -0.032356247 0.999064326 -0.028698493 0.126608455 0.571625471 0.042051591 0.819436371 -2.312739270
150083267 0.481164111 0.855402907 0.500000000 0.500000000 0.000000000 0.000000000 0.819168091 0.010117492 -0.573464334 1.118303061 -0.032483462 0.999057949 -0.028775033 0.126605784 0.572632968 0.042199694 0.818725049 -2.319320461
150116633 0.481164111 0.855402907 0.500000000 0.500000000 0.000000000 0.000000000 0.818481147 0.009984373 -0.574446678 1.121370676 -0.032627430 0.999043167 -0.029123882 0.128053285 0.573606253 0.042580064 0.818023741 -2.325449846
150150000 0.481164111 0.855402907 0.500000000 0.500000000 0.000000000 0.000000000 0.817797959 0.010073266 -0.575417280 1.124227601 -0.032891512 0.999030590 -0.029257223 0.128784167 0.574564755 0.042852841 0.817336500 -2.331539446
150183367 0.481164111 0.855402907 0.500000000 0.500000000 0.000000000 0.000000000 0.817109823 0.010159435 -0.576392531 1.127340147 -0.032997884 0.999029636 -0.029169908 0.128274760 0.575536847 0.042854752 0.816652179 -2.337857585
150216733 0.481164111 0.855402907 0.500000000 0.500000000 0.000000000 0.000000000 0.816504419 0.010290531 -0.577247441 1.130068133 -0.033096466 0.999031186 -0.029004632 0.127532331 0.576389730 0.042787261 0.816053987 -2.344178896
150250100 0.481164111 0.855402907 0.500000000 0.500000000 0.000000000 0.000000000 0.815927923 0.010125824 -0.578064978 1.132757247 -0.032934308 0.999037087 -0.028986270 0.127397098 0.577214837 0.042688876 0.815475762 -2.350932319
