https://www.youtube.com/watch?v=yV8uSCdFMlA
62796067 0.473669888 0.842079729 0.500000000 0.500000000 0.000000000 0.000000000 0.996967614 0.004990093 -0.077657811 -0.099640166 -0.005871981 0.999920785 -0.011131870 -0.001121533 0.077596113 0.011554118 0.996917903 -0.112350548
62829433 0.473669888 0.842079729 0.500000000 0.500000000 0.000000000 0.000000000 0.996583223 0.005159338 -0.082433410 -0.105149715 -0.006163662 0.999909818 -0.011933614 -0.000924113 0.082364403 0.012400932 0.996525109 -0.118704898
62862800 0.473669888 0.842079729 0.500000000 0.500000000 0.000000000 0.000000000 0.996134043 0.005468249 -0.087675884 -0.109912863 -0.006609182 0.999897182 -0.012728063 -0.000696889 0.087597266 0.013258323 0.996067762 -0.126931060
62896167 0.473669888 0.842079729 0.500000000 0.500000000 0.000000000 0.000000000 0.995643914 0.005757564 -0.093059435 -0.114415456 -0.007047814 0.999883473 -0.013542106 -0.000466834 0.092970625 0.014138982 0.995568454 -0.134915583
62929533 0.473669888 0.842079729 0.500000000 0.500000000 0.000000000 0.000000000 0.995131314 0.006115156 -0.098367885 -0.119061853 -0.007553395 0.999869883 -0.014255261 -0.000319205 0.098267905 0.014928868 0.995047987 -0.143396149
62962900 0.473669888 0.842079729 0.500000000 0.500000000 0.000000000 0.000000000 0.994572639 0.006417837 -0.103846371 -0.122961147 -0.008018267 0.999855340 -0.015001395 0.000104039 0.103735067 0.015752645 0.994480193 -0.153032094
62996267 0.473669888 0.842079729 0.500000000 0.500000000 0.000000000 0.000000000 0.993971825 0.006694745 -0.109431453 -0.127006935 -0.008470319 0.999839783 -0.015768645 0.000656570 0.109308355 0.016600508 0.993869245 -0.162675114
63029633 0.473669888 0.842079729 0.500000000 0.500000000 0.000000000 0.000000000 0.993318260 0.007015252 -0.115193941 -0.130716287 -0.008973023 0.999823809 -0.016485687 0.000693033 0.115057997 0.017409172 0.993206203 -0.174362044
63063000 0.473669888 0.842079729 0.500000000 0.500000000 0.000000000 0.000000000 0.992593229 0.007388005 -0.121260554 -0.133202698 -0.009560361 0.999803901 -0.017342759 0.001109373 0.121108651 0.018373599 0.992469192 -0.188111384
63096367 0.473669888 0.842079729 0.500000000 0.500000000 0.000000000 0.000000000 0.991825819 0.007815119 -0.127359822 -0.135573658 -0.010216159 0.999781966 -0.018210093 0.001680234 0.127189741 0.019362368 0.991689384 -0.203286239
63129733 0.473669888 0.842079729 0.500000000 0.500000000 0.000000000 0.000000000 0.991045356 0.008313349 -0.133266807 -0.138577367 -0.010943620 0.999759257 -0.019016553 0.002014206 0.133076623 0.020304687 0.990897715 -0.217758037
63163100 0.473669888 0.842079729 0.500000000 0.500000000 0.000000000 0.000000000 0.990214467 0.008835740 -0.139273956 -0.140729242 -0.011712714 0.999734342 -0.019850843 0.002647018 0.139061570 0.021287868 0.990054905 -0.232378476
63196467 0.473669888 0.842079729 0.500000000 0.500000000 0.000000000 0.000000000 0.989364684 0.009286541 -0.145159557 -0.143824964 -0.012405383 0.999710917 -0.020595210 0.002937363 0.144926339 0.022176933 0.989193857 -0.246557892
63229833 0.473669888 0.842079729 0.500000000 0.500000000 0.000000000 0.000000000 0.988451719 0.009759062 -0.151221663 -0.146388052 -0.013146936 0.999684155 -0.021419760 0.003660787 0.150964856 0.023160499 0.988267779 -0.262259815
63263200 0.473669888 0.842079729 0.500000000 0.500000000 0.000000000 0.000000000 0.987545550 0.010287221 -0.156996712 -0.149828290 -0.013916104 0.999660373 -0.022032689 0.004059459 0.156716734 0.023943067 0.987353325 -0.276783577
63296567 0.473669888 0.842079729 0.500000000 0.500000000 0.000000000 0.000000000 0.986642957 0.010963138 -0.162528530 -0.153489103 -0.014849824 0.999631584 -0.022718318 0.004622284 0.162219599 0.024828387 0.986442268 -0.291063592
63329933 0.473669888 0.842079729 0.500000000 0.500000000 0.000000000 0.000000000 0.985697269 0.011643465 -0.168122783 -0.156603411 -0.015826000 0.999597192 -0.023559399 0.005123169 0.167780742 0.025883147 0.985484481 -0.305535985
63363300 0.473669888 0.842079729 0.500000000 0.500000000 0.000000000 0.000000000 0.984783351 0.012250966 -0.173354074 -0.160336307 -0.016726915 0.999562740 -0.024382334 0.005898576 0.172979563 0.026910996 0.984557688 -0.319891787
63396667 0.473669888 0.842079729 0.500000000 0.500000000 0.000000000 0.000000000 0.983802974 0.012582925 -0.178810969 -0.163413529 -0.017387461 0.999527991 -0.025327580 0.007031918 0.178407878 0.028026417 0.983557403 -0.333515279
63430033 0.473669888 0.842079729 0.500000000 0.500000000 0.000000000 0.000000000 0.982756197 0.013155508 -0.184437588 -0.165835469 -0.018273652 0.999492884 -0.026077693 0.008029194 0.184000999 0.028998362 0.982498229 -0.348146913
63463400 0.473669888 0.842079729 0.500000000 0.500000000 0.000000000 0.000000000 0.981721044 0.013739788 -0.189828813 -0.169227508 -0.019201916 0.999451935 -0.026964644 0.009553561 0.189354286 0.030116836 0.981446862 -0.362792987
63496767 0.473669888 0.842079729 0.500000000 0.500000000 0.000000000 0.000000000 0.980686069 0.014193206 -0.195072711 -0.172626319 -0.019989308 0.999414265 -0.027776023 0.010853631 0.194564223 0.031138927 0.980395377 -0.376776051
63530133 0.473669888 0.842079729 0.500000000 0.500000000 0.000000000 0.000000000 0.979658186 0.014635140 -0.200138956 -0.176348802 -0.020805309 0.999369800 -0.028760884 0.012418456 0.199591905 0.032339789 0.979345322 -0.390807713
63563500 0.473669888 0.842079729 0.500000000 0.500000000 0.000000000 0.000000000 0.978561103 0.015199859 -0.205394983 -0.179673404 -0.021749550 0.999323130 -0.029668173 0.013931497 0.204805002 0.033499371 0.978229344 -0.405848837
63596867 0.473669888 0.842079729 0.500000000 0.500000000 0.000000000 0.000000000 0.977455080 0.015424538 -0.210579410 -0.182964591 -0.022394812 0.999276042 -0.030755863 0.016166819 0.209952563 0.034778360 0.977092803 -0.420458196
63630233 0.473669888 0.842079729 0.500000000 0.500000000 0.000000000 0.000000000 0.976365387 0.015943255 -0.215537637 -0.186720524 -0.023281267 0.999231040 -0.031549137 0.017176634 0.214868903 0.035821475 0.975985765 -0.436448897
63663600 0.473669888 0.842079729 0.500000000 0.500000000 0.000000000 0.000000000 0.975286305 0.016361609 -0.220338300 -0.190483583 -0.024112936 0.999179661 -0.032535549 0.019449956 0.219625220 0.037044480 0.974880755 -0.451336019
63696967 0.473669888 0.842079729 0.500000000 0.500000000 0.000000000 0.000000000 0.974229574 0.016714480 -0.224938691 -0.194544101 -0.024851976 0.999133229 -0.033393711 0.020762869 0.224185556 0.038123310 0.973800540 -0.466521225
63730333 0.473669888 0.842079729 0.500000000 0.500000000 0.000000000 0.000000000 0.973150313 0.017017536 -0.229540616 -0.198541267 -0.025536975 0.999088824 -0.034195628 0.022224571 0.228749543 0.039139260 0.972698212 -0.481308930
63763700 0.473669888 0.842079729 0.500000000 0.500000000 0.000000000 0.000000000 0.972142279 0.017234100 -0.233757183 -0.203439148 -0.026096644 0.999050975 -0.034873396 0.023375879 0.232934326 0.040002178 0.971669376 -0.496277272
63797067 0.473669888 0.842079729 0.500000000 0.500000000 0.000000000 0.000000000 0.971118748 0.017506260 -0.237953469 -0.207932230 -0.026704853 0.999013245 -0.035488442 0.024089438 0.237097397 0.040818006 0.970628023 -0.510569785
63830433 0.473669888 0.842079729 0.500000000 0.500000000 0.000000000 0.000000000 0.970109224 0.017543869 -0.242033675 -0.212188421 -0.027048901 0.998985529 -0.036004566 0.024340541 0.241156459 0.041475106 0.969599605 -0.525366977
63863800 0.473669888 0.842079729 0.500000000 0.500000000 0.000000000 0.000000000 0.969132423 0.017727822 -0.245902628 -0.217389454 -0.027587790 0.998945057 -0.036710054 0.025736856 0.244992435 0.042360812 0.968599141 -0.540112629
63897167 0.473669888 0.842079729 0.500000000 0.500000000 0.000000000 0.000000000 0.968206406 0.018081145 -0.249498293 -0.222657579 -0.028256476 0.998905957 -0.037261724 0.026617637 0.248551592 0.043126985 0.967658103 -0.553472970
63930533 0.473669888 0.842079729 0.500000000 0.500000000 0.000000000 0.000000000 0.967355907 0.018188205 -0.252768070 -0.229171285 -0.028639680 0.998877466 -0.037730150 0.027136897 0.251798093 0.043737683 0.966790974 -0.566946606
63963900 0.473669888 0.842079729 0.500000000 0.500000000 0.000000000 0.000000000 0.966506064 0.018248389 -0.255994231 -0.235366867 -0.028946398 0.998855174 -0.038084339 0.027232669 0.255006194 0.044218857 0.965927839 -0.580642559
63997267 0.473669888 0.842079729 0.500000000 0.500000000 0.000000000 0.000000000 0.965698659 0.018243777 -0.259023577 -0.242052803 -0.029278317 0.998817742 -0.038806599 0.028680339 0.258009344 0.045059256 0.965091109 -0.594153776
64030633 0.473669888 0.842079729 0.500000000 0.500000000 0.000000000 0.000000000 0.964917958 0.018294580 -0.261913449 -0.248359428 -0.029525686 0.998802543 -0.039009798 0.028206092 0.260886163 0.045374431 0.964302659 -0.608008778
64064000 0.473669888 0.842079729 0.500000000 0.500000000 0.000000000 0.000000000 0.964252472 0.017995784 -0.264373541 -0.256385568 -0.029399505 0.998797178 -0.039241467 0.028280254 0.263349384 0.045611132 0.963621676 -0.621428296
64097367 0.473669888 0.842079729 0.500000000 0.500000000 0.000000000 0.000000000 0.963539481 0.018006152 -0.266959727 -0.263953369 -0.029718952 0.998761654 -0.039899390 0.030098442 0.265910685 0.046378400 0.962881386 -0.634611346
64130733 0.473669888 0.842079729 0.500000000 0.500000000 0.000000000 0.000000000 0.962917149 0.018002000 -0.269195914 -0.272296651 -0.029940950 0.998738527 -0.040310286 0.031043784 0.268130660 0.046875451 0.962241471 -0.647912075
64164100 0.473669888 0.842079729 0.500000000 0.500000000 0.000000000 0.000000000 0.962396264 0.018112250 -0.271045029 -0.281623497 -0.030267339 0.998711586 -0.040732205 0.032333334 0.269958049 0.047404330 0.961704493 -0.659674445
64197467 0.473669888 0.842079729 0.500000000 0.500000000 0.000000000 0.000000000 0.961776555 0.018018540 -0.273241937 -0.288966414 -0.030380622 0.998693943 -0.041078478 0.033196929 0.272144914 0.047809578 0.961067855 -0.671736721
64230833 0.473669888 0.842079729 0.500000000 0.500000000 0.000000000 0.000000000 0.961236835 0.017943494 -0.275139481 -0.297299398 -0.030499997 0.998675942 -0.041426212 0.034381255 0.274031848 0.048212156 0.960511386 -0.684087620
64264200 0.473669888 0.842079729 0.500000000 0.500000000 0.000000000 0.000000000 0.960747421 0.018086616 -0.276834399 -0.305648301 -0.030896654 0.998640537 -0.041981239 0.036421303 0.275698781 0.048886623 0.960000157 -0.695998943
64297567 0.473669888 0.842079729 0.500000000 0.500000000 0.000000000 0.000000000 0.960339546 0.018038262 -0.278249115 -0.314240125 -0.031039853 0.998618782 -0.042391688 0.037507337 0.277100116 0.049347226 0.959573030 -0.708227844
64330933 0.473669888 0.842079729 0.500000000 0.500000000 0.000000000 0.000000000 0.959927022 0.018083958 -0.279666096 -0.322511433 -0.031244000 0.998600543 -0.042669848 0.038501117 0.278503060 0.049697824 0.959148645 -0.720382123
64364300 0.473669888 0.842079729 0.500000000 0.500000000 0.000000000 0.000000000 0.959526241 0.018214008 -0.281029701 -0.330205070 -0.031527597 0.998580694 -0.042925712 0.039642968 0.279848963 0.050048534 0.958738625 -0.731475524
64397667 0.473669888 0.842079729 0.500000000 0.500000000 0.000000000 0.000000000 0.959102631 0.018252470 -0.282469541 -0.337225014 -0.031687718 0.998569489 -0.043068055 0.040676816 0.281279385 0.050257497 0.958308995 -0.743144827
64431033 0.473669888 0.842079729 0.500000000 0.500000000 0.000000000 0.000000000 0.958673835 0.018179869 -0.283925921 -0.343463890 -0.031763207 0.998556614 -0.043310340 0.041833770 0.282728732 0.050538890 0.957867563 -0.754554640
64464400 0.473669888 0.842079729 0.500000000 0.500000000 0.000000000 0.000000000 0.958240271 0.018261496 -0.285380572 -0.348991492 -0.031995136 0.998539388 -0.043535575 0.043270716 0.284168720 0.050848331 0.957424998 -0.765840280
64497767 0.473669888 0.842079729 0.500000000 0.500000000 0.000000000 0.000000000 0.957868159 0.018240478 -0.286628544 -0.354541232 -0.032068368 0.998533249 -0.043622818 0.044556745 0.285412431 0.050976619 0.957048118 -0.777016784
64531133 0.473669888 0.842079729 0.500000000 0.500000000 0.000000000 0.000000000 0.957461298 0.018104799 -0.287993133 -0.358917075 -0.031996343 0.998536468 -0.043601591 0.045389599 0.286782265 0.050961565 0.956639349 -0.788153754
64564500 0.473669888 0.842079729 0.500000000 0.500000000 0.000000000 0.000000000 0.957134426 0.018158538 -0.289074332 -0.364288062 -0.032109443 0.998533309 -0.043591384 0.046648194 0.287858784 0.051004831 0.956313670 -0.800216743
64597867 0.473669888 0.842079729 0.500000000 0.500000000 0.000000000 0.000000000 0.956877708 0.018187976 -0.289921135 -0.369882480 -0.032212708 0.998526335 -0.043675490 0.048210508 0.288699508 0.051131245 0.956053436 -0.812911193
64631233 0.473669888 0.842079729 0.500000000 0.500000000 0.000000000 0.000000000 0.956689656 0.018254027 -0.290537000 -0.375814149 -0.032254983 0.998533726 -0.043473795 0.048576191 0.289317429 0.050962195 0.955875635 -0.825802375
64664600 0.473669888 0.842079729 0.500000000 0.500000000 0.000000000 0.000000000 0.956511259 0.018236598 -0.291124761 -0.380868389 -0.032239620 0.998538554 -0.043375265 0.049342796 0.289908290 0.050874680 0.955701292 -0.838219666
64697967 0.473669888 0.842079729 0.500000000 0.500000000 0.000000000 0.000000000 0.956334352 0.018221343 -0.291706264 -0.385676839 -0.032224040 0.998543620 -0.043270070 0.050189879 0.290492982 0.050780613 0.955528736 -0.850885799
64731333 0.473669888 0.842079729 0.500000000 0.500000000 0.000000000 0.000000000 0.956155360 0.018180681 -0.292294949 -0.389753822 -0.032143917 0.998556137 -0.043039221 0.050680523 0.291090459 0.050547689 0.955359221 -0.863705321
64764700 0.473669888 0.842079729 0.500000000 0.500000000 0.000000000 0.000000000 0.956085563 0.017946746 -0.292537719 -0.394878356 -0.031870745 0.998570859 -0.042900663 0.051161447 0.291349709 0.050340097 0.955291152 -0.876582886
64798067 0.473669888 0.842079729 0.500000000 0.500000000 0.000000000 0.000000000 0.956060171 0.017769279 -0.292631418 -0.400041200 -0.031637982 0.998585641 -0.042728383 0.051651269 0.291458279 0.050109174 0.955270171 -0.889589325
64831433 0.473669888 0.842079729 0.500000000 0.500000000 0.000000000 0.000000000 0.956059635 0.017677763 -0.292638898 -0.404941603 -0.031476397 0.998600066 -0.042510740 0.052075047 0.291477740 0.049854018 0.955277622 -0.902565172
64864800 0.473669888 0.842079729 0.500000000 0.500000000 0.000000000 0.000000000 0.956052959 0.017566379 -0.292667240 -0.409173707 -0.031334750 0.998608232 -0.042422757 0.052761155 0.291514695 0.049729057 0.955272853 -0.915235653
64898167 0.473669888 0.842079729 0.500000000 0.500000000 0.000000000 0.000000000 0.956126213 0.017446350 -0.292435169 -0.413970766 -0.031077635 0.998632789 -0.042032029 0.052527590 0.291302055 0.049276117 0.955361187 -0.928183347
64931533 0.473669888 0.842079729 0.500000000 0.500000000 0.000000000 0.000000000 0.956187487 0.017265070 -0.292245418 -0.418340347 -0.030828701 0.998647332 -0.041869953 0.053236752 0.291127235 0.049045075 0.955426335 -0.941271052
64964900 0.473669888 0.842079729 0.500000000 0.500000000 0.000000000 0.000000000 0.956342816 0.017014224 -0.291751534 -0.423546347 -0.030489670 0.998664677 -0.041703541 0.053652256 0.290652394 0.048778288 0.955584586 -0.954340845
64998267 0.473669888 0.842079729 0.500000000 0.500000000 0.000000000 0.000000000 0.956537366 0.016828857 -0.291123718 -0.429190266 -0.030186282 0.998684406 -0.041451760 0.053837492 0.290043145 0.048438102 0.955786943 -0.967054174
65031633 0.473669888 0.842079729 0.500000000 0.500000000 0.000000000 0.000000000 0.956607759 0.017055552 -0.290879160 -0.433062904 -0.030427137 0.998674750 -0.041508254 0.056350631 0.289785743 0.048557736 0.955858946 -0.978294527
65065000 0.473669888 0.842079729 0.500000000 0.500000000 0.000000000 0.000000000 0.956788301 0.017222317 -0.290274888 -0.438306042 -0.030563157 0.998671412 -0.041488387 0.058856554 0.289174706 0.048567321 0.956043541 -0.990583863
65098367 0.473669888 0.842079729 0.500000000 0.500000000 0.000000000 0.000000000 0.957163930 0.016882494 -0.289053887 -0.445917711 -0.030079108 0.998695016 -0.041273184 0.059162505 0.287979901 0.048199687 0.956422687 -1.002636810
65131733 0.473669888 0.842079729 0.500000000 0.500000000 0.000000000 0.000000000 0.957510173 0.016977314 -0.287899345 -0.452441145 -0.029952830 0.998721361 -0.040724419 0.059394588 0.286839843 0.047617447 0.956794381 -1.013777959
65165100 0.473669888 0.842079729 0.500000000 0.500000000 0.000000000 0.000000000 0.957778096 0.017129287 -0.286997646 -0.456750781 -0.029937340 0.998739064 -0.040298730 0.060275004 0.285945475 0.047189187 0.957083285 -1.025252094
65198467 0.473669888 0.842079729 0.500000000 0.500000000 0.000000000 0.000000000 0.958170533 0.017181426 -0.285681725 -0.462924749 -0.029915754 0.998740852 -0.040270690 0.062773319 0.284630120 0.047132574 0.957478046 -1.037837009
65231833 0.473669888 0.842079729 0.500000000 0.500000000 0.000000000 0.000000000 0.958649814 0.016799310 -0.284092128 -0.469641660 -0.029425230 0.998756945 -0.040233653 0.064480012 0.283063084 0.046929460 0.957952440 -1.050795139
65265200 0.473669888 0.842079729 0.500000000 0.500000000 0.000000000 0.000000000 0.959199607 0.016331322 -0.282257706 -0.476971985 -0.028804557 0.998780489 -0.040097803 0.065118558 0.281258643 0.046592105 0.958500266 -1.062888950
65298567 0.473669888 0.842079729 0.500000000 0.500000000 0.000000000 0.000000000 0.959713876 0.016087210 -0.280518234 -0.483465836 -0.028442815 0.998793602 -0.040030066 0.066446692 0.279535830 0.046396136 0.959013641 -1.074155024
65331933 0.473669888 0.842079729 0.500000000 0.500000000 0.000000000 0.000000000 0.960245430 0.015829694 -0.278707981 -0.489907561 -0.028012505 0.998815596 -0.039783336 0.067081698 0.277748138 0.046009075 0.959551513 -1.085678796
65365300 0.473669888 0.842079729 0.500000000 0.500000000 0.000000000 0.000000000 0.960816383 0.015638446 -0.276744127 -0.496793978 -0.027657498 0.998833537 -0.039580151 0.068176228 0.275802344 0.045683306 0.960128188 -1.096780239
65398667 0.473669888 0.842079729 0.500000000 0.500000000 0.000000000 0.000000000 0.961423159 0.015280779 -0.274648905 -0.504071692 -0.027047824 0.998868883 -0.039107785 0.067608473 0.273740649 0.045027785 0.960748971 -1.107287915
65432033 0.473669888 0.842079729 0.500000000 0.500000000 0.000000000 0.000000000 0.961978436 0.015310595 -0.272695839 -0.510315956 -0.026843058 0.998893738 -0.038609996 0.068042327 0.271803021 0.044461973 0.961325228 -1.119207230
65465400 0.473669888 0.842079729 0.500000000 0.500000000 0.000000000 0.000000000 0.962569296 0.015527269 -0.270590514 -0.516954543 -0.026852127 0.998909235 -0.038200527 0.069161393 0.269702226 0.044036586 0.961936355 -1.131028289
65498767 0.473669888 0.842079729 0.500000000 0.500000000 0.000000000 0.000000000 0.963162363 0.015644016 -0.268465072 -0.523416807 -0.026795678 0.998921275 -0.037924666 0.070852573 0.267582178 0.043721315 0.962542593 -1.143126485
65532133 0.473669888 0.842079729 0.500000000 0.500000000 0.000000000 0.000000000 0.963899136 0.015477497 -0.265817434 -0.532151169 -0.026439548 0.998938918 -0.037710026 0.071950675 0.264951706 0.043376755 0.963285565 -1.155796215
65565500 0.473669888 0.842079729 0.500000000 0.500000000 0.000000000 0.000000000 0.964606225 0.015073232 -0.263263464 -0.540427904 -0.025855621 0.998960555 -0.037540067 0.072657433 0.262423962 0.043018222 0.963993311 -1.168375955
65598867 0.473669888 0.842079729 0.500000000 0.500000000 0.000000000 0.000000000 0.965418637 0.014503780 -0.260300696 -0.550363844 -0.025141051 0.998977244 -0.037582278 0.073842281 0.259489387 0.042826869 0.964795887 -1.181204631
65632233 0.473669888 0.842079729 0.500000000 0.500000000 0.000000000 0.000000000 0.966283560 0.013764908 -0.257112056 -0.561620903 -0.024168402 0.999010086 -0.037346549 0.073368767 0.256343454 0.042301342 0.965659678 -1.194331823
65665600 0.473669888 0.842079729 0.500000000 0.500000000 0.000000000 0.000000000 0.967120647 0.013315347 -0.253969133 -0.572160082 -0.023503009 0.999034345 -0.037121665 0.073691980 0.253229618 0.041870169 0.966499686 -1.207281085
65698967 0.473669888 0.842079729 0.500000000 0.500000000 0.000000000 0.000000000 0.967958152 0.013284932 -0.250759840 -0.583023814 -0.023265650 0.999048829 -0.036879435 0.074798005 0.250031382 0.041531842 0.967346609 -1.219558891
65732333 0.473669888 0.842079729 0.500000000 0.500000000 0.000000000 0.000000000 0.968881071 0.013074064 -0.247181252 -0.595609187 -0.022873932 0.999060214 -0.036816474 0.076292512 0.246467620 0.041324794 0.968269587 -1.233091787
65765700 0.473669888 0.842079729 0.500000000 0.500000000 0.000000000 0.000000000 0.969870925 0.012907785 -0.243277162 -0.609666100 -0.022490840 0.999074876 -0.036655180 0.076883531 0.242578954 0.041022304 0.969263971 -1.245011109
65799067 0.473669888 0.842079729 0.500000000 0.500000000 0.000000000 0.000000000 0.970909297 0.012529543 -0.239119411 -0.624014722 -0.021957383 0.999081254 -0.036804192 0.078777574 0.238438591 0.040983971 0.970292389 -1.258241048
65832433 0.473669888 0.842079729 0.500000000 0.500000000 0.000000000 0.000000000 0.972042918 0.012326336 -0.234479547 -0.640967256 -0.021433245 0.999109983 -0.036330111 0.077853537 0.233823046 0.040340085 0.971441925 -1.270558249
65865800 0.473669888 0.842079729 0.500000000 0.500000000 0.000000000 0.000000000 0.973058760 0.012764762 -0.230203658 -0.656424968 -0.021587055 0.999124169 -0.035846051 0.078539425 0.229544461 0.039849732 0.972482026 -1.281618345
65899167 0.473669888 0.842079729 0.500000000 0.500000000 0.000000000 0.000000000 0.973959982 0.012824359 -0.226357117 -0.669886656 -0.021482799 0.999126971 -0.035829328 0.080843789 0.225700021 0.039759114 0.973385155 -1.293477758
65932533 0.473669888 0.842079729 0.500000000 0.500000000 0.000000000 0.000000000 0.974806249 0.013131199 -0.222666338 -0.682176505 -0.021686137 0.999115765 -0.036018886 0.084337777 0.221996471 0.039940212 0.974229097 -1.305789003
65965900 0.473669888 0.842079729 0.500000000 0.500000000 0.000000000 0.000000000 0.975770891 0.013275282 -0.218391582 -0.696681319 -0.021685768 0.999110699 -0.036159202 0.087157003 0.217717350 0.040019087 0.975191057 -1.318357907
65999267 0.473669888 0.842079729 0.500000000 0.500000000 0.000000000 0.000000000 0.976824701 0.013060258 -0.213642046 -0.713085985 -0.021278556 0.999117494 -0.036213323 0.088476875 0.212980554 0.039920062 0.976240575 -1.330638007
66032633 0.473669888 0.842079729 0.500000000 0.500000000 0.000000000 0.000000000 0.977835774 0.012976422 -0.208970726 -0.729352024 -0.020941740 0.999134183 -0.035949517 0.088738301 0.208323300 0.039528936 0.977260888 -1.342103195
66066000 0.473669888 0.842079729 0.500000000 0.500000000 0.000000000 0.000000000 0.978733242 0.012418421 -0.204760879 -0.743629522 -0.020148179 0.999159098 -0.035708547 0.088258148 0.204145253 0.039074700 0.978160441 -1.354362735
66099367 0.473669888 0.842079729 0.500000000 0.500000000 0.000000000 0.000000000 0.979502797 0.012502083 -0.201042175 -0.756307452 -0.020003721 0.999175668 -0.035325546 0.088224423 0.200434789 0.038623065 0.978945434 -1.365778489
66132733 0.473669888 0.842079729 0.500000000 0.500000000 0.000000000 0.000000000 0.980231822 0.012777093 -0.197439298 -0.767908483 -0.020109935 0.999178648 -0.035179421 0.089809062 0.196827635 0.038454480 0.979683697 -1.378241640
66166100 0.473669888 0.842079729 0.500000000 0.500000000 0.000000000 0.000000000 0.980969906 0.013075261 -0.193719044 -0.779710087 -0.020210413 0.999186337 -0.034902010 0.090880244 0.193105072 0.038152967 0.980436027 -1.389153520
66199467 0.473669888 0.842079729 0.500000000 0.500000000 0.000000000 0.000000000 0.981738448 0.013374637 -0.189765036 -0.792440175 -0.020315776 0.999191999 -0.034679458 0.092093673 0.189147875 0.037901379 0.981216908 -1.401274583
66232833 0.473669888 0.842079729 0.500000000 0.500000000 0.000000000 0.000000000 0.982513547 0.013418930 -0.185706824 -0.805385817 -0.020174023 0.999199927 -0.034533240 0.092973678 0.185094833 0.037675828 0.981998205 -1.413020013
66266200 0.473669888 0.842079729 0.500000000 0.500000000 0.000000000 0.000000000 0.983291745 0.013424854 -0.181540877 -0.819081349 -0.019983180 0.999210238 -0.034345124 0.093503243 0.180936426 0.037399042 0.982783437 -1.424442114
66299567 0.473669888 0.842079729 0.500000000 0.500000000 0.000000000 0.000000000 0.984037340 0.013266841 -0.177466765 -0.832467382 -0.019611590 0.999227822 -0.034045473 0.093313112 0.176878050 0.036982421 0.983537734 -1.435362105
66332933 0.473669888 0.842079729 0.500000000 0.500000000 0.000000000 0.000000000 0.984745204 0.012962599 -0.173518986 -0.845469871 -0.019128270 0.999241889 -0.033908103 0.093549784 0.172947913 0.036709961 0.984246612 -1.446536935
66366300 0.473669888 0.842079729 0.500000000 0.500000000 0.000000000 0.000000000 0.985454917 0.012772356 -0.169456542 -0.859318910 -0.018743478 0.999256730 -0.033684082 0.093298482 0.168900371 0.036370348 0.984961867 -1.457562599
66399667 0.473669888 0.842079729 0.500000000 0.500000000 0.000000000 0.000000000 0.986108363 0.012524682 -0.165630445 -0.871940870 -0.018332373 0.999267817 -0.033581961 0.093562969 0.165088564 0.036151852 0.985615969 -1.469195666
66433033 0.473669888 0.842079729 0.500000000 0.500000000 0.000000000 0.000000000 0.986754239 0.012334500 -0.161752820 -0.885536270 -0.017920038 0.999290764 -0.033117946 0.091948554 0.161229596 0.035577890 0.986275434 -1.480834385
66466400 0.473669888 0.842079729 0.500000000 0.500000000 0.000000000 0.000000000 0.987344027 0.012540090 -0.158096626 -0.897912574 -0.017946329 0.999300301 -0.032814644 0.092314841 0.157574520 0.035236597 0.986878216 -1.491721068
66499767 0.473669888 0.842079729 0.500000000 0.500000000 0.000000000 0.000000000 0.987934649 0.012725967 -0.154347703 -0.911160205 -0.017954994 0.999309421 -0.032531630 0.092737067 0.153827116 0.034910433 0.987480879 -1.501970342
66533133 0.473669888 0.842079729 0.500000000 0.500000000 0.000000000 0.000000000 0.988499165 0.012824629 -0.150681660 -0.923861067 -0.017877940 0.999320567 -0.032229621 0.092848681 0.150165960 0.034552831 0.988056839 -1.512391077
66566500 0.473669888 0.842079729 0.500000000 0.500000000 0.000000000 0.000000000 0.989037454 0.013255256 -0.147068650 -0.936638202 -0.018133229 0.999327302 -0.031876974 0.093442282 0.146547183 0.034194350 0.988612473 -1.523127908
66599867 0.473669888 0.842079729 0.500000000 0.500000000 0.000000000 0.000000000 0.989599586 0.013357475 -0.143227920 -0.950076420 -0.018093377 0.999330044 -0.031814132 0.094580521 0.142707005 0.034074727 0.989178240 -1.535349864
66633233 0.473669888 0.842079729 0.500000000 0.500000000 0.000000000 0.000000000 0.990160346 0.013431776 -0.139291257 -0.964318416 -0.017993387 0.999340475 -0.031541247 0.094692449 0.138775736 0.033737212 0.989749014 -1.547700423
66666600 0.473669888 0.842079729 0.500000000 0.500000000 0.000000000 0.000000000 0.990666270 0.013687355 -0.135620996 -0.977718905 -0.018085049 0.999348044 -0.031247489 0.095001909 0.135104880 0.033408545 0.990267932 -1.559169206
66699967 0.473669888 0.842079729 0.500000000 0.500000000 0.000000000 0.000000000 0.991174996 0.013816970 -0.131837636 -0.991516361 -0.018056236 0.999355853 -0.031014064 0.095636353 0.131324187 0.033120856 0.990786016 -1.569561067
66733333 0.473669888 0.842079729 0.500000000 0.500000000 0.000000000 0.000000000 0.991651714 0.013709347 -0.128214374 -1.004962116 -0.017827911 0.999359429 -0.031030174 0.096933876 0.127706841 0.033056922 0.991260886 -1.578544253
66766700 0.473669888 0.842079729 0.500000000 0.500000000 0.000000000 0.000000000 0.992094934 0.013670445 -0.124742873 -1.017771638 -0.017697528 0.999355495 -0.031232186 0.099094429 0.124235511 0.033192933 0.991697431 -1.587779021
66800067 0.473669888 0.842079729 0.500000000 0.500000000 0.000000000 0.000000000 0.992548227 0.013510407 -0.121101268 -1.031464080 -0.017450858 0.999350250 -0.031537160 0.101464571 0.120596498 0.033415474 0.992139041 -1.597699988
66833433 0.473669888 0.842079729 0.500000000 0.500000000 0.000000000 0.000000000 0.993002892 0.013165603 -0.117354013 -1.045597007 -0.017010376 0.999348819 -0.031820990 0.103059009 0.116858654 0.033594571 0.992580175 -1.608629325
66866800 0.473669888 0.842079729 0.500000000 0.500000000 0.000000000 0.000000000 0.993430674 0.012682394 -0.113730446 -1.059486201 -0.016437322 0.999348223 -0.032139260 0.104835014 0.113248721 0.033797551 0.992991686 -1.619189514
66900167 0.473669888 0.842079729 0.500000000 0.500000000 0.000000000 0.000000000 0.993835509 0.012044291 -0.110208772 -1.072617445 -0.015711192 0.999349415 -0.032464616 0.105981498 0.109746054 0.033995997 0.993378103 -1.628689956
66933533 0.473669888 0.842079729 0.500000000 0.500000000 0.000000000 0.000000000 0.994241059 0.011446999 -0.106553763 -1.086875136 -0.015017018 0.999350369 -0.032762550 0.107185178 0.106109507 0.034173992 0.993767023 -1.637896532
66966900 0.473669888 0.842079729 0.500000000 0.500000000 0.000000000 0.000000000 0.994631290 0.010937216 -0.102902509 -1.101099518 -0.014391253 0.999355555 -0.032883774 0.107762876 0.102476537 0.034188129 0.994147718 -1.646688577
67000267 0.473669888 0.842079729 0.500000000 0.500000000 0.000000000 0.000000000 0.995027423 0.010215948 -0.099076062 -1.116117153 -0.013545954 0.999363661 -0.032996342 0.108034659 0.098675929 0.034174345 0.994532645 -1.655146003
67033633 0.473669888 0.842079729 0.500000000 0.500000000 0.000000000 0.000000000 0.995385408 0.009712816 -0.095464677 -1.130282644 -0.012919683 0.999370813 -0.033031683 0.108235787 0.095083781 0.034112632 0.994884610 -1.663736406
67067000 0.473669888 0.842079729 0.500000000 0.500000000 0.000000000 0.000000000 0.995726109 0.009601300 -0.091854714 -1.144675892 -0.012667960 0.999379635 -0.032861415 0.108568118 0.091482215 0.033884581 0.995230019 -1.672547282
67100367 0.473669888 0.842079729 0.500000000 0.500000000 0.000000000 0.000000000 0.996052563 0.009483741 -0.088257313 -1.159232035 -0.012414729 0.999387443 -0.032720134 0.109211984 0.087892942 0.033686664 0.995560169 -1.682128745
67133733 0.473669888 0.842079729 0.500000000 0.500000000 0.000000000 0.000000000 0.996370494 0.009158880 -0.084628515 -1.173963077 -0.011959959 0.999395251 -0.032651026 0.109773382 0.084278293 0.033544671 0.995877445 -1.692413127
67167100 0.473669888 0.842079729 0.500000000 0.500000000 0.000000000 0.000000000 0.996687055 0.008719473 -0.080863602 -1.189615681 -0.011385139 0.999404848 -0.032562695 0.109960326 0.080531552 0.033375461 0.996193111 -1.701595249
67200467 0.473669888 0.842079729 0.500000000 0.500000000 0.000000000 0.000000000 0.996999323 0.008450931 -0.076947868 -1.206022720 -0.010967565 0.999416709 -0.032342073 0.109873364 0.076629661 0.033088956 0.996510446 -1.710946965
