https://www.youtube.com/watch?v=wddJOxkJvNM
138160000 0.506679888 0.900764194 0.500000000 0.500000000 0.000000000 0.000000000 0.999937594 -0.001911846 0.011005398 0.109710343 0.001919910 0.999997914 -0.000722200 -0.008337218 -0.011003993 0.000743284 0.999939203 -0.207941917
138200000 0.506679888 0.900764194 0.500000000 0.500000000 0.000000000 0.000000000 0.999934018 -0.001947588 0.011323689 0.110965802 0.001955405 0.999997854 -0.000679275 -0.008110405 -0.011322343 0.000701373 0.999935627 -0.215739430
138240000 0.506679888 0.900764194 0.500000000 0.500000000 0.000000000 0.000000000 0.999932230 -0.001993688 0.011470911 0.112394607 0.002002243 0.999997735 -0.000734377 -0.008108044 -0.011469421 0.000757295 0.999933958 -0.221594060
138280000 0.506679888 0.900764194 0.500000000 0.500000000 0.000000000 0.000000000 0.999930024 -0.002113225 0.011639694 0.113185685 0.002122083 0.999997497 -0.000748775 -0.008146863 -0.011638083 0.000773423 0.999931991 -0.227122691
138320000 0.506679888 0.900764194 0.500000000 0.500000000 0.000000000 0.000000000 0.999928713 -0.002235036 0.011729250 0.114728316 0.002244193 0.999997199 -0.000767595 -0.007505407 -0.011727502 0.000793863 0.999930918 -0.235868738
138360000 0.506679888 0.900764194 0.500000000 0.500000000 0.000000000 0.000000000 0.999928772 -0.002207044 0.011730678 0.116080003 0.002215572 0.999997318 -0.000714071 -0.007838128 -0.011729071 0.000740010 0.999930918 -0.241435531
138400000 0.506679888 0.900764194 0.500000000 0.500000000 0.000000000 0.000000000 0.999926031 -0.002463527 0.011909042 0.117019501 0.002473131 0.999996603 -0.000791822 -0.007428850 -0.011907051 0.000821216 0.999928772 -0.250105851
138440000 0.506679888 0.900764194 0.500000000 0.500000000 0.000000000 0.000000000 0.999923229 -0.002565460 0.012122875 0.117739360 0.002576409 0.999996305 -0.000887638 -0.006637740 -0.012120553 0.000918803 0.999926150 -0.256314305
138480000 0.506679888 0.900764194 0.500000000 0.500000000 0.000000000 0.000000000 0.999922395 -0.002640074 0.012177125 0.118275091 0.002651019 0.999996126 -0.000882766 -0.005986034 -0.012174747 0.000914979 0.999925494 -0.262042931
138520000 0.506679888 0.900764194 0.500000000 0.500000000 0.000000000 0.000000000 0.999922633 -0.002717287 0.012138289 0.120237322 0.002727855 0.999995887 -0.000854122 -0.005334640 -0.012135919 0.000887168 0.999925971 -0.270956813
138560000 0.506679888 0.900764194 0.500000000 0.500000000 0.000000000 0.000000000 0.999921739 -0.002825908 0.012188219 0.121483056 0.002836630 0.999995589 -0.000862523 -0.004704208 -0.012185728 0.000897029 0.999925375 -0.277141195
138600000 0.506679888 0.900764194 0.500000000 0.500000000 0.000000000 0.000000000 0.999921441 -0.002812584 0.012215250 0.123225573 0.002823108 0.999995649 -0.000844394 -0.004012909 -0.012212822 0.000878812 0.999925017 -0.285941958
138640000 0.506679888 0.900764194 0.500000000 0.500000000 0.000000000 0.000000000 0.999920428 -0.002885300 0.012280812 0.124231604 0.002896367 0.999995410 -0.000883470 -0.003536818 -0.012278208 0.000918969 0.999924183 -0.291998691
138680000 0.506679888 0.900764194 0.500000000 0.500000000 0.000000000 0.000000000 0.999920428 -0.002812524 0.012296253 0.126121668 0.002823953 0.999995589 -0.000912221 -0.003368668 -0.012293633 0.000946873 0.999924004 -0.298196672
138720000 0.506679888 0.900764194 0.500000000 0.500000000 0.000000000 0.000000000 0.999918997 -0.002862015 0.012399601 0.128460264 0.002873419 0.999995470 -0.000901951 -0.002400755 -0.012396963 0.000937507 0.999922693 -0.307579262
138760000 0.506679888 0.900764194 0.500000000 0.500000000 0.000000000 0.000000000 0.999918580 -0.002870358 0.012435710 0.129830526 0.002882144 0.999995410 -0.000929957 -0.002242695 -0.012432984 0.000965723 0.999922216 -0.313781119
138800000 0.506679888 0.900764194 0.500000000 0.500000000 0.000000000 0.000000000 0.999918759 -0.002881765 0.012418819 0.132171766 0.002894431 0.999995291 -0.001002070 -0.001564120 -0.012415873 0.001037934 0.999922395 -0.323238117
138840000 0.506679888 0.900764194 0.500000000 0.500000000 0.000000000 0.000000000 0.999917388 -0.002838802 0.012536862 0.133876324 0.002852364 0.999995351 -0.001064042 -0.001158402 -0.012533783 0.001099714 0.999920845 -0.329961751
138880000 0.506679888 0.900764194 0.500000000 0.500000000 0.000000000 0.000000000 0.999916971 -0.002936429 0.012549241 0.135694681 0.002949598 0.999995112 -0.001030995 -0.000727572 -0.012546152 0.001067924 0.999920726 -0.336371500
138920000 0.506679888 0.900764194 0.500000000 0.500000000 0.000000000 0.000000000 0.999917269 -0.002995181 0.012508657 0.139265109 0.003008553 0.999994934 -0.001050327 -0.000204102 -0.012505447 0.001087873 0.999921203 -0.346836105
138960000 0.506679888 0.900764194 0.500000000 0.500000000 0.000000000 0.000000000 0.999916017 -0.002970115 0.012615666 0.140969865 0.002984296 0.999994934 -0.001105367 0.000566263 -0.012612319 0.001142923 0.999919832 -0.353589740
139000000 0.506679888 0.900764194 0.500000000 0.500000000 0.000000000 0.000000000 0.999914825 -0.002844886 0.012737165 0.144359246 0.002857723 0.999995410 -0.000989745 0.001328364 -0.012734291 0.001026060 0.999918401 -0.364136596
139040000 0.506679888 0.900764194 0.500000000 0.500000000 0.000000000 0.000000000 0.999915063 -0.002828704 0.012723419 0.146251727 0.002841794 0.999995470 -0.001010797 0.002225451 -0.012720502 0.001046869 0.999918520 -0.371302096
139080000 0.506679888 0.900764194 0.500000000 0.500000000 0.000000000 0.000000000 0.999914825 -0.002700569 0.012767587 0.148816256 0.002713891 0.999995768 -0.001026190 0.002664842 -0.012764762 0.001060752 0.999917984 -0.378448709
139120000 0.506679888 0.900764194 0.500000000 0.500000000 0.000000000 0.000000000 0.999913096 -0.002610610 0.012920401 0.152320135 0.002624501 0.999996006 -0.001058260 0.003758204 -0.012917587 0.001092078 0.999915957 -0.389516296
139160000 0.506679888 0.900764194 0.500000000 0.500000000 0.000000000 0.000000000 0.999913156 -0.002691321 0.012902947 0.154972060 0.002705152 0.999995768 -0.001054589 0.004525908 -0.012900054 0.001089402 0.999916196 -0.397125984
139200000 0.506679888 0.900764194 0.500000000 0.500000000 0.000000000 0.000000000 0.999910176 -0.002728096 0.013120627 0.158024713 0.002742492 0.999995649 -0.001079334 0.005300388 -0.013117625 0.001115221 0.999913335 -0.408341396
139240000 0.506679888 0.900764194 0.500000000 0.500000000 0.000000000 0.000000000 0.999909639 -0.002748300 0.013161279 0.159948146 0.002763104 0.999995589 -0.001106789 0.005987471 -0.013158179 0.001143055 0.999912798 -0.415984501
139280000 0.506679888 0.900764194 0.500000000 0.500000000 0.000000000 0.000000000 0.999910831 -0.002765690 0.013065376 0.162777432 0.002780110 0.999995530 -0.001085618 0.006461243 -0.013062316 0.001121845 0.999914050 -0.423924861
139320000 0.506679888 0.900764194 0.500000000 0.500000000 0.000000000 0.000000000 0.999910057 -0.002731754 0.013132736 0.166246946 0.002746453 0.999995649 -0.001101418 0.007243578 -0.013129670 0.001137388 0.999913156 -0.435860605
139360000 0.506679888 0.900764194 0.500000000 0.500000000 0.000000000 0.000000000 0.999908745 -0.002707997 0.013236277 0.168587251 0.002723466 0.999995649 -0.001150830 0.007833481 -0.013233103 0.001186774 0.999911726 -0.444043044
139400000 0.506679888 0.900764194 0.500000000 0.500000000 0.000000000 0.000000000 0.999908507 -0.002716337 0.013252707 0.172089640 0.002731912 0.999995589 -0.001157276 0.008483060 -0.013249505 0.001193375 0.999911487 -0.455984182
139440000 0.506679888 0.900764194 0.500000000 0.500000000 0.000000000 0.000000000 0.999908030 -0.002743170 0.013279810 0.174462430 0.002759822 0.999995410 -0.001235814 0.009117958 -0.013276359 0.001272350 0.999911070 -0.464202981
139480000 0.506679888 0.900764194 0.500000000 0.500000000 0.000000000 0.000000000 0.999906778 -0.002684293 0.013386078 0.176672371 0.002701457 0.999995530 -0.001264323 0.009161051 -0.013382625 0.001300367 0.999909580 -0.472495518
139520000 0.506679888 0.900764194 0.500000000 0.500000000 0.000000000 0.000000000 0.999905586 -0.002736411 0.013464434 0.180298652 0.002753341 0.999995470 -0.001239060 0.009291416 -0.013460983 0.001276015 0.999908566 -0.485101874
139560000 0.506679888 0.900764194 0.500000000 0.500000000 0.000000000 0.000000000 0.999906003 -0.002718335 0.013437727 0.183033719 0.002734943 0.999995530 -0.001217735 0.009331865 -0.013434356 0.001254372 0.999908984 -0.493730220
139600000 0.506679888 0.900764194 0.500000000 0.500000000 0.000000000 0.000000000 0.999902368 -0.002635590 0.013720719 0.186780229 0.002654316 0.999995589 -0.001346751 0.009437605 -0.013717108 0.001383039 0.999904931 -0.506824530
139640000 0.506679888 0.900764194 0.500000000 0.500000000 0.000000000 0.000000000 0.999903083 -0.002679627 0.013660993 0.189750131 0.002697673 0.999995530 -0.001302760 0.009569645 -0.013657441 0.001339487 0.999905825 -0.515728771
139680000 0.506679888 0.900764194 0.500000000 0.500000000 0.000000000 0.000000000 0.999900877 -0.002677713 0.013823754 0.191791770 0.002695268 0.999995589 -0.001251478 0.009203052 -0.013820342 0.001288613 0.999903679 -0.524447302
139720000 0.506679888 0.900764194 0.500000000 0.500000000 0.000000000 0.000000000 0.999900699 -0.002736604 0.013823789 0.195738962 0.002753485 0.999995470 -0.001202284 0.009149553 -0.013820436 0.001240228 0.999903738 -0.537922749
139760000 0.506679888 0.900764194 0.500000000 0.500000000 0.000000000 0.000000000 0.999898314 -0.002750671 0.013990587 0.198008719 0.002768614 0.999995351 -0.001263277 0.009469433 -0.013987048 0.001301883 0.999901354 -0.547129601
139800000 0.506679888 0.900764194 0.500000000 0.500000000 0.000000000 0.000000000 0.999894798 -0.002693969 0.014254066 0.200884422 0.002711603 0.999995589 -0.001217943 0.009114403 -0.014250723 0.001256466 0.999897659 -0.560603347
139840000 0.506679888 0.900764194 0.500000000 0.500000000 0.000000000 0.000000000 0.999894440 -0.002804472 0.014258330 0.203987863 0.002821822 0.999995291 -0.001196896 0.008769657 -0.014254906 0.001237004 0.999897599 -0.569983217
139880000 0.506679888 0.900764194 0.500000000 0.500000000 0.000000000 0.000000000 0.999893069 -0.002800958 0.014350939 0.206025358 0.002819381 0.999995232 -0.001263685 0.008907865 -0.014347331 0.001304010 0.999896228 -0.579036525
139920000 0.506679888 0.900764194 0.500000000 0.500000000 0.000000000 0.000000000 0.999891579 -0.002789365 0.014460199 0.209326652 0.002807978 0.999995232 -0.001267045 0.008913616 -0.014456595 0.001307511 0.999894619 -0.592835022
139960000 0.506679888 0.900764194 0.500000000 0.500000000 0.000000000 0.000000000 0.999889493 -0.002844001 0.014592942 0.211204013 0.002863416 0.999995053 -0.001309687 0.008882314 -0.014589145 0.001351328 0.999892652 -0.602141976
140000000 0.506679888 0.900764194 0.500000000 0.500000000 0.000000000 0.000000000 0.999887526 -0.002803442 0.014733219 0.214601153 0.002823882 0.999995053 -0.001366727 0.008951182 -0.014729314 0.001408178 0.999890506 -0.616340648
140040000 0.506679888 0.900764194 0.500000000 0.500000000 0.000000000 0.000000000 0.999885917 -0.002819080 0.014840135 0.216344913 0.002839891 0.999994993 -0.001381513 0.008781905 -0.014836167 0.001423500 0.999888897 -0.625879540
140080000 0.506679888 0.900764194 0.500000000 0.500000000 0.000000000 0.000000000 0.999883831 -0.002793971 0.014984170 0.217774845 0.002814702 0.999995112 -0.001362630 0.008726141 -0.014980289 0.001404648 0.999886811 -0.635175221
140120000 0.506679888 0.900764194 0.500000000 0.500000000 0.000000000 0.000000000 0.999882221 -0.002911119 0.015070757 0.220548944 0.002931799 0.999994814 -0.001350278 0.008962237 -0.015066748 0.001394304 0.999885499 -0.649706926
140160000 0.506679888 0.900764194 0.500000000 0.500000000 0.000000000 0.000000000 0.999880254 -0.002963651 0.015187807 0.222486889 0.002984962 0.999994576 -0.001380727 0.009024617 -0.015183633 0.001425897 0.999883711 -0.659474099
140200000 0.506679888 0.900764194 0.500000000 0.500000000 0.000000000 0.000000000 0.999879181 -0.002940214 0.015264524 0.225295362 0.002962413 0.999994576 -0.001431929 0.009076831 -0.015260231 0.001476976 0.999882460 -0.673956582
140240000 0.506679888 0.900764194 0.500000000 0.500000000 0.000000000 0.000000000 0.999878585 -0.002928661 0.015303117 0.227110705 0.002951508 0.999994576 -0.001470619 0.009285215 -0.015298727 0.001515608 0.999881804 -0.683760268
140280000 0.506679888 0.900764194 0.500000000 0.500000000 0.000000000 0.000000000 0.999876618 -0.002931276 0.015432489 0.228548108 0.002954273 0.999994576 -0.001467622 0.009389790 -0.015428103 0.001513032 0.999879837 -0.693507809
140320000 0.506679888 0.900764194 0.500000000 0.500000000 0.000000000 0.000000000 0.999877453 -0.002956863 0.015373298 0.231218758 0.002980248 0.999994457 -0.001498430 0.009643829 -0.015368782 0.001544062 0.999880672 -0.708435795
140360000 0.506679888 0.900764194 0.500000000 0.500000000 0.000000000 0.000000000 0.999875903 -0.002937978 0.015478066 0.232736817 0.002962008 0.999994457 -0.001529847 0.010195569 -0.015473485 0.001575503 0.999879062 -0.718204736
140400000 0.506679888 0.900764194 0.500000000 0.500000000 0.000000000 0.000000000 0.999877453 -0.002895864 0.015383528 0.235838832 0.002919811 0.999994576 -0.001534451 0.010566700 -0.015379000 0.001579180 0.999880493 -0.733021323
140440000 0.506679888 0.900764194 0.500000000 0.500000000 0.000000000 0.000000000 0.999877214 -0.002964886 0.015387593 0.237574169 0.002989676 0.999994278 -0.001588248 0.011028008 -0.015382796 0.001634057 0.999880314 -0.742988749
140480000 0.506679888 0.900764194 0.500000000 0.500000000 0.000000000 0.000000000 0.999876559 -0.002920971 0.015438006 0.239391003 0.002946059 0.999994397 -0.001602607 0.011450055 -0.015433238 0.001647890 0.999879539 -0.753260331
140520000 0.506679888 0.900764194 0.500000000 0.500000000 0.000000000 0.000000000 0.999877810 -0.002856496 0.015369888 0.242129131 0.002882119 0.999994516 -0.001645220 0.012172755 -0.015365104 0.001689316 0.999880552 -0.768373546
140560000 0.506679888 0.900764194 0.500000000 0.500000000 0.000000000 0.000000000 0.999877751 -0.002796596 0.015383651 0.243732407 0.002822039 0.999994695 -0.001632476 0.012564703 -0.015379004 0.001675690 0.999880314 -0.778618630
140600000 0.506679888 0.900764194 0.500000000 0.500000000 0.000000000 0.000000000 0.999878764 -0.002767724 0.015323523 0.246482288 0.002791817 0.999994874 -0.001551136 0.013010810 -0.015319152 0.001593729 0.999881387 -0.794162631
140640000 0.506679888 0.900764194 0.500000000 0.500000000 0.000000000 0.000000000 0.999879837 -0.002735934 0.015257492 0.248326741 0.002760432 0.999994934 -0.001584830 0.013527752 -0.015253078 0.001626757 0.999882340 -0.804326788
140680000 0.506679888 0.900764194 0.500000000 0.500000000 0.000000000 0.000000000 0.999878645 -0.002800846 0.015324314 0.250292911 0.002825993 0.999994695 -0.001619541 0.014080271 -0.015319697 0.001662651 0.999881268 -0.814951005
140720000 0.506679888 0.900764194 0.500000000 0.500000000 0.000000000 0.000000000 0.999879360 -0.002755409 0.015286611 0.253195858 0.002780729 0.999994814 -0.001635357 0.014752541 -0.015282026 0.001677667 0.999881804 -0.830926655
140760000 0.506679888 0.900764194 0.500000000 0.500000000 0.000000000 0.000000000 0.999878407 -0.002712261 0.015355855 0.254910654 0.002738670 0.999994814 -0.001699021 0.015385396 -0.015351167 0.001740869 0.999880672 -0.841565022
140800000 0.506679888 0.900764194 0.500000000 0.500000000 0.000000000 0.000000000 0.999879897 -0.002722731 0.015256687 0.257457961 0.002748085 0.999994874 -0.001641057 0.016246276 -0.015252141 0.001682787 0.999882281 -0.857836103
140840000 0.506679888 0.900764194 0.500000000 0.500000000 0.000000000 0.000000000 0.999880195 -0.002694701 0.015241521 0.259531431 0.002719833 0.999994993 -0.001628428 0.016888502 -0.015237057 0.001669688 0.999882519 -0.868762726
140880000 0.506679888 0.900764194 0.500000000 0.500000000 0.000000000 0.000000000 0.999881387 -0.002721687 0.015159185 0.261388664 0.002746008 0.999994993 -0.001583811 0.017335161 -0.015154799 0.001625250 0.999883831 -0.879798446
140920000 0.506679888 0.900764194 0.500000000 0.500000000 0.000000000 0.000000000 0.999882877 -0.002688919 0.015065503 0.264362702 0.002712226 0.999995172 -0.001526818 0.017883710 -0.015061324 0.001567501 0.999885321 -0.896309691
140960000 0.506679888 0.900764194 0.500000000 0.500000000 0.000000000 0.000000000 0.999881744 -0.002686725 0.015141329 0.266118856 0.002710775 0.999995112 -0.001568074 0.018459513 -0.015137042 0.001608934 0.999884129 -0.907747976
141000000 0.506679888 0.900764194 0.500000000 0.500000000 0.000000000 0.000000000 0.999881625 -0.002662771 0.015152747 0.268508171 0.002687239 0.999995112 -0.001594606 0.019027230 -0.015148426 0.001635137 0.999883890 -0.924596105
141040000 0.506679888 0.900764194 0.500000000 0.500000000 0.000000000 0.000000000 0.999882877 -0.002727247 0.015058503 0.270537355 0.002751443 0.999994934 -0.001586308 0.019572593 -0.015054100 0.001627555 0.999885380 -0.936105399
141080000 0.506679888 0.900764194 0.500000000 0.500000000 0.000000000 0.000000000 0.999882519 -0.002728439 0.015083374 0.272147057 0.002752758 0.999994934 -0.001591772 0.019965453 -0.015078954 0.001633106 0.999884963 -0.948022242
141120000 0.506679888 0.900764194 0.500000000 0.500000000 0.000000000 0.000000000 0.999883592 -0.002703844 0.015016211 0.275140890 0.002726837 0.999995112 -0.001510945 0.020500236 -0.015012053 0.001551716 0.999886096 -0.965196472
141160000 0.506679888 0.900764194 0.500000000 0.500000000 0.000000000 0.000000000 0.999884427 -0.002620205 0.014974445 0.277288875 0.002643702 0.999995291 -0.001549520 0.020803469 -0.014970315 0.001588929 0.999886692 -0.976826476
141200000 0.506679888 0.900764194 0.500000000 0.500000000 0.000000000 0.000000000 0.999884009 -0.002714501 0.014986288 0.280091381 0.002738456 0.999994993 -0.001578193 0.021382540 -0.014981928 0.001619050 0.999886453 -0.994891521
141240000 0.506679888 0.900764194 0.500000000 0.500000000 0.000000000 0.000000000 0.999883711 -0.002682867 0.015013852 0.282054537 0.002707381 0.999995053 -0.001612710 0.021484891 -0.015009451 0.001653170 0.999885976 -1.006861890
141280000 0.506679888 0.900764194 0.500000000 0.500000000 0.000000000 0.000000000 0.999882877 -0.002706944 0.015065039 0.283939516 0.002730824 0.999995053 -0.001564793 0.021879703 -0.015060728 0.001605750 0.999885321 -1.018692142
141320000 0.506679888 0.900764194 0.500000000 0.500000000 0.000000000 0.000000000 0.999883235 -0.002647945 0.015048827 0.287333344 0.002672347 0.999995172 -0.001601594 0.021985894 -0.015044513 0.001641623 0.999885499 -1.037237151
141360000 0.506679888 0.900764194 0.500000000 0.500000000 0.000000000 0.000000000 0.999883056 -0.002608309 0.015070758 0.289616630 0.002632231 0.999995291 -0.001567689 0.022019349 -0.015066599 0.001607175 0.999885201 -1.049355159
141400000 0.506679888 0.900764194 0.500000000 0.500000000 0.000000000 0.000000000 0.999881566 -0.002697736 0.015151898 0.293047055 0.002723478 0.999994874 -0.001678591 0.022487027 -0.015147292 0.001719658 0.999883771 -1.067887352
141440000 0.506679888 0.900764194 0.500000000 0.500000000 0.000000000 0.000000000 0.999881506 -0.002718064 0.015152959 0.294874415 0.002745223 0.999994636 -0.001771879 0.022786052 -0.015148062 0.001813267 0.999883592 -1.080597783
141480000 0.506679888 0.900764194 0.500000000 0.500000000 0.000000000 0.000000000 0.999880970 -0.002757221 0.015180073 0.296738727 0.002782841 0.999994755 -0.001666890 0.022573892 -0.015175398 0.001708935 0.999883413 -1.092733282
141520000 0.506679888 0.900764194 0.500000000 0.500000000 0.000000000 0.000000000 0.999880552 -0.002679114 0.015220496 0.300354763 0.002705962 0.999994814 -0.001743576 0.022662508 -0.015215745 0.001784554 0.999882638 -1.111593219
141560000 0.506679888 0.900764194 0.500000000 0.500000000 0.000000000 0.000000000 0.999881029 -0.002812513 0.015165372 0.302387723 0.002839755 0.999994397 -0.001775057 0.022944144 -0.015160294 0.001817911 0.999883413 -1.124259514
141600000 0.506679888 0.900764194 0.500000000 0.500000000 0.000000000 0.000000000 0.999881804 -0.002814822 0.015115365 0.305836962 0.002844078 0.999994099 -0.001914342 0.023186882 -0.015109888 0.001957105 0.999883950 -1.142997268
141640000 0.506679888 0.900764194 0.500000000 0.500000000 0.000000000 0.000000000 0.999881029 -0.002921673 0.015146551 0.307989639 0.002950823 0.999993861 -0.001902533 0.023019269 -0.015140899 0.001947002 0.999883473 -1.155600415
141680000 0.506679888 0.900764194 0.500000000 0.500000000 0.000000000 0.000000000 0.999880135 -0.002795158 0.015227408 0.310139791 0.002827358 0.999993801 -0.002093521 0.023719655 -0.015221462 0.002136324 0.999881864 -1.168572036
141720000 0.506679888 0.900764194 0.500000000 0.500000000 0.000000000 0.000000000 0.999881506 -0.002845215 0.015130591 0.313518665 0.002876822 0.999993742 -0.002067613 0.023555114 -0.015124612 0.002110896 0.999883413 -1.187521764
141760000 0.506679888 0.900764194 0.500000000 0.500000000 0.000000000 0.000000000 0.999882102 -0.002900355 0.015079564 0.316186344 0.002932334 0.999993503 -0.002098967 0.023705663 -0.015073379 0.002142938 0.999884069 -1.200344076
141800000 0.506679888 0.900764194 0.500000000 0.500000000 0.000000000 0.000000000 0.999881506 -0.002963154 0.015105757 0.318890375 0.002997374 0.999992967 -0.002243273 0.024073196 -0.015099004 0.002288285 0.999883413 -1.219961082
141840000 0.506679888 0.900764194 0.500000000 0.500000000 0.000000000 0.000000000 0.999883056 -0.002904513 0.015013411 0.321596512 0.002938095 0.999993205 -0.002215209 0.023754034 -0.015006876 0.002259061 0.999884844 -1.232703671
141880000 0.506679888 0.900764194 0.500000000 0.500000000 0.000000000 0.000000000 0.999882877 -0.002990019 0.015007964 0.323447713 0.003024249 0.999992847 -0.002258647 0.023610829 -0.015001104 0.002303770 0.999884844 -1.245618236
141920000 0.506679888 0.900764194 0.500000000 0.500000000 0.000000000 0.000000000 0.999884248 -0.002996931 0.014916418 0.327038817 0.003031383 0.999992788 -0.002287627 0.024005104 -0.014909455 0.002332580 0.999886155 -1.265359051
141960000 0.506679888 0.900764194 0.500000000 0.500000000 0.000000000 0.000000000 0.999882638 -0.003003040 0.015024328 0.328597116 0.003036206 0.999993026 -0.002185217 0.023470653 -0.015017660 0.002230577 0.999884725 -1.278446415
142000000 0.506679888 0.900764194 0.500000000 0.500000000 0.000000000 0.000000000 0.999883294 -0.003032513 0.014974551 0.332437318 0.003065633 0.999992907 -0.002189338 0.023628840 -0.014967806 0.002234989 0.999885499 -1.298150623
142040000 0.506679888 0.900764194 0.500000000 0.500000000 0.000000000 0.000000000 0.999881864 -0.003011663 0.015071288 0.334581551 0.003045009 0.999992967 -0.002190115 0.023702222 -0.015064586 0.002235749 0.999884009 -1.311322611
142080000 0.506679888 0.900764194 0.500000000 0.500000000 0.000000000 0.000000000 0.999882758 -0.003137976 0.014987245 0.336694974 0.003171412 0.999992549 -0.002207709 0.023933451 -0.014980205 0.002254981 0.999885261 -1.324736849
142120000 0.506679888 0.900764194 0.500000000 0.500000000 0.000000000 0.000000000 0.999882400 -0.003182379 0.015001771 0.340274695 0.003216780 0.999992251 -0.002269563 0.024126958 -0.014994431 0.002317553 0.999884903 -1.344675986
142160000 0.506679888 0.900764194 0.500000000 0.500000000 0.000000000 0.000000000 0.999881566 -0.003077904 0.015079713 0.342205829 0.003111840 0.999992669 -0.002227540 0.023869318 -0.015072747 0.002274202 0.999883831 -1.358021623
142200000 0.506679888 0.900764194 0.500000000 0.500000000 0.000000000 0.000000000 0.999880493 -0.003017954 0.015162021 0.345892945 0.003050956 0.999993026 -0.002153975 0.024022390 -0.015155414 0.002199976 0.999882758 -1.378035951
142240000 0.506679888 0.900764194 0.500000000 0.500000000 0.000000000 0.000000000 0.999880612 -0.003122658 0.015131327 0.348300786 0.003156321 0.999992609 -0.002201310 0.024416909 -0.015124341 0.002248806 0.999883115 -1.391764329
142280000 0.506679888 0.900764194 0.500000000 0.500000000 0.000000000 0.000000000 0.999879003 -0.003009320 0.015263349 0.349967093 0.003043397 0.999992907 -0.002209872 0.024080691 -0.015256591 0.002256057 0.999881089 -1.405144445
142320000 0.506679888 0.900764194 0.500000000 0.500000000 0.000000000 0.000000000 0.999880791 -0.003059602 0.015135264 0.353873028 0.003093199 0.999992788 -0.002196859 0.024013524 -0.015128434 0.002243414 0.999883056 -1.425658038
142360000 0.506679888 0.900764194 0.500000000 0.500000000 0.000000000 0.000000000 0.999880075 -0.002973337 0.015199520 0.356049483 0.003007506 0.999993026 -0.002225659 0.023727032 -0.015192796 0.002271104 0.999881983 -1.439533586
142400000 0.506679888 0.900764194 0.500000000 0.500000000 0.000000000 0.000000000 0.999879897 -0.003085019 0.015187398 0.359247103 0.003120546 0.999992430 -0.002316090 0.023851782 -0.015180138 0.002363205 0.999881983 -1.460064119
142440000 0.506679888 0.900764194 0.500000000 0.500000000 0.000000000 0.000000000 0.999878883 -0.003020970 0.015267910 0.361329635 0.003054833 0.999992907 -0.002195067 0.023299282 -0.015261171 0.002241442 0.999881029 -1.473788936
142480000 0.506679888 0.900764194 0.500000000 0.500000000 0.000000000 0.000000000 0.999877989 -0.003163622 0.015296716 0.363516561 0.003198838 0.999992311 -0.002278269 0.023367490 -0.015289390 0.002326922 0.999880373 -1.487788135
142520000 0.506679888 0.900764194 0.500000000 0.500000000 0.000000000 0.000000000 0.999877334 -0.003042447 0.015364736 0.366742504 0.003079662 0.999992371 -0.002398980 0.023108822 -0.015357320 0.002446004 0.999879062 -1.508414487
142560000 0.506679888 0.900764194 0.500000000 0.500000000 0.000000000 0.000000000 0.999877155 -0.003067608 0.015371811 0.368980643 0.003103433 0.999992549 -0.002307269 0.022358085 -0.015364618 0.002354690 0.999879181 -1.522365624
142600000 0.506679888 0.900764194 0.500000000 0.500000000 0.000000000 0.000000000 0.999877334 -0.003080274 0.015356818 0.372514641 0.003118288 0.999992132 -0.002452061 0.022101103 -0.015349144 0.002499647 0.999879062 -1.543472795
142640000 0.506679888 0.900764194 0.500000000 0.500000000 0.000000000 0.000000000 0.999877393 -0.003122479 0.015343192 0.374646791 0.003159070 0.999992251 -0.002361184 0.021384469 -0.015335700 0.002409365 0.999879479 -1.557267474
142680000 0.506679888 0.900764194 0.500000000 0.500000000 0.000000000 0.000000000 0.999879241 -0.003103760 0.015226975 0.377201204 0.003139764 0.999992311 -0.002341172 0.020975851 -0.015219592 0.002388699 0.999881327 -1.571165487
142720000 0.506679888 0.900764194 0.500000000 0.500000000 0.000000000 0.000000000 0.999876738 -0.003124550 0.015384708 0.379338258 0.003161432 0.999992192 -0.002373574 0.021511047 -0.015377171 0.002421919 0.999878824 -1.592367664
142760000 0.506679888 0.900764194 0.500000000 0.500000000 0.000000000 0.000000000 0.999878109 -0.003211761 0.015278152 0.381806265 0.003247075 0.999992132 -0.002287192 0.021249028 -0.015270686 0.002336523 0.999880672 -1.606198248
142800000 0.506679888 0.900764194 0.500000000 0.500000000 0.000000000 0.000000000 0.999878466 -0.003274093 0.015241274 0.384999717 0.003311993 0.999991477 -0.002462103 0.022027662 -0.015233083 0.002512283 0.999880791 -1.626722400
142840000 0.506679888 0.900764194 0.500000000 0.500000000 0.000000000 0.000000000 0.999879301 -0.003252252 0.015191572 0.387054585 0.003290686 0.999991417 -0.002505657 0.022015701 -0.015183292 0.002555345 0.999881446 -1.640846180
142880000 0.506679888 0.900764194 0.500000000 0.500000000 0.000000000 0.000000000 0.999876916 -0.003298264 0.015337077 0.388801421 0.003338580 0.999991059 -0.002603821 0.022249797 -0.015328351 0.002654705 0.999879003 -1.654768214
142920000 0.506679888 0.900764194 0.500000000 0.500000000 0.000000000 0.000000000 0.999877572 -0.003227306 0.015310024 0.391676966 0.003266534 0.999991417 -0.002537924 0.022156112 -0.015301702 0.002587624 0.999879599 -1.675639198
142960000 0.506679888 0.900764194 0.500000000 0.500000000 0.000000000 0.000000000 0.999875724 -0.003107329 0.015454263 0.393732459 0.003147683 0.999991715 -0.002587540 0.022384310 -0.015446095 0.002635864 0.999877214 -1.689989308
143000000 0.506679888 0.900764194 0.500000000 0.500000000 0.000000000 0.000000000 0.999875844 -0.003082322 0.015454764 0.397038949 0.003124045 0.999991536 -0.002676292 0.022776128 -0.015446384 0.002724241 0.999876976 -1.711028320
143040000 0.506679888 0.900764194 0.500000000 0.500000000 0.000000000 0.000000000 0.999873877 -0.003151338 0.015567685 0.398781610 0.003193043 0.999991357 -0.002654827 0.022554422 -0.015559184 0.002704201 0.999875307 -1.725291392
143080000 0.506679888 0.900764194 0.500000000 0.500000000 0.000000000 0.000000000 0.999875605 -0.003176883 0.015450995 0.401288913 0.003219232 0.999991119 -0.002716786 0.022578760 -0.015442228 0.002766188 0.999876916 -1.739664564
143120000 0.506679888 0.900764194 0.500000000 0.500000000 0.000000000 0.000000000 0.999872923 -0.003047504 0.015646935 0.403573230 0.003092810 0.999991119 -0.002872117 0.022567903 -0.015638042 0.002920145 0.999873459 -1.761316594
143160000 0.506679888 0.900764194 0.500000000 0.500000000 0.000000000 0.000000000 0.999873877 -0.003084008 0.015580948 0.405861308 0.003127980 0.999991179 -0.002798616 0.021936742 -0.015572180 0.002847000 0.999874711 -1.775765412
143200000 0.506679888 0.900764194 0.500000000 0.500000000 0.000000000 0.000000000 0.999874771 -0.003141537 0.015511793 0.409186297 0.003187374 0.999990642 -0.002931119 0.021602463 -0.015502439 0.002980194 0.999875367 -1.797479358
143240000 0.506679888 0.900764194 0.500000000 0.500000000 0.000000000 0.000000000 0.999874413 -0.003197013 0.015522610 0.411203944 0.003242564 0.999990523 -0.002910201 0.021232715 -0.015513159 0.002960169 0.999875307 -1.812282825
143280000 0.506679888 0.900764194 0.500000000 0.500000000 0.000000000 0.000000000 0.999874175 -0.003170743 0.015543178 0.413162936 0.003217604 0.999990344 -0.002990823 0.020769549 -0.015533545 0.003040459 0.999874711 -1.826901923
143320000 0.506679888 0.900764194 0.500000000 0.500000000 0.000000000 0.000000000 0.999874532 -0.003293570 0.015495828 0.416298109 0.003340936 0.999989808 -0.003031808 0.019993629 -0.015485685 0.003083199 0.999875307 -1.848954267
143360000 0.506679888 0.900764194 0.500000000 0.500000000 0.000000000 0.000000000 0.999873519 -0.003229100 0.015573127 0.418046155 0.003276409 0.999990106 -0.003013296 0.019505546 -0.015563242 0.003063939 0.999874175 -1.864008324
143400000 0.506679888 0.900764194 0.500000000 0.500000000 0.000000000 0.000000000 0.999873519 -0.003232221 0.015573229 0.421000471 0.003280747 0.999989867 -0.003091450 0.018641135 -0.015563078 0.003142151 0.999873936 -1.886141330
143440000 0.506679888 0.900764194 0.500000000 0.500000000 0.000000000 0.000000000 0.999875605 -0.003185586 0.015447682 0.423684711 0.003233770 0.999989986 -0.003095207 0.017822019 -0.015437666 0.003144776 0.999875903 -1.901121240
143480000 0.506679888 0.900764194 0.500000000 0.500000000 0.000000000 0.000000000 0.999875546 -0.003211026 0.015446060 0.425381595 0.003260767 0.999989569 -0.003196201 0.017540381 -0.015435636 0.003246170 0.999875605 -1.915999712
143520000 0.506679888 0.900764194 0.500000000 0.500000000 0.000000000 0.000000000 0.999875009 -0.003297094 0.015463565 0.428455274 0.003349112 0.999988794 -0.003339227 0.017182765 -0.015452382 0.003390599 0.999874830 -1.938846458
143560000 0.506679888 0.900764194 0.500000000 0.500000000 0.000000000 0.000000000 0.999875426 -0.003377291 0.015418181 0.430083338 0.003428600 0.999988675 -0.003302617 0.016320104 -0.015406853 0.003355069 0.999875665 -1.953980939
143600000 0.506679888 0.900764194 0.500000000 0.500000000 0.000000000 0.000000000 0.999877095 -0.003478122 0.015285898 0.433593533 0.003530573 0.999987960 -0.003405691 0.015940846 -0.015273869 0.003459240 0.999877393 -1.977166015
143640000 0.506679888 0.900764194 0.500000000 0.500000000 0.000000000 0.000000000 0.999878287 -0.003310154 0.015247053 0.435707952 0.003361886 0.999988675 -0.003368478 0.015138234 -0.015235730 0.003419327 0.999878109 -1.992443095
143680000 0.506679888 0.900764194 0.500000000 0.500000000 0.000000000 0.000000000 0.999878943 -0.003429862 0.015175595 0.438025355 0.003482066 0.999988079 -0.003414956 0.014939936 -0.015163701 0.003467385 0.999879003 -2.008318148
143720000 0.506679888 0.900764194 0.500000000 0.500000000 0.000000000 0.000000000 0.999878883 -0.003417193 0.015183190 0.441101357 0.003471199 0.999987721 -0.003532029 0.014528351 -0.015170935 0.003584305 0.999878466 -2.032045082
143760000 0.506679888 0.900764194 0.500000000 0.500000000 0.000000000 0.000000000 0.999880254 -0.003438052 0.015086615 0.443676931 0.003491913 0.999987602 -0.003545237 0.014088207 -0.015074240 0.003597493 0.999879897 -2.048116451
143800000 0.506679888 0.900764194 0.500000000 0.500000000 0.000000000 0.000000000 0.999881089 -0.003336243 0.015054354 0.447014646 0.003391926 0.999987483 -0.003674755 0.014075893 -0.015041906 0.003725382 0.999879897 -2.072134745
143840000 0.506679888 0.900764194 0.500000000 0.500000000 0.000000000 0.000000000 0.999881864 -0.003318589 0.015009013 0.449155476 0.003372588 0.999987900 -0.003573859 0.013404010 -0.014996972 0.003624056 0.999880970 -2.088271144
143880000 0.506679888 0.900764194 0.500000000 0.500000000 0.000000000 0.000000000 0.999882579 -0.003229174 0.014979579 0.451449495 0.003284883 0.999987781 -0.003695900 0.013581869 -0.014967460 0.003744672 0.999880970 -2.104640074
143920000 0.506679888 0.900764194 0.500000000 0.500000000 0.000000000 0.000000000 0.999882281 -0.003338180 0.014974228 0.454901799 0.003393816 0.999987423 -0.003691611 0.013773398 -0.014961717 0.003741996 0.999881089 -2.129305106
143960000 0.506679888 0.900764194 0.500000000 0.500000000 0.000000000 0.000000000 0.999882102 -0.003295911 0.014998810 0.456882729 0.003351768 0.999987543 -0.003700470 0.013916929 -0.014986428 0.003750306 0.999880672 -2.145388888
144000000 0.506679888 0.900764194 0.500000000 0.500000000 0.000000000 0.000000000 0.999883056 -0.003252797 0.014942621 0.460392299 0.003308586 0.999987662 -0.003710328 0.014607876 -0.014930367 0.003759333 0.999881446 -2.170121654
144040000 0.506679888 0.900764194 0.500000000 0.500000000 0.000000000 0.000000000 0.999881864 -0.003229667 0.015028189 0.461962679 0.003286725 0.999987483 -0.003773592 0.014860901 -0.015015814 0.003822539 0.999879956 -2.186511187
144080000 0.506679888 0.900764194 0.500000000 0.500000000 0.000000000 0.000000000 0.999884665 -0.003266836 0.014830413 0.464610506 0.003322830 0.999987423 -0.003752549 0.015170135 -0.014817968 0.003801395 0.999882996 -2.202899422
144120000 0.506679888 0.900764194 0.500000000 0.500000000 0.000000000 0.000000000 0.999883533 -0.003254264 0.014912771 0.467462434 0.003311037 0.999987364 -0.003783890 0.015799541 -0.014900269 0.003832826 0.999881625 -2.227589407
144160000 0.506679888 0.900764194 0.500000000 0.500000000 0.000000000 0.000000000 0.999885440 -0.003216869 0.014792350 0.469901980 0.003273217 0.999987483 -0.003786642 0.016330364 -0.014779984 0.003834626 0.999883413 -2.244233468
144200000 0.506679888 0.900764194 0.500000000 0.500000000 0.000000000 0.000000000 0.999885142 -0.003097230 0.014836493 0.473024676 0.003154904 0.999987543 -0.003865484 0.017294152 -0.014824336 0.003911848 0.999882460 -2.269119023
144240000 0.506679888 0.900764194 0.500000000 0.500000000 0.000000000 0.000000000 0.999885738 -0.003157180 0.014784785 0.474978202 0.003214905 0.999987304 -0.003882217 0.017919935 -0.014772341 0.003929304 0.999883175 -2.285689765
144280000 0.506679888 0.900764194 0.500000000 0.500000000 0.000000000 0.000000000 0.999885738 -0.003351260 0.014740558 0.476724049 0.003409392 0.999986529 -0.003920295 0.018784908 -0.014727222 0.003970104 0.999883652 -2.302339195
144320000 0.506679888 0.900764194 0.500000000 0.500000000 0.000000000 0.000000000 0.999886453 -0.003269222 0.014710083 0.480039042 0.003328135 0.999986529 -0.003982262 0.019666238 -0.014696866 0.004030767 0.999883890 -2.327419536
144360000 0.506679888 0.900764194 0.500000000 0.500000000 0.000000000 0.000000000 0.999886334 -0.003226470 0.014726872 0.481900680 0.003285093 0.999986768 -0.003958248 0.019997849 -0.014713906 0.004006177 0.999883711 -2.344225824
144400000 0.506679888 0.900764194 0.500000000 0.500000000 0.000000000 0.000000000 0.999885559 -0.003400122 0.014741293 0.484400616 0.003457549 0.999986529 -0.003871971 0.020555755 -0.014727930 0.003922496 0.999883831 -2.369671762
144440000 0.506679888 0.900764194 0.500000000 0.500000000 0.000000000 0.000000000 0.999886096 -0.003370230 0.014713001 0.486251203 0.003429051 0.999986231 -0.003974505 0.021345194 -0.014699403 0.004024504 0.999883831 -2.386581997
144480000 0.506679888 0.900764194 0.500000000 0.500000000 0.000000000 0.000000000 0.999885559 -0.003429218 0.014736589 0.487788723 0.003486556 0.999986470 -0.003866937 0.021554751 -0.014723129 0.003917874 0.999883950 -2.403546274
144520000 0.506679888 0.900764194 0.500000000 0.500000000 0.000000000 0.000000000 0.999887347 -0.003459111 0.014604435 0.490913491 0.003515426 0.999986470 -0.003832115 0.022380838 -0.014590982 0.003883024 0.999886036 -2.429062150
144560000 0.506679888 0.900764194 0.500000000 0.500000000 0.000000000 0.000000000 0.999886155 -0.003447921 0.014689836 0.492284701 0.003504202 0.999986589 -0.003807287 0.022952697 -0.014676511 0.003858330 0.999884844 -2.446174930
144600000 0.506679888 0.900764194 0.500000000 0.500000000 0.000000000 0.000000000 0.999887228 -0.003625588 0.014571836 0.495476339 0.003682036 0.999985814 -0.003848804 0.023989739 -0.014557675 0.003902024 0.999886394 -2.472020394
144640000 0.506679888 0.900764194 0.500000000 0.500000000 0.000000000 0.000000000 0.999887347 -0.003526121 0.014588667 0.497046032 0.003582811 0.999986112 -0.003861586 0.024413903 -0.014574848 0.003913420 0.999886096 -2.489238534
144680000 0.506679888 0.900764194 0.500000000 0.500000000 0.000000000 0.000000000 0.999887168 -0.003471323 0.014613159 0.499097015 0.003528617 0.999986172 -0.003896749 0.025083001 -0.014599430 0.003947874 0.999885619 -2.506558661
