https://www.youtube.com/watch?v=vh9qKNlxy-A
43233333 0.497869357 0.885101062 0.500000000 0.500000000 0.000000000 0.000000000 0.999998689 0.000467057 -0.001559432 0.030702685 -0.000476706 0.999980688 -0.006192335 0.169756837 0.001556510 0.006193070 0.999979615 -0.010349618
43266667 0.497869357 0.885101062 0.500000000 0.500000000 0.000000000 0.000000000 0.999998331 0.000491994 -0.001773614 0.031277542 -0.000503117 0.999980152 -0.006276588 0.177772430 0.001770490 0.006277470 0.999978721 -0.010464257
43300000 0.497869357 0.885101062 0.500000000 0.500000000 0.000000000 0.000000000 0.999998629 0.000396692 -0.001600473 0.030034871 -0.000407383 0.999977589 -0.006685047 0.195224729 0.001597785 0.006685690 0.999976397 -0.009751780
43333333 0.497869357 0.885101062 0.500000000 0.500000000 0.000000000 0.000000000 0.999998927 0.000260305 -0.001437252 0.029036138 -0.000270329 0.999975622 -0.006978231 0.204143254 0.001435400 0.006978612 0.999974608 -0.009360832
43366667 0.497869357 0.885101062 0.500000000 0.500000000 0.000000000 0.000000000 0.999998450 0.000431817 -0.001689659 0.028927759 -0.000443593 0.999975562 -0.006975757 0.212487419 0.001686605 0.006976496 0.999974251 -0.009101935
43400000 0.497869357 0.885101062 0.500000000 0.500000000 0.000000000 0.000000000 0.999998689 0.000429828 -0.001548743 0.028033503 -0.000440844 0.999974549 -0.007119522 0.221052563 0.001545644 0.007120196 0.999973476 -0.008663759
43433333 0.497869357 0.885101062 0.500000000 0.500000000 0.000000000 0.000000000 0.999998987 0.000363713 -0.001389545 0.026350311 -0.000374209 0.999971330 -0.007560591 0.238500165 0.001386755 0.007561103 0.999970436 -0.007841724
43466667 0.497869357 0.885101062 0.500000000 0.500000000 0.000000000 0.000000000 0.999999106 0.000303799 -0.001298464 0.025505307 -0.000313830 0.999970078 -0.007732673 0.247008589 0.001296076 0.007733074 0.999969244 -0.007378162
43500000 0.497869357 0.885101062 0.500000000 0.500000000 0.000000000 0.000000000 0.999999046 0.000360210 -0.001312436 0.024798415 -0.000370566 0.999968708 -0.007899241 0.255904096 0.001309550 0.007899720 0.999967933 -0.007017122
43533333 0.497869357 0.885101062 0.500000000 0.500000000 0.000000000 0.000000000 0.999999225 0.000321561 -0.001219678 0.023979977 -0.000331296 0.999968052 -0.007989748 0.264584577 0.001217070 0.007990147 0.999967337 -0.006690884
43566667 0.497869357 0.885101062 0.500000000 0.500000000 0.000000000 0.000000000 0.999999225 0.000352345 -0.001173834 0.022974476 -0.000361900 0.999966741 -0.008150506 0.273657697 0.001170923 0.008150925 0.999966085 -0.006286602
43600000 0.497869357 0.885101062 0.500000000 0.500000000 0.000000000 0.000000000 0.999999166 0.000402950 -0.001223291 0.021554291 -0.000413357 0.999963641 -0.008518775 0.291933118 0.001219814 0.008519273 0.999962986 -0.005492196
43633333 0.497869357 0.885101062 0.500000000 0.500000000 0.000000000 0.000000000 0.999999404 0.000327345 -0.001024096 0.020600072 -0.000336226 0.999962270 -0.008683166 0.300926496 0.001021215 0.008683505 0.999961793 -0.005074032
43666667 0.497869357 0.885101062 0.500000000 0.500000000 0.000000000 0.000000000 0.999999404 0.000371127 -0.001039448 0.019776163 -0.000380327 0.999960661 -0.008864177 0.309958239 0.001036117 0.008864568 0.999960184 -0.004684395
43700000 0.497869357 0.885101062 0.500000000 0.500000000 0.000000000 0.000000000 0.999999464 0.000460827 -0.000923168 0.019436916 -0.000469098 0.999959588 -0.008979636 0.318895101 0.000918993 0.008980065 0.999959230 -0.004469542
43733333 0.497869357 0.885101062 0.500000000 0.500000000 0.000000000 0.000000000 0.999999404 0.000557579 -0.000934404 0.018701918 -0.000566009 0.999958932 -0.009045630 0.327841693 0.000929322 0.009046153 0.999958634 -0.004127420
43766667 0.497869357 0.885101062 0.500000000 0.500000000 0.000000000 0.000000000 0.999999583 0.000564581 -0.000732842 0.017313609 -0.000571452 0.999955535 -0.009409769 0.346290104 0.000727497 0.009410185 0.999955475 -0.003543121
43800000 0.497869357 0.885101062 0.500000000 0.500000000 0.000000000 0.000000000 0.999999583 0.000664609 -0.000632799 0.016661309 -0.000670587 0.999954700 -0.009493734 0.355324571 0.000626461 0.009494154 0.999954760 -0.003220052
43833333 0.497869357 0.885101062 0.500000000 0.500000000 0.000000000 0.000000000 0.999999583 0.000690105 -0.000645732 0.016338896 -0.000696303 0.999953210 -0.009648947 0.364377196 0.000639043 0.009649392 0.999953210 -0.002924846
43866667 0.497869357 0.885101062 0.500000000 0.500000000 0.000000000 0.000000000 0.999999642 0.000671028 -0.000550899 0.015823262 -0.000676363 0.999952316 -0.009741475 0.373336143 0.000544336 0.009741844 0.999952376 -0.002637990
43900000 0.497869357 0.885101062 0.500000000 0.500000000 0.000000000 0.000000000 0.999999642 0.000614069 -0.000548404 0.015237401 -0.000619523 0.999949813 -0.010000631 0.382603576 0.000542236 0.010000968 0.999949813 -0.002145580
43933333 0.497869357 0.885101062 0.500000000 0.500000000 0.000000000 0.000000000 0.999999642 0.000753590 -0.000392895 0.014667468 -0.000757571 0.999947369 -0.010231538 0.400359144 0.000385164 0.010231832 0.999947608 -0.001239424
43966667 0.497869357 0.885101062 0.500000000 0.500000000 0.000000000 0.000000000 0.999999642 0.000712724 -0.000385593 0.014299060 -0.000716776 0.999943435 -0.010613310 0.409356863 0.000378007 0.010613583 0.999943614 -0.000574557
44000000 0.497869357 0.885101062 0.500000000 0.500000000 0.000000000 0.000000000 0.999999702 0.000729281 -0.000165854 0.013642025 -0.000731058 0.999939442 -0.010979453 0.418704044 0.000157836 0.010979571 0.999939740 0.000174167
44033333 0.497869357 0.885101062 0.500000000 0.500000000 0.000000000 0.000000000 0.999999762 0.000694898 -0.000095938 0.013123939 -0.000695925 0.999937654 -0.011146083 0.427305580 0.000088187 0.011146147 0.999937892 0.000851130
44066667 0.497869357 0.885101062 0.500000000 0.500000000 0.000000000 0.000000000 0.999999762 0.000653205 -0.000033750 0.012638053 -0.000653545 0.999935746 -0.011319535 0.436274942 0.000026354 0.011319554 0.999935925 0.001502180
44100000 0.497869357 0.885101062 0.500000000 0.500000000 0.000000000 0.000000000 0.999999702 0.000750498 0.000023670 0.012171977 -0.000750172 0.999931872 -0.011648885 0.454033833 -0.000032411 0.011648864 0.999932170 0.002704582
44133333 0.497869357 0.885101062 0.500000000 0.500000000 0.000000000 0.000000000 0.999999762 0.000679524 -0.000039819 0.011874671 -0.000679946 0.999930263 -0.011790515 0.462809488 0.000031804 0.011790540 0.999930501 0.003283079
44166667 0.497869357 0.885101062 0.500000000 0.500000000 0.000000000 0.000000000 0.999999702 0.000750282 -0.000226032 0.012208581 -0.000752907 0.999929547 -0.011845790 0.471514463 0.000217129 0.011845957 0.999929786 0.003774122
44200000 0.497869357 0.885101062 0.500000000 0.500000000 0.000000000 0.000000000 0.999999642 0.000835527 -0.000267984 0.012359548 -0.000838708 0.999926448 -0.012098857 0.480309724 0.000257855 0.012099077 0.999926746 0.004469988
44233333 0.497869357 0.885101062 0.500000000 0.500000000 0.000000000 0.000000000 0.999999642 0.000836338 -0.000047553 0.012400176 -0.000836853 0.999925971 -0.012137745 0.489182029 0.000037398 0.012137780 0.999926329 0.005051981
44266667 0.497869357 0.885101062 0.500000000 0.500000000 0.000000000 0.000000000 0.999999404 0.001064142 -0.000165554 0.013600073 -0.001066152 0.999919355 -0.012653672 0.507399295 0.000152075 0.012653842 0.999919951 0.006499742
44300000 0.497869357 0.885101062 0.500000000 0.500000000 0.000000000 0.000000000 0.999999404 0.001113610 -0.000033329 0.014303580 -0.001113947 0.999916613 -0.012865600 0.516605106 0.000018999 0.012865629 0.999917209 0.007171745
44333333 0.497869357 0.885101062 0.500000000 0.500000000 0.000000000 0.000000000 0.999999404 0.001113022 0.000056903 0.014898520 -0.001112186 0.999914587 -0.013024662 0.525470973 -0.000071395 0.013024590 0.999915183 0.007868077
44366667 0.497869357 0.885101062 0.500000000 0.500000000 0.000000000 0.000000000 0.999999404 0.001072840 0.000027075 0.015414353 -0.001072395 0.999914229 -0.013054112 0.534091216 -0.000041077 0.013054076 0.999914765 0.008408889
44400000 0.497869357 0.885101062 0.500000000 0.500000000 0.000000000 0.000000000 0.999999404 0.001057249 -0.000175247 0.016698152 -0.001059497 0.999910176 -0.013360304 0.551822949 0.000161106 0.013360482 0.999910712 0.009673883
44433333 0.497869357 0.885101062 0.500000000 0.500000000 0.000000000 0.000000000 0.999999225 0.001230642 -0.000001877 0.017245060 -0.001230555 0.999908209 -0.013493944 0.560693361 -0.000014729 0.013493937 0.999908924 0.010336313
44466667 0.497869357 0.885101062 0.500000000 0.500000000 0.000000000 0.000000000 0.999999404 0.001106194 0.000029864 0.017855072 -0.001105678 0.999904871 -0.013750695 0.569633523 -0.000045072 0.013750654 0.999905467 0.011090833
44500000 0.497869357 0.885101062 0.500000000 0.500000000 0.000000000 0.000000000 0.999999523 0.000998195 -0.000027090 0.018295468 -0.000998472 0.999905705 -0.013696629 0.578435825 0.000013416 0.013696648 0.999906182 0.011715160
44533333 0.497869357 0.885101062 0.500000000 0.500000000 0.000000000 0.000000000 0.999999344 0.001103124 -0.000212313 0.019341907 -0.001105986 0.999901593 -0.013986489 0.587226289 0.000196863 0.013986715 0.999902189 0.012557223
44566667 0.497869357 0.885101062 0.500000000 0.500000000 0.000000000 0.000000000 0.999999225 0.001228457 -0.000185132 0.020580090 -0.001230997 0.999895394 -0.014409709 0.605090106 0.000167411 0.014409926 0.999896169 0.014505782
44600000 0.497869357 0.885101062 0.500000000 0.500000000 0.000000000 0.000000000 0.999999344 0.001120755 -0.000165669 0.021102750 -0.001123045 0.999893665 -0.014540736 0.613869162 0.000149355 0.014540912 0.999894261 0.015511756
44633333 0.497869357 0.885101062 0.500000000 0.500000000 0.000000000 0.000000000 0.999999344 0.001125209 -0.000161103 0.021646534 -0.001127452 0.999891698 -0.014675792 0.622709898 0.000144572 0.014675965 0.999892294 0.016578409
44666667 0.497869357 0.885101062 0.500000000 0.500000000 0.000000000 0.000000000 0.999999464 0.001034474 -0.000192858 0.022140141 -0.001037228 0.999888837 -0.014874456 0.631713447 0.000177449 0.014874648 0.999889374 0.017735827
44700000 0.497869357 0.885101062 0.500000000 0.500000000 0.000000000 0.000000000 0.999999225 0.001214015 -0.000363006 0.023226699 -0.001219315 0.999887109 -0.014975808 0.640492222 0.000344784 0.014976239 0.999887764 0.018795606
44733333 0.497869357 0.885101062 0.500000000 0.500000000 0.000000000 0.000000000 0.999999106 0.001307931 -0.000219778 0.024023905 -0.001311164 0.999880254 -0.015418375 0.658842811 0.000199585 0.015418650 0.999881089 0.021137727
44766667 0.497869357 0.885101062 0.500000000 0.500000000 0.000000000 0.000000000 0.999999166 0.001197858 -0.000450421 0.024741721 -0.001204778 0.999876201 -0.015690334 0.668048454 0.000431571 0.015690863 0.999876797 0.022468191
44800000 0.497869357 0.885101062 0.500000000 0.500000000 0.000000000 0.000000000 0.999999225 0.001221800 -0.000172026 0.025003004 -0.001224391 0.999871850 -0.015963366 0.677421688 0.000152500 0.015963566 0.999872565 0.023703838
44833333 0.497869357 0.885101062 0.500000000 0.500000000 0.000000000 0.000000000 0.999999285 0.001194750 -0.000182760 0.024831295 -0.001197531 0.999870241 -0.016063135 0.686561219 0.000163545 0.016063342 0.999870956 0.024892719
44866667 0.497869357 0.885101062 0.500000000 0.500000000 0.000000000 0.000000000 0.999999166 0.001281954 -0.000052932 0.025428912 -0.001282648 0.999865413 -0.016356830 0.695824575 0.000031957 0.016356884 0.999866188 0.026253152
44900000 0.497869357 0.885101062 0.500000000 0.500000000 0.000000000 0.000000000 0.999999106 0.001329271 -0.000029200 0.025945093 -0.001329575 0.999856889 -0.016866429 0.714665812 0.000006775 0.016866453 0.999857724 0.029109315
44933333 0.497869357 0.885101062 0.500000000 0.500000000 0.000000000 0.000000000 0.999999046 0.001356886 -0.000166142 0.026403907 -0.001359511 0.999854982 -0.016977224 0.723930980 0.000143081 0.016977435 0.999855876 0.030314305
44966667 0.497869357 0.885101062 0.500000000 0.500000000 0.000000000 0.000000000 0.999998987 0.001421282 -0.000008200 0.026773375 -0.001421212 0.999849916 -0.017266314 0.733637965 -0.000016342 0.017266309 0.999850929 0.031777328
45000000 0.497869357 0.885101062 0.500000000 0.500000000 0.000000000 0.000000000 0.999998808 0.001551154 0.000111018 0.026888937 -0.001548979 0.999846339 -0.017462345 0.743094838 -0.000138088 0.017462151 0.999847531 0.033200958
45033333 0.497869357 0.885101062 0.500000000 0.500000000 0.000000000 0.000000000 0.999999046 0.001386606 0.000145628 0.026880705 -0.001383822 0.999843597 -0.017632999 0.752291079 -0.000170055 0.017632779 0.999844491 0.034457305
45066667 0.497869357 0.885101062 0.500000000 0.500000000 0.000000000 0.000000000 0.999998987 0.001416747 0.000054620 0.027129628 -0.001415543 0.999838889 -0.017894173 0.771121939 -0.000079962 0.017894076 0.999839902 0.036941398
45100000 0.497869357 0.885101062 0.500000000 0.500000000 0.000000000 0.000000000 0.999999106 0.001333640 0.000030158 0.027356821 -0.001332873 0.999834597 -0.018139642 0.780687492 -0.000054344 0.018139586 0.999835491 0.038028264
45133333 0.497869357 0.885101062 0.500000000 0.500000000 0.000000000 0.000000000 0.999999046 0.001380557 -0.000138257 0.027694087 -0.001382867 0.999829829 -0.018394521 0.790282281 0.000112839 0.018394694 0.999830782 0.039414307
45166667 0.497869357 0.885101062 0.500000000 0.500000000 0.000000000 0.000000000 0.999999046 0.001375702 -0.000003348 0.027683617 -0.001375525 0.999825180 -0.018648451 0.800003998 -0.000022308 0.018648438 0.999826074 0.040586392
45200000 0.497869357 0.885101062 0.500000000 0.500000000 0.000000000 0.000000000 0.999998987 0.001429596 -0.000085791 0.027881240 -0.001430950 0.999824226 -0.018694183 0.809719028 0.000059051 0.018694285 0.999825239 0.041742854
45233333 0.497869357 0.885101062 0.500000000 0.500000000 0.000000000 0.000000000 0.999998987 0.001405444 0.000003189 0.028012843 -0.001405125 0.999815166 -0.019174537 0.829514237 -0.000030137 0.019174514 0.999816179 0.044319371
45266667 0.497869357 0.885101062 0.500000000 0.500000000 0.000000000 0.000000000 0.999999106 0.001334524 0.000190986 0.027807930 -0.001330564 0.999810517 -0.019420573 0.839471418 -0.000216867 0.019420302 0.999811411 0.045727111
45300000 0.497869357 0.885101062 0.500000000 0.500000000 0.000000000 0.000000000 0.999999166 0.001279623 0.000197946 0.027747135 -0.001275509 0.999808133 -0.019547762 0.849432742 -0.000222922 0.019547492 0.999808908 0.046771033
45333333 0.497869357 0.885101062 0.500000000 0.500000000 0.000000000 0.000000000 0.999999344 0.001095862 0.000291730 0.027165878 -0.001089845 0.999801695 -0.019883038 0.859728621 -0.000313461 0.019882709 0.999802291 0.048370949
45366667 0.497869357 0.885101062 0.500000000 0.500000000 0.000000000 0.000000000 0.999999166 0.001282313 0.000247094 0.027309942 -0.001277075 0.999796271 -0.020143749 0.879962381 -0.000272875 0.020143416 0.999797046 0.050827077
45400000 0.497869357 0.885101062 0.500000000 0.500000000 0.000000000 0.000000000 0.999999166 0.001279546 0.000302152 0.026954465 -0.001273113 0.999790907 -0.020408576 0.890036628 -0.000328202 0.020408174 0.999791682 0.052225724
45433333 0.497869357 0.885101062 0.500000000 0.500000000 0.000000000 0.000000000 0.999998987 0.001399002 0.000195184 0.027109330 -0.001394723 0.999790430 -0.020425247 0.900072018 -0.000223718 0.020424955 0.999791384 0.053226400
45466667 0.497869357 0.885101062 0.500000000 0.500000000 0.000000000 0.000000000 0.999999166 0.001299456 0.000193996 0.026757641 -0.001295152 0.999783993 -0.020743562 0.910494711 -0.000220909 0.020743294 0.999784827 0.054554942
45500000 0.497869357 0.885101062 0.500000000 0.500000000 0.000000000 0.000000000 0.999998927 0.001446731 0.000187978 0.026714796 -0.001442497 0.999781549 -0.020851830 0.920470455 -0.000218104 0.020851536 0.999782562 0.055663626
45533333 0.497869357 0.885101062 0.500000000 0.500000000 0.000000000 0.000000000 0.999998569 0.001647534 0.000317517 0.026467224 -0.001640371 0.999770164 -0.021374611 0.940791947 -0.000352659 0.021374060 0.999771476 0.058247985
45566667 0.497869357 0.885101062 0.500000000 0.500000000 0.000000000 0.000000000 0.999998689 0.001566956 0.000423580 0.026076206 -0.001557459 0.999766290 -0.021561375 0.950937431 -0.000457267 0.021560686 0.999767423 0.059220381
45600000 0.497869357 0.885101062 0.500000000 0.500000000 0.000000000 0.000000000 0.999998450 0.001676435 0.000481511 0.025804761 -0.001665510 0.999759734 -0.021857399 0.961709511 -0.000518038 0.021856565 0.999760985 0.060656833
45633333 0.497869357 0.885101062 0.500000000 0.500000000 0.000000000 0.000000000 0.999998212 0.001775670 0.000663873 0.025649969 -0.001760558 0.999754012 -0.022109659 0.971908231 -0.000702969 0.022108451 0.999755323 0.061725013
45666667 0.497869357 0.885101062 0.500000000 0.500000000 0.000000000 0.000000000 0.999998331 0.001720872 0.000582266 0.025444503 -0.001707488 0.999750853 -0.022255702 0.981956509 -0.000620420 0.022254672 0.999752164 0.062563672
45700000 0.497869357 0.885101062 0.500000000 0.500000000 0.000000000 0.000000000 0.999998331 0.001666066 0.000762524 0.024308286 -0.001648240 0.999738514 -0.022808721 1.002508243 -0.000800326 0.022807425 0.999739528 0.064592682
45733333 0.497869357 0.885101062 0.500000000 0.500000000 0.000000000 0.000000000 0.999998093 0.001764333 0.000817033 0.024012917 -0.001745223 0.999737859 -0.022828193 1.012346954 -0.000857096 0.022826724 0.999739051 0.065126133
45766667 0.497869357 0.885101062 0.500000000 0.500000000 0.000000000 0.000000000 0.999998331 0.001681371 0.000713369 0.023641183 -0.001664579 0.999735892 -0.022920070 1.022551285 -0.000751718 0.022918845 0.999737024 0.065806301
45800000 0.497869357 0.885101062 0.500000000 0.500000000 0.000000000 0.000000000 0.999998331 0.001590810 0.000869816 0.022996810 -0.001570274 0.999731421 -0.023121877 1.032911061 -0.000906365 0.023120472 0.999732256 0.066503682
45833333 0.497869357 0.885101062 0.500000000 0.500000000 0.000000000 0.000000000 0.999998391 0.001596989 0.000824520 0.022410373 -0.001577381 0.999728262 -0.023257347 1.043020583 -0.000861437 0.023256009 0.999729156 0.067213906
45866667 0.497869357 0.885101062 0.500000000 0.500000000 0.000000000 0.000000000 0.999998212 0.001695190 0.000818984 0.021597123 -0.001675314 0.999717951 -0.023689162 1.063908937 -0.000858911 0.023687748 0.999719024 0.068446196
45900000 0.497869357 0.885101062 0.500000000 0.500000000 0.000000000 0.000000000 0.999998152 0.001672841 0.000958270 0.021150692 -0.001649483 0.999713540 -0.023878124 1.074231682 -0.000997939 0.023876498 0.999714434 0.069032310
45933333 0.497869357 0.885101062 0.500000000 0.500000000 0.000000000 0.000000000 0.999998331 0.001574968 0.000933070 0.020671141 -0.001552061 0.999709249 -0.024062436 1.084554288 -0.000970697 0.024060948 0.999710023 0.069676087
45966667 0.497869357 0.885101062 0.500000000 0.500000000 0.000000000 0.000000000 0.999998271 0.001643018 0.000901100 0.020381352 -0.001620597 0.999702334 -0.024343167 1.094560443 -0.000940828 0.024341663 0.999703228 0.070430908
46000000 0.497869357 0.885101062 0.500000000 0.500000000 0.000000000 0.000000000 0.999998093 0.001684835 0.000959085 0.020131916 -0.001660869 0.999699354 -0.024464160 1.104795933 -0.001000015 0.024462521 0.999700248 0.070958992
46033333 0.497869357 0.885101062 0.500000000 0.500000000 0.000000000 0.000000000 0.999997973 0.001711401 0.001070571 0.018967343 -0.001684236 0.999689043 -0.024880454 1.125702358 -0.001112819 0.024878601 0.999689877 0.072487047
46066667 0.497869357 0.885101062 0.500000000 0.500000000 0.000000000 0.000000000 0.999997795 0.001904805 0.000880757 0.018957693 -0.001882165 0.999684930 -0.025029182 1.135782237 -0.000928155 0.025027469 0.999686360 0.073250505
46100000 0.497869357 0.885101062 0.500000000 0.500000000 0.000000000 0.000000000 0.999997914 0.001781448 0.000990068 0.018412382 -0.001755873 0.999679446 -0.025258103 1.146234362 -0.001034747 0.025256313 0.999680459 0.074027279
46133333 0.497869357 0.885101062 0.500000000 0.500000000 0.000000000 0.000000000 0.999998152 0.001663962 0.000950271 0.017909204 -0.001639148 0.999672413 -0.025542604 1.156477408 -0.000992461 0.025541000 0.999673307 0.074854423
46166667 0.497869357 0.885101062 0.500000000 0.500000000 0.000000000 0.000000000 0.999998271 0.001675723 0.000796082 0.017437294 -0.001654662 0.999666870 -0.025757326 1.166725960 -0.000838979 0.025755964 0.999667883 0.075720191
46200000 0.497869357 0.885101062 0.500000000 0.500000000 0.000000000 0.000000000 0.999998033 0.001734674 0.000975887 0.016582179 -0.001708645 0.999658704 -0.026069133 1.187453665 -0.001020775 0.026067413 0.999659657 0.077141586
46233333 0.497869357 0.885101062 0.500000000 0.500000000 0.000000000 0.000000000 0.999997973 0.001693461 0.001061624 0.016079247 -0.001664822 0.999649525 -0.026420077 1.197941656 -0.001105993 0.026418258 0.999650359 0.077866628
46266667 0.497869357 0.885101062 0.500000000 0.500000000 0.000000000 0.000000000 0.999997973 0.001735788 0.000998051 0.015697154 -0.001708670 0.999645829 -0.026557973 1.208098780 -0.001043796 0.026556214 0.999646783 0.078524619
46300000 0.497869357 0.885101062 0.500000000 0.500000000 0.000000000 0.000000000 0.999998093 0.001691153 0.001001300 0.015429513 -0.001663837 0.999642611 -0.026681036 1.218117518 -0.001046064 0.026679318 0.999643505 0.079045716
46333333 0.497869357 0.885101062 0.500000000 0.500000000 0.000000000 0.000000000 0.999997854 0.001814543 0.001014156 0.014841181 -0.001786086 0.999623239 -0.027389560 1.239328316 -0.001063474 0.027387690 0.999624312 0.080526579
46366667 0.497869357 0.885101062 0.500000000 0.500000000 0.000000000 0.000000000 0.999997973 0.001788334 0.000900800 0.014636165 -0.001762877 0.999619961 -0.027510403 1.249337473 -0.000949656 0.027508760 0.999621093 0.080906336
46400000 0.497869357 0.885101062 0.500000000 0.500000000 0.000000000 0.000000000 0.999997795 0.001863862 0.000942902 0.014338883 -0.001836826 0.999608934 -0.027904093 1.259791579 -0.000994543 0.027902301 0.999610186 0.081825470
46433333 0.497869357 0.885101062 0.500000000 0.500000000 0.000000000 0.000000000 0.999997795 0.001842327 0.001008023 0.013736644 -0.001813273 0.999603450 -0.028101528 1.269887875 -0.001059395 0.028099637 0.999604583 0.082483901
46466667 0.497869357 0.885101062 0.500000000 0.500000000 0.000000000 0.000000000 0.999997914 0.001774069 0.000984697 0.013505416 -0.001745629 0.999601662 -0.028168103 1.280068875 -0.001034277 0.028166326 0.999602735 0.082759289
46500000 0.497869357 0.885101062 0.500000000 0.500000000 0.000000000 0.000000000 0.999997556 0.001833246 0.001241658 0.012580513 -0.001796896 0.999587357 -0.028669275 1.301155224 -0.001293703 0.028666975 0.999588192 0.083990937
46533333 0.497869357 0.885101062 0.500000000 0.500000000 0.000000000 0.000000000 0.999997854 0.001756649 0.001072166 0.012718573 -0.001725058 0.999584079 -0.028786849 1.311482844 -0.001122288 0.028784938 0.999584973 0.084441624
46566667 0.497869357 0.885101062 0.500000000 0.500000000 0.000000000 0.000000000 0.999997497 0.001910021 0.001174005 0.012412087 -0.001875284 0.999580264 -0.028909605 1.321815051 -0.001228731 0.028907331 0.999581337 0.084909012
46600000 0.497869357 0.885101062 0.500000000 0.500000000 0.000000000 0.000000000 0.999997795 0.001771415 0.001117747 0.012140836 -0.001738077 0.999573469 -0.029152974 1.332608387 -0.001168912 0.029150967 0.999574363 0.085503573
46633333 0.497869357 0.885101062 0.500000000 0.500000000 0.000000000 0.000000000 0.999997795 0.001822255 0.001057406 0.012171988 -0.001790475 0.999568641 -0.029315205 1.343171249 -0.001110369 0.029313248 0.999569654 0.085973856
46666667 0.497869357 0.885101062 0.500000000 0.500000000 0.000000000 0.000000000 0.999997973 0.001683674 0.001090271 0.011668951 -0.001650339 0.999551952 -0.029886656 1.364861637 -0.001140101 0.029884795 0.999552727 0.087578584
46700000 0.497869357 0.885101062 0.500000000 0.500000000 0.000000000 0.000000000 0.999998152 0.001590323 0.001082760 0.011690618 -0.001557065 0.999547064 -0.030053923 1.375386347 -0.001130065 0.030052181 0.999547720 0.088394389
46733333 0.497869357 0.885101062 0.500000000 0.500000000 0.000000000 0.000000000 0.999998093 0.001593996 0.001129852 0.011327709 -0.001559030 0.999539614 -0.030300463 1.386029725 -0.001177631 0.030298643 0.999540210 0.089226839
46766667 0.497869357 0.885101062 0.500000000 0.500000000 0.000000000 0.000000000 0.999998033 0.001597656 0.001189912 0.011304947 -0.001560539 0.999531507 -0.030566372 1.396894987 -0.001238189 0.030564453 0.999532044 0.090129142
46800000 0.497869357 0.885101062 0.500000000 0.500000000 0.000000000 0.000000000 0.999998152 0.001462470 0.001234269 0.010855075 -0.001423957 0.999529243 -0.030647811 1.407197047 -0.001278509 0.030645996 0.999529481 0.090745904
46833333 0.497869357 0.885101062 0.500000000 0.500000000 0.000000000 0.000000000 0.999998331 0.001349644 0.001214362 0.010151859 -0.001310850 0.999506056 -0.031399179 1.428743159 -0.001256140 0.031397536 0.999506176 0.093091410
46866667 0.497869357 0.885101062 0.500000000 0.500000000 0.000000000 0.000000000 0.999998331 0.001351817 0.001212430 0.010061725 -0.001313101 0.999506533 -0.031384107 1.438807510 -0.001254258 0.031382460 0.999506652 0.093759248
46900000 0.497869357 0.885101062 0.500000000 0.500000000 0.000000000 0.000000000 0.999998450 0.001377367 0.001077918 0.010348064 -0.001342651 0.999500632 -0.031570464 1.449246757 -0.001120864 0.031568967 0.999500930 0.094711689
46933333 0.497869357 0.885101062 0.500000000 0.500000000 0.000000000 0.000000000 0.999998510 0.001213700 0.001232275 0.009868271 -0.001173816 0.999491453 -0.031866770 1.459517912 -0.001270325 0.031865276 0.999491394 0.095814075
46966667 0.497869357 0.885101062 0.500000000 0.500000000 0.000000000 0.000000000 0.999998391 0.001324962 0.001184724 0.009819576 -0.001286326 0.999485791 -0.032038789 1.470037260 -0.001226565 0.032037217 0.999485910 0.096791015
47033333 0.497869357 0.885101062 0.500000000 0.500000000 0.000000000 0.000000000 0.999998450 0.001119707 0.001373123 0.009562421 -0.001074067 0.999461353 -0.032800626 1.501395370 -0.001409111 0.032799099 0.999460995 0.099703901
47066667 0.497869357 0.885101062 0.500000000 0.500000000 0.000000000 0.000000000 0.999998689 0.001158523 0.001124342 0.010096098 -0.001120791 0.999454796 -0.032998219 1.511847140 -0.001161958 0.032996915 0.999454796 0.100382384
47100000 0.497869357 0.885101062 0.500000000 0.500000000 0.000000000 0.000000000 0.999998450 0.001138495 0.001353261 0.009980260 -0.001092907 0.999447346 -0.033223853 1.522378090 -0.001390338 0.033222321 0.999447048 0.101373235
47133333 0.497869357 0.885101062 0.500000000 0.500000000 0.000000000 0.000000000 0.999998212 0.001278570 0.001374835 0.010242703 -0.001231658 0.999434650 -0.033597711 1.532761370 -0.001417015 0.033595961 0.999434471 0.102703466
47166667 0.497869357 0.885101062 0.500000000 0.500000000 0.000000000 0.000000000 0.999998093 0.001289252 0.001477601 0.010947065 -0.001238228 0.999420166 -0.034027308 1.553234037 -0.001520614 0.034025412 0.999419808 0.104748181
47200000 0.497869357 0.885101062 0.500000000 0.500000000 0.000000000 0.000000000 0.999997437 0.001407430 0.001785763 0.011607925 -0.001345611 0.999415517 -0.034158971 1.563674145 -0.001832796 0.034156483 0.999414802 0.105758490
47233333 0.497869357 0.885101062 0.500000000 0.500000000 0.000000000 0.000000000 0.999997675 0.001343962 0.001697817 0.011882536 -0.001284714 0.999406338 -0.034428388 1.574108345 -0.001743079 0.034426127 0.999405742 0.106805744
47266667 0.497869357 0.885101062 0.500000000 0.500000000 0.000000000 0.000000000 0.999997735 0.001235516 0.001738016 0.013113141 -0.001174954 0.999406576 -0.034424696 1.583944218 -0.001779516 0.034422576 0.999405801 0.107644272
47300000 0.497869357 0.885101062 0.500000000 0.500000000 0.000000000 0.000000000 0.999996960 0.001496678 0.001951813 0.015466973 -0.001427824 0.999392807 -0.034813266 1.604016860 -0.002002732 0.034810375 0.999391913 0.109657049
47333333 0.497869357 0.885101062 0.500000000 0.500000000 0.000000000 0.000000000 0.999997139 0.001380146 0.001946252 0.016599005 -0.001311204 0.999386787 -0.034989830 1.614309048 -0.001993350 0.034987178 0.999385774 0.110651343
47366667 0.497869357 0.885101062 0.500000000 0.500000000 0.000000000 0.000000000 0.999996424 0.001581721 0.002150474 0.018134953 -0.001504819 0.999375522 -0.035303649 1.624609167 -0.002204971 0.035300288 0.999374330 0.111785909
47400000 0.497869357 0.885101062 0.500000000 0.500000000 0.000000000 0.000000000 0.999996364 0.001632880 0.002148883 0.019520714 -0.001555869 0.999373317 -0.035363991 1.634591927 -0.002205281 0.035360519 0.999372184 0.112669188
47433333 0.497869357 0.885101062 0.500000000 0.500000000 0.000000000 0.000000000 0.999996066 0.001660940 0.002260841 0.021045722 -0.001579387 0.999364614 -0.035607688 1.644941531 -0.002318547 0.035603978 0.999363303 0.113929601
47466667 0.497869357 0.885101062 0.500000000 0.500000000 0.000000000 0.000000000 0.999996543 0.001574413 0.002117440 0.024601668 -0.001497289 0.999352694 -0.035944231 1.666390427 -0.002172660 0.035940938 0.999351561 0.115839677
47500000 0.497869357 0.885101062 0.500000000 0.500000000 0.000000000 0.000000000 0.999996722 0.001530081 0.002053866 0.025921851 -0.001454575 0.999340832 -0.036274288 1.677521706 -0.002108014 0.036271181 0.999339759 0.117488761
47533333 0.497869357 0.885101062 0.500000000 0.500000000 0.000000000 0.000000000 0.999996781 0.001539541 0.002015966 0.028473391 -0.001465327 0.999339461 -0.036310911 1.687744033 -0.002070537 0.036307842 0.999338508 0.118316121
47566667 0.497869357 0.885101062 0.500000000 0.500000000 0.000000000 0.000000000 0.999996841 0.001704648 0.001843607 0.030302362 -0.001636139 0.999330699 -0.036544230 1.698571197 -0.001904668 0.036541097 0.999330342 0.119490980
47600000 0.497869357 0.885101062 0.500000000 0.500000000 0.000000000 0.000000000 0.999996245 0.001698435 0.002140927 0.031518850 -0.001618623 0.999323368 -0.036745355 1.708570652 -0.002201888 0.036741752 0.999322355 0.120760475
47633333 0.497869357 0.885101062 0.500000000 0.500000000 0.000000000 0.000000000 0.999996841 0.001616277 0.001926732 0.035979581 -0.001543695 0.999310553 -0.037095409 1.729286442 -0.001985360 0.037092317 0.999309897 0.122367217
47666667 0.497869357 0.885101062 0.500000000 0.500000000 0.000000000 0.000000000 0.999995828 0.001780009 0.002275809 0.037986289 -0.001694025 0.999304891 -0.037241284 1.739267571 -0.002340517 0.037237272 0.999303699 0.123553596
47700000 0.497869357 0.885101062 0.500000000 0.500000000 0.000000000 0.000000000 0.999996245 0.001723962 0.002132954 0.039805934 -0.001643076 0.999300539 -0.037359506 1.749693862 -0.002195869 0.037355863 0.999299586 0.124378641
47733333 0.497869357 0.885101062 0.500000000 0.500000000 0.000000000 0.000000000 0.999996126 0.001777203 0.002143433 0.041637205 -0.001695530 0.999294341 -0.037521955 1.760192885 -0.002208605 0.037518177 0.999293506 0.125299404
47766667 0.497869357 0.885101062 0.500000000 0.500000000 0.000000000 0.000000000 0.999996066 0.001613110 0.002306696 0.043292777 -0.001524724 0.999283433 -0.037818771 1.770746746 -0.002366049 0.037815101 0.999281943 0.126529752
47800000 0.497869357 0.885101062 0.500000000 0.500000000 0.000000000 0.000000000 0.999997199 0.001374168 0.001927348 0.046543128 -0.001299386 0.999266267 -0.038278971 1.792154282 -0.001978535 0.038276359 0.999265254 0.128838152
47833333 0.497869357 0.885101062 0.500000000 0.500000000 0.000000000 0.000000000 0.999996245 0.001472279 0.002302322 0.046532884 -0.001382880 0.999262989 -0.038360920 1.802638591 -0.002357103 0.038357593 0.999261320 0.130509104
47866667 0.497869357 0.885101062 0.500000000 0.500000000 0.000000000 0.000000000 0.999996662 0.001475195 0.002115677 0.048234096 -0.001391981 0.999245703 -0.038808003 1.813611311 -0.002171331 0.038804930 0.999244452 0.132145722
47900000 0.497869357 0.885101062 0.500000000 0.500000000 0.000000000 0.000000000 0.999996483 0.001434738 0.002223698 0.048296737 -0.001347168 0.999242425 -0.038894013 1.823907668 -0.002277816 0.038890883 0.999240875 0.134176973
47933333 0.497869357 0.885101062 0.500000000 0.500000000 0.000000000 0.000000000 0.999996483 0.001391691 0.002256951 0.049449346 -0.001302094 0.999229550 -0.039225340 1.834622978 -0.002309802 0.039222263 0.999227822 0.136092418
47966667 0.497869357 0.885101062 0.500000000 0.500000000 0.000000000 0.000000000 0.999996901 0.001480293 0.002001473 0.051625004 -0.001399634 0.999209940 -0.039717816 1.855853516 -0.002058685 0.039714891 0.999208927 0.140012314
48000000 0.497869357 0.885101062 0.500000000 0.500000000 0.000000000 0.000000000 0.999995828 0.001470150 0.002489643 0.050603447 -0.001369703 0.999203622 -0.039877951 1.866298050 -0.002546287 0.039874375 0.999201477 0.142491566
48033333 0.497869357 0.885101062 0.500000000 0.500000000 0.000000000 0.000000000 0.999996603 0.001373285 0.002211272 0.051390968 -0.001283427 0.999193370 -0.040137295 1.876763690 -0.002264608 0.040134318 0.999191701 0.144330310
48066667 0.497869357 0.885101062 0.500000000 0.500000000 0.000000000 0.000000000 0.999996781 0.001339001 0.002146658 0.051700013 -0.001251372 0.999186218 -0.040315695 1.887373868 -0.002198894 0.040312883 0.999184668 0.146353520
48100000 0.497869357 0.885101062 0.500000000 0.500000000 0.000000000 0.000000000 0.999996006 0.001497693 0.002402964 0.051353932 -0.001399525 0.999184728 -0.040347457 1.897457170 -0.002461433 0.040343933 0.999182820 0.148781562
48133333 0.497869357 0.885101062 0.500000000 0.500000000 0.000000000 0.000000000 0.999996543 0.001285519 0.002293331 0.051301295 -0.001190637 0.999162316 -0.040905654 1.918512024 -0.002343995 0.040902782 0.999160409 0.153050380
48166667 0.497869357 0.885101062 0.500000000 0.500000000 0.000000000 0.000000000 0.999995649 0.001500788 0.002533153 0.050943888 -0.001395958 0.999162674 -0.040889747 1.928394307 -0.002592399 0.040886033 0.999160469 0.155530212
48200000 0.497869357 0.885101062 0.500000000 0.500000000 0.000000000 0.000000000 0.999996006 0.001526592 0.002386003 0.051460599 -0.001427361 0.999155998 -0.041051384 1.938810776 -0.002446658 0.041047812 0.999154210 0.157467956
48233333 0.497869357 0.885101062 0.500000000 0.500000000 0.000000000 0.000000000 0.999996245 0.001416643 0.002357788 0.050697838 -0.001317955 0.999144077 -0.041344102 1.949277183 -0.002414339 0.041340839 0.999142170 0.159618657
48266667 0.497869357 0.885101062 0.500000000 0.500000000 0.000000000 0.000000000 0.999996543 0.001580761 0.002087267 0.051402727 -0.001492004 0.999122322 -0.041860927 1.970288768 -0.002151607 0.041857667 0.999121249 0.163895206
48300000 0.497869357 0.885101062 0.500000000 0.500000000 0.000000000 0.000000000 0.999995768 0.001679647 0.002370799 0.051256918 -0.001578582 0.999116123 -0.042005632 1.980524450 -0.002439258 0.042001713 0.999114573 0.166227772
48333333 0.497869357 0.885101062 0.500000000 0.500000000 0.000000000 0.000000000 0.999996424 0.001475818 0.002229654 0.049998010 -0.001380209 0.999104440 -0.042289853 1.991058485 -0.002290069 0.042286627 0.999102890 0.168493573
48366667 0.497869357 0.885101062 0.500000000 0.500000000 0.000000000 0.000000000 0.999996066 0.001526914 0.002355637 0.050012926 -0.001425599 0.999098539 -0.042427935 2.001385921 -0.002418297 0.042424407 0.999096751 0.170362287
48400000 0.497869357 0.885101062 0.500000000 0.500000000 0.000000000 0.000000000 0.999996603 0.001348029 0.002236556 0.048954768 -0.001251930 0.999098837 -0.042426292 2.011649341 -0.002291733 0.042423349 0.999097109 0.171950395
48433333 0.497869357 0.885101062 0.500000000 0.500000000 0.000000000 0.000000000 0.999996722 0.001466215 0.002096479 0.047861957 -0.001374911 0.999078095 -0.042908262 2.032775100 -0.002157458 0.042905238 0.999076843 0.176089131
48466667 0.497869357 0.885101062 0.500000000 0.500000000 0.000000000 0.000000000 0.999995828 0.001565368 0.002427225 0.047721671 -0.001459474 0.999072611 -0.043032289 2.043342717 -0.002492335 0.043028567 0.999070704 0.177671018
48500000 0.497869357 0.885101062 0.500000000 0.500000000 0.000000000 0.000000000 0.999996126 0.001487993 0.002354008 0.047150718 -0.001384809 0.999063611 -0.043243937 2.054053896 -0.002416150 0.043240510 0.999061763 0.179429493
48533333 0.497869357 0.885101062 0.500000000 0.500000000 0.000000000 0.000000000 0.999996364 0.001352394 0.002340981 0.045886922 -0.001249289 0.999052703 -0.043498237 2.064456982 -0.002397590 0.043495156 0.999050736 0.181277540
48566667 0.497869357 0.885101062 0.500000000 0.500000000 0.000000000 0.000000000 0.999996245 0.001408026 0.002340138 0.045227300 -0.001304646 0.999047935 -0.043606255 2.074830175 -0.002399309 0.043603040 0.999046028 0.182823551
48600000 0.497869357 0.885101062 0.500000000 0.500000000 0.000000000 0.000000000 0.999996662 0.001320258 0.002223097 0.044241377 -0.001221394 0.999035180 -0.043900106 2.095309970 -0.002278912 0.043897245 0.999033451 0.185300492
48633333 0.497869357 0.885101062 0.500000000 0.500000000 0.000000000 0.000000000 0.999996424 0.001383413 0.002284747 0.043669123 -0.001281457 0.999029040 -0.044038411 2.105452712 -0.002343451 0.044035327 0.999027252 0.186617280
48666667 0.497869357 0.885101062 0.500000000 0.500000000 0.000000000 0.000000000 0.999996364 0.001362149 0.002327394 0.043152844 -0.001258012 0.999023080 -0.044174224 2.115714128 -0.002385292 0.044171136 0.999021113 0.187874016
48700000 0.497869357 0.885101062 0.500000000 0.500000000 0.000000000 0.000000000 0.999996841 0.001369200 0.002119689 0.042405469 -0.001273974 0.999017775 -0.044292275 2.125897144 -0.002178252 0.044289432 0.999016345 0.189118225
48733333 0.497869357 0.885101062 0.500000000 0.500000000 0.000000000 0.000000000 0.999996424 0.001494648 0.002230892 0.042158296 -0.001393788 0.999006331 -0.044546925 2.136361248 -0.002295257 0.044543654 0.999004781 0.190291994
48766667 0.497869357 0.885101062 0.500000000 0.500000000 0.000000000 0.000000000 0.999996185 0.001647392 0.002211345 0.041875015 -0.001546543 0.998992205 -0.044857055 2.157398496 -0.002283013 0.044853464 0.998990953 0.192817560
48800000 0.497869357 0.885101062 0.500000000 0.500000000 0.000000000 0.000000000 0.999996066 0.001691074 0.002226607 0.041938335 -0.001588920 0.998980880 -0.045107335 2.167738499 -0.002300618 0.045103621 0.998979688 0.194283536
48833333 0.497869357 0.885101062 0.500000000 0.500000000 0.000000000 0.000000000 0.999995887 0.001748113 0.002282062 0.041986158 -0.001642961 0.998972356 -0.045293421 2.178294986 -0.002358895 0.045289483 0.998971105 0.195324518
48866667 0.497869357 0.885101062 0.500000000 0.500000000 0.000000000 0.000000000 0.999996483 0.001673479 0.002065271 0.041664661 -0.001578004 0.998967886 -0.045395225 2.188532510 -0.002139107 0.045391805 0.998966992 0.196208456
48900000 0.497869357 0.885101062 0.500000000 0.500000000 0.000000000 0.000000000 0.999996305 0.001619163 0.002177287 0.041328034 -0.001518355 0.998961806 -0.045530282 2.198892435 -0.002248747 0.045526810 0.998960614 0.197022517
48933333 0.497869357 0.885101062 0.500000000 0.500000000 0.000000000 0.000000000 0.999996305 0.001476955 0.002291228 0.040986440 -0.001369925 0.998939037 -0.046031475 2.219740304 -0.002356783 0.046028167 0.998937368 0.199439741
48966667 0.497869357 0.885101062 0.500000000 0.500000000 0.000000000 0.000000000 0.999997020 0.001450231 0.001968047 0.041234992 -0.001358008 0.998936892 -0.046079114 2.230228438 -0.002032780 0.046076301 0.998935878 0.200302694
49000000 0.497869357 0.885101062 0.500000000 0.500000000 0.000000000 0.000000000 0.999996960 0.001339655 0.002061922 0.041223495 -0.001242834 0.998928547 -0.046262354 2.240613432 -0.002121688 0.046259653 0.998927176 0.201434448
49033333 0.497869357 0.885101062 0.500000000 0.500000000 0.000000000 0.000000000 0.999996960 0.001398336 0.002039710 0.041746486 -0.001302182 0.998921871 -0.046404313 2.250836677 -0.002102399 0.046401516 0.998920679 0.202416873
49066667 0.497869357 0.885101062 0.500000000 0.500000000 0.000000000 0.000000000 0.999996603 0.001468867 0.002148316 0.042288775 -0.001367496 0.998919666 -0.046449848 2.261307252 -0.002214224 0.046446756 0.998918295 0.203317012
49100000 0.497869357 0.885101062 0.500000000 0.500000000 0.000000000 0.000000000 0.999996424 0.001563959 0.002169204 0.043102226 -0.001460760 0.998903811 -0.046786875 2.282387170 -0.002239999 0.046783540 0.998902559 0.205668495
49133333 0.497869357 0.885101062 0.500000000 0.500000000 0.000000000 0.000000000 0.999996483 0.001606258 0.002099316 0.043849526 -0.001505648 0.998890102 -0.047078013 2.292842567 -0.002172605 0.047074687 0.998889029 0.207206437
49166667 0.497869357 0.885101062 0.500000000 0.500000000 0.000000000 0.000000000 0.999996424 0.001567783 0.002169447 0.044128929 -0.001463311 0.998877406 -0.047347281 2.303347794 -0.002241242 0.047343936 0.998876154 0.208299579
49200000 0.497869357 0.885101062 0.500000000 0.500000000 0.000000000 0.000000000 0.999996662 0.001436682 0.002150197 0.044810332 -0.001332956 0.998870909 -0.047487952 2.313576100 -0.002215994 0.047484927 0.998869479 0.209472103
49233333 0.497869357 0.885101062 0.500000000 0.500000000 0.000000000 0.000000000 0.999996543 0.001446011 0.002205648 0.045338917 -0.001338880 0.998854935 -0.047822628 2.334894303 -0.002272274 0.047819510 0.998853385 0.211698142
49266667 0.497869357 0.885101062 0.500000000 0.500000000 0.000000000 0.000000000 0.999996841 0.001465524 0.002051234 0.045510226 -0.001365244 0.998843372 -0.048063453 2.345361892 -0.002119299 0.048060499 0.998842180 0.212837362
49300000 0.497869357 0.885101062 0.500000000 0.500000000 0.000000000 0.000000000 0.999996662 0.001479159 0.002125062 0.046149483 -0.001375110 0.998838842 -0.048156813 2.355942391 -0.002193826 0.048153728 0.998837531 0.213927021
49333333 0.497869357 0.885101062 0.500000000 0.500000000 0.000000000 0.000000000 0.999997199 0.001363042 0.001931209 0.046398989 -0.001268165 0.998831809 -0.048305497 2.366442726 -0.001994795 0.048302911 0.998830736 0.214823579
49366667 0.497869357 0.885101062 0.500000000 0.500000000 0.000000000 0.000000000 0.999996960 0.001415976 0.002010498 0.047356715 -0.001316779 0.998821735 -0.048511766 2.376698455 -0.002076821 0.048508972 0.998820603 0.216047871
49400000 0.497869357 0.885101062 0.500000000 0.500000000 0.000000000 0.000000000 0.999997199 0.001379370 0.001926556 0.047600072 -0.001283543 0.998803556 -0.048885353 2.398200950 -0.001991682 0.048882745 0.998802543 0.217989694
49433333 0.497869357 0.885101062 0.500000000 0.500000000 0.000000000 0.000000000 0.999997258 0.001169427 0.002027947 0.047017437 -0.001068526 0.998795152 -0.049061745 2.408619649 -0.002082878 0.049059447 0.998793662 0.219151372
49466667 0.497869357 0.885101062 0.500000000 0.500000000 0.000000000 0.000000000 0.999997437 0.001251976 0.001889234 0.047616388 -0.001157208 0.998780549 -0.049356084 2.419506508 -0.001948723 0.049353771 0.998779476 0.220066287
49500000 0.497869357 0.885101062 0.500000000 0.500000000 0.000000000 0.000000000 0.999997020 0.001188191 0.002122950 0.047624561 -0.001081859 0.998778284 -0.049404532 2.430151128 -0.002179058 0.049402088 0.998776615 0.220789190
49533333 0.497869357 0.885101062 0.500000000 0.500000000 0.000000000 0.000000000 0.999997437 0.001251649 0.001883485 0.048617216 -0.001156709 0.998768985 -0.049590349 2.440632821 -0.001943236 0.049588043 0.998767853 0.221896387
49566667 0.497869357 0.885101062 0.500000000 0.500000000 0.000000000 0.000000000 0.999997854 0.000987423 0.001818653 0.048212379 -0.000895580 0.998757482 -0.049826883 2.461860954 -0.001865593 0.049825147 0.998756230 0.223485228
49600000 0.497869357 0.885101062 0.500000000 0.500000000 0.000000000 0.000000000 0.999997616 0.001116542 0.001879949 0.049046380 -0.001021068 0.998746574 -0.050042395 2.472430664 -0.001933467 0.050040357 0.998745322 0.224541174
49633333 0.497869357 0.885101062 0.500000000 0.500000000 0.000000000 0.000000000 0.999997616 0.000967946 0.001945380 0.048233594 -0.000868829 0.998732746 -0.050320320 2.482904714 -0.001991622 0.050318513 0.998731256 0.225950594
49666667 0.497869357 0.885101062 0.500000000 0.500000000 0.000000000 0.000000000 0.999997735 0.000948297 0.001917640 0.048426361 -0.000850248 0.998723686 -0.050499745 2.493362345 -0.001963082 0.050497998 0.998722255 0.227114603
49700000 0.497869357 0.885101062 0.500000000 0.500000000 0.000000000 0.000000000 0.999997735 0.000905743 0.001918946 0.048531434 -0.000807400 0.998716474 -0.050643861 2.503727620 -0.001962353 0.050642200 0.998714924 0.228258812
49733333 0.497869357 0.885101062 0.500000000 0.500000000 0.000000000 0.000000000 0.999998033 0.000935721 0.001764672 0.048814228 -0.000844397 0.998695254 -0.051060010 2.524885494 -0.001810148 0.051058415 0.998694003 0.230852202
49766667 0.497869357 0.885101062 0.500000000 0.500000000 0.000000000 0.000000000 0.999997914 0.001035223 0.001744471 0.049882249 -0.000944501 0.998686612 -0.051227052 2.535582860 -0.001795211 0.051225297 0.998685539 0.232201426
49800000 0.497869357 0.885101062 0.500000000 0.500000000 0.000000000 0.000000000 0.999998033 0.000903847 0.001750937 0.049536854 -0.000812940 0.998685956 -0.051241681 2.545819545 -0.001794951 0.051240157 0.998684764 0.233176238
49833333 0.497869357 0.885101062 0.500000000 0.500000000 0.000000000 0.000000000 0.999998152 0.000827931 0.001721202 0.049654486 -0.000738336 0.998676956 -0.051417921 2.556021248 -0.001761495 0.051416554 0.998675764 0.234467718
49866667 0.497869357 0.885101062 0.500000000 0.500000000 0.000000000 0.000000000 0.999998331 0.000838972 0.001639784 0.048919408 -0.000753438 0.998673558 -0.051483504 2.566512045 -0.001680802 0.051482182 0.998672485 0.235545786
49900000 0.497869357 0.885101062 0.500000000 0.500000000 0.000000000 0.000000000 0.999998212 0.000759101 0.001728730 0.049243872 -0.000668444 0.998654544 -0.051851749 2.587560377 -0.001765765 0.051850501 0.998653293 0.238145325
49933333 0.497869357 0.885101062 0.500000000 0.500000000 0.000000000 0.000000000 0.999998212 0.000712437 0.001737953 0.049558227 -0.000621059 0.998645663 -0.052023396 2.598209069 -0.001772663 0.052022222 0.998644352 0.239495157
49966667 0.497869357 0.885101062 0.500000000 0.500000000 0.000000000 0.000000000 0.999998808 0.000670269 0.001406841 0.049759463 -0.000596026 0.998640358 -0.052125480 2.609146092 -0.001439866 0.052124579 0.998639524 0.240695535
50000000 0.497869357 0.885101062 0.500000000 0.500000000 0.000000000 0.000000000 0.999998331 0.000874377 0.001608593 0.049792872 -0.000789124 0.998633385 -0.052256297 2.619880019 -0.001652086 0.052254941 0.998632431 0.242041947
50033333 0.497869357 0.885101062 0.500000000 0.500000000 0.000000000 0.000000000 0.999998510 0.000694758 0.001586969 0.049148986 -0.000610716 0.998628199 -0.052357387 2.630771546 -0.001621167 0.052356340 0.998627126 0.242958947
50066667 0.497869357 0.885101062 0.500000000 0.500000000 0.000000000 0.000000000 0.999998927 0.000543733 0.001366078 0.048314738 -0.000471042 0.998612404 -0.052659597 2.652615900 -0.001392815 0.052658897 0.998611569 0.245493100
50100000 0.497869357 0.885101062 0.500000000 0.500000000 0.000000000 0.000000000 0.999998569 0.000589866 0.001600244 0.047608174 -0.000504517 0.998603880 -0.052820586 2.663687629 -0.001629167 0.052819703 0.998602748 0.246893223
50133333 0.497869357 0.885101062 0.500000000 0.500000000 0.000000000 0.000000000 0.999998927 0.000544300 0.001368778 0.047432105 -0.000470789 0.998586714 -0.053144090 2.675146054 -0.001395770 0.053143386 0.998585939 0.248784120
50166667 0.497869357 0.885101062 0.500000000 0.500000000 0.000000000 0.000000000 0.999998748 0.000459080 0.001506977 0.046643714 -0.000378144 0.998579800 -0.053274699 2.686192301 -0.001529294 0.053274062 0.998578787 0.249658194
50200000 0.497869357 0.885101062 0.500000000 0.500000000 0.000000000 0.000000000 0.999998987 0.000372162 0.001362009 0.045850683 -0.000298668 0.998564184 -0.053567652 2.708852117 -0.001379989 0.053567190 0.998563290 0.252681193
50233333 0.497869357 0.885101062 0.500000000 0.500000000 0.000000000 0.000000000 0.999998987 0.000505433 0.001322312 0.045953043 -0.000433654 0.998555362 -0.053731337 2.719982894 -0.001347560 0.053730711 0.998554528 0.254101896
50266667 0.497869357 0.885101062 0.500000000 0.500000000 0.000000000 0.000000000 0.999998927 0.000453711 0.001396381 0.044676819 -0.000377905 0.998550773 -0.053816829 2.731285021 -0.001418774 0.053816240 0.998549819 0.255256197
50300000 0.497869357 0.885101062 0.500000000 0.500000000 0.000000000 0.000000000 0.999999046 0.000389534 0.001333821 0.043651418 -0.000316917 0.998539984 -0.054016795 2.742526808 -0.001352914 0.054016318 0.998539150 0.256713520
50333333 0.497869357 0.885101062 0.500000000 0.500000000 0.000000000 0.000000000 0.999998927 0.000352184 0.001421337 0.042877318 -0.000274859 0.998538673 -0.054041490 2.753465511 -0.001438293 0.054041043 0.998537660 0.257143830
50366667 0.497869357 0.885101062 0.500000000 0.500000000 0.000000000 0.000000000 0.999998808 0.000273941 0.001514532 0.041511399 -0.000191278 0.998523951 -0.054312862 2.776309862 -0.001527175 0.054312509 0.998522818 0.259684352
50400000 0.497869357 0.885101062 0.500000000 0.500000000 0.000000000 0.000000000 0.999998987 0.000312322 0.001373889 0.042218021 -0.000236936 0.998511970 -0.054532547 2.787883994 -0.001388876 0.054532167 0.998511076 0.261138184
50433333 0.497869357 0.885101062 0.500000000 0.500000000 0.000000000 0.000000000 0.999999046 0.000131960 0.001363813 0.041360839 -0.000057324 0.998509288 -0.054581508 2.799180047 -0.001368982 0.054581378 0.998508394 0.261617089
50466667 0.497869357 0.885101062 0.500000000 0.500000000 0.000000000 0.000000000 0.999999285 -0.000031760 0.001171746 0.040573742 0.000095762 0.998504937 -0.054661442 2.810677260 -0.001168258 0.054661520 0.998504281 0.262704527
50500000 0.497869357 0.885101062 0.500000000 0.500000000 0.000000000 0.000000000 0.999999106 -0.000132827 0.001334474 0.039704203 0.000205629 0.998502612 -0.054703914 2.822353841 -0.001325210 0.054704141 0.998501718 0.262921484
50533333 0.497869357 0.885101062 0.500000000 0.500000000 0.000000000 0.000000000 0.999999106 -0.000236262 0.001328270 0.038377236 0.000308847 0.998490989 -0.054914847 2.845874024 -0.001313292 0.054915205 0.998490155 0.265054862
50566667 0.497869357 0.885101062 0.500000000 0.500000000 0.000000000 0.000000000 0.999999106 -0.000300077 0.001320024 0.037209967 0.000372278 0.998484075 -0.055040475 2.857819686 -0.001301507 0.055040915 0.998483241 0.265792933
50600000 0.497869357 0.885101062 0.500000000 0.500000000 0.000000000 0.000000000 0.999999106 -0.000334881 0.001296411 0.036902487 0.000405766 0.998482466 -0.055068940 2.869500694 -0.001276002 0.055069417 0.998481691 0.266548516
50633333 0.497869357 0.885101062 0.500000000 0.500000000 0.000000000 0.000000000 0.999998927 -0.000350642 0.001424238 0.035899295 0.000428884 0.998468995 -0.055312999 2.881239831 -0.001402662 0.055313550 0.998468041 0.267206863
50666667 0.497869357 0.885101062 0.500000000 0.500000000 0.000000000 0.000000000 0.999998987 -0.000538412 0.001300160 0.035823015 0.000609777 0.998456955 -0.055527803 2.893751663 -0.001268257 0.055528540 0.998456299 0.268695225
50700000 0.497869357 0.885101062 0.500000000 0.500000000 0.000000000 0.000000000 0.999998808 -0.000755399 0.001337755 0.033765310 0.000828771 0.998445868 -0.055723578 2.917376538 -0.001293582 0.055724621 0.998445332 0.269945488
50733333 0.497869357 0.885101062 0.500000000 0.500000000 0.000000000 0.000000000 0.999998629 -0.000731453 0.001467367 0.032605495 0.000812164 0.998442769 -0.055779863 2.929175969 -0.001424282 0.055780981 0.998441994 0.270247091
50766667 0.497869357 0.885101062 0.500000000 0.500000000 0.000000000 0.000000000 0.999998510 -0.000954638 0.001455304 0.030933822 0.001034368 0.998441041 -0.055807110 2.940548480 -0.001399760 0.055808533 0.998440504 0.270599205
50800000 0.497869357 0.885101062 0.500000000 0.500000000 0.000000000 0.000000000 0.999998271 -0.001095810 0.001511068 0.029545995 0.001178573 0.998435438 -0.055904403 2.952430293 -0.001447443 0.055906087 0.998434961 0.270685971
50833333 0.497869357 0.885101062 0.500000000 0.500000000 0.000000000 0.000000000 0.999998212 -0.001245893 0.001405449 0.028270147 0.001322643 0.998429894 -0.055999476 2.963908476 -0.001333473 0.056001239 0.998429835 0.271091640
50866667 0.497869357 0.885101062 0.500000000 0.500000000 0.000000000 0.000000000 0.999998033 -0.001436214 0.001384136 0.025789453 0.001511636 0.998422563 -0.056125294 2.987352508 -0.001301344 0.056127273 0.998422801 0.271190192
50900000 0.497869357 0.885101062 0.500000000 0.500000000 0.000000000 0.000000000 0.999997854 -0.001455149 0.001481187 0.025341104 0.001536169 0.998415291 -0.056254063 2.999077193 -0.001396982 0.056256216 0.998415411 0.271707714
50933333 0.497869357 0.885101062 0.500000000 0.500000000 0.000000000 0.000000000 0.999997616 -0.001477700 0.001592660 0.024232906 0.001564902 0.998417258 -0.056218356 3.011369991 -0.001507066 0.056220714 0.998417199 0.271585256
50966667 0.497869357 0.885101062 0.500000000 0.500000000 0.000000000 0.000000000 0.999997675 -0.001569481 0.001493675 0.022964450 0.001651231 0.998406768 -0.056402087 3.023619727 -0.001402773 0.056404423 0.998407006 0.271992076
51000000 0.497869357 0.885101062 0.500000000 0.500000000 0.000000000 0.000000000 0.999997377 -0.001608860 0.001641999 0.022232722 0.001699051 0.998401701 -0.056490682 3.035904192 -0.001548489 0.056493323 0.998401761 0.272105333
51033333 0.497869357 0.885101062 0.500000000 0.500000000 0.000000000 0.000000000 0.999997318 -0.001689887 0.001599105 0.021012930 0.001778148 0.998378038 -0.056904566 3.060428942 -0.001500349 0.056907255 0.998378336 0.273013835
51066667 0.497869357 0.885101062 0.500000000 0.500000000 0.000000000 0.000000000 0.999997079 -0.001878395 0.001516631 0.019953833 0.001961509 0.998383641 -0.056799702 3.071595943 -0.001407487 0.056802515 0.998384416 0.272663585
51100000 0.497869357 0.885101062 0.500000000 0.500000000 0.000000000 0.000000000 0.999997020 -0.001813103 0.001647601 0.019558114 0.001904247 0.998365819 -0.057114404 3.084299868 -0.001541354 0.057117369 0.998366296 0.273450577
51133333 0.497869357 0.885101062 0.500000000 0.500000000 0.000000000 0.000000000 0.999996781 -0.001971924 0.001605353 0.018111973 0.002060258 0.998370826 -0.057021528 3.095658934 -0.001490295 0.057024650 0.998371661 0.273701776
51166667 0.497869357 0.885101062 0.500000000 0.500000000 0.000000000 0.000000000 0.999996126 -0.002315406 0.001555128 0.016071851 0.002400278 0.998371601 -0.056994140 3.120025140 -0.001420631 0.056997653 0.998373330 0.273842304
