https://www.youtube.com/watch?v=t0Oj6Hu2BYM
30597233 0.486055406 0.864098564 0.500000000 0.500000000 0.000000000 0.000000000 0.998979747 0.018591920 0.041155346 0.365662291 -0.019625217 0.999498606 0.024847249 0.260505836 -0.040672753 -0.025629580 0.998843729 -0.209882626
30630600 0.486055406 0.864098564 0.500000000 0.500000000 0.000000000 0.000000000 0.998905838 0.019144043 0.042668790 0.371441797 -0.020221727 0.999483645 0.024970088 0.263974853 -0.042168729 -0.025805602 0.998777211 -0.246310142
30663967 0.486055406 0.864098564 0.500000000 0.500000000 0.000000000 0.000000000 0.998820007 0.019819761 0.044336461 0.376344080 -0.020945571 0.999466181 0.025073625 0.267251572 -0.043815836 -0.025972692 0.998701930 -0.282664232
30697333 0.486055406 0.864098564 0.500000000 0.500000000 0.000000000 0.000000000 0.998736620 0.020496439 0.045880459 0.382024385 -0.021665676 0.999449313 0.025133833 0.270980374 -0.045340039 -0.026096111 0.998630702 -0.318801170
30730700 0.486055406 0.864098564 0.500000000 0.500000000 0.000000000 0.000000000 0.998653829 0.021014467 0.047422774 0.387616926 -0.022217177 0.999441087 0.024978485 0.274785617 -0.046871360 -0.025998460 0.998562574 -0.355277871
30764067 0.486055406 0.864098564 0.500000000 0.500000000 0.000000000 0.000000000 0.998572469 0.021394741 0.048941389 0.392802189 -0.022637578 0.999431551 0.024982598 0.277998445 -0.048379071 -0.026054848 0.998489141 -0.391867762
30797433 0.486055406 0.864098564 0.500000000 0.500000000 0.000000000 0.000000000 0.998487949 0.021751605 0.050484933 0.397908637 -0.023028677 0.999425828 0.024853747 0.281031645 -0.049915336 -0.025978768 0.998415530 -0.428901431
30830800 0.486055406 0.864098564 0.500000000 0.500000000 0.000000000 0.000000000 0.998405039 0.022089571 0.051956024 0.402483384 -0.023391014 0.999424279 0.024575641 0.284857069 -0.051383249 -0.025751749 0.998346925 -0.465011644
30864167 0.486055406 0.864098564 0.500000000 0.500000000 0.000000000 0.000000000 0.998329997 0.022298492 0.053291097 0.407363168 -0.023623206 0.999424160 0.024358749 0.288418404 -0.052717246 -0.025576977 0.998281896 -0.501339594
30897533 0.486055406 0.864098564 0.500000000 0.500000000 0.000000000 0.000000000 0.998267293 0.022546887 0.054351047 0.412020053 -0.023889039 0.999422371 0.024172179 0.291972482 -0.053774644 -0.025428690 0.998229265 -0.537929544
30930900 0.486055406 0.864098564 0.500000000 0.500000000 0.000000000 0.000000000 0.998215556 0.022721820 0.055221789 0.417036049 -0.024081189 0.999420047 0.024077002 0.294937640 -0.054642685 -0.025363844 0.998183787 -0.574216617
30964267 0.486055406 0.864098564 0.500000000 0.500000000 0.000000000 0.000000000 0.998180151 0.022863986 0.055799767 0.422330244 -0.024218725 0.999425113 0.023724275 0.297779219 -0.055225261 -0.025032500 0.998160064 -0.611216742
30997633 0.486055406 0.864098564 0.500000000 0.500000000 0.000000000 0.000000000 0.998148859 0.022861931 0.056357421 0.427563389 -0.024217112 0.999430895 0.023481600 0.300381050 -0.055788513 -0.024802946 0.998134494 -0.649339679
31031000 0.486055406 0.864098564 0.500000000 0.500000000 0.000000000 0.000000000 0.998114347 0.023051715 0.056888834 0.433273501 -0.024405252 0.999432623 0.023213636 0.303597116 -0.056321442 -0.024558250 0.998110592 -0.685657813
31064367 0.486055406 0.864098564 0.500000000 0.500000000 0.000000000 0.000000000 0.998080909 0.023137759 0.057438232 0.438752306 -0.024489881 0.999436617 0.022949165 0.306885118 -0.056874882 -0.024311779 0.998085260 -0.721625784
31097733 0.486055406 0.864098564 0.500000000 0.500000000 0.000000000 0.000000000 0.998065710 0.022707969 0.057871953 0.444847416 -0.024052475 0.999454260 0.022642670 0.310832617 -0.057326201 -0.023990838 0.998067200 -0.757758255
31131100 0.486055406 0.864098564 0.500000000 0.500000000 0.000000000 0.000000000 0.998040020 0.022409907 0.058429059 0.451097887 -0.023769695 0.999460101 0.022682182 0.314221465 -0.057889208 -0.024026567 0.998033822 -0.793859197
31164467 0.486055406 0.864098564 0.500000000 0.500000000 0.000000000 0.000000000 0.998028338 0.021936353 0.058806300 0.458484028 -0.023309691 0.999468923 0.022770138 0.317190966 -0.058275577 -0.024096001 0.998009682 -0.829207835
31197833 0.486055406 0.864098564 0.500000000 0.500000000 0.000000000 0.000000000 0.998027802 0.021491239 0.058979657 0.466694243 -0.022845434 0.999488413 0.022382855 0.321897646 -0.058468446 -0.023686128 0.998008192 -0.864886010
31231200 0.486055406 0.864098564 0.500000000 0.500000000 0.000000000 0.000000000 0.998043299 0.021088049 0.058862649 0.476651083 -0.022418395 0.999505877 0.022032641 0.326758556 -0.058368936 -0.023309138 0.998022914 -0.901042875
31264567 0.486055406 0.864098564 0.500000000 0.500000000 0.000000000 0.000000000 0.998065174 0.020892652 0.058560725 0.487779268 -0.022188071 0.999521315 0.021558648 0.331900649 -0.058082275 -0.022816285 0.998051047 -0.936994495
31297933 0.486055406 0.864098564 0.500000000 0.500000000 0.000000000 0.000000000 0.998078406 0.020605860 0.058436699 0.498820607 -0.021862702 0.999541461 0.020950558 0.337442952 -0.057978198 -0.022187883 0.998071253 -0.972412950
31331300 0.486055406 0.864098564 0.500000000 0.500000000 0.000000000 0.000000000 0.998092532 0.020442886 0.058252845 0.510994786 -0.021663856 0.999557018 0.020405900 0.342368927 -0.057809886 -0.021628957 0.998093307 -1.008112513
31364667 0.486055406 0.864098564 0.500000000 0.500000000 0.000000000 0.000000000 0.998106420 0.020127805 0.058124680 0.523182062 -0.021311780 0.999576330 0.019821983 0.347611263 -0.057701081 -0.021023188 0.998112500 -1.043413957
31398033 0.486055406 0.864098564 0.500000000 0.500000000 0.000000000 0.000000000 0.998121917 0.019687969 0.058009136 0.536007693 -0.020843307 0.999594927 0.019379145 0.352604597 -0.057604101 -0.020551851 0.998127937 -1.079029880
31431400 0.486055406 0.864098564 0.500000000 0.500000000 0.000000000 0.000000000 0.998128653 0.019418934 0.057983629 0.548657075 -0.020533813 0.999614358 0.018693946 0.358368562 -0.057598252 -0.019849587 0.998142481 -1.115497985
31464767 0.486055406 0.864098564 0.500000000 0.500000000 0.000000000 0.000000000 0.998146236 0.018852016 0.057867713 0.561877129 -0.019930905 0.999637067 0.018123811 0.363750562 -0.057505041 -0.019243570 0.998159707 -1.151485156
31498133 0.486055406 0.864098564 0.500000000 0.500000000 0.000000000 0.000000000 0.998178780 0.018447356 0.057435002 0.576148084 -0.019481445 0.999657094 0.017496886 0.369356951 -0.057092536 -0.018583937 0.998195887 -1.187041444
31531500 0.486055406 0.864098564 0.500000000 0.500000000 0.000000000 0.000000000 0.998213887 0.018102167 0.056933198 0.590431193 -0.019094381 0.999674320 0.016932234 0.375517368 -0.056608148 -0.017989093 0.998234391 -1.222002490
31564867 0.486055406 0.864098564 0.500000000 0.500000000 0.000000000 0.000000000 0.998242676 0.018060056 0.056439664 0.604732165 -0.019001072 0.999688506 0.016180985 0.381171351 -0.056129854 -0.017224964 0.998274863 -1.256665546
31598233 0.486055406 0.864098564 0.500000000 0.500000000 0.000000000 0.000000000 0.998277605 0.018126545 0.055796247 0.619752386 -0.019017154 0.999699414 0.015472407 0.387210221 -0.055499014 -0.016506843 0.998322308 -1.290410128
31631600 0.486055406 0.864098564 0.500000000 0.500000000 0.000000000 0.000000000 0.998302639 0.018398490 0.055257536 0.634560986 -0.019247754 0.999704063 0.014876474 0.393269203 -0.054967482 -0.015914805 0.998361290 -1.323423957
31664967 0.486055406 0.864098564 0.500000000 0.500000000 0.000000000 0.000000000 0.998334885 0.018330770 0.054693684 0.648867605 -0.019156015 0.999709845 0.014602539 0.397534331 -0.054410137 -0.015625939 0.998396397 -1.356792268
31698333 0.486055406 0.864098564 0.500000000 0.500000000 0.000000000 0.000000000 0.998350620 0.018618055 0.054307949 0.662742155 -0.019394677 0.999716520 0.013808494 0.404129633 -0.054035466 -0.014839004 0.998428762 -1.389363275
31731700 0.486055406 0.864098564 0.500000000 0.500000000 0.000000000 0.000000000 0.998368382 0.018811675 0.053913418 0.676759961 -0.019546226 0.999722719 0.013129851 0.409866237 -0.053651474 -0.014162232 0.998459280 -1.421822280
31765067 0.486055406 0.864098564 0.500000000 0.500000000 0.000000000 0.000000000 0.998378396 0.019143445 0.053610850 0.690416665 -0.019835027 0.999726415 0.012397774 0.416083593 -0.053358845 -0.013441043 0.998484910 -1.453837399
31798433 0.486055406 0.864098564 0.500000000 0.500000000 0.000000000 0.000000000 0.998401761 0.019086169 0.053194243 0.704371841 -0.019747382 0.999733806 0.011932368 0.420276305 -0.052952342 -0.012963745 0.998512864 -1.486409317
31831800 0.486055406 0.864098564 0.500000000 0.500000000 0.000000000 0.000000000 0.998420417 0.019196523 0.052803025 0.717830770 -0.019814055 0.999740958 0.011196448 0.425032618 -0.052574415 -0.012225005 0.998542190 -1.519077303
31865167 0.486055406 0.864098564 0.500000000 0.500000000 0.000000000 0.000000000 0.998429239 0.019489767 0.052528169 0.730351608 -0.020062733 0.999744594 0.010402611 0.429989354 -0.052312009 -0.011440129 0.998565257 -1.551945035
31898533 0.486055406 0.864098564 0.500000000 0.500000000 0.000000000 0.000000000 0.998458505 0.019759303 0.051867496 0.744172088 -0.020299563 0.999744833 0.009910043 0.433432078 -0.051658444 -0.010947654 0.998604774 -1.584064283
31931900 0.486055406 0.864098564 0.500000000 0.500000000 0.000000000 0.000000000 0.998496592 0.020271191 0.050928265 0.758234674 -0.020775491 0.999740064 0.009392317 0.436900552 -0.050724633 -0.010436255 0.998658121 -1.616330522
31965267 0.486055406 0.864098564 0.500000000 0.500000000 0.000000000 0.000000000 0.998538852 0.020839551 0.049858578 0.772649739 -0.021308798 0.999733329 0.008898524 0.439771967 -0.049659844 -0.009947948 0.998716652 -1.648907543
31998633 0.486055406 0.864098564 0.500000000 0.500000000 0.000000000 0.000000000 0.998585820 0.021392567 0.048669983 0.787839586 -0.021823889 0.999726951 0.008348039 0.442774915 -0.048478108 -0.009398402 0.998780012 -1.681557704
32032000 0.486055406 0.864098564 0.500000000 0.500000000 0.000000000 0.000000000 0.998629808 0.021884127 0.047535047 0.802903396 -0.022274856 0.999722183 0.007705641 0.446217578 -0.047353208 -0.008753919 0.998839855 -1.714730538
32065367 0.486055406 0.864098564 0.500000000 0.500000000 0.000000000 0.000000000 0.998671055 0.022333467 0.046447016 0.817582374 -0.022683257 0.999718070 0.007017517 0.449575974 -0.046277195 -0.008061761 0.998896122 -1.747225196
32098733 0.486055406 0.864098564 0.500000000 0.500000000 0.000000000 0.000000000 0.998706996 0.022820419 0.045426000 0.832163579 -0.023132257 0.999712229 0.006350882 0.453311480 -0.045267999 -0.007393477 0.998947501 -1.779781269
32132100 0.486055406 0.864098564 0.500000000 0.500000000 0.000000000 0.000000000 0.998741269 0.023364913 0.044384200 0.846743662 -0.023640683 0.999704301 0.005698470 0.457547755 -0.044237930 -0.006740571 0.998998284 -1.812082143
32165467 0.486055406 0.864098564 0.500000000 0.500000000 0.000000000 0.000000000 0.998772323 0.023730125 0.043482140 0.861114217 -0.023979288 0.999698818 0.005217546 0.461877610 -0.043345232 -0.006253811 0.999040604 -1.844036025
32198833 0.486055406 0.864098564 0.500000000 0.500000000 0.000000000 0.000000000 0.998804867 0.023935903 0.042613100 0.876073359 -0.024170315 0.999695361 0.004994177 0.465427540 -0.042480581 -0.006018180 0.999079168 -1.875276391
32232200 0.486055406 0.864098564 0.500000000 0.500000000 0.000000000 0.000000000 0.998838484 0.023993421 0.041784905 0.890396147 -0.024215249 0.999695182 0.004810714 0.468852550 -0.041656744 -0.005816958 0.999115050 -1.906536941
32265567 0.486055406 0.864098564 0.500000000 0.500000000 0.000000000 0.000000000 0.998865008 0.024478737 0.040859915 0.904704736 -0.024675678 0.999686182 0.004322472 0.473987271 -0.040741283 -0.005325811 0.999155521 -1.937468737
32298933 0.486055406 0.864098564 0.500000000 0.500000000 0.000000000 0.000000000 0.998901129 0.024662854 0.039852604 0.920045407 -0.024852978 0.999681950 0.004282227 0.477482551 -0.039734319 -0.005267978 0.999196410 -1.967687043
32332300 0.486055406 0.864098564 0.500000000 0.500000000 0.000000000 0.000000000 0.998924196 0.025160424 0.038953915 0.935586134 -0.025341621 0.999670148 0.004164723 0.481131529 -0.038836282 -0.005147398 0.999232352 -1.997662937
32365667 0.486055406 0.864098564 0.500000000 0.500000000 0.000000000 0.000000000 0.998947501 0.025540004 0.038099289 0.951283304 -0.025709625 0.999661565 0.003968765 0.484981169 -0.037985034 -0.004944107 0.999266088 -2.027553243
32399033 0.486055406 0.864098564 0.500000000 0.500000000 0.000000000 0.000000000 0.998967648 0.025799578 0.037390370 0.966547306 -0.025956711 0.999656141 0.003723077 0.488299880 -0.037281461 -0.004689765 0.999293804 -2.057903301
32432400 0.486055406 0.864098564 0.500000000 0.500000000 0.000000000 0.000000000 0.998983145 0.026149802 0.036727238 0.982056132 -0.026289405 0.999648869 0.003323215 0.492024833 -0.036627442 -0.004285373 0.999319792 -2.088226009
32465767 0.486055406 0.864098564 0.500000000 0.500000000 0.000000000 0.000000000 0.999004960 0.026271118 0.036041200 0.997789856 -0.026401419 0.999646485 0.003144163 0.494511304 -0.035945859 -0.004092573 0.999345362 -2.119019367
32499133 0.486055406 0.864098564 0.500000000 0.500000000 0.000000000 0.000000000 0.999026418 0.026368570 0.035368040 1.013811558 -0.026483711 0.999645352 0.002790909 0.497264449 -0.035281904 -0.003724869 0.999370456 -2.150073848
32532500 0.486055406 0.864098564 0.500000000 0.500000000 0.000000000 0.000000000 0.999050319 0.026370708 0.034685154 1.029386250 -0.026472714 0.999646425 0.002484913 0.499996874 -0.034607362 -0.003400763 0.999395192 -2.181596140
32565867 0.486055406 0.864098564 0.500000000 0.500000000 0.000000000 0.000000000 0.999079764 0.026238633 0.033929504 1.045617209 -0.026327422 0.999651015 0.002172693 0.503047767 -0.033860657 -0.003063970 0.999421895 -2.212960268
32599233 0.486055406 0.864098564 0.500000000 0.500000000 0.000000000 0.000000000 0.999109507 0.025967961 0.033253737 1.061427488 -0.026044589 0.999659002 0.001873183 0.506493977 -0.033193756 -0.002737595 0.999445200 -2.245284168
32632600 0.486055406 0.864098564 0.500000000 0.500000000 0.000000000 0.000000000 0.999151289 0.025263878 0.032533035 1.077446397 -0.025335373 0.999677420 0.001787220 0.510327743 -0.032477386 -0.002609940 0.999469042 -2.277760488
32665967 0.486055406 0.864098564 0.500000000 0.500000000 0.000000000 0.000000000 0.999184489 0.024770353 0.031887628 1.093031897 -0.024842696 0.999689639 0.001874460 0.513812712 -0.031831298 -0.002665106 0.999489725 -2.309873063
32699333 0.486055406 0.864098564 0.500000000 0.500000000 0.000000000 0.000000000 0.999217510 0.024224970 0.031265933 1.107890246 -0.024288472 0.999703646 0.001652754 0.518803901 -0.031216629 -0.002410862 0.999509752 -2.341986393
32732700 0.486055406 0.864098564 0.500000000 0.500000000 0.000000000 0.000000000 0.999258101 0.023485068 0.030523339 1.123396183 -0.023546007 0.999721408 0.001638528 0.522735412 -0.030476354 -0.002356015 0.999532700 -2.373529490
32766067 0.486055406 0.864098564 0.500000000 0.500000000 0.000000000 0.000000000 0.999289334 0.023005344 0.029859103 1.138168110 -0.023066416 0.999732494 0.001702459 0.526144086 -0.029811950 -0.002389992 0.999552667 -2.404912063
32799433 0.486055406 0.864098564 0.500000000 0.500000000 0.000000000 0.000000000 0.999327064 0.022314623 0.029110994 1.153104459 -0.022379547 0.999747753 0.001906286 0.529243001 -0.029061113 -0.002556494 0.999574363 -2.435739845
32832800 0.486055406 0.864098564 0.500000000 0.500000000 0.000000000 0.000000000 0.999360085 0.021717513 0.028421761 1.167570578 -0.021784112 0.999760628 0.002035649 0.532151623 -0.028370749 -0.002653489 0.999593973 -2.466367208
32866167 0.486055406 0.864098564 0.500000000 0.500000000 0.000000000 0.000000000 0.999393344 0.021271199 0.027576383 1.182098804 -0.021342121 0.999769628 0.002280046 0.534567856 -0.027521532 -0.002867202 0.999617100 -2.496676405
32899533 0.486055406 0.864098564 0.500000000 0.500000000 0.000000000 0.000000000 0.999432027 0.020772377 0.026536144 1.197052564 -0.020851152 0.999778986 0.002695328 0.536464605 -0.026474291 -0.003247106 0.999644220 -2.527143382
32932900 0.486055406 0.864098564 0.500000000 0.500000000 0.000000000 0.000000000 0.999469995 0.020278942 0.025465548 1.212086895 -0.020362552 0.999788046 0.003028257 0.538166429 -0.025398741 -0.003545195 0.999671102 -2.557772391
32966267 0.486055406 0.864098564 0.500000000 0.500000000 0.000000000 0.000000000 0.999508619 0.019752430 0.024338618 1.227264813 -0.019842975 0.999797046 0.003484334 0.539543071 -0.024264853 -0.003965573 0.999697685 -2.588353241
32999633 0.486055406 0.864098564 0.500000000 0.500000000 0.000000000 0.000000000 0.999540508 0.019287072 0.023383053 1.241861832 -0.019384574 0.999804318 0.003950268 0.541160070 -0.023302287 -0.004401724 0.999718785 -2.619718993
33033000 0.486055406 0.864098564 0.500000000 0.500000000 0.000000000 0.000000000 0.999573827 0.018761696 0.022364952 1.256776988 -0.018863158 0.999812663 0.004334345 0.543099148 -0.022279443 -0.004754371 0.999740481 -2.650725647
33066367 0.486055406 0.864098564 0.500000000 0.500000000 0.000000000 0.000000000 0.999607384 0.018101269 0.021388724 1.271209053 -0.018208122 0.999822617 0.004811605 0.544680285 -0.021297835 -0.005199164 0.999759674 -2.682212026
33099733 0.486055406 0.864098564 0.500000000 0.500000000 0.000000000 0.000000000 0.999635160 0.017637871 0.020455694 1.285726658 -0.017745603 0.999829531 0.005097070 0.546708678 -0.020362306 -0.005458209 0.999777794 -2.714493373
33133100 0.486055406 0.864098564 0.500000000 0.500000000 0.000000000 0.000000000 0.999663889 0.017075181 0.019508433 1.300615248 -0.017183864 0.999837697 0.005417171 0.548707394 -0.019412767 -0.005750581 0.999795020 -2.747566352
33166467 0.486055406 0.864098564 0.500000000 0.500000000 0.000000000 0.000000000 0.999688983 0.016544692 0.018661002 1.315468734 -0.016652795 0.999845326 0.005652588 0.550787055 -0.018564595 -0.005961588 0.999809861 -2.780602198
33199833 0.486055406 0.864098564 0.500000000 0.500000000 0.000000000 0.000000000 0.999707460 0.016224736 0.017939031 1.330337798 -0.016330590 0.999849975 0.005770126 0.552691903 -0.017842721 -0.006061393 0.999822438 -2.814752677
33233200 0.486055406 0.864098564 0.500000000 0.500000000 0.000000000 0.000000000 0.999721944 0.015957711 0.017361697 1.345122214 -0.016060593 0.999854207 0.005802591 0.555635613 -0.017266570 -0.006079817 0.999832451 -2.849361615
33266567 0.486055406 0.864098564 0.500000000 0.500000000 0.000000000 0.000000000 0.999728322 0.015867962 0.017072584 1.358579911 -0.015972754 0.999854326 0.006019289 0.557381753 -0.016974583 -0.006290349 0.999836147 -2.883312127
33299933 0.486055406 0.864098564 0.500000000 0.500000000 0.000000000 0.000000000 0.999737620 0.015702901 0.016674930 1.372684146 -0.015805691 0.999856770 0.006050559 0.559652841 -0.016577531 -0.006312530 0.999842644 -2.916701478
33333300 0.486055406 0.864098564 0.500000000 0.500000000 0.000000000 0.000000000 0.999740124 0.015800251 0.016432369 1.385874195 -0.015904604 0.999854028 0.006239256 0.560948607 -0.016331388 -0.006498985 0.999845505 -2.950423726
33366667 0.486055406 0.864098564 0.500000000 0.500000000 0.000000000 0.000000000 0.999748111 0.015585042 0.016148318 1.399410411 -0.015688336 0.999857128 0.006289834 0.563056174 -0.016047984 -0.006541590 0.999849796 -2.983592902
33400033 0.486055406 0.864098564 0.500000000 0.500000000 0.000000000 0.000000000 0.999755263 0.015407372 0.015875597 1.413237887 -0.015512408 0.999858439 0.006514411 0.564624102 -0.015772980 -0.006759085 0.999852777 -3.017261647
33433400 0.486055406 0.864098564 0.500000000 0.500000000 0.000000000 0.000000000 0.999763072 0.015160594 0.015618760 1.427143591 -0.015269287 0.999859869 0.006863541 0.565309187 -0.015512516 -0.007100403 0.999854445 -3.051528085
33466767 0.486055406 0.864098564 0.500000000 0.500000000 0.000000000 0.000000000 0.999771178 0.015081813 0.015169788 1.441597385 -0.015194270 0.999857724 0.007325470 0.565727053 -0.015057148 -0.007554288 0.999858081 -3.085805799
33500133 0.486055406 0.864098564 0.500000000 0.500000000 0.000000000 0.000000000 0.999785662 0.014933496 0.014339856 1.458316699 -0.015046610 0.999856293 0.007812840 0.565910996 -0.014221122 -0.008026931 0.999866664 -3.119469376
33533500 0.486055406 0.864098564 0.500000000 0.500000000 0.000000000 0.000000000 0.999794006 0.015193774 0.013457323 1.476100810 -0.015302150 0.999850988 0.007987180 0.566784006 -0.013333963 -0.008191460 0.999877572 -3.154175569
33566867 0.486055406 0.864098564 0.500000000 0.500000000 0.000000000 0.000000000 0.999797165 0.015570687 0.012774825 1.493577199 -0.015675848 0.999843717 0.008173416 0.567317255 -0.012645562 -0.008372014 0.999885023 -3.188928224
33600233 0.486055406 0.864098564 0.500000000 0.500000000 0.000000000 0.000000000 0.999793053 0.016165623 0.012349660 1.510712170 -0.016265763 0.999835312 0.008051758 0.568997740 -0.012217464 -0.008250968 0.999891341 -3.223606062
33633600 0.486055406 0.864098564 0.500000000 0.500000000 0.000000000 0.000000000 0.999788582 0.016718673 0.011970500 1.527369498 -0.016812306 0.999828517 0.007764596 0.571629865 -0.011838634 -0.007964206 0.999898195 -3.258374083
33666967 0.486055406 0.864098564 0.500000000 0.500000000 0.000000000 0.000000000 0.999780953 0.017461482 0.011538519 1.544373104 -0.017547883 0.999818444 0.007429602 0.574678768 -0.011406692 -0.007630451 0.999905825 -3.292397054
33700333 0.486055406 0.864098564 0.500000000 0.500000000 0.000000000 0.000000000 0.999776363 0.018032217 0.011049579 1.561571765 -0.018112706 0.999809802 0.007228177 0.577659287 -0.010917137 -0.007426698 0.999912798 -3.325951859
33733700 0.486055406 0.864098564 0.500000000 0.500000000 0.000000000 0.000000000 0.999774516 0.018448055 0.010517702 1.578658125 -0.018520948 0.999804854 0.006875706 0.581835530 -0.010388806 -0.007068953 0.999921024 -3.359841422
33767067 0.486055406 0.864098564 0.500000000 0.500000000 0.000000000 0.000000000 0.999771237 0.018923339 0.009971009 1.596140302 -0.018991087 0.999796927 0.006744141 0.585965681 -0.009841362 -0.006931958 0.999927521 -3.392496994
33800433 0.486055406 0.864098564 0.500000000 0.500000000 0.000000000 0.000000000 0.999766350 0.019419929 0.009495604 1.610382555 -0.019484630 0.999787211 0.006769296 0.587407541 -0.009362124 -0.006952732 0.999931991 -3.420431311
33833800 0.486055406 0.864098564 0.500000000 0.500000000 0.000000000 0.000000000 0.999761641 0.019937264 0.008897275 1.627518913 -0.019993847 0.999780178 0.006316668 0.591097713 -0.008769382 -0.006493053 0.999940455 -3.454175813
33867167 0.486055406 0.864098564 0.500000000 0.500000000 0.000000000 0.000000000 0.999758124 0.020309363 0.008438004 1.644250316 -0.020360947 0.999774277 0.006072871 0.593500209 -0.008312764 -0.006243208 0.999945939 -3.488650171
33900533 0.486055406 0.864098564 0.500000000 0.500000000 0.000000000 0.000000000 0.999753296 0.020721057 0.008000198 1.661006337 -0.020769697 0.999765992 0.006045205 0.594783014 -0.007873063 -0.006209875 0.999949753 -3.522634914
33933900 0.486055406 0.864098564 0.500000000 0.500000000 0.000000000 0.000000000 0.999751687 0.020957237 0.007572432 1.677302615 -0.021005366 0.999759316 0.006333200 0.593382245 -0.007437882 -0.006490690 0.999951303 -3.558173613
33967267 0.486055406 0.864098564 0.500000000 0.500000000 0.000000000 0.000000000 0.999749243 0.021252049 0.007058057 1.693857965 -0.021299375 0.999750674 0.006699095 0.592768544 -0.006913928 -0.006847748 0.999952674 -3.591091987
34000633 0.486055406 0.864098564 0.500000000 0.500000000 0.000000000 0.000000000 0.999744236 0.021629704 0.006600704 1.709819205 -0.021676932 0.999739349 0.007169065 0.591476334 -0.006443919 -0.007310315 0.999952495 -3.624686664
34034000 0.486055406 0.864098564 0.500000000 0.500000000 0.000000000 0.000000000 0.999742031 0.021858167 0.006176137 1.725335856 -0.021906387 0.999729216 0.007850856 0.588835514 -0.006002859 -0.007984127 0.999950111 -3.659969029
34067367 0.486055406 0.864098564 0.500000000 0.500000000 0.000000000 0.000000000 0.999735713 0.022251634 0.005778887 1.740559139 -0.022299031 0.999717116 0.008271103 0.587521473 -0.005593206 -0.008397780 0.999949098 -3.693825029
34100733 0.486055406 0.864098564 0.500000000 0.500000000 0.000000000 0.000000000 0.999735057 0.022393286 0.005327900 1.756740389 -0.022438254 0.999711812 0.008535479 0.587567162 -0.005135227 -0.008652767 0.999949396 -3.728232284
34134100 0.486055406 0.864098564 0.500000000 0.500000000 0.000000000 0.000000000 0.999734402 0.022513721 0.004926354 1.772457570 -0.022556579 0.999706626 0.008824088 0.586986065 -0.004726246 -0.008932865 0.999948919 -3.764102116
34167467 0.486055406 0.864098564 0.500000000 0.500000000 0.000000000 0.000000000 0.999725819 0.022948299 0.004658310 1.787326817 -0.022988651 0.999696970 0.008802122 0.587383106 -0.004454904 -0.008906797 0.999950409 -3.800301393
34200833 0.486055406 0.864098564 0.500000000 0.500000000 0.000000000 0.000000000 0.999725044 0.023085153 0.004109417 1.804216617 -0.023121022 0.999692976 0.008906092 0.587836954 -0.003902557 -0.008998657 0.999951899 -3.836266844
34234200 0.486055406 0.864098564 0.500000000 0.500000000 0.000000000 0.000000000 0.999722004 0.023297371 0.003619090 1.820361756 -0.023328371 0.999689341 0.008773699 0.588621719 -0.003413561 -0.008855687 0.999954939 -3.874102306
34267567 0.486055406 0.864098564 0.500000000 0.500000000 0.000000000 0.000000000 0.999719918 0.023482168 0.002938828 1.837853594 -0.023506345 0.999687731 0.008482355 0.591389764 -0.002738726 -0.008549061 0.999959707 -3.910385639
34300933 0.486055406 0.864098564 0.500000000 0.500000000 0.000000000 0.000000000 0.999714553 0.023781618 0.002298116 1.854880530 -0.023799244 0.999684930 0.007974288 0.594816899 -0.002107750 -0.008026705 0.999965549 -3.946768182
34334300 0.486055406 0.864098564 0.500000000 0.500000000 0.000000000 0.000000000 0.999703944 0.024269417 0.001726875 1.871221614 -0.024282144 0.999674916 0.007776559 0.595971374 -0.001537581 -0.007816189 0.999968290 -3.984163956
34367667 0.486055406 0.864098564 0.500000000 0.500000000 0.000000000 0.000000000 0.999701798 0.024399031 0.001019590 1.887847312 -0.024406193 0.999672234 0.007728924 0.596804306 -0.000830677 -0.007751503 0.999969602 -4.020262347
34401033 0.486055406 0.864098564 0.500000000 0.500000000 0.000000000 0.000000000 0.999693453 0.024754705 0.000405535 1.903864125 -0.024757087 0.999664128 0.007663570 0.598354976 -0.000215689 -0.007671261 0.999970555 -4.055742376
34434400 0.486055406 0.864098564 0.500000000 0.500000000 0.000000000 0.000000000 0.999689579 0.024914104 -0.000212151 1.919669983 -0.024911696 0.999659300 0.007792835 0.599020824 0.000406230 -0.007785131 0.999969602 -4.091880909
34467767 0.486055406 0.864098564 0.500000000 0.500000000 0.000000000 0.000000000 0.999678731 0.025334958 -0.000736867 1.935058560 -0.025328485 0.999649048 0.007762318 0.600792385 0.000933266 -0.007741161 0.999969602 -4.126487226
34501133 0.486055406 0.864098564 0.500000000 0.500000000 0.000000000 0.000000000 0.999671280 0.025600508 -0.001405444 1.951213921 -0.025588628 0.999641299 0.007904505 0.602545483 0.001607299 -0.007865944 0.999967754 -4.160538842
34534500 0.486055406 0.864098564 0.500000000 0.500000000 0.000000000 0.000000000 0.999670506 0.025554124 -0.002423904 1.969267052 -0.025532886 0.999638498 0.008421829 0.602890666 0.002638240 -0.008357164 0.999961615 -4.194212307
34567867 0.486055406 0.864098564 0.500000000 0.500000000 0.000000000 0.000000000 0.999653757 0.026054446 -0.003679817 1.988462355 -0.026021669 0.999623597 0.008690487 0.604266979 0.003904858 -0.008591723 0.999955475 -4.226567990
34601233 0.486055406 0.864098564 0.500000000 0.500000000 0.000000000 0.000000000 0.999630511 0.026657935 -0.005309970 2.009942218 -0.026609642 0.999605656 0.008966738 0.605228701 0.005546911 -0.008822128 0.999945700 -4.258436533
34634600 0.486055406 0.864098564 0.500000000 0.500000000 0.000000000 0.000000000 0.999600828 0.027350621 -0.007079607 2.032880875 -0.027283955 0.999584019 0.009348040 0.605337849 0.007332337 -0.009151150 0.999931216 -4.290385426
34667967 0.486055406 0.864098564 0.500000000 0.500000000 0.000000000 0.000000000 0.999564469 0.028132653 -0.008912133 2.056832993 -0.028044835 0.999558330 0.009830009 0.604769301 0.009184740 -0.009575789 0.999911964 -4.321945564
34701333 0.486055406 0.864098564 0.500000000 0.500000000 0.000000000 0.000000000 0.999520600 0.029056683 -0.010692794 2.080644648 -0.028949371 0.999530256 0.010057576 0.605495515 0.010980011 -0.009743204 0.999892235 -4.352769139
34734700 0.486055406 0.864098564 0.500000000 0.500000000 0.000000000 0.000000000 0.999479711 0.029687900 -0.012605022 2.105482389 -0.029555788 0.999507546 0.010541022 0.605444830 0.012911755 -0.010162986 0.999864995 -4.383783148
34768067 0.486055406 0.864098564 0.500000000 0.500000000 0.000000000 0.000000000 0.999434352 0.030370437 -0.014444614 2.129770104 -0.030211167 0.999481678 0.011119523 0.604388290 0.014774832 -0.010676844 0.999833822 -4.415419192
34801433 0.486055406 0.864098564 0.500000000 0.500000000 0.000000000 0.000000000 0.999380529 0.031096242 -0.016480966 2.155888157 -0.030911027 0.999457419 0.011376285 0.605251654 0.016825782 -0.010859794 0.999799430 -4.445281545
34834800 0.486055406 0.864098564 0.500000000 0.500000000 0.000000000 0.000000000 0.999325871 0.031746481 -0.018438376 2.181311292 -0.031536862 0.999435842 0.011550182 0.606427582 0.018794652 -0.010960907 0.999763310 -4.475332281
34868167 0.486055406 0.864098564 0.500000000 0.500000000 0.000000000 0.000000000 0.999279916 0.031929445 -0.020498928 2.206902639 -0.031685520 0.999424458 0.012115980 0.606193530 0.020873986 -0.011457736 0.999716461 -4.505895052
34901533 0.486055406 0.864098564 0.500000000 0.500000000 0.000000000 0.000000000 0.999221325 0.032478351 -0.022403549 2.231046570 -0.032200817 0.999401510 0.012639545 0.605772545 0.022800652 -0.011908290 0.999669135 -4.536694988
34934900 0.486055406 0.864098564 0.500000000 0.500000000 0.000000000 0.000000000 0.999161124 0.032778524 -0.024547273 2.257003937 -0.032464653 0.999387324 0.013077634 0.607273381 0.024960900 -0.012269746 0.999613106 -4.563167491
34968267 0.486055406 0.864098564 0.500000000 0.500000000 0.000000000 0.000000000 0.999100745 0.032808218 -0.026856935 2.282999006 -0.032453053 0.999381363 0.013555095 0.607920640 0.027285038 -0.012671315 0.999547362 -4.590844828
35001633 0.486055406 0.864098564 0.500000000 0.500000000 0.000000000 0.000000000 0.999027133 0.033160247 -0.029072767 2.307429096 -0.032763530 0.999364853 0.014017604 0.607688878 0.029519130 -0.013051440 0.999478996 -4.621600521
35035000 0.486055406 0.864098564 0.500000000 0.500000000 0.000000000 0.000000000 0.998937309 0.033801690 -0.031332046 2.331989571 -0.033357896 0.999337137 0.014580501 0.606107970 0.031804122 -0.013519836 0.999402702 -4.651734410
35068367 0.486055406 0.864098564 0.500000000 0.500000000 0.000000000 0.000000000 0.998844922 0.034386825 -0.033561360 2.356697624 -0.033902340 0.999314070 0.014899781 0.606946050 0.034050696 -0.013744761 0.999325573 -4.679090933
35101733 0.486055406 0.864098564 0.500000000 0.500000000 0.000000000 0.000000000 0.998752773 0.034908593 -0.035697769 2.379978223 -0.034387074 0.999294221 0.015120548 0.607233115 0.036200412 -0.013874147 0.999248266 -4.708485641
35135100 0.486055406 0.864098564 0.500000000 0.500000000 0.000000000 0.000000000 0.998656452 0.035349771 -0.037891220 2.403762198 -0.034782723 0.999274373 0.015521591 0.606643419 0.038412411 -0.014182776 0.999161303 -4.737288118
35168467 0.486055406 0.864098564 0.500000000 0.500000000 0.000000000 0.000000000 0.998558164 0.035661239 -0.040122859 2.427367346 -0.035047784 0.999259293 0.015890455 0.606423717 0.040659811 -0.014461326 0.999068379 -4.764572475
35201833 0.486055406 0.864098564 0.500000000 0.500000000 0.000000000 0.000000000 0.998456061 0.036058377 -0.042252135 2.449860862 -0.035392892 0.999238968 0.016394183 0.604668931 0.042811129 -0.014873446 0.998972476 -4.792748476
35235200 0.486055406 0.864098564 0.500000000 0.500000000 0.000000000 0.000000000 0.998345554 0.036539547 -0.044395808 2.472126291 -0.035818029 0.999214709 0.016940458 0.602771062 0.044979945 -0.015322260 0.998870373 -4.821390866
35268567 0.486055406 0.864098564 0.500000000 0.500000000 0.000000000 0.000000000 0.998237729 0.036761992 -0.046582833 2.495237684 -0.035987325 0.999201417 0.017361118 0.602464710 0.047183864 -0.015654132 0.998763561 -4.848505729
35301933 0.486055406 0.864098564 0.500000000 0.500000000 0.000000000 0.000000000 0.998122752 0.036939342 -0.048850790 2.518291391 -0.036110248 0.999190211 0.017747238 0.602062719 0.049466800 -0.015949909 0.998648405 -4.876801748
35335300 0.486055406 0.864098564 0.500000000 0.500000000 0.000000000 0.000000000 0.998001873 0.037041575 -0.051188279 2.541486291 -0.036156368 0.999181986 0.018112602 0.600943218 0.051817324 -0.016225627 0.998524785 -4.905223040
35368667 0.486055406 0.864098564 0.500000000 0.500000000 0.000000000 0.000000000 0.997840345 0.037694458 -0.053793307 2.567030731 -0.036754727 0.999155760 0.018353274 0.599809863 0.054439709 -0.016336478 0.998383403 -4.930596079
35402033 0.486055406 0.864098564 0.500000000 0.500000000 0.000000000 0.000000000 0.997656524 0.038764846 -0.056380473 2.591769672 -0.037777990 0.999115527 0.018465625 0.598561639 0.057046421 -0.016292410 0.998238564 -4.956308338
35435400 0.486055406 0.864098564 0.500000000 0.500000000 0.000000000 0.000000000 0.997465193 0.039856538 -0.058946539 2.616280531 -0.038832821 0.999076068 0.018412050 0.598170315 0.059625920 -0.016076317 0.998091340 -4.982296927
35468767 0.486055406 0.864098564 0.500000000 0.500000000 0.000000000 0.000000000 0.997267306 0.040737592 -0.061631002 2.641984532 -0.039652605 0.999038041 0.018726841 0.596016654 0.062334601 -0.016231837 0.997923315 -5.007097104
35502133 0.486055406 0.864098564 0.500000000 0.500000000 0.000000000 0.000000000 0.997065008 0.041319653 -0.064451993 2.669250611 -0.040178731 0.999013782 0.018899255 0.595479875 0.065169334 -0.016254185 0.997741818 -5.031590372
35535500 0.486055406 0.864098564 0.500000000 0.500000000 0.000000000 0.000000000 0.996849358 0.042045038 -0.067257434 2.696700393 -0.040869519 0.998988390 0.018759968 0.597200358 0.067978159 -0.015952082 0.997559249 -5.055678808
