https://www.youtube.com/watch?v=X5ps-ICFzX4
284284000 0.576965459 1.025716382 0.500000000 0.500000000 0.000000000 0.000000000 0.999964654 0.002598708 -0.007995069 -0.015371264 -0.002709537 0.999899983 -0.013882646 -0.169628162 0.007958192 0.013903819 0.999871671 0.070932437
284317367 0.576965459 1.025716382 0.500000000 0.500000000 0.000000000 0.000000000 0.999962389 0.002653136 -0.008256211 -0.015072975 -0.002773238 0.999890029 -0.014569659 -0.176132746 0.008216647 0.014592008 0.999859750 0.070957041
284350733 0.576965459 1.025716382 0.500000000 0.500000000 0.000000000 0.000000000 0.999959350 0.002874770 -0.008549226 -0.015213316 -0.003005133 0.999878824 -0.015275004 -0.182362043 0.008504277 0.015300075 0.999846756 0.069970181
284384100 0.576965459 1.025716382 0.500000000 0.500000000 0.000000000 0.000000000 0.999959409 0.002690968 -0.008601515 -0.015856531 -0.002829280 0.999866247 -0.016108464 -0.187543402 0.008557017 0.016132148 0.999833226 0.070077639
284417467 0.576965459 1.025716382 0.500000000 0.500000000 0.000000000 0.000000000 0.999958158 0.002751934 -0.008725670 -0.016287496 -0.002903246 0.999844790 -0.017375991 -0.192939343 0.008676499 0.017400596 0.999810934 0.070379876
284450833 0.576965459 1.025716382 0.500000000 0.500000000 0.000000000 0.000000000 0.999956071 0.002869644 -0.008922263 -0.016525424 -0.003034387 0.999824166 -0.018506000 -0.199227003 0.008867589 0.018532261 0.999788940 0.070825220
284484200 0.576965459 1.025716382 0.500000000 0.500000000 0.000000000 0.000000000 0.999954998 0.002950323 -0.009017568 -0.017135781 -0.003126281 0.999803782 -0.019561449 -0.205443085 0.008958085 0.019588759 0.999768019 0.071611629
284517567 0.576965459 1.025716382 0.500000000 0.500000000 0.000000000 0.000000000 0.999953210 0.002980970 -0.009202397 -0.017382003 -0.003169133 0.999784827 -0.020500680 -0.211866138 0.009139305 0.020528885 0.999747515 0.072261461
284550933 0.576965459 1.025716382 0.500000000 0.500000000 0.000000000 0.000000000 0.999950409 0.002994596 -0.009498359 -0.017281688 -0.003195061 0.999770999 -0.021160780 -0.218080697 0.009432815 0.021190077 0.999730945 0.072492128
284584300 0.576965459 1.025716382 0.500000000 0.500000000 0.000000000 0.000000000 0.999950111 0.002900522 -0.009556775 -0.017603622 -0.003107448 0.999759495 -0.021709027 -0.223893957 0.009491509 0.021737641 0.999718666 0.072899021
284617667 0.576965459 1.025716382 0.500000000 0.500000000 0.000000000 0.000000000 0.999949753 0.003089590 -0.009535036 -0.017936833 -0.003302158 0.999744534 -0.022358693 -0.229584223 0.009463522 0.022389056 0.999704540 0.072836521
284651033 0.576965459 1.025716382 0.500000000 0.500000000 0.000000000 0.000000000 0.999948919 0.003204804 -0.009587631 -0.018128228 -0.003425132 0.999728382 -0.023052929 -0.235038837 0.009511147 0.023084590 0.999688268 0.072769338
284684400 0.576965459 1.025716382 0.500000000 0.500000000 0.000000000 0.000000000 0.999947250 0.003356465 -0.009706923 -0.018097129 -0.003587183 0.999709129 -0.023849564 -0.240429534 0.009624049 0.023883127 0.999668419 0.072625466
284717767 0.576965459 1.025716382 0.500000000 0.500000000 0.000000000 0.000000000 0.999944806 0.003500324 -0.009905020 -0.018032638 -0.003744998 0.999685585 -0.024792276 -0.245338235 0.009815125 0.024828002 0.999643564 0.072845314
284751133 0.576965459 1.025716382 0.500000000 0.500000000 0.000000000 0.000000000 0.999944389 0.003529868 -0.009939921 -0.018406362 -0.003782993 0.999666035 -0.025562968 -0.251248498 0.009846368 0.025599150 0.999623775 0.072889004
284784500 0.576965459 1.025716382 0.500000000 0.500000000 0.000000000 0.000000000 0.999943376 0.003464028 -0.010063249 -0.018394691 -0.003731036 0.999638200 -0.026636478 -0.256104358 0.009967338 0.026672516 0.999594510 0.072745264
284817867 0.576965459 1.025716382 0.500000000 0.500000000 0.000000000 0.000000000 0.999941528 0.003412688 -0.010262696 -0.018613272 -0.003696252 0.999608338 -0.027739706 -0.261204502 0.010164010 0.027776018 0.999562502 0.073032101
284851233 0.576965459 1.025716382 0.500000000 0.500000000 0.000000000 0.000000000 0.999940693 0.003684008 -0.010248156 -0.019173052 -0.003971324 0.999595582 -0.028158195 -0.266977976 0.010140277 0.028197225 0.999550939 0.073723275
284884600 0.576965459 1.025716382 0.500000000 0.500000000 0.000000000 0.000000000 0.999940753 0.003553048 -0.010289964 -0.019724462 -0.003850304 0.999571621 -0.029013725 -0.271839732 0.010182469 0.029051626 0.999526024 0.074182085
284917967 0.576965459 1.025716382 0.500000000 0.500000000 0.000000000 0.000000000 0.999941111 0.003333599 -0.010328371 -0.020100577 -0.003639191 0.999551892 -0.029711500 -0.277321784 0.010224696 0.029747337 0.999505162 0.074616170
284951333 0.576965459 1.025716382 0.500000000 0.500000000 0.000000000 0.000000000 0.999937892 0.003436646 -0.010599484 -0.020142181 -0.003756020 0.999535024 -0.030259911 -0.282886667 0.010490563 0.030297844 0.999485850 0.075408376
284984700 0.576965459 1.025716382 0.500000000 0.500000000 0.000000000 0.000000000 0.999937177 0.003657103 -0.010597123 -0.020742431 -0.003984377 0.999510586 -0.031028569 -0.288576241 0.010478461 0.031068843 0.999462306 0.075584487
285018067 0.576965459 1.025716382 0.500000000 0.500000000 0.000000000 0.000000000 0.999935806 0.003846422 -0.010659323 -0.021114621 -0.004187402 0.999474168 -0.032153443 -0.293490199 0.010530042 0.032196015 0.999426126 0.075477546
285051433 0.576965459 1.025716382 0.500000000 0.500000000 0.000000000 0.000000000 0.999936223 0.003980674 -0.010567048 -0.021987745 -0.004330684 0.999435723 -0.033309177 -0.298474046 0.010428492 0.033352815 0.999389231 0.075218340
285084800 0.576965459 1.025716382 0.500000000 0.500000000 0.000000000 0.000000000 0.999934733 0.004141118 -0.010649039 -0.022264314 -0.004504797 0.999399483 -0.034357205 -0.303371628 0.010500368 0.034402933 0.999352872 0.075499168
285118167 0.576965459 1.025716382 0.500000000 0.500000000 0.000000000 0.000000000 0.999934435 0.004218488 -0.010647295 -0.022655031 -0.004594484 0.999357700 -0.035539884 -0.308604508 0.010490531 0.035586473 0.999311566 0.075404828
285151533 0.576965459 1.025716382 0.500000000 0.500000000 0.000000000 0.000000000 0.999934494 0.004370493 -0.010575960 -0.023461505 -0.004754074 0.999321640 -0.036520105 -0.313362347 0.010409174 0.036567993 0.999276936 0.075567588
285184900 0.576965459 1.025716382 0.500000000 0.500000000 0.000000000 0.000000000 0.999930859 0.004996847 -0.010645434 -0.023978423 -0.005393461 0.999279857 -0.037559733 -0.318373229 0.010450087 0.037614550 0.999237657 0.076771094
285218267 0.576965459 1.025716382 0.500000000 0.500000000 0.000000000 0.000000000 0.999930203 0.005395688 -0.010509801 -0.024825712 -0.005792195 0.999258280 -0.038069695 -0.324322367 0.010296593 0.038127914 0.999219835 0.078098531
285251633 0.576965459 1.025716382 0.500000000 0.500000000 0.000000000 0.000000000 0.999928772 0.005712650 -0.010479013 -0.025487269 -0.006112136 0.999240100 -0.038495224 -0.330381565 0.010251141 0.038556531 0.999203861 0.079022694
285285000 0.576965459 1.025716382 0.500000000 0.500000000 0.000000000 0.000000000 0.999928117 0.005798607 -0.010496031 -0.025869183 -0.006203973 0.999219596 -0.039009526 -0.336268309 0.010261639 0.039071839 0.999183714 0.080164657
285318367 0.576965459 1.025716382 0.500000000 0.500000000 0.000000000 0.000000000 0.999932647 0.005452441 -0.010247581 -0.026933236 -0.005855568 0.999193311 -0.039729562 -0.342018665 0.010022691 0.039786890 0.999157906 0.080904621
285351733 0.576965459 1.025716382 0.500000000 0.500000000 0.000000000 0.000000000 0.999933660 0.005530185 -0.010103693 -0.027754269 -0.005933379 0.999169171 -0.040321436 -0.347823523 0.009872314 0.040378708 0.999135673 0.081533610
285385100 0.576965459 1.025716382 0.500000000 0.500000000 0.000000000 0.000000000 0.999935627 0.005550281 -0.009894944 -0.028821153 -0.005949106 0.999151945 -0.040742885 -0.353953809 0.009660418 0.040799130 0.999120653 0.082502067
285418467 0.576965459 1.025716382 0.500000000 0.500000000 0.000000000 0.000000000 0.999937236 0.005679881 -0.009655850 -0.029670418 -0.006069539 0.999148250 -0.040816162 -0.359274442 0.009415794 0.040872209 0.999119997 0.083233616
285451833 0.576965459 1.025716382 0.500000000 0.500000000 0.000000000 0.000000000 0.999939084 0.005834923 -0.009366339 -0.031001241 -0.006216091 0.999131739 -0.041195974 -0.365339758 0.009117831 0.041251689 0.999107182 0.084008878
285485200 0.576965459 1.025716382 0.500000000 0.500000000 0.000000000 0.000000000 0.999938309 0.006022046 -0.009335455 -0.031727594 -0.006411908 0.999083936 -0.042310018 -0.370693081 0.009072109 0.042367265 0.999060929 0.083790915
285518567 0.576965459 1.025716382 0.500000000 0.500000000 0.000000000 0.000000000 0.999937534 0.006392984 -0.009169985 -0.032802564 -0.006781439 0.999053121 -0.042975541 -0.376169470 0.008886560 0.043035042 0.999034047 0.084295809
285551933 0.576965459 1.025716382 0.500000000 0.500000000 0.000000000 0.000000000 0.999937773 0.006596211 -0.008994680 -0.033844901 -0.006983879 0.999017119 -0.043772113 -0.381578463 0.008697109 0.043832205 0.999001026 0.084947214
285585300 0.576965459 1.025716382 0.500000000 0.500000000 0.000000000 0.000000000 0.999942839 0.006695679 -0.008333903 -0.035511104 -0.007055503 0.999010026 -0.043922875 -0.387100540 0.008031558 0.043979164 0.999000192 0.085562954
285618667 0.576965459 1.025716382 0.500000000 0.500000000 0.000000000 0.000000000 0.999941587 0.007250248 -0.008017773 -0.036902252 -0.007599458 0.998984158 -0.044417739 -0.392995161 0.007687588 0.044476073 0.998980880 0.086697585
285652033 0.576965459 1.025716382 0.500000000 0.500000000 0.000000000 0.000000000 0.999941051 0.007783123 -0.007571960 -0.038539736 -0.008112837 0.998974919 -0.044534516 -0.398654839 0.007217580 0.044593319 0.998979151 0.087404797
285685400 0.576965459 1.025716382 0.500000000 0.500000000 0.000000000 0.000000000 0.999941587 0.008245139 -0.006990896 -0.040362467 -0.008549441 0.998964846 -0.044677615 -0.404584208 0.006615286 0.044734772 0.998977005 0.088503334
285718767 0.576965459 1.025716382 0.500000000 0.500000000 0.000000000 0.000000000 0.999943078 0.008459818 -0.006500799 -0.041653824 -0.008741924 0.998963654 -0.044667587 -0.410337297 0.006116182 0.044721875 0.998980761 0.089686398
285752133 0.576965459 1.025716382 0.500000000 0.500000000 0.000000000 0.000000000 0.999946237 0.008510793 -0.005924443 -0.042985215 -0.008765204 0.998978436 -0.044330634 -0.416622069 0.005541102 0.044380177 0.998999357 0.090713462
285785500 0.576965459 1.025716382 0.500000000 0.500000000 0.000000000 0.000000000 0.999944746 0.009068113 -0.005322821 -0.044883894 -0.009297537 0.998953223 -0.044788714 -0.421943606 0.004911100 0.044835728 0.998982310 0.091618652
285818867 0.576965459 1.025716382 0.500000000 0.500000000 0.000000000 0.000000000 0.999938428 0.010003562 -0.004803553 -0.046666237 -0.010210223 0.998929322 -0.045121521 -0.428115441 0.004347034 0.045167789 0.998969972 0.093256919
285852233 0.576965459 1.025716382 0.500000000 0.500000000 0.000000000 0.000000000 0.999933362 0.010713451 -0.004301707 -0.048471168 -0.010897712 0.998910367 -0.045379478 -0.434368657 0.003810849 0.045423333 0.998960555 0.094535095
285885600 0.576965459 1.025716382 0.500000000 0.500000000 0.000000000 0.000000000 0.999925852 0.011527740 -0.003923288 -0.050055779 -0.011695158 0.998885512 -0.045726378 -0.440173359 0.003391794 0.045768868 0.998946309 0.095426471
285918967 0.576965459 1.025716382 0.500000000 0.500000000 0.000000000 0.000000000 0.999925554 0.011749876 -0.003299210 -0.051414103 -0.011887539 0.998899162 -0.045378309 -0.446165635 0.002762389 0.045414150 0.998964429 0.096493315
285952333 0.576965459 1.025716382 0.500000000 0.500000000 0.000000000 0.000000000 0.999929845 0.011559446 -0.002576456 -0.052946733 -0.011663258 0.998928726 -0.044781104 -0.452178134 0.002056051 0.044808012 0.998993516 0.097669136
285985700 0.576965459 1.025716382 0.500000000 0.500000000 0.000000000 0.000000000 0.999932885 0.011468407 -0.001659069 -0.054829960 -0.011531240 0.998929024 -0.044809010 -0.457405365 0.001143404 0.044825133 0.998994172 0.098071896
286019067 0.576965459 1.025716382 0.500000000 0.500000000 0.000000000 0.000000000 0.999935925 0.011294768 -0.000728690 -0.056649170 -0.011316028 0.998940945 -0.044596892 -0.463185176 0.000224207 0.044602282 0.999004781 0.099091013
286052433 0.576965459 1.025716382 0.500000000 0.500000000 0.000000000 0.000000000 0.999939680 0.010984216 0.000112264 -0.058104236 -0.010968648 0.998971999 -0.043984286 -0.469602935 -0.000595281 0.043980401 0.999032199 0.100027254
286085800 0.576965459 1.025716382 0.500000000 0.500000000 0.000000000 0.000000000 0.999943793 0.010542993 0.001137408 -0.059857136 -0.010483024 0.998984158 -0.043826260 -0.475490404 -0.001598313 0.043811873 0.999038517 0.100640919
286119167 0.576965459 1.025716382 0.500000000 0.500000000 0.000000000 0.000000000 0.999947011 0.010147687 0.001720138 -0.060618260 -0.010063383 0.999004960 -0.043449666 -0.481681500 -0.002159341 0.043430053 0.999054134 0.101496159
286152533 0.576965459 1.025716382 0.500000000 0.500000000 0.000000000 0.000000000 0.999948502 0.009827279 0.002544814 -0.062219542 -0.009708167 0.999018729 -0.043213136 -0.487676071 -0.002966984 0.043186203 0.999062657 0.102516478
286185900 0.576965459 1.025716382 0.500000000 0.500000000 0.000000000 0.000000000 0.999943316 0.010139121 0.003244145 -0.064168162 -0.009989969 0.999021232 -0.043091025 -0.493848842 -0.003677874 0.043056171 0.999065876 0.103854501
286219267 0.576965459 1.025716382 0.500000000 0.500000000 0.000000000 0.000000000 0.999945283 0.009695265 0.003929778 -0.065266901 -0.009518513 0.999040723 -0.042743698 -0.500188808 -0.004340420 0.042703953 0.999078333 0.104875608
286252633 0.576965459 1.025716382 0.500000000 0.500000000 0.000000000 0.000000000 0.999944985 0.009712414 0.003958781 -0.065783464 -0.009530379 0.999000847 -0.043663688 -0.506109458 -0.004378906 0.043623559 0.999038458 0.104803388
286286000 0.576965459 1.025716382 0.500000000 0.500000000 0.000000000 0.000000000 0.999942303 0.009881610 0.004206859 -0.066792617 -0.009683305 0.998948932 -0.044802230 -0.511232800 -0.004645155 0.044758908 0.998987019 0.104468499
286319367 0.576965459 1.025716382 0.500000000 0.500000000 0.000000000 0.000000000 0.999941707 0.009582861 0.004972624 -0.068201671 -0.009351627 0.998960793 -0.044608351 -0.516555282 -0.005394932 0.044559252 0.998992205 0.104992398
286352733 0.576965459 1.025716382 0.500000000 0.500000000 0.000000000 0.000000000 0.999941289 0.009255577 0.005639042 -0.069297913 -0.008997644 0.998983681 -0.044166107 -0.522289144 -0.006042094 0.044112775 0.999008298 0.105650761
286386100 0.576965459 1.025716382 0.500000000 0.500000000 0.000000000 0.000000000 0.999940217 0.008992659 0.006223287 -0.070443876 -0.008710374 0.998993993 -0.043989502 -0.527434604 -0.006612609 0.043932665 0.999012589 0.106230003
286419467 0.576965459 1.025716382 0.500000000 0.500000000 0.000000000 0.000000000 0.999936223 0.008783408 0.007095587 -0.072060838 -0.008462317 0.998992145 -0.044080507 -0.532559672 -0.007475613 0.044017650 0.999002755 0.106387496
286452833 0.576965459 1.025716382 0.500000000 0.500000000 0.000000000 0.000000000 0.999936938 0.008547590 0.007281115 -0.072272606 -0.008220930 0.999007761 -0.043770552 -0.538286061 -0.007648023 0.043707937 0.999015093 0.107198428
286486200 0.576965459 1.025716382 0.500000000 0.500000000 0.000000000 0.000000000 0.999937415 0.008450375 0.007329206 -0.072525148 -0.008114544 0.998967528 -0.044699822 -0.543614999 -0.007699369 0.044637550 0.998973548 0.107200152
286519567 0.576965459 1.025716382 0.500000000 0.500000000 0.000000000 0.000000000 0.999933600 0.008379195 0.007913515 -0.073859407 -0.008012346 0.998941123 -0.045303315 -0.548019556 -0.008284741 0.045236900 0.998941958 0.107016945
286552933 0.576965459 1.025716382 0.500000000 0.500000000 0.000000000 0.000000000 0.999933541 0.008241318 0.008062048 -0.074203441 -0.007865049 0.998926997 -0.045639645 -0.552967253 -0.008429528 0.045573201 0.998925447 0.107509104
286586300 0.576965459 1.025716382 0.500000000 0.500000000 0.000000000 0.000000000 0.999934673 0.008110868 0.008056564 -0.074281625 -0.007727696 0.998888254 -0.046503685 -0.558068219 -0.008424792 0.046438389 0.998885632 0.107590543
286619667 0.576965459 1.025716382 0.500000000 0.500000000 0.000000000 0.000000000 0.999932766 0.008095555 0.008299304 -0.074898009 -0.007694373 0.998851955 -0.047281649 -0.562231228 -0.008672548 0.047214616 0.998847127 0.107366846
286653033 0.576965459 1.025716382 0.500000000 0.500000000 0.000000000 0.000000000 0.999930441 0.008382264 0.008297757 -0.075194673 -0.007978041 0.998834431 -0.047604162 -0.566888841 -0.008687115 0.047534652 0.998831809 0.107909190
286686400 0.576965459 1.025716382 0.500000000 0.500000000 0.000000000 0.000000000 0.999930143 0.008285312 0.008426929 -0.075266316 -0.007874447 0.998831928 -0.047673017 -0.571821893 -0.008812072 0.047603332 0.998827457 0.108663571
286719767 0.576965459 1.025716382 0.500000000 0.500000000 0.000000000 0.000000000 0.999922276 0.008757596 0.008871423 -0.076578768 -0.008323032 0.998817921 -0.047890671 -0.576870465 -0.009280344 0.047813114 0.998813212 0.109306140
286753133 0.576965459 1.025716382 0.500000000 0.500000000 0.000000000 0.000000000 0.999922574 0.008599356 0.008996923 -0.076735605 -0.008158800 0.998818398 -0.047908224 -0.581990525 -0.009398272 0.047831111 0.998811245 0.110176554
286786500 0.576965459 1.025716382 0.500000000 0.500000000 0.000000000 0.000000000 0.999924362 0.008349802 0.009028747 -0.076726495 -0.007905991 0.998810232 -0.048121285 -0.586789500 -0.009419808 0.048046265 0.998800695 0.110542296
