https://www.youtube.com/watch?v=6RB9StEx83Y
64364300 0.495827837 0.881471664 0.500000000 0.500000000 0.000000000 0.000000000 0.999846637 0.000735305 0.017496197 0.034336074 -0.000866892 0.999971390 0.007514500 -0.172338892 -0.017490171 -0.007528515 0.999818683 -3.364425502
64397667 0.495827837 0.881471664 0.500000000 0.500000000 0.000000000 0.000000000 0.999845922 0.000581965 0.017545491 0.034271186 -0.000715340 0.999970913 0.007596362 -0.172609241 -0.017540561 -0.007607743 0.999817193 -3.379697179
64431033 0.495827837 0.881471664 0.500000000 0.500000000 0.000000000 0.000000000 0.999844313 0.000815640 0.017626485 0.033748024 -0.000955273 0.999968231 0.007914776 -0.174878112 -0.017619468 -0.007930381 0.999813318 -3.395148065
64464400 0.495827837 0.881471664 0.500000000 0.500000000 0.000000000 0.000000000 0.999842942 0.000858731 0.017702049 0.033788943 -0.000994375 0.999970198 0.007655224 -0.173714597 -0.017694948 -0.007671624 0.999813974 -3.410456258
64497767 0.495827837 0.881471664 0.500000000 0.500000000 0.000000000 0.000000000 0.999845028 0.001414296 0.017547214 0.034690392 -0.001547568 0.999970019 0.007583801 -0.173735996 -0.017535962 -0.007609781 0.999817252 -3.425730234
64531133 0.495827837 0.881471664 0.500000000 0.500000000 0.000000000 0.000000000 0.999842942 0.001685405 0.017643258 0.034020924 -0.001820348 0.999969184 0.007635157 -0.174267867 -0.017629847 -0.007666075 0.999815166 -3.441043067
64564500 0.495827837 0.881471664 0.500000000 0.500000000 0.000000000 0.000000000 0.999845207 0.001348455 0.017544312 0.034354556 -0.001473927 0.999973416 0.007140779 -0.171176311 -0.017534217 -0.007165533 0.999820590 -3.456137899
64597867 0.495827837 0.881471664 0.500000000 0.500000000 0.000000000 0.000000000 0.999842823 0.001586925 0.017658150 0.032783463 -0.001717686 0.999971211 0.007392434 -0.172605617 -0.017645910 -0.007421603 0.999816775 -3.471724241
64631233 0.495827837 0.881471664 0.500000000 0.500000000 0.000000000 0.000000000 0.999842525 0.001613869 0.017671641 0.031943397 -0.001743539 0.999971628 0.007324800 -0.171776238 -0.017659320 -0.007354458 0.999817014 -3.487319182
64664600 0.495827837 0.881471664 0.500000000 0.500000000 0.000000000 0.000000000 0.999840915 0.001681543 0.017756643 0.031052249 -0.001812688 0.999971211 0.007372201 -0.171910101 -0.017743735 -0.007403216 0.999815166 -3.503578269
64697967 0.495827837 0.881471664 0.500000000 0.500000000 0.000000000 0.000000000 0.999836683 0.001708740 0.017992808 0.028278440 -0.001846875 0.999968946 0.007663431 -0.172958762 -0.017979153 -0.007695410 0.999808729 -3.518950763
64731333 0.495827837 0.881471664 0.500000000 0.500000000 0.000000000 0.000000000 0.999836564 0.001850782 0.017983634 0.027457753 -0.001991327 0.999967575 0.007800398 -0.173029183 -0.017968616 -0.007834935 0.999807835 -3.535040324
64764700 0.495827837 0.881471664 0.500000000 0.500000000 0.000000000 0.000000000 0.999835670 0.001771957 0.018040560 0.025890988 -0.001915073 0.999966800 0.007918816 -0.173691572 -0.018025929 -0.007952063 0.999805868 -3.550680021
64798067 0.495827837 0.881471664 0.500000000 0.500000000 0.000000000 0.000000000 0.999832034 0.001482725 0.018266128 0.023869816 -0.001628779 0.999966800 0.007983610 -0.173733893 -0.018253684 -0.008012021 0.999801278 -3.565947330
64831433 0.495827837 0.881471664 0.500000000 0.500000000 0.000000000 0.000000000 0.999829173 0.001316460 0.018435052 0.022510453 -0.001459197 0.999969065 0.007731372 -0.172279835 -0.018424302 -0.007756952 0.999800146 -3.581590063
64864800 0.495827837 0.881471664 0.500000000 0.500000000 0.000000000 0.000000000 0.999826550 0.001149479 0.018589018 0.021474930 -0.001286996 0.999971867 0.007387471 -0.170582892 -0.018580005 -0.007410114 0.999799907 -3.597243665
64898167 0.495827837 0.881471664 0.500000000 0.500000000 0.000000000 0.000000000 0.999825060 0.001015548 0.018677277 0.020923474 -0.001152070 0.999972701 0.007300209 -0.170377753 -0.018669354 -0.007320450 0.999798894 -3.613433985
64931533 0.495827837 0.881471664 0.500000000 0.500000000 0.000000000 0.000000000 0.999826431 0.001067302 0.018599823 0.021108319 -0.001199888 0.999973953 0.007118665 -0.169826072 -0.018591741 -0.007139747 0.999801695 -3.629986340
64964900 0.495827837 0.881471664 0.500000000 0.500000000 0.000000000 0.000000000 0.999826968 0.000998601 0.018574480 0.020591343 -0.001128688 0.999974906 0.006994356 -0.168877349 -0.018567029 -0.007014111 0.999803007 -3.646421806
64998267 0.495827837 0.881471664 0.500000000 0.500000000 0.000000000 0.000000000 0.999828517 0.001041788 0.018489175 0.020487754 -0.001174300 0.999973714 0.007157598 -0.168968926 -0.018481232 -0.007178083 0.999803424 -3.662983846
65031633 0.495827837 0.881471664 0.500000000 0.500000000 0.000000000 0.000000000 0.999825060 0.001142648 0.018669389 0.018669106 -0.001277525 0.999973178 0.007214135 -0.168045102 -0.018660646 -0.007236723 0.999799669 -3.679556937
65065000 0.495827837 0.881471664 0.500000000 0.500000000 0.000000000 0.000000000 0.999821603 0.001144786 0.018852139 0.016739153 -0.001286829 0.999970853 0.007524149 -0.168744079 -0.018842977 -0.007547067 0.999793947 -3.695555307
65098367 0.495827837 0.881471664 0.500000000 0.500000000 0.000000000 0.000000000 0.999816835 0.001229272 0.019099768 0.014527119 -0.001378072 0.999968767 0.007779443 -0.168911512 -0.019089609 -0.007804338 0.999787331 -3.711224350
65131733 0.495827837 0.881471664 0.500000000 0.500000000 0.000000000 0.000000000 0.999814689 0.001145605 0.019217400 0.013321643 -0.001302425 0.999965966 0.008149763 -0.169540788 -0.019207409 -0.008173281 0.999782085 -3.727039359
65165100 0.495827837 0.881471664 0.500000000 0.500000000 0.000000000 0.000000000 0.999817967 0.000914609 0.019058764 0.013428357 -0.001071003 0.999965847 0.008197259 -0.168637059 -0.019050615 -0.008216178 0.999784768 -3.741955197
65198467 0.495827837 0.881471664 0.500000000 0.500000000 0.000000000 0.000000000 0.999817014 0.000940802 0.019107642 0.012431940 -0.001093452 0.999967575 0.007980081 -0.165948088 -0.019099515 -0.007999514 0.999785602 -3.756250917
65231833 0.495827837 0.881471664 0.500000000 0.500000000 0.000000000 0.000000000 0.999820352 0.001076370 0.018924180 0.014145570 -0.001229006 0.999966800 0.008055885 -0.164783103 -0.018914882 -0.008077696 0.999788463 -3.771539246
65265200 0.495827837 0.881471664 0.500000000 0.500000000 0.000000000 0.000000000 0.999816060 0.001136838 0.019146705 0.012440788 -0.001291057 0.999966800 0.008044153 -0.163193356 -0.019136926 -0.008067394 0.999784350 -3.784903114
65298567 0.495827837 0.881471664 0.500000000 0.500000000 0.000000000 0.000000000 0.999819279 0.001087152 0.018978870 0.013708695 -0.001238812 0.999967396 0.007981052 -0.161336095 -0.018969573 -0.008003121 0.999788046 -3.799460830
65331933 0.495827837 0.881471664 0.500000000 0.500000000 0.000000000 0.000000000 0.999816000 0.001132530 0.019150401 0.012174707 -0.001287317 0.999966562 0.008072276 -0.160280639 -0.019140618 -0.008095443 0.999784052 -3.812848923
65365300 0.495827837 0.881471664 0.500000000 0.500000000 0.000000000 0.000000000 0.999817371 0.001155007 0.019075474 0.013279135 -0.001311234 0.999965668 0.008179457 -0.159304440 -0.019065373 -0.008202976 0.999784589 -3.826683424
65398667 0.495827837 0.881471664 0.500000000 0.500000000 0.000000000 0.000000000 0.999812663 0.001130899 0.019321105 0.011557517 -0.001292769 0.999964178 0.008367490 -0.158789894 -0.019310949 -0.008390901 0.999778330 -3.840020534
65432033 0.495827837 0.881471664 0.500000000 0.500000000 0.000000000 0.000000000 0.999814570 0.000994463 0.019232422 0.012513767 -0.001153234 0.999965310 0.008246046 -0.155786933 -0.019223556 -0.008266697 0.999781013 -3.853851172
65465400 0.495827837 0.881471664 0.500000000 0.500000000 0.000000000 0.000000000 0.999813855 0.001045787 0.019266814 0.012777807 -0.001204023 0.999965608 0.008203096 -0.154033822 -0.019257573 -0.008224767 0.999780715 -3.866754519
65498767 0.495827837 0.881471664 0.500000000 0.500000000 0.000000000 0.000000000 0.999810576 0.001044272 0.019433741 0.012229440 -0.001199989 0.999967277 0.008002810 -0.150902670 -0.019424748 -0.008024615 0.999779105 -3.879896142
65532133 0.495827837 0.881471664 0.500000000 0.500000000 0.000000000 0.000000000 0.999811828 0.000892267 0.019376660 0.013763712 -0.001046982 0.999967635 0.007975926 -0.148773348 -0.019368917 -0.007994711 0.999780416 -3.893771169
65565500 0.495827837 0.881471664 0.500000000 0.500000000 0.000000000 0.000000000 0.999813199 0.000858704 0.019307924 0.014872947 -0.001012188 0.999967933 0.007940940 -0.146910315 -0.019300487 -0.007959000 0.999782026 -3.907070074
65598867 0.495827837 0.881471664 0.500000000 0.500000000 0.000000000 0.000000000 0.999814928 0.001066615 0.019207491 0.015750590 -0.001214754 0.999969602 0.007702553 -0.144213072 -0.019198690 -0.007724460 0.999785841 -3.920179812
65632233 0.495827837 0.881471664 0.500000000 0.500000000 0.000000000 0.000000000 0.999821544 0.001028756 0.018862113 0.017852686 -0.001172050 0.999970555 0.007587464 -0.141269858 -0.018853752 -0.007608218 0.999793291 -3.934276863
65665600 0.495827837 0.881471664 0.500000000 0.500000000 0.000000000 0.000000000 0.999828875 0.000990254 0.018472033 0.019763607 -0.001131512 0.999970198 0.007638237 -0.138815713 -0.018463917 -0.007657831 0.999800205 -3.948254053
65698967 0.495827837 0.881471664 0.500000000 0.500000000 0.000000000 0.000000000 0.999835312 0.000954383 0.018124096 0.021767379 -0.001091287 0.999970913 0.007545280 -0.135157366 -0.018116368 -0.007563815 0.999807298 -3.961684270
65732333 0.495827837 0.881471664 0.500000000 0.500000000 0.000000000 0.000000000 0.999838114 0.001099205 0.017960455 0.023087357 -0.001239596 0.999968767 0.007807396 -0.134439052 -0.017951313 -0.007828396 0.999808192 -3.975042332
65765700 0.495827837 0.881471664 0.500000000 0.500000000 0.000000000 0.000000000 0.999839723 0.001013676 0.017874511 0.023667685 -0.001148669 0.999970913 0.007543568 -0.130750728 -0.017866345 -0.007562892 0.999811769 -3.988361323
65799067 0.495827837 0.881471664 0.500000000 0.500000000 0.000000000 0.000000000 0.999849856 0.001253218 0.017281409 0.027611319 -0.001386107 0.999969542 0.007679907 -0.129914240 -0.017271258 -0.007702708 0.999821186 -4.001972343
65832433 0.495827837 0.881471664 0.500000000 0.500000000 0.000000000 0.000000000 0.999862611 0.001023385 0.016544411 0.031394359 -0.001149273 0.999970436 0.007601382 -0.126593865 -0.016536143 -0.007619352 0.999834239 -4.015754803
65865800 0.495827837 0.881471664 0.500000000 0.500000000 0.000000000 0.000000000 0.999882936 0.001033170 0.015267403 0.037950366 -0.001148765 0.999970734 0.007564490 -0.124552137 -0.015259141 -0.007581143 0.999854803 -4.029176528
65899167 0.495827837 0.881471664 0.500000000 0.500000000 0.000000000 0.000000000 0.999903202 0.001299999 0.013851983 0.044896281 -0.001406190 0.999969661 0.007659093 -0.122766766 -0.013841606 -0.007677831 0.999874711 -4.043060984
65932533 0.495827837 0.881471664 0.500000000 0.500000000 0.000000000 0.000000000 0.999923944 0.001164054 0.012279821 0.051996406 -0.001259668 0.999968946 0.007781441 -0.120700931 -0.012270381 -0.007796318 0.999894321 -4.056351335
65965900 0.495827837 0.881471664 0.500000000 0.500000000 0.000000000 0.000000000 0.999943435 0.001238562 0.010566434 0.059870587 -0.001321156 0.999968588 0.007813212 -0.117878597 -0.010556425 -0.007826729 0.999913633 -4.070092263
65999267 0.495827837 0.881471664 0.500000000 0.500000000 0.000000000 0.000000000 0.999962091 0.001689079 0.008544840 0.070013040 -0.001757031 0.999966860 0.007951085 -0.116169500 -0.008531126 -0.007965797 0.999931872 -4.083672448
66032633 0.495827837 0.881471664 0.500000000 0.500000000 0.000000000 0.000000000 0.999977469 0.001437710 0.006560037 0.078949537 -0.001488960 0.999968350 0.007814287 -0.112867971 -0.006548595 -0.007823879 0.999947965 -4.096709633
66066000 0.495827837 0.881471664 0.500000000 0.500000000 0.000000000 0.000000000 0.999990284 0.001406236 0.004184416 0.090181890 -0.001438818 0.999968588 0.007793709 -0.109556415 -0.004173325 -0.007799654 0.999960899 -4.109895314
66099367 0.495827837 0.881471664 0.500000000 0.500000000 0.000000000 0.000000000 0.999997914 0.001515716 0.001357232 0.103652908 -0.001526550 0.999966681 0.008017375 -0.107349363 -0.001345034 -0.008019431 0.999966919 -4.123238945
66132733 0.495827837 0.881471664 0.500000000 0.500000000 0.000000000 0.000000000 0.999996960 0.001566359 -0.001915518 0.119647676 -0.001550177 0.999963343 0.008420493 -0.106440871 0.001928638 -0.008417498 0.999962687 -4.137340560
66166100 0.495827837 0.881471664 0.500000000 0.500000000 0.000000000 0.000000000 0.999982893 0.001800274 -0.005567192 0.137248034 -0.001752278 0.999961376 0.008613963 -0.104199215 0.005582484 -0.008604060 0.999947429 -4.150142328
66199467 0.495827837 0.881471664 0.500000000 0.500000000 0.000000000 0.000000000 0.999953330 0.002229377 -0.009402231 0.155029867 -0.002145890 0.999958277 0.008880225 -0.102314765 0.009421636 -0.008859634 0.999916375 -4.162571366
66232833 0.495827837 0.881471664 0.500000000 0.500000000 0.000000000 0.000000000 0.999904811 0.002474467 -0.013572474 0.174477517 -0.002354237 0.999957919 0.008867198 -0.098673529 0.013593844 -0.008834400 0.999868572 -4.174400998
66266200 0.495827837 0.881471664 0.500000000 0.500000000 0.000000000 0.000000000 0.999831498 0.002589882 -0.018172275 0.195441710 -0.002425768 0.999956131 0.009047247 -0.096690489 0.018194910 -0.009001641 0.999793947 -4.186519354
66299567 0.495827837 0.881471664 0.500000000 0.500000000 0.000000000 0.000000000 0.999738455 0.002509064 -0.022732869 0.215295890 -0.002305128 0.999956906 0.008992723 -0.093022002 0.022754453 -0.008937969 0.999701142 -4.196690139
66332933 0.495827837 0.881471664 0.500000000 0.500000000 0.000000000 0.000000000 0.999606013 0.002402042 -0.027965089 0.238995962 -0.002151489 0.999957323 0.008986119 -0.089597145 0.027985482 -0.008922412 0.999568522 -4.207812258
66366300 0.495827837 0.881471664 0.500000000 0.500000000 0.000000000 0.000000000 0.999437332 0.002393403 -0.033455051 0.263995602 -0.002078971 0.999953389 0.009430271 -0.089129226 0.033476062 -0.009355413 0.999395728 -4.218630927
66399667 0.495827837 0.881471664 0.500000000 0.500000000 0.000000000 0.000000000 0.999225259 0.002750729 -0.039259527 0.290429170 -0.002357770 0.999946713 0.010052064 -0.089768619 0.039285086 -0.009951712 0.999178469 -4.228756420
66433033 0.495827837 0.881471664 0.500000000 0.500000000 0.000000000 0.000000000 0.998983085 0.002965883 -0.044988383 0.314963420 -0.002516386 0.999946356 0.010044747 -0.086726818 0.045015760 -0.009921324 0.998937011 -4.237968245
66466400 0.495827837 0.881471664 0.500000000 0.500000000 0.000000000 0.000000000 0.998664141 0.003289090 -0.051567025 0.344576119 -0.002776496 0.999946058 0.010008824 -0.083933365 0.051597163 -0.009852278 0.998619378 -4.247399909
66499767 0.495827837 0.881471664 0.500000000 0.500000000 0.000000000 0.000000000 0.998296201 0.003435742 -0.058248550 0.373707317 -0.002864718 0.999947071 0.009883904 -0.080389677 0.058279425 -0.009700198 0.998253167 -4.256651643
66533133 0.495827837 0.881471664 0.500000000 0.500000000 0.000000000 0.000000000 0.997876525 0.003842336 -0.065020561 0.402191945 -0.003206129 0.999945998 0.009886219 -0.077928815 0.065055035 -0.009656762 0.997834980 -4.264035735
66566500 0.495827837 0.881471664 0.500000000 0.500000000 0.000000000 0.000000000 0.997363389 0.004184255 -0.072448261 0.434999479 -0.003473244 0.999944568 0.009937251 -0.076873615 0.072485827 -0.009659420 0.997322679 -4.272936821
66599867 0.495827837 0.881471664 0.500000000 0.500000000 0.000000000 0.000000000 0.996794581 0.004059676 -0.079900555 0.467628811 -0.003300997 0.999948204 0.009625090 -0.073029845 0.079935491 -0.009330486 0.996756375 -4.281071119
66633233 0.495827837 0.881471664 0.500000000 0.500000000 0.000000000 0.000000000 0.996182203 0.004026616 -0.087205246 0.498193100 -0.003183632 0.999946892 0.009803595 -0.071885081 0.087240085 -0.009488538 0.996142149 -4.289827088
66666600 0.495827837 0.881471664 0.500000000 0.500000000 0.000000000 0.000000000 0.995465875 0.004195679 -0.095026515 0.532179736 -0.003233370 0.999941945 0.010278463 -0.073601450 0.095064126 -0.009924604 0.995421648 -4.298650739
66699967 0.495827837 0.881471664 0.500000000 0.500000000 0.000000000 0.000000000 0.994666874 0.004216146 -0.103053667 0.567765325 -0.003192006 0.999943912 0.010100822 -0.071955423 0.103090473 -0.009718005 0.994624496 -4.307565109
66733333 0.495827837 0.881471664 0.500000000 0.500000000 0.000000000 0.000000000 0.993810356 0.004394419 -0.111003138 0.602935614 -0.003282083 0.999942601 0.010201496 -0.071084368 0.111041598 -0.009774030 0.993767679 -4.315465415
66766700 0.495827837 0.881471664 0.500000000 0.500000000 0.000000000 0.000000000 0.992904067 0.004574102 -0.118830256 0.637212345 -0.003412767 0.999944448 0.009974714 -0.068231627 0.118869282 -0.009498395 0.992864490 -4.322748177
66800067 0.495827837 0.881471664 0.500000000 0.500000000 0.000000000 0.000000000 0.991896570 0.004657507 -0.126962677 0.674005210 -0.003412134 0.999943912 0.010024687 -0.067859605 0.127002239 -0.009510239 0.991856813 -4.330181587
66833433 0.495827837 0.881471664 0.500000000 0.500000000 0.000000000 0.000000000 0.990822971 0.005093971 -0.135069832 0.710408398 -0.003782004 0.999943137 0.009968065 -0.066397851 0.135112926 -0.009365753 0.990785956 -4.337649389
66866800 0.495827837 0.881471664 0.500000000 0.500000000 0.000000000 0.000000000 0.989629686 0.005483106 -0.143537387 0.749288599 -0.004063944 0.999939919 0.010178368 -0.067472071 0.143584579 -0.009489487 0.989592552 -4.344754571
66900167 0.495827837 0.881471664 0.500000000 0.500000000 0.000000000 0.000000000 0.988351703 0.005927723 -0.152071476 0.788348695 -0.004383651 0.999935389 0.010486852 -0.068882409 0.152123809 -0.009698071 0.988313854 -4.351676650
66933533 0.495827837 0.881471664 0.500000000 0.500000000 0.000000000 0.000000000 0.987021446 0.006406420 -0.160460651 0.826179612 -0.004710094 0.999928951 0.010949734 -0.071664126 0.160519391 -0.010051837 0.986981511 -4.358237771
66966900 0.495827837 0.881471664 0.500000000 0.500000000 0.000000000 0.000000000 0.985647559 0.006381121 -0.168695539 0.862414031 -0.004651441 0.999932528 0.010646448 -0.069287232 0.168752089 -0.009708968 0.985610723 -4.364479546
67000267 0.495827837 0.881471664 0.500000000 0.500000000 0.000000000 0.000000000 0.984153867 0.006733377 -0.177188635 0.901185204 -0.004909663 0.999930382 0.010728936 -0.069956559 0.177248538 -0.009688987 0.984118402 -4.370586418
67033633 0.495827837 0.881471664 0.500000000 0.500000000 0.000000000 0.000000000 0.982580900 0.007214495 -0.185695276 0.939722966 -0.005269357 0.999925971 0.010966307 -0.071918628 0.185760647 -0.009796789 0.982546210 -4.376265802
67067000 0.495827837 0.881471664 0.500000000 0.500000000 0.000000000 0.000000000 0.980922997 0.007265160 -0.194261014 0.978925313 -0.005260695 0.999927461 0.010832313 -0.070723444 0.194325641 -0.009603716 0.980890036 -4.381726718
67100367 0.495827837 0.881471664 0.500000000 0.500000000 0.000000000 0.000000000 0.979203761 0.007305159 -0.202747628 1.017973633 -0.005219370 0.999927819 0.010820372 -0.070140494 0.202812031 -0.009537134 0.979171216 -4.386010139
67133733 0.495827837 0.881471664 0.500000000 0.500000000 0.000000000 0.000000000 0.977416575 0.007657427 -0.211182892 1.056244504 -0.005485610 0.999925911 0.010867991 -0.069489860 0.211250454 -0.009464087 0.977386117 -4.390706315
67167100 0.495827837 0.881471664 0.500000000 0.500000000 0.000000000 0.000000000 0.975532115 0.008115321 -0.219707146 1.096025432 -0.005834800 0.999922156 0.011026748 -0.069032873 0.219779536 -0.009474999 0.975503564 -4.394668659
67200467 0.495827837 0.881471664 0.500000000 0.500000000 0.000000000 0.000000000 0.973567247 0.008637018 -0.228237137 1.136071660 -0.006227687 0.999917030 0.011274366 -0.069416322 0.228315577 -0.009554964 0.973540306 -4.398149942
67233833 0.495827837 0.881471664 0.500000000 0.500000000 0.000000000 0.000000000 0.971634090 0.008782615 -0.236326233 1.172468490 -0.006307518 0.999917090 0.011227220 -0.067587797 0.236405239 -0.009418118 0.971608877 -4.401316275
67267200 0.495827837 0.881471664 0.500000000 0.500000000 0.000000000 0.000000000 0.969571352 0.009152565 -0.244637623 1.211272267 -0.006511408 0.999911487 0.011602794 -0.068470153 0.244722173 -0.009656801 0.969545126 -4.404037849
67300567 0.495827837 0.881471664 0.500000000 0.500000000 0.000000000 0.000000000 0.967500150 0.009301030 -0.252699226 1.248606793 -0.006555783 0.999909997 0.011703528 -0.067958075 0.252785355 -0.009666525 0.967474103 -4.406473087
67333933 0.495827837 0.881471664 0.500000000 0.500000000 0.000000000 0.000000000 0.965380549 0.009518310 -0.260671794 1.284680400 -0.006653205 0.999907374 0.011871455 -0.067524833 0.260760635 -0.009726170 0.965354502 -4.408609794
67367300 0.495827837 0.881471664 0.500000000 0.500000000 0.000000000 0.000000000 0.963193655 0.010024760 -0.268621475 1.321283479 -0.007022551 0.999901712 0.012134913 -0.067864970 0.268716723 -0.009801864 0.963169396 -4.409393386
67400667 0.495827837 0.881471664 0.500000000 0.500000000 0.000000000 0.000000000 0.960881591 0.010426958 -0.276763171 1.359936416 -0.007227981 0.999894798 0.012576194 -0.070711664 0.276865184 -0.010083795 0.960855842 -4.410327549
67434033 0.495827837 0.881471664 0.500000000 0.500000000 0.000000000 0.000000000 0.958717525 0.010539092 -0.284164846 1.392110603 -0.007363879 0.999897957 0.012239858 -0.067429879 0.284264863 -0.009642011 0.958697319 -4.410558257
67467400 0.495827837 0.881471664 0.500000000 0.500000000 0.000000000 0.000000000 0.956352055 0.010682588 -0.292021573 1.428417108 -0.007432304 0.999897480 0.012237431 -0.067112400 0.292122364 -0.009532901 0.956333458 -4.409992516
67500767 0.495827837 0.881471664 0.500000000 0.500000000 0.000000000 0.000000000 0.953936517 0.010690843 -0.299817979 1.464234748 -0.007372056 0.999898434 0.012198346 -0.067082228 0.299917936 -0.009426173 0.953918457 -4.409641342
67534133 0.495827837 0.881471664 0.500000000 0.500000000 0.000000000 0.000000000 0.951546848 0.010640212 -0.307319671 1.497942212 -0.007364885 0.999903083 0.011815538 -0.064710687 0.307415605 -0.008979663 0.951532960 -4.409323733
67567500 0.495827837 0.881471664 0.500000000 0.500000000 0.000000000 0.000000000 0.949082732 0.010809192 -0.314841360 1.532040681 -0.007437446 0.999901414 0.011908771 -0.065498132 0.314939052 -0.008960793 0.949069619 -4.408514885
67600867 0.495827837 0.881471664 0.500000000 0.500000000 0.000000000 0.000000000 0.946669996 0.010891277 -0.322020710 1.563584957 -0.007474430 0.999901891 0.011845171 -0.064325631 0.322118133 -0.008806546 0.946658492 -4.407989118
67634233 0.495827837 0.881471664 0.500000000 0.500000000 0.000000000 0.000000000 0.944150865 0.011130583 -0.329325378 1.596757931 -0.007603981 0.999899149 0.011994688 -0.064529710 0.329425693 -0.008820611 0.944140315 -4.406735893
67667600 0.495827837 0.881471664 0.500000000 0.500000000 0.000000000 0.000000000 0.941534519 0.011339876 -0.336725712 1.631367363 -0.007679464 0.999896109 0.012200484 -0.065920714 0.336829066 -0.008901304 0.941523731 -4.405167780
67700967 0.495827837 0.881471664 0.500000000 0.500000000 0.000000000 0.000000000 0.938840210 0.011623156 -0.344156951 1.665416628 -0.007952086 0.999895453 0.012076478 -0.064266173 0.344261348 -0.008601118 0.938834488 -4.403569218
67734333 0.495827837 0.881471664 0.500000000 0.500000000 0.000000000 0.000000000 0.936083317 0.011723058 -0.351583034 1.699478911 -0.008019673 0.999895990 0.011987941 -0.063385804 0.351686984 -0.008402131 0.936079919 -4.401128707
67767700 0.495827837 0.881471664 0.500000000 0.500000000 0.000000000 0.000000000 0.933192432 0.012031575 -0.359175682 1.734917960 -0.008216744 0.999892473 0.012145803 -0.064483923 0.359283179 -0.008383117 0.933190942 -4.398539341
67801067 0.495827837 0.881471664 0.500000000 0.500000000 0.000000000 0.000000000 0.930275798 0.012130209 -0.366660386 1.769444331 -0.008276823 0.999892771 0.012079791 -0.064028137 0.366767615 -0.008202754 0.930276453 -4.395691470
67834433 0.495827837 0.881471664 0.500000000 0.500000000 0.000000000 0.000000000 0.927223742 0.012224506 -0.374308288 1.805102547 -0.008433271 0.999895215 0.011764891 -0.062016459 0.374412894 -0.007752043 0.927229702 -4.392039839
67867800 0.495827837 0.881471664 0.500000000 0.500000000 0.000000000 0.000000000 0.923945844 0.012683709 -0.382312924 1.843615309 -0.008617727 0.999886632 0.012345798 -0.065848149 0.382426172 -0.008112181 0.923950434 -4.387570569
67901167 0.495827837 0.881471664 0.500000000 0.500000000 0.000000000 0.000000000 0.920548558 0.012845324 -0.390416920 1.882901658 -0.008692160 0.999885321 0.012402886 -0.066438045 0.390531451 -0.008023892 0.920554638 -4.382405342
67934533 0.495827837 0.881471664 0.500000000 0.500000000 0.000000000 0.000000000 0.917216003 0.013123487 -0.398174047 1.919043737 -0.008979402 0.999884367 0.012270812 -0.065521277 0.398289055 -0.007679620 0.917227805 -4.376913648
67967900 0.495827837 0.881471664 0.500000000 0.500000000 0.000000000 0.000000000 0.913689017 0.013381247 -0.406193703 1.956991403 -0.009192815 0.999882579 0.012260903 -0.065164543 0.406310052 -0.007468589 0.913704753 -4.370596477
68001267 0.495827837 0.881471664 0.500000000 0.500000000 0.000000000 0.000000000 0.909873545 0.013921286 -0.414652050 1.998573148 -0.009444513 0.999872923 0.012844996 -0.068481449 0.414778173 -0.007771134 0.909889400 -4.363353803
68034633 0.495827837 0.881471664 0.500000000 0.500000000 0.000000000 0.000000000 0.906163275 0.014335523 -0.422684968 2.035589665 -0.009712714 0.999867141 0.013088506 -0.069098271 0.422816455 -0.007754905 0.906182170 -4.355630249
68068000 0.495827837 0.881471664 0.500000000 0.500000000 0.000000000 0.000000000 0.902188063 0.014470030 -0.431100190 2.075384403 -0.009872452 0.999868035 0.012900277 -0.067219137 0.431229979 -0.007382460 0.902211845 -4.346802264
68101367 0.495827837 0.881471664 0.500000000 0.500000000 0.000000000 0.000000000 0.898097098 0.014506582 -0.439557850 2.115775659 -0.009831748 0.999868333 0.012910262 -0.067353609 0.439687252 -0.007273047 0.898121476 -4.337161911
68134733 0.495827837 0.881471664 0.500000000 0.500000000 0.000000000 0.000000000 0.894004226 0.014862752 -0.447811991 2.154144832 -0.010134872 0.999864757 0.012952139 -0.066308841 0.447943956 -0.007040749 0.894033909 -4.328290953
68168100 0.495827837 0.881471664 0.500000000 0.500000000 0.000000000 0.000000000 0.889819741 0.014978291 -0.456066281 2.193435254 -0.010147109 0.999863505 0.013040096 -0.066251695 0.456199348 -0.006975581 0.889850259 -4.317610967
68201467 0.495827837 0.881471664 0.500000000 0.500000000 0.000000000 0.000000000 0.885492623 0.015325669 -0.464400560 2.234100060 -0.010351637 0.999858499 0.013258385 -0.066914850 0.464538068 -0.006932897 0.885526001 -4.306613744
68234833 0.495827837 0.881471664 0.500000000 0.500000000 0.000000000 0.000000000 0.881141603 0.015568173 -0.472596139 2.273589316 -0.010427342 0.999854565 0.013495548 -0.068630137 0.472737491 -0.006963567 0.881175816 -4.295405180
68268200 0.495827837 0.881471664 0.500000000 0.500000000 0.000000000 0.000000000 0.876782835 0.015719805 -0.480629593 2.312326173 -0.010534896 0.999853611 0.013483747 -0.068698152 0.480771184 -0.006758935 0.876820028 -4.283107353
68301567 0.495827837 0.881471664 0.500000000 0.500000000 0.000000000 0.000000000 0.872408986 0.016122326 -0.488510609 2.349655141 -0.010956365 0.999849737 0.013431588 -0.067778339 0.488653749 -0.006365539 0.872454584 -4.270905428
68334933 0.495827837 0.881471664 0.500000000 0.500000000 0.000000000 0.000000000 0.867969811 0.016307998 -0.496349156 2.387729750 -0.011112466 0.999848247 0.013418456 -0.068530228 0.496492654 -0.006131151 0.868019283 -4.258948367
68368300 0.495827837 0.881471664 0.500000000 0.500000000 0.000000000 0.000000000 0.863583684 0.016656818 -0.503930271 2.423963072 -0.011608123 0.999846101 0.013155921 -0.066867738 0.504071832 -0.005511554 0.863644123 -4.246920163
68401667 0.495827837 0.881471664 0.500000000 0.500000000 0.000000000 0.000000000 0.859114707 0.016695587 -0.511510670 2.461611991 -0.011704243 0.999847293 0.012976757 -0.065944497 0.511649191 -0.005161678 0.859178960 -4.235627657
68435033 0.495827837 0.881471664 0.500000000 0.500000000 0.000000000 0.000000000 0.854902625 0.017086538 -0.518507063 2.495424548 -0.011927272 0.999840617 0.013282673 -0.068035766 0.518651366 -0.005171017 0.854970157 -4.224349963
68468400 0.495827837 0.881471664 0.500000000 0.500000000 0.000000000 0.000000000 0.850537539 0.017321967 -0.525628984 2.530103453 -0.012310954 0.999839306 0.013028688 -0.066131017 0.525770187 -0.004610395 0.850614130 -4.213328044
68501767 0.495827837 0.881471664 0.500000000 0.500000000 0.000000000 0.000000000 0.846375585 0.017558955 -0.532296956 2.562418558 -0.012556906 0.999836445 0.013015714 -0.065995527 0.532438457 -0.004332180 0.846457660 -4.203040833
68535133 0.495827837 0.881471664 0.500000000 0.500000000 0.000000000 0.000000000 0.842336059 0.017598074 -0.538665295 2.592377920 -0.012544293 0.999836206 0.013048328 -0.066451310 0.538806677 -0.004233901 0.842418790 -4.193736776
68568500 0.495827837 0.881471664 0.500000000 0.500000000 0.000000000 0.000000000 0.838185549 0.017855534 -0.545092821 2.623911522 -0.012838274 0.999832928 0.013010069 -0.065836368 0.545234025 -0.003906800 0.838274777 -4.184683070
68601867 0.495827837 0.881471664 0.500000000 0.500000000 0.000000000 0.000000000 0.834178567 0.017904500 -0.551203787 2.654141962 -0.012982312 0.999833405 0.012830012 -0.064055316 0.551341653 -0.003546622 0.834272027 -4.176085260
68635233 0.495827837 0.881471664 0.500000000 0.500000000 0.000000000 0.000000000 0.830293477 0.018036513 -0.557034492 2.683010586 -0.013141186 0.999831915 0.012786353 -0.063323208 0.557171464 -0.003296332 0.830390930 -4.168585786
68668600 0.495827837 0.881471664 0.500000000 0.500000000 0.000000000 0.000000000 0.826336324 0.018365826 -0.562877417 2.712660363 -0.013353899 0.999826074 0.013018500 -0.064224417 0.563018620 -0.003241051 0.826437831 -4.160754189
68701967 0.495827837 0.881471664 0.500000000 0.500000000 0.000000000 0.000000000 0.822531521 0.018577024 -0.568416059 2.739864821 -0.013508599 0.999822557 0.013128553 -0.064254970 0.568559110 -0.003120143 0.822636485 -4.154119662
68735333 0.495827837 0.881471664 0.500000000 0.500000000 0.000000000 0.000000000 0.818741918 0.018580398 -0.573861003 2.766836471 -0.013667811 0.999823749 0.012871956 -0.061704058 0.573998988 -0.002695387 0.818851590 -4.147410699
68768700 0.495827837 0.881471664 0.500000000 0.500000000 0.000000000 0.000000000 0.815070450 0.018829256 -0.579055786 2.792436491 -0.013922798 0.999819696 0.012913782 -0.061674249 0.579194486 -0.002463566 0.815185666 -4.141578800
68802067 0.495827837 0.881471664 0.500000000 0.500000000 0.000000000 0.000000000 0.811375201 0.018971983 -0.584217727 2.817831209 -0.014177839 0.999817848 0.012777736 -0.060572657 0.584353745 -0.002084593 0.811496377 -4.136212474
68835433 0.495827837 0.881471664 0.500000000 0.500000000 0.000000000 0.000000000 0.807801485 0.019282671 -0.589139163 2.841465319 -0.014356818 0.999811947 0.013038659 -0.061933384 0.589279771 -0.002074485 0.807926416 -4.131762355
68868800 0.495827837 0.881471664 0.500000000 0.500000000 0.000000000 0.000000000 0.804238439 0.019444486 -0.593988538 2.865431047 -0.014564357 0.999809325 0.013009613 -0.061311096 0.594128251 -0.001811770 0.804368317 -4.127010420
68902167 0.495827837 0.881471664 0.500000000 0.500000000 0.000000000 0.000000000 0.800633490 0.019568175 -0.598834813 2.889409582 -0.014604004 0.999806941 0.013145434 -0.061984538 0.598976433 -0.001779288 0.800764680 -4.122825004
68935533 0.495827837 0.881471664 0.500000000 0.500000000 0.000000000 0.000000000 0.797088861 0.019691363 -0.603540897 2.911870319 -0.014634674 0.999804556 0.013292187 -0.062316816 0.603684723 -0.001762429 0.797221243 -4.118971471
68968900 0.495827837 0.881471664 0.500000000 0.500000000 0.000000000 0.000000000 0.793570578 0.019786026 -0.608156383 2.933901824 -0.014787477 0.999803126 0.013232160 -0.061064201 0.608298481 -0.001507555 0.793706954 -4.114572260
69002267 0.495827837 0.881471664 0.500000000 0.500000000 0.000000000 0.000000000 0.790070117 0.019888466 -0.612693787 2.955608719 -0.014886773 0.999801278 0.013257715 -0.060502244 0.612835765 -0.001353491 0.790209174 -4.110404768
69035633 0.495827837 0.881471664 0.500000000 0.500000000 0.000000000 0.000000000 0.786704779 0.019991139 -0.617005587 2.976438907 -0.014990776 0.999799430 0.013279969 -0.060113234 0.617147326 -0.001198023 0.786846697 -4.106618157
69069000 0.495827837 0.881471664 0.500000000 0.500000000 0.000000000 0.000000000 0.783352256 0.020233911 -0.621248603 2.997284817 -0.015278717 0.999794841 0.013297642 -0.059332245 0.621390224 -0.000924855 0.783500671 -4.102415010
69102367 0.495827837 0.881471664 0.500000000 0.500000000 0.000000000 0.000000000 0.780211568 0.020156469 -0.625190914 3.015699972 -0.015268474 0.999796569 0.013179541 -0.058959535 0.625329375 -0.000737119 0.780360579 -4.099508940
69135733 0.495827837 0.881471664 0.500000000 0.500000000 0.000000000 0.000000000 0.777086973 0.020306965 -0.629065514 3.034223808 -0.015411593 0.999793589 0.013236498 -0.058784030 0.629204512 -0.000591009 0.777239561 -4.096792762
