https://www.youtube.com/watch?v=S2XTFMYjBfE
51451400 0.499523787 0.888042354 0.500000000 0.500000000 0.000000000 0.000000000 0.997524202 -0.006064964 0.070062354 -0.031498172 0.006512520 0.999959826 -0.006161309 0.022205579 -0.070022166 0.006602337 0.997523606 -0.251499191
51484767 0.499523787 0.888042354 0.500000000 0.500000000 0.000000000 0.000000000 0.997252107 -0.006585161 0.073789224 -0.034915355 0.007065714 0.999955475 -0.006253361 0.023366942 -0.073744759 0.006757551 0.997254252 -0.258983306
51518133 0.499523787 0.888042354 0.500000000 0.500000000 0.000000000 0.000000000 0.996948898 -0.007215738 0.077722713 -0.038541840 0.007715525 0.999951422 -0.006132009 0.024384184 -0.077674694 0.006712972 0.996956170 -0.266395635
51551500 0.499523787 0.888042354 0.500000000 0.500000000 0.000000000 0.000000000 0.996657968 -0.007822161 0.081312090 -0.041982651 0.008350833 0.999946117 -0.006163734 0.025321816 -0.081259497 0.006822158 0.996669650 -0.273541849
51584867 0.499523787 0.888042354 0.500000000 0.500000000 0.000000000 0.000000000 0.996345401 -0.008411419 0.085000344 -0.045378625 0.008982662 0.999939561 -0.006340261 0.026130017 -0.084941871 0.007080619 0.996360779 -0.280571060
51618233 0.499523787 0.888042354 0.500000000 0.500000000 0.000000000 0.000000000 0.995988965 -0.008967572 0.089025550 -0.049143309 0.009583719 0.999933004 -0.006495975 0.027109804 -0.088961326 0.007323115 0.996008158 -0.287594750
51651600 0.499523787 0.888042354 0.500000000 0.500000000 0.000000000 0.000000000 0.995647073 -0.009516373 0.092716537 -0.052706161 0.010158337 0.999927580 -0.006454451 0.027861489 -0.092648402 0.007368201 0.995671630 -0.294418532
51684967 0.499523787 0.888042354 0.500000000 0.500000000 0.000000000 0.000000000 0.995298684 -0.010213209 0.096313328 -0.055735553 0.010893066 0.999919295 -0.006535643 0.029025801 -0.096238807 0.007554065 0.995329618 -0.300706848
51718333 0.499523787 0.888042354 0.500000000 0.500000000 0.000000000 0.000000000 0.994873941 -0.010808664 0.100543708 -0.059075372 0.011522202 0.999912381 -0.006518772 0.029832713 -0.100464441 0.007643841 0.994911313 -0.306824325
51751700 0.499523787 0.888042354 0.500000000 0.500000000 0.000000000 0.000000000 0.994430482 -0.011568027 0.104757860 -0.062046739 0.012326381 0.999902308 -0.006594576 0.030939852 -0.104671337 0.007849133 0.994475901 -0.312497284
51785067 0.499523787 0.888042354 0.500000000 0.500000000 0.000000000 0.000000000 0.993928790 -0.012192582 0.109347783 -0.065670085 0.012984985 0.999894321 -0.006537466 0.031772973 -0.109256521 0.007917655 0.993982077 -0.317944507
51818433 0.499523787 0.888042354 0.500000000 0.500000000 0.000000000 0.000000000 0.993404686 -0.012902589 0.113932543 -0.068926005 0.013729339 0.999884784 -0.006474786 0.032684808 -0.113835871 0.007996301 0.993467391 -0.322906355
51851800 0.499523787 0.888042354 0.500000000 0.500000000 0.000000000 0.000000000 0.992851853 -0.013729753 0.118560933 -0.072028222 0.014590806 0.999873102 -0.006397545 0.033516804 -0.118458048 0.008081715 0.992926180 -0.327382334
51885167 0.499523787 0.888042354 0.500000000 0.500000000 0.000000000 0.000000000 0.992239594 -0.014463271 0.123496599 -0.075563902 0.015364330 0.999861836 -0.006346930 0.034041102 -0.123387739 0.008195118 0.992324710 -0.331403439
51918533 0.499523787 0.888042354 0.500000000 0.500000000 0.000000000 0.000000000 0.991619825 -0.015312796 0.128279388 -0.078853410 0.016247978 0.999848485 -0.006246862 0.034395159 -0.128164291 0.008278793 0.991718411 -0.335204804
51951900 0.499523787 0.888042354 0.500000000 0.500000000 0.000000000 0.000000000 0.990983009 -0.016230479 0.133000985 -0.082085308 0.017196057 0.999833465 -0.006114423 0.034935010 -0.132879585 0.008346383 0.991097033 -0.338228601
51985267 0.499523787 0.888042354 0.500000000 0.500000000 0.000000000 0.000000000 0.990281105 -0.017065901 0.138029158 -0.085481702 0.018039677 0.999820411 -0.005806852 0.035073687 -0.137905270 0.008240418 0.990411162 -0.340876585
52018633 0.499523787 0.888042354 0.500000000 0.500000000 0.000000000 0.000000000 0.989547610 -0.018017158 0.143076405 -0.088944484 0.018992355 0.999804735 -0.005453033 0.034927628 -0.142950222 0.008113394 0.989696622 -0.343080292
52052000 0.499523787 0.888042354 0.500000000 0.500000000 0.000000000 0.000000000 0.988812685 -0.018903052 0.147959977 -0.092416380 0.019905500 0.999787807 -0.005297167 0.034604224 -0.147828460 0.008183124 0.988979161 -0.344726311
52085367 0.499523787 0.888042354 0.500000000 0.500000000 0.000000000 0.000000000 0.988050282 -0.019835053 0.152850300 -0.095636226 0.020917948 0.999766171 -0.005479671 0.034344392 -0.152705878 0.008611505 0.988234162 -0.345950801
52118733 0.499523787 0.888042354 0.500000000 0.500000000 0.000000000 0.000000000 0.987233758 -0.020662677 0.157932207 -0.099253185 0.021829160 0.999745727 -0.005654707 0.034036793 -0.157775208 0.009030045 0.987433791 -0.346917298
52152100 0.499523787 0.888042354 0.500000000 0.500000000 0.000000000 0.000000000 0.986393988 -0.021488389 0.162988350 -0.102805419 0.022702001 0.999726653 -0.005586914 0.033675768 -0.162823752 0.009211061 0.986612201 -0.347625492
52185467 0.499523787 0.888042354 0.500000000 0.500000000 0.000000000 0.000000000 0.985531747 -0.022329126 0.168013647 -0.106280395 0.023551574 0.999708652 -0.005286491 0.033255999 -0.167846650 0.009166991 0.985770524 -0.348101593
52218833 0.499523787 0.888042354 0.500000000 0.500000000 0.000000000 0.000000000 0.984660447 -0.023117984 0.172943309 -0.109971437 0.024311906 0.999692976 -0.004788193 0.032231880 -0.172779515 0.008919326 0.984920144 -0.348646716
52252200 0.499523787 0.888042354 0.500000000 0.500000000 0.000000000 0.000000000 0.983824730 -0.023915583 0.177530006 -0.113219984 0.025127463 0.999673784 -0.004580850 0.031577396 -0.177362531 0.008967632 0.984104753 -0.348774725
52285567 0.499523787 0.888042354 0.500000000 0.500000000 0.000000000 0.000000000 0.982956290 -0.024728134 0.182168603 -0.116500988 0.026000831 0.999651313 -0.004601058 0.031235269 -0.181991324 0.009259174 0.983256519 -0.349037283
52318933 0.499523787 0.888042354 0.500000000 0.500000000 0.000000000 0.000000000 0.982073486 -0.025468713 0.186769947 -0.120047766 0.026772186 0.999631584 -0.004459623 0.031001385 -0.186587572 0.009379918 0.982393563 -0.349266565
52352300 0.499523787 0.888042354 0.500000000 0.500000000 0.000000000 0.000000000 0.981231332 -0.026254635 0.191038758 -0.123175164 0.027550444 0.999611914 -0.004129591 0.030874637 -0.190856189 0.009315287 0.981573820 -0.349263328
52385667 0.499523787 0.888042354 0.500000000 0.500000000 0.000000000 0.000000000 0.980347753 -0.026994528 0.195421487 -0.126555178 0.028274488 0.999593139 -0.003762570 0.030669848 -0.195240408 0.009214070 0.980712116 -0.349194140
52419033 0.499523787 0.888042354 0.500000000 0.500000000 0.000000000 0.000000000 0.979442060 -0.027793685 0.199801713 -0.130028573 0.029110344 0.999569535 -0.003654493 0.030924463 -0.199614137 0.009395661 0.979829550 -0.348776157
52452400 0.499523787 0.888042354 0.500000000 0.500000000 0.000000000 0.000000000 0.978476346 -0.028549973 0.204374373 -0.133470309 0.029938640 0.999544859 -0.003705317 0.031444413 -0.204175562 0.009744256 0.978885770 -0.348153310
52485767 0.499523787 0.888042354 0.500000000 0.500000000 0.000000000 0.000000000 0.977362990 -0.029458890 0.209508404 -0.137149188 0.030950390 0.999513507 -0.003843308 0.032518663 -0.209293261 0.010240674 0.977799296 -0.347344322
52519133 0.499523787 0.888042354 0.500000000 0.500000000 0.000000000 0.000000000 0.976138115 -0.030186642 0.215042144 -0.141461013 0.031748261 0.999488652 -0.003810798 0.033726959 -0.214817151 0.010547080 0.976597309 -0.346408314
52552500 0.499523787 0.888042354 0.500000000 0.500000000 0.000000000 0.000000000 0.974933326 -0.031022657 0.220323890 -0.145981670 0.032591973 0.999462664 -0.003490373 0.034888100 -0.220097214 0.010583671 0.975420535 -0.345284860
52585867 0.499523787 0.888042354 0.500000000 0.500000000 0.000000000 0.000000000 0.973810077 -0.031806201 0.225127250 -0.150495973 0.033352349 0.999438941 -0.003067135 0.035787063 -0.224903390 0.010495329 0.974324524 -0.344158221
52619233 0.499523787 0.888042354 0.500000000 0.500000000 0.000000000 0.000000000 0.972698092 -0.032605980 0.229772151 -0.154693221 0.034225490 0.999409437 -0.003065396 0.037486611 -0.229536504 0.010845769 0.973239601 -0.342528893
52652600 0.499523787 0.888042354 0.500000000 0.500000000 0.000000000 0.000000000 0.971471131 -0.033413056 0.234792352 -0.159205923 0.035134491 0.999377608 -0.003151223 0.038979666 -0.234540924 0.011310631 0.972040415 -0.340883797
52685967 0.499523787 0.888042354 0.500000000 0.500000000 0.000000000 0.000000000 0.970233917 -0.034302887 0.239727795 -0.163814143 0.036164138 0.999340177 -0.003368069 0.040510790 -0.239454076 0.011937364 0.970834315 -0.339374370
52719333 0.499523787 0.888042354 0.500000000 0.500000000 0.000000000 0.000000000 0.968996048 -0.035070352 0.244574606 -0.168240885 0.037036851 0.999307990 -0.003444663 0.042284130 -0.244284540 0.012396138 0.969624341 -0.337760518
52752700 0.499523787 0.888042354 0.500000000 0.500000000 0.000000000 0.000000000 0.967583477 -0.035994437 0.249973342 -0.172932315 0.037960425 0.999274611 -0.003046532 0.044011297 -0.249682352 0.012436868 0.968247950 -0.335788620
52786067 0.499523787 0.888042354 0.500000000 0.500000000 0.000000000 0.000000000 0.966039956 -0.036897726 0.255744725 -0.177836102 0.038787756 0.999244690 -0.002348682 0.045373513 -0.255464911 0.012188685 0.966741502 -0.333686446
52819433 0.499523787 0.888042354 0.500000000 0.500000000 0.000000000 0.000000000 0.964492083 -0.037912849 0.261376470 -0.182818458 0.039786045 0.999206483 -0.001876825 0.046630322 -0.261097878 0.012209318 0.965235114 -0.331455526
52852800 0.499523787 0.888042354 0.500000000 0.500000000 0.000000000 0.000000000 0.962906063 -0.038892053 0.267019242 -0.187645188 0.040871821 0.999162674 -0.001858437 0.047891559 -0.266723394 0.012703064 0.963689387 -0.329075456
52886167 0.499523787 0.888042354 0.500000000 0.500000000 0.000000000 0.000000000 0.961241007 -0.039920058 0.272804260 -0.192320821 0.042022645 0.999114931 -0.001866404 0.048840648 -0.272488296 0.013258021 0.962067723 -0.326933336
52919533 0.499523787 0.888042354 0.500000000 0.500000000 0.000000000 0.000000000 0.959490597 -0.041023903 0.278737932 -0.196994872 0.043267421 0.999061704 -0.001898813 0.050295000 -0.278398484 0.013882163 0.960365355 -0.324512583
52952900 0.499523787 0.888042354 0.500000000 0.500000000 0.000000000 0.000000000 0.957678378 -0.042212233 0.284728318 -0.201647196 0.044543728 0.999005973 -0.001714940 0.051556344 -0.284372896 0.014325222 0.958606720 -0.322170195
52986267 0.499523787 0.888042354 0.500000000 0.500000000 0.000000000 0.000000000 0.955768704 -0.043305207 0.290913850 -0.206371461 0.045672469 0.998955548 -0.001348635 0.052580922 -0.290551603 0.014575737 0.956748307 -0.319747112
53019633 0.499523787 0.888042354 0.500000000 0.500000000 0.000000000 0.000000000 0.953814030 -0.044498648 0.297083676 -0.210565428 0.046919823 0.998898149 -0.001020477 0.054248323 -0.296710908 0.014912458 0.954850912 -0.317164471
53053000 0.499523787 0.888042354 0.500000000 0.500000000 0.000000000 0.000000000 0.951689422 -0.045716856 0.303640008 -0.214845718 0.048132725 0.998840809 -0.000472737 0.055204475 -0.303266436 0.015064920 0.952786684 -0.314412293
53086367 0.499523787 0.888042354 0.500000000 0.500000000 0.000000000 0.000000000 0.949398756 -0.046858635 0.310557961 -0.219269291 0.049323156 0.998782873 -0.000082895 0.056245271 -0.310176075 0.015396399 0.950554430 -0.311594539
53119733 0.499523787 0.888042354 0.500000000 0.500000000 0.000000000 0.000000000 0.947017789 -0.048089392 0.317560524 -0.223483317 0.050674036 0.998715222 0.000120912 0.057726530 -0.317158341 0.015977567 0.948238015 -0.308409803
53153100 0.499523787 0.888042354 0.500000000 0.500000000 0.000000000 0.000000000 0.944480836 -0.049405113 0.324830830 -0.227741759 0.052138075 0.998639822 0.000290927 0.058695507 -0.324403375 0.016661279 0.945772111 -0.305303544
53186467 0.499523787 0.888042354 0.500000000 0.500000000 0.000000000 0.000000000 0.941859186 -0.050747149 0.332153589 -0.232072646 0.053701170 0.998557031 0.000285952 0.059629380 -0.331688821 0.017567711 0.943225265 -0.301992509
53219833 0.499523787 0.888042354 0.500000000 0.500000000 0.000000000 0.000000000 0.939236581 -0.051905267 0.339323550 -0.236654412 0.055075400 0.998482168 0.000287785 0.060398604 -0.338823438 0.018418081 0.940669656 -0.299034079
53253200 0.499523787 0.888042354 0.500000000 0.500000000 0.000000000 0.000000000 0.936629593 -0.053156920 0.346264899 -0.240735139 0.056481149 0.998403549 0.000491364 0.061344280 -0.345738232 0.019097215 0.938136637 -0.295891113
53286567 0.499523787 0.888042354 0.500000000 0.500000000 0.000000000 0.000000000 0.933844864 -0.054334968 0.353527158 -0.245266106 0.057759672 0.998330116 0.000864612 0.062243945 -0.352983803 0.019612201 0.935423851 -0.292606235
53319933 0.499523787 0.888042354 0.500000000 0.500000000 0.000000000 0.000000000 0.931033075 -0.055567332 0.360679448 -0.249976915 0.059020154 0.998255730 0.001443642 0.062671587 -0.360130548 0.019943278 0.932688713 -0.289520382
53353300 0.499523787 0.888042354 0.500000000 0.500000000 0.000000000 0.000000000 0.928265512 -0.056809034 0.367553920 -0.254202371 0.060373899 0.998174191 0.001801924 0.063301655 -0.366985202 0.020517999 0.930000484 -0.286337581
53386667 0.499523787 0.888042354 0.500000000 0.500000000 0.000000000 0.000000000 0.925306976 -0.058076195 0.374745399 -0.259005675 0.061784334 0.998087287 0.002123134 0.063871583 -0.374151915 0.021188844 0.927125335 -0.283377315
53420033 0.499523787 0.888042354 0.500000000 0.500000000 0.000000000 0.000000000 0.922441065 -0.059220858 0.381569684 -0.263774509 0.063081354 0.998005509 0.002395140 0.064497903 -0.380950481 0.021860557 0.924336970 -0.280556642
53453400 0.499523787 0.888042354 0.500000000 0.500000000 0.000000000 0.000000000 0.919584274 -0.060418867 0.388219416 -0.268515673 0.064354479 0.997922957 0.002869539 0.064828360 -0.387586445 0.022344874 0.921562493 -0.277697196
53486767 0.499523787 0.888042354 0.500000000 0.500000000 0.000000000 0.000000000 0.916586280 -0.061665818 0.395053029 -0.273286879 0.065759875 0.997830391 0.003182936 0.065174061 -0.394392192 0.023061203 0.918652833 -0.274766624
53520133 0.499523787 0.888042354 0.500000000 0.500000000 0.000000000 0.000000000 0.913312376 -0.062875576 0.402376860 -0.278256861 0.067225501 0.997732282 0.003318063 0.065047042 -0.401673019 0.024019560 0.915468097 -0.271611727
53553500 0.499523787 0.888042354 0.500000000 0.500000000 0.000000000 0.000000000 0.909939289 -0.064101435 0.409757882 -0.283670882 0.068706065 0.997630835 0.003492843 0.064764150 -0.409011006 0.024974577 0.912187636 -0.268511054
53586867 0.499523787 0.888042354 0.500000000 0.500000000 0.000000000 0.000000000 0.906690300 -0.065314226 0.416709393 -0.288937011 0.070152119 0.997529387 0.003711482 0.064437025 -0.415922284 0.025867881 0.909032166 -0.265527133
53620233 0.499523787 0.888042354 0.500000000 0.500000000 0.000000000 0.000000000 0.903402925 -0.066543788 0.423597842 -0.294212886 0.071612850 0.997424662 0.003959322 0.064332860 -0.422770381 0.026758185 0.905841708 -0.262362596
53653600 0.499523787 0.888042354 0.500000000 0.500000000 0.000000000 0.000000000 0.899873376 -0.067872524 0.430837870 -0.299801516 0.073075861 0.997316301 0.004482804 0.063961399 -0.429985911 0.027449893 0.902418196 -0.258754039
53686967 0.499523787 0.888042354 0.500000000 0.500000000 0.000000000 0.000000000 0.896204054 -0.069016278 0.438240856 -0.305742605 0.074345924 0.997219920 0.005009318 0.063657331 -0.437368244 0.028092051 0.898843646 -0.255315875
53720333 0.499523787 0.888042354 0.500000000 0.500000000 0.000000000 0.000000000 0.892521560 -0.070300005 0.445492029 -0.311796768 0.075694248 0.997114778 0.005698016 0.063371369 -0.444607258 0.028635584 0.895267785 -0.251650306
53753700 0.499523787 0.888042354 0.500000000 0.500000000 0.000000000 0.000000000 0.888715327 -0.071587630 0.452835768 -0.318096844 0.077022016 0.997008502 0.006454490 0.062969360 -0.451943189 0.029142119 0.891570568 -0.247704450
53787067 0.499523787 0.888042354 0.500000000 0.500000000 0.000000000 0.000000000 0.884854376 -0.072964936 0.460118264 -0.324330769 0.078497700 0.996888816 0.007126195 0.062579191 -0.459206730 0.029812582 0.887829006 -0.243627265
53820433 0.499523787 0.888042354 0.500000000 0.500000000 0.000000000 0.000000000 0.880790412 -0.074448943 0.467616975 -0.330361746 0.080067463 0.996758282 0.007880279 0.061831289 -0.466687799 0.030500030 0.883896053 -0.239152909
53853800 0.499523787 0.888042354 0.500000000 0.500000000 0.000000000 0.000000000 0.876234770 -0.075905874 0.475868553 -0.336974890 0.081723914 0.996618867 0.008489504 0.061371247 -0.474903971 0.031451043 0.879475415 -0.234320795
53887167 0.499523787 0.888042354 0.500000000 0.500000000 0.000000000 0.000000000 0.871439457 -0.077375323 0.484361738 -0.343794595 0.083395287 0.996474624 0.009143152 0.060844317 -0.483361632 0.032425784 0.874820054 -0.229229892
53920533 0.499523787 0.888042354 0.500000000 0.500000000 0.000000000 0.000000000 0.866316557 -0.078936026 0.493218780 -0.350365775 0.085107706 0.996321917 0.009966121 0.059678812 -0.492191374 0.033342905 0.869848192 -0.223813307
53953900 0.499523787 0.888042354 0.500000000 0.500000000 0.000000000 0.000000000 0.860714853 -0.080716185 0.502647877 -0.356929239 0.087241769 0.996131063 0.010571255 0.058950243 -0.501556396 0.034753051 0.864426613 -0.218252107
53987267 0.499523787 0.888042354 0.500000000 0.500000000 0.000000000 0.000000000 0.854797602 -0.082405284 0.512377262 -0.363770475 0.089106716 0.995955408 0.011522335 0.057743396 -0.511254430 0.035806995 0.858683169 -0.212601763
54020633 0.499523787 0.888042354 0.500000000 0.500000000 0.000000000 0.000000000 0.848699987 -0.084191389 0.522130370 -0.370721897 0.091009974 0.995769858 0.012631102 0.056631693 -0.520985126 0.036799055 0.852772176 -0.206780404
54054000 0.499523787 0.888042354 0.500000000 0.500000000 0.000000000 0.000000000 0.842474520 -0.086098664 0.531811714 -0.377115911 0.093056425 0.995565712 0.013762781 0.055923410 -0.530638456 0.037893705 0.846750796 -0.200790848
54087367 0.499523787 0.888042354 0.500000000 0.500000000 0.000000000 0.000000000 0.835711420 -0.087802351 0.542104363 -0.383984970 0.094834372 0.995379746 0.015020194 0.054479478 -0.540918529 0.038857579 0.840176940 -0.194788934
54120733 0.499523787 0.888042354 0.500000000 0.500000000 0.000000000 0.000000000 0.828714848 -0.089826800 0.552415490 -0.390256680 0.097226776 0.995134294 0.015959829 0.054172366 -0.551161230 0.040483430 0.833416104 -0.188317762
54154100 0.499523787 0.888042354 0.500000000 0.500000000 0.000000000 0.000000000 0.821520567 -0.091614828 0.562770545 -0.396987913 0.099328816 0.994910002 0.016965788 0.053957635 -0.561460376 0.041961592 0.826439023 -0.181620634
54187467 0.499523787 0.888042354 0.500000000 0.500000000 0.000000000 0.000000000 0.814245999 -0.093451574 0.572948754 -0.402712639 0.101178437 0.994697154 0.018451711 0.052741414 -0.571634829 0.042945825 0.819383502 -0.175490421
54220833 0.499523787 0.888042354 0.500000000 0.500000000 0.000000000 0.000000000 0.806634784 -0.095286943 0.583318710 -0.408611682 0.103210002 0.994463980 0.019726180 0.052024984 -0.581969082 0.044292506 0.812003791 -0.168538918
54254200 0.499523787 0.888042354 0.500000000 0.500000000 0.000000000 0.000000000 0.798812687 -0.096908443 0.593723059 -0.414476353 0.105027743 0.994248033 0.020975335 0.050909307 -0.592340648 0.045602027 0.804396033 -0.161351352
54287567 0.499523787 0.888042354 0.500000000 0.500000000 0.000000000 0.000000000 0.790770769 -0.098570518 0.604123712 -0.420405911 0.106853150 0.994024217 0.022321811 0.049532442 -0.602713883 0.046901088 0.796577871 -0.154082505
54320933 0.499523787 0.888042354 0.500000000 0.500000000 0.000000000 0.000000000 0.782484710 -0.100406684 0.614521146 -0.425761370 0.109198354 0.993746340 0.023323415 0.049579437 -0.613019943 0.048854481 0.788555503 -0.146625762
54354300 0.499523787 0.888042354 0.500000000 0.500000000 0.000000000 0.000000000 0.774074316 -0.101980843 0.624827087 -0.431466607 0.111115105 0.993505538 0.024498267 0.048799541 -0.623267531 0.050464246 0.780378699 -0.139052863
54387667 0.499523787 0.888042354 0.500000000 0.500000000 0.000000000 0.000000000 0.765672863 -0.103650130 0.634824157 -0.436819418 0.113153353 0.993245244 0.025694598 0.048179334 -0.633199334 0.052158829 0.772229254 -0.131253763
54421033 0.499523787 0.888042354 0.500000000 0.500000000 0.000000000 0.000000000 0.757106662 -0.105259664 0.644755721 -0.441925029 0.115220964 0.992978036 0.026810119 0.047962110 -0.643050253 0.053991254 0.763918400 -0.123401629
54454400 0.499523787 0.888042354 0.500000000 0.500000000 0.000000000 0.000000000 0.748481691 -0.107034482 0.654460669 -0.446908955 0.117252730 0.992700100 0.028254742 0.047598439 -0.652707398 0.055589147 0.755567908 -0.115748587
54487767 0.499523787 0.888042354 0.500000000 0.500000000 0.000000000 0.000000000 0.739930570 -0.108723350 0.663838863 -0.451790679 0.119090714 0.992436111 0.029799582 0.047692455 -0.662057519 0.057007417 0.747281730 -0.107967713
54521133 0.499523787 0.888042354 0.500000000 0.500000000 0.000000000 0.000000000 0.731256962 -0.110366844 0.673113942 -0.456494125 0.120831527 0.992175877 0.031412844 0.047689735 -0.671314359 0.058362529 0.738871336 -0.099900763
54554500 0.499523787 0.888042354 0.500000000 0.500000000 0.000000000 0.000000000 0.722281396 -0.111997060 0.682470679 -0.461258683 0.122573540 0.991908848 0.033053860 0.047256736 -0.680650651 0.059778664 0.730165184 -0.091681295
54587867 0.499523787 0.888042354 0.500000000 0.500000000 0.000000000 0.000000000 0.713199615 -0.113533370 0.691705525 -0.465891225 0.124420978 0.991630435 0.034474432 0.046834943 -0.689830244 0.061475527 0.721356392 -0.083387901
54621233 0.499523787 0.888042354 0.500000000 0.500000000 0.000000000 0.000000000 0.704111934 -0.115188465 0.700683951 -0.469809828 0.126564085 0.991312802 0.035782922 0.047120245 -0.698718727 0.063486241 0.712573946 -0.074985128
54654600 0.499523787 0.888042354 0.500000000 0.500000000 0.000000000 0.000000000 0.694631696 -0.116714686 0.709834099 -0.474257825 0.128359720 0.991024494 0.037338845 0.046969707 -0.707821012 0.065177359 0.703378499 -0.066111784
54687967 0.499523787 0.888042354 0.500000000 0.500000000 0.000000000 0.000000000 0.684894919 -0.118214853 0.718988299 -0.478216471 0.130073741 0.990737438 0.038989551 0.046774831 -0.716937780 0.066817760 0.693927646 -0.056840862
54721333 0.499523787 0.888042354 0.500000000 0.500000000 0.000000000 0.000000000 0.674737573 -0.119849384 0.728261888 -0.482430215 0.132018030 0.990412414 0.040676005 0.046428463 -0.726154566 0.068698071 0.684090734 -0.047041112
54754700 0.499523787 0.888042354 0.500000000 0.500000000 0.000000000 0.000000000 0.664387703 -0.121313266 0.737476826 -0.487133274 0.133789629 0.990104854 0.042339861 0.045698158 -0.735315800 0.070536673 0.674043953 -0.037068389
54788067 0.499523787 0.888042354 0.500000000 0.500000000 0.000000000 0.000000000 0.654135346 -0.122883782 0.746328712 -0.491220163 0.135668010 0.989774227 0.044058293 0.045188371 -0.744111001 0.072432846 0.664117694 -0.027355141
54821433 0.499523787 0.888042354 0.500000000 0.500000000 0.000000000 0.000000000 0.643609405 -0.124318354 0.755189955 -0.495544565 0.137275741 0.989469171 0.045892060 0.044520569 -0.752942443 0.074132703 0.653897583 -0.017497424
54854800 0.499523787 0.888042354 0.500000000 0.500000000 0.000000000 0.000000000 0.633337855 -0.125839829 0.763575494 -0.499245841 0.138815746 0.989160180 0.047878020 0.043895776 -0.761323452 0.075673334 0.643941104 -0.007915513
54888167 0.499523787 0.888042354 0.500000000 0.500000000 0.000000000 0.000000000 0.623050749 -0.127306357 0.771751821 -0.502665337 0.140235499 0.988859713 0.049905032 0.043447577 -0.769507527 0.077133633 0.633962631 0.001505216
54921533 0.499523787 0.888042354 0.500000000 0.500000000 0.000000000 0.000000000 0.612376511 -0.128752753 0.780011356 -0.506174863 0.141570851 0.988559783 0.052031457 0.042882021 -0.777787030 0.078564033 0.623598456 0.011244503
54954900 0.499523787 0.888042354 0.500000000 0.500000000 0.000000000 0.000000000 0.601672709 -0.130096033 0.788076758 -0.509558185 0.142934203 0.988257110 0.054015961 0.042105092 -0.785849690 0.080143183 0.613202512 0.020913389
54988267 0.499523787 0.888042354 0.500000000 0.500000000 0.000000000 0.000000000 0.590751767 -0.131469652 0.796070397 -0.512941059 0.144670650 0.987905622 0.055793013 0.041992234 -0.793777525 0.082208194 0.602626801 0.031301869
55021633 0.499523787 0.888042354 0.500000000 0.500000000 0.000000000 0.000000000 0.579660356 -0.132631823 0.803991735 -0.516558250 0.145755470 0.987628460 0.057839278 0.040584743 -0.801716447 0.083659045 0.591820836 0.041657994
55055000 0.499523787 0.888042354 0.500000000 0.500000000 0.000000000 0.000000000 0.568582833 -0.133907393 0.811654091 -0.519694616 0.147468761 0.987270832 0.059575446 0.040929685 -0.809300005 0.085820049 0.581092417 0.052297608
55088367 0.499523787 0.888042354 0.500000000 0.500000000 0.000000000 0.000000000 0.557393670 -0.135053590 0.819190323 -0.522862502 0.148718998 0.986963928 0.061521709 0.040946845 -0.816820025 0.087537348 0.570212483 0.063200454
55121733 0.499523787 0.888042354 0.500000000 0.500000000 0.000000000 0.000000000 0.545954525 -0.136088565 0.826688290 -0.526343332 0.149632648 0.986693442 0.063609317 0.040274207 -0.824344456 0.088971764 0.559053004 0.074371431
55155100 0.499523787 0.888042354 0.500000000 0.500000000 0.000000000 0.000000000 0.534689486 -0.137318105 0.833817065 -0.529185961 0.150904834 0.986364484 0.065672055 0.039806836 -0.831465542 0.090712868 0.548120677 0.085540130
55188467 0.499523787 0.888042354 0.500000000 0.500000000 0.000000000 0.000000000 0.523386002 -0.138468429 0.840769649 -0.531881451 0.152471021 0.986002028 0.067472652 0.039488845 -0.838343441 0.092878759 0.537172079 0.096694978
55221833 0.499523787 0.888042354 0.500000000 0.500000000 0.000000000 0.000000000 0.511896193 -0.139675856 0.847616017 -0.534315780 0.154184699 0.985608816 0.069299296 0.039100238 -0.845097244 0.095215365 0.526065290 0.107944447
55255200 0.499523787 0.888042354 0.500000000 0.500000000 0.000000000 0.000000000 0.500032783 -0.140794128 0.854484797 -0.536633259 0.155554518 0.985249937 0.071312033 0.038297272 -0.851921380 0.097260609 0.514558434 0.119452856
55288567 0.499523787 0.888042354 0.500000000 0.500000000 0.000000000 0.000000000 0.488224268 -0.142023861 0.861084402 -0.538363429 0.156974569 0.984868467 0.073437668 0.037935271 -0.858484745 0.099314302 0.503130794 0.130875169
55321933 0.499523787 0.888042354 0.500000000 0.500000000 0.000000000 0.000000000 0.476539165 -0.143126711 0.867424428 -0.540160700 0.157958448 0.984541893 0.075673290 0.037126172 -0.864846528 0.100955732 0.491780847 0.142279708
55355300 0.499523787 0.888042354 0.500000000 0.500000000 0.000000000 0.000000000 0.464825451 -0.144094646 0.873598337 -0.541902687 0.158941820 0.984220088 0.077771023 0.036508947 -0.871019423 0.102701358 0.480393201 0.153632023
55388667 0.499523787 0.888042354 0.500000000 0.500000000 0.000000000 0.000000000 0.452976584 -0.145008773 0.879650295 -0.542958029 0.160033077 0.983882248 0.079782069 0.036309113 -0.877041399 0.104633734 0.468881816 0.164965126
55422033 0.499523787 0.888042354 0.500000000 0.500000000 0.000000000 0.000000000 0.440954566 -0.145860225 0.885598004 -0.544492408 0.161207318 0.983531237 0.081722170 0.036317784 -0.882933319 0.106729120 0.457206309 0.176400776
55455400 0.499523787 0.888042354 0.500000000 0.500000000 0.000000000 0.000000000 0.429318994 -0.146517843 0.891188920 -0.546021130 0.162090912 0.983231127 0.083564989 0.036115582 -0.888488472 0.108577587 0.445869029 0.187607445
55488767 0.499523787 0.888042354 0.500000000 0.500000000 0.000000000 0.000000000 0.418081611 -0.147323996 0.896383524 -0.547220630 0.163233638 0.982883751 0.085406952 0.036264178 -0.893623292 0.110612869 0.434973836 0.198443661
55522133 0.499523787 0.888042354 0.500000000 0.500000000 0.000000000 0.000000000 0.406767219 -0.147941351 0.901473105 -0.548692602 0.164286703 0.982558072 0.087117985 0.036366352 -0.898638010 0.112663314 0.423977196 0.209273155
55555500 0.499523787 0.888042354 0.500000000 0.500000000 0.000000000 0.000000000 0.395540446 -0.148600012 0.906347513 -0.550390894 0.165458426 0.982208133 0.088829778 0.036727671 -0.903421998 0.114827059 0.413090140 0.220228308
55588867 0.499523787 0.888042354 0.500000000 0.500000000 0.000000000 0.000000000 0.384679824 -0.149231717 0.910906851 -0.551949458 0.166456327 0.981881082 0.090564042 0.036948018 -0.907917261 0.116788059 0.402550399 0.230573602
55622233 0.499523787 0.888042354 0.500000000 0.500000000 0.000000000 0.000000000 0.373893470 -0.149823621 0.915290415 -0.553304011 0.167538136 0.981541991 0.092229486 0.037882550 -0.912214160 0.118862048 0.392093301 0.241170446
55655600 0.499523787 0.888042354 0.500000000 0.500000000 0.000000000 0.000000000 0.363041222 -0.150608867 0.919520557 -0.554845217 0.168220878 0.981228471 0.094299793 0.038033774 -0.916462123 0.120447844 0.381561935 0.251714158
55688967 0.499523787 0.888042354 0.500000000 0.500000000 0.000000000 0.000000000 0.352559805 -0.151243746 0.923486292 -0.556290727 0.168916941 0.980927944 0.096163727 0.038742642 -0.920417666 0.122089013 0.371383399 0.261734845
55722333 0.499523787 0.888042354 0.500000000 0.500000000 0.000000000 0.000000000 0.342397988 -0.151815161 0.927208602 -0.557459113 0.169608086 0.980633855 0.097930089 0.039581059 -0.924119413 0.123731002 0.361516148 0.271638238
55755700 0.499523787 0.888042354 0.500000000 0.500000000 0.000000000 0.000000000 0.332460612 -0.152419314 0.930719256 -0.558230936 0.170310348 0.980332971 0.099708043 0.040359281 -0.927612185 0.125362128 0.351880699 0.281177135
55789067 0.499523787 0.888042354 0.500000000 0.500000000 0.000000000 0.000000000 0.322384864 -0.152894929 0.934179366 -0.559163934 0.171021715 0.980037510 0.101380907 0.041074295 -0.931031466 0.127081290 0.342097610 0.290962740
55822433 0.499523787 0.888042354 0.500000000 0.500000000 0.000000000 0.000000000 0.312384278 -0.153355330 0.937495708 -0.559913210 0.171967328 0.979707479 0.102958843 0.041960454 -0.934260845 0.129055917 0.332417309 0.300890261
55855800 0.499523787 0.888042354 0.500000000 0.500000000 0.000000000 0.000000000 0.302566409 -0.153848320 0.940629721 -0.560098828 0.172733083 0.979395986 0.104626931 0.042490093 -0.937345624 0.130821273 0.322907031 0.310285811
55889167 0.499523787 0.888042354 0.500000000 0.500000000 0.000000000 0.000000000 0.292717069 -0.154226139 0.943679512 -0.560327872 0.173430949 0.979101241 0.106219113 0.043558113 -0.940339506 0.132571086 0.313347220 0.320108231
55922533 0.499523787 0.888042354 0.500000000 0.500000000 0.000000000 0.000000000 0.282790631 -0.154666260 0.946629703 -0.560553095 0.174074695 0.978800893 0.107920535 0.044520572 -0.943253636 0.134265363 0.303719223 0.329759975
55955900 0.499523787 0.888042354 0.500000000 0.500000000 0.000000000 0.000000000 0.273087978 -0.155183762 0.949389756 -0.560501438 0.174583897 0.978509486 0.109725237 0.045086511 -0.946014464 0.135783523 0.294311762 0.339198903
55989267 0.499523787 0.888042354 0.500000000 0.500000000 0.000000000 0.000000000 0.263868958 -0.155561760 0.951931536 -0.560408451 0.175176412 0.978225589 0.111300930 0.045777631 -0.948517978 0.137387097 0.285374135 0.348230762
56022633 0.499523787 0.888042354 0.500000000 0.500000000 0.000000000 0.000000000 0.254942745 -0.156035960 0.954283476 -0.560209641 0.175717860 0.977938294 0.112959668 0.046194852 -0.950856149 0.138886407 0.276736587 0.357046043
56056000 0.499523787 0.888042354 0.500000000 0.500000000 0.000000000 0.000000000 0.246285826 -0.156430200 0.956489861 -0.559673282 0.176428735 0.977635801 0.114460036 0.047119069 -0.953003764 0.140562415 0.268376648 0.365498189
56089367 0.499523787 0.888042354 0.500000000 0.500000000 0.000000000 0.000000000 0.237635598 -0.156748906 0.958623528 -0.559279211 0.176827386 0.977384329 0.115982391 0.047359865 -0.955123782 0.141949356 0.259978831 0.373699792
56122733 0.499523787 0.888042354 0.500000000 0.500000000 0.000000000 0.000000000 0.229092479 -0.157169476 0.960632265 -0.558401344 0.177436620 0.977087021 0.117546402 0.047913061 -0.957096040 0.143522352 0.251730919 0.381751147
56156100 0.499523787 0.888042354 0.500000000 0.500000000 0.000000000 0.000000000 0.220378116 -0.157435372 0.962625384 -0.557394528 0.178099871 0.976792932 0.118979245 0.048331316 -0.959017158 0.145223036 0.243302986 0.389876376
56189467 0.499523787 0.888042354 0.500000000 0.500000000 0.000000000 0.000000000 0.211602017 -0.157718614 0.964546204 -0.556589329 0.178536460 0.976525486 0.120510101 0.047968267 -0.960910678 0.146706492 0.234793290 0.398032734
56222833 0.499523787 0.888042354 0.500000000 0.500000000 0.000000000 0.000000000 0.202836737 -0.157948509 0.966389954 -0.555856251 0.178987503 0.976258695 0.121993572 0.047794075 -0.962715268 0.148226947 0.226291925 0.406065014
56256200 0.499523787 0.888042354 0.500000000 0.500000000 0.000000000 0.000000000 0.194122180 -0.158161804 0.968143284 -0.554680187 0.179554954 0.975972831 0.123438373 0.047879818 -0.964404762 0.149872795 0.217856705 0.413840404
56289567 0.499523787 0.888042354 0.500000000 0.500000000 0.000000000 0.000000000 0.185291439 -0.158357725 0.969840169 -0.553828652 0.180117399 0.975683212 0.124899723 0.047512552 -0.966035604 0.151542231 0.209308729 0.421755536
56322933 0.499523787 0.888042354 0.500000000 0.500000000 0.000000000 0.000000000 0.176465318 -0.158633679 0.971439838 -0.553043071 0.180586234 0.975393593 0.126475215 0.047302409 -0.967599392 0.153110161 0.200770199 0.429431715
56356300 0.499523787 0.888042354 0.500000000 0.500000000 0.000000000 0.000000000 0.167692587 -0.158783466 0.972968161 -0.552490592 0.180950999 0.975133657 0.127949670 0.047262764 -0.969090283 0.154603347 0.192254707 0.436730954
56389667 0.499523787 0.888042354 0.500000000 0.500000000 0.000000000 0.000000000 0.159014165 -0.158951938 0.974396646 -0.552119843 0.181417957 0.974852741 0.129420310 0.047234276 -0.970464826 0.156193376 0.183852136 0.444093637
56423033 0.499523787 0.888042354 0.500000000 0.500000000 0.000000000 0.000000000 0.150392547 -0.159203574 0.975723505 -0.551862368 0.181844220 0.974564195 0.130985975 0.046954971 -0.971758604 0.157730356 0.175517440 0.451134910
56456400 0.499523787 0.888042354 0.500000000 0.500000000 0.000000000 0.000000000 0.141839623 -0.159472823 0.976959527 -0.551900965 0.182169408 0.974286735 0.132588312 0.046877845 -0.972982943 0.159165874 0.167243540 0.457890171
56489767 0.499523787 0.888042354 0.500000000 0.500000000 0.000000000 0.000000000 0.133713052 -0.159681037 0.978070974 -0.551839247 0.182405725 0.974037588 0.134085685 0.046879921 -0.974088788 0.160476729 0.159368262 0.464454684
56523133 0.499523787 0.888042354 0.500000000 0.500000000 0.000000000 0.000000000 0.125682056 -0.159885511 0.979101956 -0.551692033 0.182825521 0.973756909 0.135544345 0.046848690 -0.975078881 0.161969334 0.151614934 0.470770003
56556500 0.499523787 0.888042354 0.500000000 0.500000000 0.000000000 0.000000000 0.117427036 -0.160078168 0.980094850 -0.551367816 0.183123216 0.973488927 0.137058899 0.046147368 -0.976051629 0.163383693 0.143627942 0.477208233
56589867 0.499523787 0.888042354 0.500000000 0.500000000 0.000000000 0.000000000 0.108792268 -0.160201728 0.981070638 -0.550997760 0.183695868 0.973171175 0.138541520 0.045999883 -0.976944268 0.165146381 0.135301888 0.484110499
56623233 0.499523787 0.888042354 0.500000000 0.500000000 0.000000000 0.000000000 0.100125164 -0.160420701 0.981957316 -0.550286867 0.184010550 0.972877741 0.140174776 0.045474156 -0.977811396 0.166655481 0.126928642 0.490933437
56656600 0.499523787 0.888042354 0.500000000 0.500000000 0.000000000 0.000000000 0.091085792 -0.160547033 0.982816398 -0.549531944 0.184483498 0.972556472 0.141773418 0.045129105 -0.978605747 0.168399855 0.118204355 0.498536198
56689967 0.499523787 0.888042354 0.500000000 0.500000000 0.000000000 0.000000000 0.081757218 -0.160636067 0.983621776 -0.548582814 0.185063317 0.972209275 0.143390089 0.044523699 -0.979319811 0.170309126 0.109212965 0.505870795
56723333 0.499523787 0.888042354 0.500000000 0.500000000 0.000000000 0.000000000 0.072224021 -0.160787523 0.984342933 -0.547406965 0.185618743 0.971845627 0.145126775 0.044085888 -0.979963958 0.172230870 0.100035772 0.513465629
56756700 0.499523787 0.888042354 0.500000000 0.500000000 0.000000000 0.000000000 0.062453136 -0.160925910 0.984988570 -0.545819469 0.185944870 0.971511602 0.146934256 0.043879291 -0.980573356 0.173977077 0.090597294 0.521037010
56790067 0.499523787 0.888042354 0.500000000 0.500000000 0.000000000 0.000000000 0.052534577 -0.160889760 0.985573232 -0.544678004 0.185848102 0.971269369 0.148648366 0.043995418 -0.981173098 0.175357729 0.080926277 0.528923492
56823433 0.499523787 0.888042354 0.500000000 0.500000000 0.000000000 0.000000000 0.043027665 -0.161005139 0.986015201 -0.543284653 0.185509190 0.971054077 0.150466934 0.043970889 -0.981700063 0.176440626 0.071650125 0.536501484
56856800 0.499523787 0.888042354 0.500000000 0.500000000 0.000000000 0.000000000 0.033306602 -0.161133334 0.986370504 -0.541446771 0.185351744 0.970793664 0.152329966 0.043627919 -0.982107639 0.177751899 0.062200185 0.544103884
56890167 0.499523787 0.888042354 0.500000000 0.500000000 0.000000000 0.000000000 0.023040771 -0.161072344 0.986673594 -0.539422043 0.185762167 0.970438302 0.154084042 0.043829119 -0.982324541 0.179736406 0.052280795 0.552511499
56923533 0.499523787 0.888042354 0.500000000 0.500000000 0.000000000 0.000000000 0.013104255 -0.161280379 0.986821651 -0.536804204 0.185961798 0.970081866 0.156075090 0.043422156 -0.982469559 0.181465879 0.042704191 0.560382511
56956900 0.499523787 0.888042354 0.500000000 0.500000000 0.000000000 0.000000000 0.002845224 -0.161407650 0.986883700 -0.533858948 0.186125040 0.969728231 0.158065215 0.043546260 -0.982521951 0.183234051 0.032801099 0.568648887
56990267 0.499523787 0.888042354 0.500000000 0.500000000 0.000000000 0.000000000 -0.007974015 -0.161334127 0.986867607 -0.530630753 0.186007649 0.969435513 0.159987271 0.043571813 -0.982515931 0.184840679 0.022279089 0.577255028
57023633 0.499523787 0.888042354 0.500000000 0.500000000 0.000000000 0.000000000 -0.018993551 -0.161351919 0.986714125 -0.527182245 0.185761228 0.969139457 0.162053794 0.043368501 -0.982411325 0.186371207 0.011565530 0.585928424
57057000 0.499523787 0.888042354 0.500000000 0.500000000 0.000000000 0.000000000 -0.030218182 -0.161346138 0.986435115 -0.523197430 0.185852364 0.968769133 0.164149955 0.043460260 -0.982112885 0.188291624 0.000712118 0.595131582
57090367 0.499523787 0.888042354 0.500000000 0.500000000 0.000000000 0.000000000 -0.041502487 -0.161179155 0.986052155 -0.519035312 0.186096787 0.968385637 0.166124135 0.043545379 -0.981654465 0.190395698 -0.010195490 0.604327854
57123733 0.499523787 0.888042354 0.500000000 0.500000000 0.000000000 0.000000000 -0.052745126 -0.161214113 0.985508978 -0.514309429 0.186267272 0.967974484 0.168314904 0.043109973 -0.981082261 0.192445859 -0.021027025 0.613335047
57157100 0.499523787 0.888042354 0.500000000 0.500000000 0.000000000 0.000000000 -0.064172059 -0.161151618 0.984841168 -0.509197209 0.186547086 0.967542231 0.170476332 0.042921591 -0.980347991 0.194659069 -0.032026816 0.622393678
57190467 0.499523787 0.888042354 0.500000000 0.500000000 0.000000000 0.000000000 -0.075675800 -0.161084637 0.984035015 -0.503444571 0.186411202 0.967180908 0.172661334 0.042463170 -0.979552984 0.196501434 -0.043164209 0.630882649
57223833 0.499523787 0.888042354 0.500000000 0.500000000 0.000000000 0.000000000 -0.087532319 -0.161031902 0.983059943 -0.497324243 0.186202541 0.966809809 0.174949616 0.042705371 -0.978604496 0.198362008 -0.054642554 0.639740927
57257200 0.499523787 0.888042354 0.500000000 0.500000000 0.000000000 0.000000000 -0.099605836 -0.160691723 0.981965780 -0.490969873 0.185442507 0.966585398 0.176985219 0.042615771 -0.977593839 0.199726969 -0.066478468 0.648239240
57290567 0.499523787 0.888042354 0.500000000 0.500000000 0.000000000 0.000000000 -0.111821637 -0.160460234 0.980687737 -0.483933265 0.185145423 0.966233075 0.179206118 0.043287051 -0.976328373 0.201608956 -0.078337289 0.657184416
57323933 0.499523787 0.888042354 0.500000000 0.500000000 0.000000000 0.000000000 -0.124087706 -0.160096228 0.979270875 -0.476619257 0.184886962 0.965885162 0.181335703 0.043549274 -0.974894404 0.203555956 -0.090254769 0.666159404
57357300 0.499523787 0.888042354 0.500000000 0.500000000 0.000000000 0.000000000 -0.136344507 -0.160037175 0.977649391 -0.468748088 0.184679657 0.965459466 0.183797449 0.043462806 -0.973295212 0.205611721 -0.102079481 0.674751273
57390667 0.499523787 0.888042354 0.500000000 0.500000000 0.000000000 0.000000000 -0.149145082 -0.159695461 0.975834548 -0.460541129 0.184553072 0.965035677 0.186135039 0.043459400 -0.971440136 0.207854390 -0.114458047 0.683139808
57424033 0.499523787 0.888042354 0.500000000 0.500000000 0.000000000 0.000000000 -0.161904156 -0.159418002 0.973844409 -0.451617009 0.184552982 0.964560807 0.188580677 0.043979590 -0.969395280 0.210257888 -0.126745343 0.691577898
57457400 0.499523787 0.888042354 0.500000000 0.500000000 0.000000000 0.000000000 -0.174569070 -0.159040987 0.971715808 -0.442951133 0.184341937 0.964141190 0.190918341 0.044398000 -0.967235088 0.212456405 -0.138991311 0.699961011
57490767 0.499523787 0.888042354 0.500000000 0.500000000 0.000000000 0.000000000 -0.187251762 -0.158620611 0.969420612 -0.434129035 0.184188649 0.963703334 0.193262711 0.045101150 -0.964889288 0.214745045 -0.151239038 0.707974236
57524133 0.499523787 0.888042354 0.500000000 0.500000000 0.000000000 0.000000000 -0.199800044 -0.158011705 0.967012048 -0.425208483 0.183914423 0.963322878 0.195408523 0.045452025 -0.962421656 0.216890082 -0.163411334 0.715476912
57557500 0.499523787 0.888042354 0.500000000 0.500000000 0.000000000 0.000000000 -0.212217107 -0.157640353 0.964423895 -0.416277107 0.183643922 0.962886512 0.197799072 0.046080803 -0.959811866 0.219086930 -0.175391287 0.723035370
57590867 0.499523787 0.888042354 0.500000000 0.500000000 0.000000000 0.000000000 -0.224176824 -0.157290041 0.961771607 -0.406809468 0.183241442 0.962484002 0.200117826 0.047089308 -0.957166314 0.221098199 -0.186944544 0.729886062
57624233 0.499523787 0.888042354 0.500000000 0.500000000 0.000000000 0.000000000 -0.236312568 -0.156687766 0.958960533 -0.397267881 0.182719961 0.962140679 0.202234283 0.048088898 -0.954342604 0.223011732 -0.198735952 0.736784706
57657600 0.499523787 0.888042354 0.500000000 0.500000000 0.000000000 0.000000000 -0.248472035 -0.156112075 0.955976307 -0.387370051 0.182270542 0.961761475 0.204431549 0.048747496 -0.951335430 0.225041851 -0.210516214 0.743184293
57690967 0.499523787 0.888042354 0.500000000 0.500000000 0.000000000 0.000000000 -0.260327011 -0.155763730 0.952873290 -0.377005413 0.182012171 0.961289823 0.206865683 0.049384715 -0.948209584 0.227287263 -0.221898824 0.749164025
57724333 0.499523787 0.888042354 0.500000000 0.500000000 0.000000000 0.000000000 -0.272139519 -0.155365556 0.949632347 -0.366071867 0.181517571 0.960873127 0.209222749 0.050011238 -0.944982231 0.229312733 -0.233289972 0.754718552
57757700 0.499523787 0.888042354 0.500000000 0.500000000 0.000000000 0.000000000 -0.283899575 -0.154834911 0.946270168 -0.355650097 0.180832580 0.960521281 0.211420089 0.050720702 -0.941647828 0.231138542 -0.244692385 0.760077240
57791067 0.499523787 0.888042354 0.500000000 0.500000000 0.000000000 0.000000000 -0.295318723 -0.154363886 0.942846060 -0.344817197 0.180265024 0.960132957 0.213656828 0.051791927 -0.938238442 0.233059034 -0.255718827 0.764631455
57824433 0.499523787 0.888042354 0.500000000 0.500000000 0.000000000 0.000000000 -0.306641757 -0.153857559 0.939307570 -0.333660516 0.179727376 0.959737062 0.215876818 0.052866965 -0.934702575 0.235016122 -0.266643047 0.769058703
57857800 0.499523787 0.888042354 0.500000000 0.500000000 0.000000000 0.000000000 -0.317905605 -0.153294995 0.935647726 -0.322615231 0.179119676 0.959361672 0.218039855 0.053818061 -0.931048989 0.236909002 -0.277528286 0.772686890
57891167 0.499523787 0.888042354 0.500000000 0.500000000 0.000000000 0.000000000 -0.329063475 -0.152644604 0.931888878 -0.311341845 0.178590626 0.958979428 0.220145017 0.054799463 -0.927266181 0.238868296 -0.288304210 0.776412904
57924533 0.499523787 0.888042354 0.500000000 0.500000000 0.000000000 0.000000000 -0.340340078 -0.152026951 0.927931249 -0.300133455 0.177959904 0.958594501 0.222321525 0.055764754 -0.923308671 0.240799487 -0.299193442 0.779717953
57957900 0.499523787 0.888042354 0.500000000 0.500000000 0.000000000 0.000000000 -0.351296395 -0.151415467 0.923939526 -0.288440582 0.177218750 0.958243072 0.224418521 0.056623191 -0.919339061 0.242576823 -0.309793681 0.782391056
57991267 0.499523787 0.888042354 0.500000000 0.500000000 0.000000000 0.000000000 -0.362310886 -0.150827810 0.919772685 -0.277309782 0.176599950 0.957835674 0.226634622 0.057950900 -0.915173888 0.244544014 -0.320398122 0.785262227
58024633 0.499523787 0.888042354 0.500000000 0.500000000 0.000000000 0.000000000 -0.373016834 -0.150167748 0.915591657 -0.265064525 0.175888732 0.957476676 0.228695378 0.059280702 -0.911000311 0.246349484 -0.330742121 0.787304215
58058000 0.499523787 0.888042354 0.500000000 0.500000000 0.000000000 0.000000000 -0.383888364 -0.149430260 0.911208153 -0.252481147 0.175004110 0.957159162 0.230694368 0.060500154 -0.906643987 0.248026058 -0.341291368 0.788739560
58091367 0.499523787 0.888042354 0.500000000 0.500000000 0.000000000 0.000000000 -0.394827992 -0.148673311 0.906646073 -0.240183487 0.174148142 0.956820190 0.232739314 0.061622450 -0.902099371 0.249782726 -0.351888180 0.790229579
58124733 0.499523787 0.888042354 0.500000000 0.500000000 0.000000000 0.000000000 -0.405562580 -0.148014590 0.902003706 -0.227224625 0.173424944 0.956418574 0.234919846 0.063237163 -0.897464633 0.251704633 -0.362218142 0.790821295
58158100 0.499523787 0.888042354 0.500000000 0.500000000 0.000000000 0.000000000 -0.416686177 -0.147102207 0.897069454 -0.214316820 0.172725290 0.956031561 0.237001270 0.064853829 -0.892490089 0.253701717 -0.372956872 0.791165263
58191467 0.499523787 0.888042354 0.500000000 0.500000000 0.000000000 0.000000000 -0.427487791 -0.146295249 0.892105341 -0.201115494 0.172101513 0.955602050 0.239177302 0.066645390 -0.887488186 0.255778044 -0.383330554 0.790896954
58224833 0.499523787 0.888042354 0.500000000 0.500000000 0.000000000 0.000000000 -0.438092470 -0.145410806 0.887091160 -0.188276132 0.171431392 0.955204487 0.241237745 0.068357646 -0.882431984 0.257759720 -0.393539935 0.790588179
58258200 0.499523787 0.888042354 0.500000000 0.500000000 0.000000000 0.000000000 -0.448929310 -0.144383028 0.881825387 -0.175425555 0.170780718 0.954804301 0.243274942 0.070420188 -0.877095461 0.259812027 -0.403981805 0.789691320
58291567 0.499523787 0.888042354 0.500000000 0.500000000 0.000000000 0.000000000 -0.459317893 -0.143408388 0.876619160 -0.162184777 0.169989958 0.954450369 0.245209813 0.072411647 -0.871854603 0.261645705 -0.414018154 0.788521261
58324933 0.499523787 0.888042354 0.500000000 0.500000000 0.000000000 0.000000000 -0.469704717 -0.142539337 0.871240497 -0.149357176 0.169248641 0.954034865 0.247330546 0.074666472 -0.866448104 0.263628602 -0.423990101 0.786997142
58358300 0.499523787 0.888042354 0.500000000 0.500000000 0.000000000 0.000000000 -0.479796648 -0.141653687 0.865869164 -0.135910531 0.168579400 0.953608990 0.249421120 0.077247584 -0.861032009 0.265639126 -0.433658510 0.785160299
58391667 0.499523787 0.888042354 0.500000000 0.500000000 0.000000000 0.000000000 -0.489605904 -0.140710369 0.860515356 -0.122834240 0.167947441 0.953194976 0.251421958 0.080218013 -0.855616570 0.267619014 -0.443057925 0.782826448
58425033 0.499523787 0.888042354 0.500000000 0.500000000 0.000000000 0.000000000 -0.499038368 -0.139897093 0.855213165 -0.109501697 0.167262301 0.952776015 0.253458351 0.083114366 -0.850284696 0.269530356 -0.452072293 0.780270158
58458400 0.499523787 0.888042354 0.500000000 0.500000000 0.000000000 0.000000000 -0.508616626 -0.138979048 0.849702299 -0.096685410 0.166598305 0.952349365 0.255490988 0.086016633 -0.844721317 0.271505922 -0.461227059 0.777299111
58491767 0.499523787 0.888042354 0.500000000 0.500000000 0.000000000 0.000000000 -0.517840803 -0.138007149 0.844271839 -0.083934423 0.165942386 0.951952219 0.257390976 0.088791507 -0.839228213 0.273388028 -0.470058471 0.774093408
58525133 0.499523787 0.888042354 0.500000000 0.500000000 0.000000000 0.000000000 -0.527046144 -0.137044519 0.838714004 -0.070822392 0.165360421 0.951511443 0.259387612 0.092040891 -0.833593607 0.275399327 -0.478828698 0.770711671
58558500 0.499523787 0.888042354 0.500000000 0.500000000 0.000000000 0.000000000 -0.536458850 -0.136072442 0.832884252 -0.057432322 0.164650097 0.951074839 0.261432558 0.095546196 -0.827709019 0.277382284 -0.487808168 0.767000578
58591867 0.499523787 0.888042354 0.500000000 0.500000000 0.000000000 0.000000000 -0.546166241 -0.134989306 0.826728702 -0.044261859 0.163779050 0.950675189 0.263425678 0.098716268 -0.821510077 0.279275060 -0.497118294 0.762886681
58625233 0.499523787 0.888042354 0.500000000 0.500000000 0.000000000 0.000000000 -0.555625796 -0.133833334 0.820590436 -0.030552959 0.163345411 0.950154066 0.265566349 0.102426128 -0.815228939 0.281595200 -0.506069064 0.758596354
58658600 0.499523787 0.888042354 0.500000000 0.500000000 0.000000000 0.000000000 -0.565216362 -0.132677987 0.814203322 -0.017794460 0.162751630 0.949648440 0.267730802 0.105686249 -0.808728874 0.283838749 -0.515163243 0.754208336
58691967 0.499523787 0.888042354 0.500000000 0.500000000 0.000000000 0.000000000 -0.574384689 -0.131518364 0.807951212 -0.005049803 0.162185282 0.949158430 0.269804031 0.109850453 -0.802357912 0.286009103 -0.523851693 0.749235017
58725333 0.499523787 0.888042354 0.500000000 0.500000000 0.000000000 0.000000000 -0.583355308 -0.130373448 0.801685333 0.007499465 0.161186293 0.948819220 0.271589994 0.114520407 -0.796062529 0.287654132 -0.532484293 0.744071878
58758700 0.499523787 0.888042354 0.500000000 0.500000000 0.000000000 0.000000000 -0.592083871 -0.129131138 0.795463324 0.019408723 0.159764200 0.948678136 0.272919774 0.118656402 -0.789881110 0.288677961 -0.541066468 0.738913808
58792067 0.499523787 0.888042354 0.500000000 0.500000000 0.000000000 0.000000000 -0.600551486 -0.127937421 0.789284468 0.031865662 0.158573151 0.948453009 0.274392813 0.122536564 -0.783704340 0.289946318 -0.549307406 0.733265117
58825433 0.499523787 0.888042354 0.500000000 0.500000000 0.000000000 0.000000000 -0.609540582 -0.126582786 0.782583594 0.044125031 0.157708749 0.948076069 0.276187748 0.125928457 -0.776909411 0.291767925 -0.557927668 0.727516942
58858800 0.499523787 0.888042354 0.500000000 0.500000000 0.000000000 0.000000000 -0.618427992 -0.125228241 0.775799394 0.055979538 0.157146022 0.947573841 0.278224647 0.129593603 -0.769968808 0.293975711 -0.566327095 0.721800289
58892167 0.499523787 0.888042354 0.500000000 0.500000000 0.000000000 0.000000000 -0.627203465 -0.124002576 0.768920779 0.068359455 0.156166360 0.947173476 0.280132920 0.133456679 -0.763038576 0.295779884 -0.574705422 0.715789351
58925533 0.499523787 0.888042354 0.500000000 0.500000000 0.000000000 0.000000000 -0.636362493 -0.122480251 0.761604488 0.080560772 0.154972732 0.946885347 0.281765133 0.137541134 -0.755662799 0.297332674 -0.583581209 0.709405000
58958900 0.499523787 0.888042354 0.500000000 0.500000000 0.000000000 0.000000000 -0.645574450 -0.120988667 0.754052639 0.092254371 0.153520063 0.946655989 0.283326745 0.140953203 -0.748107791 0.298670709 -0.592562735 0.703111045
58992267 0.499523787 0.888042354 0.500000000 0.500000000 0.000000000 0.000000000 -0.654396415 -0.119466767 0.746654570 0.103865620 0.152363479 0.946353674 0.284956306 0.144327345 -0.740642071 0.300237268 -0.601088107 0.696442391
59025633 0.499523787 0.888042354 0.500000000 0.500000000 0.000000000 0.000000000 -0.663008571 -0.117996044 0.739254057 0.114920985 0.151071161 0.946094513 0.286500812 0.147266461 -0.733210146 0.301632464 -0.609442949 0.689759517
59059000 0.499523787 0.888042354 0.500000000 0.500000000 0.000000000 0.000000000 -0.671389997 -0.116532058 0.731885076 0.126757802 0.150256902 0.945645630 0.288404584 0.151052179 -0.725712299 0.303602755 -0.617387295 0.682743138
59092367 0.499523787 0.888042354 0.500000000 0.500000000 0.000000000 0.000000000 -0.680140972 -0.115015022 0.724002600 0.138181740 0.149190769 0.945230782 0.290311784 0.153778622 -0.717739761 0.305467457 -0.625730991 0.675557234
59125733 0.499523787 0.888042354 0.500000000 0.500000000 0.000000000 0.000000000 -0.688727021 -0.113513663 0.716079414 0.149613068 0.148377821 0.944695055 0.292464197 0.157207968 -0.709675372 0.307678312 -0.633794069 0.668381922
59159100 0.499523787 0.888042354 0.500000000 0.500000000 0.000000000 0.000000000 -0.697274745 -0.111941621 0.708009183 0.160951023 0.147288308 0.944278836 0.294352889 0.160555489 -0.701508403 0.309526324 -0.641934097 0.660773705
59192467 0.499523787 0.888042354 0.500000000 0.500000000 0.000000000 0.000000000 -0.705851138 -0.110375881 0.699708045 0.171905317 0.145659238 0.944060683 0.295859486 0.163027212 -0.693222582 0.310751677 -0.650288999 0.652808957
59225833 0.499523787 0.888042354 0.500000000 0.500000000 0.000000000 0.000000000 -0.713939428 -0.108894147 0.691688180 0.182945780 0.144484609 0.943663776 0.297695875 0.166186554 -0.685138464 0.312475115 -0.657985270 0.644669916
59259200 0.499523787 0.888042354 0.500000000 0.500000000 0.000000000 0.000000000 -0.722112894 -0.107332081 0.683397949 0.192928992 0.142899826 0.943439364 0.299168468 0.168026479 -0.676854908 0.313690871 -0.665932059 0.635957225
59292567 0.499523787 0.888042354 0.500000000 0.500000000 0.000000000 0.000000000 -0.730078638 -0.105665609 0.675144374 0.203090065 0.141772598 0.943057299 0.300904334 0.170321125 -0.668495059 0.315400809 -0.673525572 0.627243171
59325933 0.499523787 0.888042354 0.500000000 0.500000000 0.000000000 0.000000000 -0.737699151 -0.104135796 0.667050004 0.213415458 0.140230834 0.942849457 0.302275032 0.171644282 -0.660405397 0.316529006 -0.680936217 0.617437634
59359300 0.499523787 0.888042354 0.500000000 0.500000000 0.000000000 0.000000000 -0.745331824 -0.102485232 0.658769488 0.223166686 0.139356673 0.942337811 0.304268301 0.174611864 -0.651966393 0.318584770 -0.688072324 0.607744262
59392667 0.499523787 0.888042354 0.500000000 0.500000000 0.000000000 0.000000000 -0.752920508 -0.100721054 0.650358319 0.232753671 0.137701839 0.942233920 0.305341423 0.175687080 -0.643544018 0.319453359 -0.695557833 0.596846235
59426033 0.499523787 0.888042354 0.500000000 0.500000000 0.000000000 0.000000000 -0.760506511 -0.099083178 0.641726077 0.241820132 0.136407390 0.941857338 0.307079494 0.177917103 -0.634840786 0.321072131 -0.702772975 0.586396738
59459400 0.499523787 0.888042354 0.500000000 0.500000000 0.000000000 0.000000000 -0.768003821 -0.097310081 0.633009434 0.250725632 0.134996951 0.941585660 0.308532447 0.179356586 -0.626055896 0.322408438 -0.710004807 0.575358232
59492767 0.499523787 0.888042354 0.500000000 0.500000000 0.000000000 0.000000000 -0.775390923 -0.095512748 0.624216497 0.259610599 0.133704036 0.941252530 0.310107976 0.181581839 -0.617164552 0.323915184 -0.717068255 0.563753814
59526133 0.499523787 0.888042354 0.500000000 0.500000000 0.000000000 0.000000000 -0.782766700 -0.093804590 0.615204871 0.268157270 0.131682530 0.941222250 0.311063319 0.182380267 -0.608223677 0.324501723 -0.724404991 0.551126026
59559500 0.499523787 0.888042354 0.500000000 0.500000000 0.000000000 0.000000000 -0.789970934 -0.092078499 0.606190979 0.276297180 0.130274773 0.940880060 0.312687099 0.184515420 -0.599144757 0.325985104 -0.731272399 0.538597393
59592867 0.499523787 0.888042354 0.500000000 0.500000000 0.000000000 0.000000000 -0.796984613 -0.090296999 0.597211897 0.284028027 0.128669560 0.940683782 0.313939780 0.186153240 -0.590135336 0.327048153 -0.738092005 0.525436829
59626233 0.499523787 0.888042354 0.500000000 0.500000000 0.000000000 0.000000000 -0.803947091 -0.088550434 0.588071346 0.291673607 0.127078414 0.940433025 0.315336019 0.189013480 -0.580964863 0.328244656 -0.744805515 0.511356012
59659600 0.499523787 0.888042354 0.500000000 0.500000000 0.000000000 0.000000000 -0.810826719 -0.086665340 0.578834355 0.298905107 0.125220075 0.940390110 0.316206217 0.191604631 -0.571734190 0.328870118 -0.751641154 0.497370579
59692967 0.499523787 0.888042354 0.500000000 0.500000000 0.000000000 0.000000000 -0.817485452 -0.085006505 0.569641471 0.305897786 0.123142585 0.940379858 0.317051500 0.193725919 -0.562630773 0.329332143 -0.758278966 0.482942994
59726333 0.499523787 0.888042354 0.500000000 0.500000000 0.000000000 0.000000000 -0.824284196 -0.083082914 0.560047090 0.312315110 0.121258721 0.940315902 0.317965835 0.196373123 -0.553038716 0.330004811 -0.765013039 0.467391644
59759700 0.499523787 0.888042354 0.500000000 0.500000000 0.000000000 0.000000000 -0.830950141 -0.081152111 0.550396383 0.318541331 0.119492441 0.940183342 0.319024861 0.199304590 -0.543363035 0.330861956 -0.771548450 0.452478293
59793067 0.499523787 0.888042354 0.500000000 0.500000000 0.000000000 0.000000000 -0.837658167 -0.079113841 0.540434837 0.324605479 0.117225274 0.940357029 0.319353878 0.200765508 -0.533466995 0.330861986 -0.778423607 0.436525421
59826433 0.499523787 0.888042354 0.500000000 0.500000000 0.000000000 0.000000000 -0.844432831 -0.077248797 0.530062079 0.329880141 0.114937805 0.940368533 0.320150405 0.202841566 -0.523184955 0.331269681 -0.785199285 0.421113605
59859800 0.499523787 0.888042354 0.500000000 0.500000000 0.000000000 0.000000000 -0.850941718 -0.075327024 0.519830823 0.334855846 0.112889268 0.940309227 0.321052313 0.205550359 -0.512985587 0.331880122 -0.791644692 0.405638213
59893167 0.499523787 0.888042354 0.500000000 0.500000000 0.000000000 0.000000000 -0.857397377 -0.073252156 0.509415209 0.339552579 0.110757403 0.940362990 0.321636856 0.207749464 -0.502595842 0.332192093 -0.798151493 0.389853202
59926533 0.499523787 0.888042354 0.500000000 0.500000000 0.000000000 0.000000000 -0.863747060 -0.071102902 0.498884141 0.343954858 0.108661585 0.940426588 0.322165370 0.209787398 -0.492070794 0.332478940 -0.804564536 0.374399589
59959900 0.499523787 0.888042354 0.500000000 0.500000000 0.000000000 0.000000000 -0.870159805 -0.069250017 0.487879425 0.347603058 0.106102072 0.940522671 0.322737455 0.211954252 -0.481211245 0.332598180 -0.811057448 0.358851914
59993267 0.499523787 0.888042354 0.500000000 0.500000000 0.000000000 0.000000000 -0.876532972 -0.067013621 0.476654053 0.350930347 0.103671022 0.940736771 0.322903484 0.214468622 -0.470044941 0.332450747 -0.817639410 0.342951733
60026633 0.499523787 0.888042354 0.500000000 0.500000000 0.000000000 0.000000000 -0.882699966 -0.064851388 0.465440691 0.353499461 0.101079606 0.941049039 0.322815150 0.217020599 -0.458937526 0.331995487 -0.824108839 0.327310360
60060000 0.499523787 0.888042354 0.500000000 0.500000000 0.000000000 0.000000000 -0.888502181 -0.063050739 0.454520047 0.356258634 0.098252460 0.941402912 0.322656125 0.219546996 -0.448230207 0.331338376 -0.830243647 0.312206933
60093367 0.499523787 0.888042354 0.500000000 0.500000000 0.000000000 0.000000000 -0.894093156 -0.060997866 0.443707854 0.358486181 0.096127428 0.941460788 0.323126972 0.222939211 -0.437443614 0.331558138 -0.835890114 0.297881675
60126733 0.499523787 0.888042354 0.500000000 0.500000000 0.000000000 0.000000000 -0.899460614 -0.058927346 0.433010638 0.360953952 0.094078116 0.941522241 0.323550850 0.225588715 -0.426755160 0.331758082 -0.841318369 0.283791687
60160100 0.499523787 0.888042354 0.500000000 0.500000000 0.000000000 0.000000000 -0.904821932 -0.056664072 0.422002941 0.363289271 0.092229620 0.941492617 0.324168772 0.228363871 -0.415681362 0.332236201 -0.846657038 0.270150631
60193467 0.499523787 0.888042354 0.500000000 0.500000000 0.000000000 0.000000000 -0.910198867 -0.054765172 0.410534799 0.365130602 0.089673415 0.941649199 0.324431002 0.230269150 -0.404347301 0.332110763 -0.852177024 0.255845136
60226833 0.499523787 0.888042354 0.500000000 0.500000000 0.000000000 0.000000000 -0.915392816 -0.052759077 0.399089605 0.367115366 0.087330863 0.941739500 0.324807614 0.232421500 -0.392975003 0.332179397 -0.857454062 0.241849102
60260200 0.499523787 0.888042354 0.500000000 0.500000000 0.000000000 0.000000000 -0.920541227 -0.050551049 0.387360871 0.369074939 0.085303716 0.941649675 0.325605839 0.235140194 -0.381217957 0.332776904 -0.862515152 0.228139820
60293567 0.499523787 0.888042354 0.500000000 0.500000000 0.000000000 0.000000000 -0.925552309 -0.048502333 0.375500232 0.370680233 0.082916297 0.941721022 0.326015890 0.237040302 -0.369428992 0.332879841 -0.867590487 0.213917685
60326933 0.499523787 0.888042354 0.500000000 0.500000000 0.000000000 0.000000000 -0.930283844 -0.046640821 0.363863468 0.372437057 0.080409683 0.941836953 0.326308876 0.238770077 -0.357919365 0.332818002 -0.872425318 0.199776661
60360300 0.499523787 0.888042354 0.500000000 0.500000000 0.000000000 0.000000000 -0.934793591 -0.044859003 0.352347285 0.373922795 0.077834532 0.942011118 0.326430500 0.239862293 -0.346558422 0.332569927 -0.877094388 0.185087368
60393667 0.499523787 0.888042354 0.500000000 0.500000000 0.000000000 0.000000000 -0.938980043 -0.043063972 0.341265261 0.375372959 0.075583883 0.942051291 0.326843202 0.241046899 -0.335564524 0.332693398 -0.881312430 0.170418104
60427033 0.499523787 0.888042354 0.500000000 0.500000000 0.000000000 0.000000000 -0.942916453 -0.041341953 0.330453396 0.376730267 0.073296711 0.942171693 0.327017039 0.241937509 -0.324863344 0.332570881 -0.885358930 0.155434032
60460400 0.499523787 0.888042354 0.500000000 0.500000000 0.000000000 0.000000000 -0.946731925 -0.039588474 0.319580108 0.377797031 0.071018636 0.942311227 0.327117562 0.242724760 -0.314094007 0.332388788 -0.889304578 0.140496778
60493767 0.499523787 0.888042354 0.500000000 0.500000000 0.000000000 0.000000000 -0.950356364 -0.037905656 0.308846205 0.378507924 0.068746001 0.942447960 0.327209145 0.243377776 -0.303474575 0.332197249 -0.893055558 0.125284504
60527133 0.499523787 0.888042354 0.500000000 0.500000000 0.000000000 0.000000000 -0.953662395 -0.036267612 0.298685044 0.379009163 0.066704184 0.942520559 0.327422649 0.243993351 -0.293391615 0.332174182 -0.896427155 0.110013445
60560500 0.499523787 0.888042354 0.500000000 0.500000000 0.000000000 0.000000000 -0.956776023 -0.034691527 0.288749307 0.379769240 0.064757444 0.942520559 0.327813238 0.244522996 -0.283524513 0.332342505 -0.899534523 0.094949942
60593867 0.499523787 0.888042354 0.500000000 0.500000000 0.000000000 0.000000000 -0.959824741 -0.033164859 0.278633356 0.380145555 0.062735930 0.942490637 0.328291893 0.244897136 -0.273497075 0.332583010 -0.902545214 0.079478377
60627233 0.499523787 0.888042354 0.500000000 0.500000000 0.000000000 0.000000000 -0.962735295 -0.031602859 0.268592745 0.380744489 0.060726520 0.942527175 0.328564793 0.245422716 -0.263539523 0.332631618 -0.905485034 0.063766837
60660600 0.499523787 0.888042354 0.500000000 0.500000000 0.000000000 0.000000000 -0.965627134 -0.029933570 0.258201808 0.381057935 0.058616407 0.942683101 0.328500658 0.246223595 -0.253235668 0.332344025 -0.908525825 0.047706066
60693967 0.499523787 0.888042354 0.500000000 0.500000000 0.000000000 0.000000000 -0.968498707 -0.028062334 0.247432247 0.380880373 0.056675255 0.942713082 0.328755200 0.247756507 -0.242483243 0.332422286 -0.911425948 0.031357464
60727333 0.499523787 0.888042354 0.500000000 0.500000000 0.000000000 0.000000000 -0.971266150 -0.026258783 0.236542910 0.381089521 0.054647934 0.942732513 0.329042614 0.248899460 -0.231636956 0.332514524 -0.914209187 0.015296652
