https://www.youtube.com/watch?v=5kHRubkcbaM
214547667 0.482843487 0.858388398 0.500000000 0.500000000 0.000000000 0.000000000 0.999742210 -0.001461951 0.022657247 -0.003229164 0.001482469 0.999998510 -0.000888791 0.003475779 -0.022655914 0.000922150 0.999742925 -0.006812749
214581033 0.482843487 0.858388398 0.500000000 0.500000000 0.000000000 0.000000000 0.999693513 -0.001603898 0.024704201 -0.001700322 0.001627144 0.999998271 -0.000920890 0.003729225 -0.024702681 0.000960805 0.999694407 -0.005652263
214614400 0.482843487 0.858388398 0.500000000 0.500000000 0.000000000 0.000000000 0.999639452 -0.001877618 0.026784817 -0.000158190 0.001901148 0.999997854 -0.000853025 0.003678637 -0.026783157 0.000903640 0.999640882 -0.004524055
214647767 0.482843487 0.858388398 0.500000000 0.500000000 0.000000000 0.000000000 0.999581158 -0.002067391 0.028865742 0.001554959 0.002093121 0.999997437 -0.000861196 0.003541485 -0.028863888 0.000921255 0.999582946 -0.003473881
214681133 0.482843487 0.858388398 0.500000000 0.500000000 0.000000000 0.000000000 0.999506891 -0.002245842 0.031320367 0.002721832 0.002276156 0.999996960 -0.000932264 0.003361262 -0.031318177 0.001003094 0.999508977 -0.002420715
214714500 0.482843487 0.858388398 0.500000000 0.500000000 0.000000000 0.000000000 0.999431908 -0.002569930 0.033605203 0.004289506 0.002610387 0.999995947 -0.001160056 0.003578193 -0.033602085 0.001247120 0.999434531 -0.001420734
214747867 0.482843487 0.858388398 0.500000000 0.500000000 0.000000000 0.000000000 0.999352217 -0.002851595 0.035874259 0.005850337 0.002896382 0.999995112 -0.001196554 0.003668969 -0.035870671 0.001299685 0.999355614 -0.000350070
214781233 0.482843487 0.858388398 0.500000000 0.500000000 0.000000000 0.000000000 0.999262035 -0.003089548 0.038285602 0.007358592 0.003136678 0.999994397 -0.001170993 0.003597396 -0.038281769 0.001290219 0.999266148 0.000666764
214814600 0.482843487 0.858388398 0.500000000 0.500000000 0.000000000 0.000000000 0.999164343 -0.003474515 0.040724948 0.008808467 0.003525232 0.999993086 -0.001173614 0.003697396 -0.040720589 0.001316198 0.999169707 0.001724945
214847967 0.482843487 0.858388398 0.500000000 0.500000000 0.000000000 0.000000000 0.999066651 -0.003688849 0.043036960 0.010450563 0.003738784 0.999992430 -0.001079864 0.003801977 -0.043032650 0.001239762 0.999072909 0.002844941
214881333 0.482843487 0.858388398 0.500000000 0.500000000 0.000000000 0.000000000 0.998959959 -0.003862051 0.045432303 0.011802399 0.003904935 0.999992013 -0.000855192 0.003413592 -0.045428637 0.001031713 0.998967052 0.003960596
214914700 0.482843487 0.858388398 0.500000000 0.500000000 0.000000000 0.000000000 0.998856723 -0.004154660 0.047623225 0.013478883 0.004196047 0.999990880 -0.000769121 0.003059344 -0.047619596 0.000968071 0.998865068 0.005063910
214948067 0.482843487 0.858388398 0.500000000 0.500000000 0.000000000 0.000000000 0.998747885 -0.004399925 0.049832575 0.015161823 0.004449347 0.999989688 -0.000880876 0.003054700 -0.049828187 0.001101495 0.998757184 0.006061328
214981433 0.482843487 0.858388398 0.500000000 0.500000000 0.000000000 0.000000000 0.998629153 -0.004592687 0.052140951 0.016892068 0.004647180 0.999988794 -0.000923926 0.003289026 -0.052136123 0.001164968 0.998639286 0.007075771
215014800 0.482843487 0.858388398 0.500000000 0.500000000 0.000000000 0.000000000 0.998498440 -0.004881040 0.054561835 0.018592884 0.004942463 0.999987304 -0.000990871 0.003308387 -0.054556306 0.001259053 0.998509884 0.008089398
215048167 0.482843487 0.858388398 0.500000000 0.500000000 0.000000000 0.000000000 0.998364985 -0.005096332 0.056933105 0.020285744 0.005159617 0.999986231 -0.000964617 0.003305629 -0.056927405 0.001256793 0.998377502 0.009168798
215081533 0.482843487 0.858388398 0.500000000 0.500000000 0.000000000 0.000000000 0.998220861 -0.005346770 0.059384711 0.021840874 0.005416500 0.999984801 -0.001013296 0.003381338 -0.059378389 0.001333150 0.998234630 0.010259725
215114900 0.482843487 0.858388398 0.500000000 0.500000000 0.000000000 0.000000000 0.998078644 -0.005612131 0.061705388 0.023577454 0.005682955 0.999983370 -0.000972341 0.003288546 -0.061698906 0.001321142 0.998093963 0.011422365
215148267 0.482843487 0.858388398 0.500000000 0.500000000 0.000000000 0.000000000 0.997929871 -0.005878438 0.064042345 0.025437933 0.005946719 0.999981940 -0.000875623 0.003206194 -0.064036041 0.001254652 0.997946799 0.012384209
215181633 0.482843487 0.858388398 0.500000000 0.500000000 0.000000000 0.000000000 0.997773528 -0.006125075 0.066411793 0.027309944 0.006196396 0.999980450 -0.000867986 0.003262399 -0.066405177 0.001277567 0.997791946 0.013392224
215215000 0.482843487 0.858388398 0.500000000 0.500000000 0.000000000 0.000000000 0.997609556 -0.006275970 0.068816788 0.029360468 0.006341428 0.999979615 -0.000732790 0.003277451 -0.068810791 0.001167436 0.997629046 0.014611894
215248367 0.482843487 0.858388398 0.500000000 0.500000000 0.000000000 0.000000000 0.997429252 -0.006372076 0.071374498 0.031072301 0.006435296 0.999979079 -0.000655834 0.002970610 -0.071368828 0.001113464 0.997449398 0.015696440
215281733 0.482843487 0.858388398 0.500000000 0.500000000 0.000000000 0.000000000 0.997253835 -0.006734093 0.073752359 0.032725836 0.006803533 0.999976635 -0.000690332 0.003200320 -0.073745981 0.001190212 0.997276366 0.016696890
215315100 0.482843487 0.858388398 0.500000000 0.500000000 0.000000000 0.000000000 0.997068703 -0.006971739 0.076193489 0.034964445 0.007044621 0.999974966 -0.000687805 0.003152004 -0.076186784 0.001222543 0.997092843 0.017833571
215348467 0.482843487 0.858388398 0.500000000 0.500000000 0.000000000 0.000000000 0.996859074 -0.007276869 0.078860492 0.036890407 0.007351790 0.999972761 -0.000659742 0.002973970 -0.078853548 0.001237436 0.996885419 0.018984773
215381833 0.482843487 0.858388398 0.500000000 0.500000000 0.000000000 0.000000000 0.996637166 -0.007699944 0.081578724 0.038256247 0.007780284 0.999969482 -0.000666974 0.002847356 -0.081571095 0.001299437 0.996666670 0.019995796
215415200 0.482843487 0.858388398 0.500000000 0.500000000 0.000000000 0.000000000 0.996444643 -0.008093065 0.083860688 0.040312159 0.008174430 0.999966383 -0.000626915 0.002591610 -0.083852798 0.001310199 0.996477306 0.021196474
215448567 0.482843487 0.858388398 0.500000000 0.500000000 0.000000000 0.000000000 0.996255934 -0.008368525 0.086046636 0.042787625 0.008461630 0.999963939 -0.000717363 0.002693506 -0.086037531 0.001442772 0.996290863 0.022099694
215481933 0.482843487 0.858388398 0.500000000 0.500000000 0.000000000 0.000000000 0.996016324 -0.008654951 0.088750198 0.044611087 0.008756072 0.999961376 -0.000750123 0.002995104 -0.088740282 0.001524238 0.996053636 0.023234869
215515300 0.482843487 0.858388398 0.500000000 0.500000000 0.000000000 0.000000000 0.995778382 -0.008983113 0.091349646 0.046531763 0.009077009 0.999958634 -0.000612451 0.002907621 -0.091340363 0.001439047 0.995818675 0.024356711
215548667 0.482843487 0.858388398 0.500000000 0.500000000 0.000000000 0.000000000 0.995551765 -0.009195538 0.093766324 0.048639819 0.009280929 0.999956846 -0.000474632 0.002630093 -0.093757913 0.001342760 0.995594144 0.025502895
215582033 0.482843487 0.858388398 0.500000000 0.500000000 0.000000000 0.000000000 0.995303392 -0.009417801 0.096345767 0.050437477 0.009515312 0.999954581 -0.000552676 0.002606237 -0.096336186 0.001466840 0.995347798 0.026495280
215615400 0.482843487 0.858388398 0.500000000 0.500000000 0.000000000 0.000000000 0.995052636 -0.009891610 0.098855458 0.052839480 0.009999102 0.999949813 -0.000591976 0.002938100 -0.098844647 0.001577513 0.995101631 0.027614733
215648767 0.482843487 0.858388398 0.500000000 0.500000000 0.000000000 0.000000000 0.994777560 -0.010078862 0.101567559 0.054872007 0.010166620 0.999948263 -0.000346414 0.002612808 -0.101558812 0.001377204 0.994828582 0.028558560
215682133 0.482843487 0.858388398 0.500000000 0.500000000 0.000000000 0.000000000 0.994487166 -0.010190906 0.104361936 0.056848655 0.010282080 0.999947071 -0.000335656 0.002619315 -0.104352996 0.001406863 0.994539320 0.029706056
215715500 0.482843487 0.858388398 0.500000000 0.500000000 0.000000000 0.000000000 0.994193137 -0.010539844 0.107092761 0.058815322 0.010632500 0.999943435 -0.000294245 0.002197158 -0.107083604 0.001431200 0.994248986 0.030824214
215748867 0.482843487 0.858388398 0.500000000 0.500000000 0.000000000 0.000000000 0.993919492 -0.011091702 0.109549068 0.061081638 0.011206473 0.999937117 -0.000432032 0.002324742 -0.109537385 0.001657064 0.993981302 0.031755852
215782233 0.482843487 0.858388398 0.500000000 0.500000000 0.000000000 0.000000000 0.993613303 -0.011485566 0.112252638 0.063338544 0.011618134 0.999932349 -0.000526873 0.003027394 -0.112238996 0.001827675 0.993679583 0.032946164
215815600 0.482843487 0.858388398 0.500000000 0.500000000 0.000000000 0.000000000 0.993302524 -0.011647092 0.114954241 0.065734659 0.011759206 0.999930799 -0.000297176 0.002625533 -0.114942826 0.001646956 0.993370771 0.034167818
215848967 0.482843487 0.858388398 0.500000000 0.500000000 0.000000000 0.000000000 0.992956698 -0.011837938 0.117885031 0.067887074 0.011951446 0.999928534 -0.000255976 0.002553046 -0.117873579 0.001663069 0.993027210 0.035035936
215882333 0.482843487 0.858388398 0.500000000 0.500000000 0.000000000 0.000000000 0.992618263 -0.012156167 0.120669760 0.070071954 0.012266399 0.999924779 -0.000170713 0.002686327 -0.120658606 0.001649637 0.992692709 0.036097877
215915700 0.482843487 0.858388398 0.500000000 0.500000000 0.000000000 0.000000000 0.992276549 -0.012393217 0.123424619 0.072304210 0.012472793 0.999922216 0.000127953 0.002490245 -0.123416603 0.001412485 0.992353916 0.037154171
215949067 0.482843487 0.858388398 0.500000000 0.500000000 0.000000000 0.000000000 0.991921604 -0.012559536 0.126228899 0.074521838 0.012623045 0.999920309 0.000296790 0.002145372 -0.126222566 0.001299001 0.992001116 0.038258017
215982433 0.482843487 0.858388398 0.500000000 0.500000000 0.000000000 0.000000000 0.991545558 -0.012853191 0.129120976 0.076538143 0.012925842 0.999916434 0.000275374 0.001980384 -0.129113719 0.001395951 0.991628826 0.039276054
216015800 0.482843487 0.858388398 0.500000000 0.500000000 0.000000000 0.000000000 0.991181433 -0.013393444 0.131833091 0.078996725 0.013472701 0.999909222 0.000290794 0.001883250 -0.131825015 0.001487918 0.991271913 0.040108928
216049167 0.482843487 0.858388398 0.500000000 0.500000000 0.000000000 0.000000000 0.990803182 -0.013857849 0.134599552 0.081455572 0.013948490 0.999902666 0.000269628 0.001939485 -0.134590179 0.001610312 0.990900040 0.041086901
216082533 0.482843487 0.858388398 0.500000000 0.500000000 0.000000000 0.000000000 0.990411341 -0.014122547 0.137425974 0.083563314 0.014213056 0.999898911 0.000322696 0.001637485 -0.137416631 0.001633641 0.990512013 0.041980940
216115900 0.482843487 0.858388398 0.500000000 0.500000000 0.000000000 0.000000000 0.990012586 -0.014404383 0.140241161 0.085790223 0.014504327 0.999894738 0.000309482 0.001705621 -0.140230864 0.001727712 0.990117311 0.042883297
216149267 0.482843487 0.858388398 0.500000000 0.500000000 0.000000000 0.000000000 0.989631116 -0.014597350 0.142888635 0.088059779 0.014684354 0.999892056 0.000445662 0.001494508 -0.142879725 0.001657186 0.989738643 0.043876765
216182633 0.482843487 0.858388398 0.500000000 0.500000000 0.000000000 0.000000000 0.989232063 -0.014829434 0.145602107 0.090440996 0.014920251 0.999888599 0.000468332 0.001523921 -0.145592839 0.001709132 0.989343107 0.044867062
216216000 0.482843487 0.858388398 0.500000000 0.500000000 0.000000000 0.000000000 0.988814354 -0.015182306 0.148376644 0.093022426 0.015241397 0.999883592 0.000738837 0.001202204 -0.148370594 0.001530895 0.988930643 0.045758587
216249367 0.482843487 0.858388398 0.500000000 0.500000000 0.000000000 0.000000000 0.988375664 -0.015391998 0.151250094 0.095230289 0.015466118 0.999880135 0.000686405 0.001266907 -0.151242539 0.001660826 0.988495290 0.046779882
216282733 0.482843487 0.858388398 0.500000000 0.500000000 0.000000000 0.000000000 0.987932205 -0.015640229 0.154095277 0.097753419 0.015723078 0.999876142 0.000681125 0.001393306 -0.154086843 0.001749946 0.988055766 0.047585790
216316100 0.482843487 0.858388398 0.500000000 0.500000000 0.000000000 0.000000000 0.987438262 -0.015993346 0.157193646 0.100105538 0.016056515 0.999870718 0.000868098 0.001169581 -0.157187209 0.001666789 0.987567425 0.048547201
216349467 0.482843487 0.858388398 0.500000000 0.500000000 0.000000000 0.000000000 0.986968100 -0.016385283 0.160079747 0.102384941 0.016463611 0.999864101 0.000837062 0.001141770 -0.160071716 0.001809338 0.987103701 0.049401561
216382833 0.482843487 0.858388398 0.500000000 0.500000000 0.000000000 0.000000000 0.986506641 -0.016724715 0.162864625 0.104673956 0.016776780 0.999858677 0.001055760 0.000729149 -0.162859261 0.001690829 0.986647844 0.050258042
216416200 0.482843487 0.858388398 0.500000000 0.500000000 0.000000000 0.000000000 0.986047208 -0.017116303 0.165583566 0.107442025 0.017215231 0.999851465 0.000837825 0.000986907 -0.165573314 0.002024425 0.986195385 0.051120123
216449567 0.482843487 0.858388398 0.500000000 0.500000000 0.000000000 0.000000000 0.985530138 -0.017517740 0.168592468 0.109728183 0.017611496 0.999844491 0.000939281 0.001080576 -0.168582708 0.002043476 0.985685408 0.051806783
216482933 0.482843487 0.858388398 0.500000000 0.500000000 0.000000000 0.000000000 0.985013664 -0.017717900 0.171563819 0.112065240 0.017792771 0.999841094 0.001101403 0.001015113 -0.171556070 0.001967699 0.985172391 0.052585543
216516300 0.482843487 0.858388398 0.500000000 0.500000000 0.000000000 0.000000000 0.984478712 -0.017891591 0.174589753 0.114658167 0.017972222 0.999837875 0.001119314 0.000991084 -0.174581468 0.002035825 0.984640598 0.053374537
216549667 0.482843487 0.858388398 0.500000000 0.500000000 0.000000000 0.000000000 0.983922541 -0.018145179 0.177671522 0.117117751 0.018200563 0.999833465 0.001318241 0.000512086 -0.177665859 0.001936675 0.984088957 0.054131071
216583033 0.482843487 0.858388398 0.500000000 0.500000000 0.000000000 0.000000000 0.983358502 -0.018487180 0.180732653 0.119338155 0.018583117 0.999826670 0.001162539 0.000619196 -0.180722803 0.002215383 0.983531594 0.054871218
216616400 0.482843487 0.858388398 0.500000000 0.500000000 0.000000000 0.000000000 0.982769430 -0.018927328 0.183864146 0.121884522 0.019042004 0.999818027 0.001142071 0.000916463 -0.183852300 0.002378749 0.982950985 0.055443847
216649767 0.482843487 0.858388398 0.500000000 0.500000000 0.000000000 0.000000000 0.982150316 -0.019281263 0.187107027 0.124523130 0.019363774 0.999811530 0.001386871 0.000787357 -0.187098503 0.002260982 0.982338548 0.056144077
216683133 0.482843487 0.858388398 0.500000000 0.500000000 0.000000000 0.000000000 0.981466591 -0.019287596 0.190660059 0.126666175 0.019362401 0.999811471 0.001470723 0.000277700 -0.190652490 0.002248171 0.981655002 0.056814706
216716500 0.482843487 0.858388398 0.500000000 0.500000000 0.000000000 0.000000000 0.980811477 -0.019740760 0.193956628 0.128905412 0.019858215 0.999801934 0.001338882 0.000092703 -0.193944633 0.002538442 0.981009185 0.057205871
216749867 0.482843487 0.858388398 0.500000000 0.500000000 0.000000000 0.000000000 0.980185628 -0.020022338 0.197066709 0.131340858 0.020138634 0.999796212 0.001414035 0.000089082 -0.197054848 0.002582637 0.980389059 0.057693990
216783233 0.482843487 0.858388398 0.500000000 0.500000000 0.000000000 0.000000000 0.979557455 -0.020288592 0.200138867 0.133725463 0.020404378 0.999790728 0.001484401 0.000230770 -0.200127095 0.002629653 0.979766428 0.058432464
216816600 0.482843487 0.858388398 0.500000000 0.500000000 0.000000000 0.000000000 0.978901982 -0.020638354 0.203285471 0.136256375 0.020765398 0.999783218 0.001508188 0.000158132 -0.203272536 0.002744935 0.979118347 0.059002919
216849967 0.482843487 0.858388398 0.500000000 0.500000000 0.000000000 0.000000000 0.978254914 -0.020904478 0.206349984 0.138755848 0.021024324 0.999777675 0.001612220 0.000249186 -0.206337810 0.002761206 0.978476942 0.059548862
216883333 0.482843487 0.858388398 0.500000000 0.500000000 0.000000000 0.000000000 0.977625489 -0.021131026 0.209289029 0.141154589 0.021235779 0.999772966 0.001746818 0.000316668 -0.209278435 0.002736682 0.977852285 0.060236213
216916700 0.482843487 0.858388398 0.500000000 0.500000000 0.000000000 0.000000000 0.976988554 -0.021212030 0.212234229 0.143705216 0.021299867 0.999771357 0.001872715 0.000023962 -0.212225437 0.002690940 0.977217019 0.060870586
216950067 0.482843487 0.858388398 0.500000000 0.500000000 0.000000000 0.000000000 0.976332068 -0.021563184 0.215199366 0.146261028 0.021656677 0.999763608 0.001923692 0.000002831 -0.215189978 0.002782342 0.976568222 0.061476151
216983433 0.482843487 0.858388398 0.500000000 0.500000000 0.000000000 0.000000000 0.975670934 -0.021819616 0.218151569 0.148665942 0.021903340 0.999758005 0.002034749 -0.000139310 -0.218143165 0.002793002 0.975912809 0.062033989
217016800 0.482843487 0.858388398 0.500000000 0.500000000 0.000000000 0.000000000 0.974997342 -0.022171892 0.221107706 0.151669580 0.022255369 0.999750078 0.002114020 -0.000009810 -0.221099317 0.002859670 0.975247085 0.062516521
217050167 0.482843487 0.858388398 0.500000000 0.500000000 0.000000000 0.000000000 0.974219203 -0.022438839 0.224484771 0.154224083 0.022509668 0.999744117 0.002244011 -0.000172335 -0.224477679 0.002866919 0.974475026 0.062928305
217083533 0.482843487 0.858388398 0.500000000 0.500000000 0.000000000 0.000000000 0.973414004 -0.022824846 0.227912590 0.156662763 0.022861769 0.999735534 0.002478334 -0.000382625 -0.227908880 0.002798040 0.973678470 0.063382245
217116900 0.482843487 0.858388398 0.500000000 0.500000000 0.000000000 0.000000000 0.972625673 -0.023154456 0.231221154 0.159531073 0.023195090 0.999727726 0.002543073 -0.000317584 -0.231217086 0.002889737 0.972897887 0.063826331
217150267 0.482843487 0.858388398 0.500000000 0.500000000 0.000000000 0.000000000 0.971798062 -0.023349065 0.234655917 0.162191322 0.023374064 0.999723196 0.002675119 -0.000283680 -0.234653428 0.002885188 0.972074807 0.064355598
217183633 0.482843487 0.858388398 0.500000000 0.500000000 0.000000000 0.000000000 0.970955193 -0.023605715 0.238094062 0.164727162 0.023521762 0.999718249 0.003194059 -0.001137583 -0.238102362 0.002499104 0.971236825 0.064624884
217217000 0.482843487 0.858388398 0.500000000 0.500000000 0.000000000 0.000000000 0.970145345 -0.023829464 0.241350666 0.167463359 0.023781452 0.999712348 0.003112252 -0.000681029 -0.241355404 0.002720333 0.970432997 0.065238356
217250367 0.482843487 0.858388398 0.500000000 0.500000000 0.000000000 0.000000000 0.969329059 -0.024123657 0.244579777 0.170231825 0.024081143 0.999705017 0.003164569 -0.000802856 -0.244583964 0.002822252 0.969623983 0.065570237
217283733 0.482843487 0.858388398 0.500000000 0.500000000 0.000000000 0.000000000 0.968478560 -0.024522984 0.247886911 0.172624291 0.024475371 0.999695063 0.003274210 -0.000747827 -0.247891620 0.002896122 0.968783438 0.065915410
217317100 0.482843487 0.858388398 0.500000000 0.500000000 0.000000000 0.000000000 0.967641115 -0.024835877 0.251105249 0.175126851 0.024860259 0.999686182 0.003075501 -0.000052587 -0.251102835 0.003266561 0.967954874 0.066528658
217350467 0.482843487 0.858388398 0.500000000 0.500000000 0.000000000 0.000000000 0.966777086 -0.025212932 0.254374385 0.177614979 0.025144285 0.999677658 0.003521917 -0.001089951 -0.254381180 0.002991153 0.967099428 0.066439669
217383833 0.482843487 0.858388398 0.500000000 0.500000000 0.000000000 0.000000000 0.965926588 -0.025551477 0.257551730 0.180331489 0.025489550 0.999668658 0.003579775 -0.001021248 -0.257557869 0.003107078 0.966257870 0.066725776
217417200 0.482843487 0.858388398 0.500000000 0.500000000 0.000000000 0.000000000 0.965043187 -0.025853440 0.260812670 0.182542022 0.025780486 0.999660790 0.003701462 -0.001207453 -0.260819882 0.003151806 0.965382338 0.067228773
217450567 0.482843487 0.858388398 0.500000000 0.500000000 0.000000000 0.000000000 0.964241147 -0.026187029 0.263729513 0.185399023 0.026145266 0.999651432 0.003668752 -0.001212876 -0.263733655 0.003357717 0.964589715 0.067292389
217483933 0.482843487 0.858388398 0.500000000 0.500000000 0.000000000 0.000000000 0.963331640 -0.026469016 0.267004758 0.187927317 0.026415639 0.999643862 0.003792324 -0.001099462 -0.267010063 0.003399836 0.963687778 0.067481217
217517300 0.482843487 0.858388398 0.500000000 0.500000000 0.000000000 0.000000000 0.962421834 -0.026784960 0.270234704 0.190303822 0.026681965 0.999635756 0.004055351 -0.001057334 -0.270244896 0.003307434 0.962785959 0.067635587
217550667 0.482843487 0.858388398 0.500000000 0.500000000 0.000000000 0.000000000 0.961608052 -0.026989954 0.273096055 0.192896652 0.026845535 0.999630511 0.004266251 -0.001408165 -0.273110271 0.003228948 0.961977303 0.068066505
217584033 0.482843487 0.858388398 0.500000000 0.500000000 0.000000000 0.000000000 0.960714996 -0.027231142 0.276197582 0.195351616 0.027110286 0.999623358 0.004256472 -0.001507681 -0.276209474 0.003398539 0.961091459 0.068193468
217617400 0.482843487 0.858388398 0.500000000 0.500000000 0.000000000 0.000000000 0.959831715 -0.027584737 0.279217035 0.197807130 0.027469896 0.999613285 0.004324924 -0.001297342 -0.279228330 0.003518863 0.960218310 0.068429143
217650767 0.482843487 0.858388398 0.500000000 0.500000000 0.000000000 0.000000000 0.958970666 -0.027889835 0.282130092 0.200538637 0.027745584 0.999604881 0.004507191 -0.001391606 -0.282144308 0.003505599 0.959365547 0.068657623
217684133 0.482843487 0.858388398 0.500000000 0.500000000 0.000000000 0.000000000 0.958036065 -0.028140325 0.285263091 0.202996076 0.027965365 0.999597907 0.004687534 -0.001740753 -0.285280317 0.003486661 0.958437800 0.068775315
217717500 0.482843487 0.858388398 0.500000000 0.500000000 0.000000000 0.000000000 0.957137704 -0.028428186 0.288234800 0.205734616 0.028273363 0.999589145 0.004701050 -0.001554984 -0.288250029 0.003649815 0.957548201 0.069004855
217750867 0.482843487 0.858388398 0.500000000 0.500000000 0.000000000 0.000000000 0.956207097 -0.028699096 0.291280478 0.208632411 0.028507784 0.999581575 0.004901603 -0.001582508 -0.291299254 0.003616813 0.956625164 0.069024931
217784233 0.482843487 0.858388398 0.500000000 0.500000000 0.000000000 0.000000000 0.955201089 -0.029046601 0.294528663 0.211155990 0.028809499 0.999571681 0.005144809 -0.001463741 -0.294551969 0.003570897 0.955628812 0.069213120
217817600 0.482843487 0.858388398 0.500000000 0.500000000 0.000000000 0.000000000 0.954148352 -0.029327141 0.297894090 0.213812201 0.029054506 0.999563515 0.005344292 -0.001932306 -0.297920823 0.003555919 0.954583943 0.069314332
217850967 0.482843487 0.858388398 0.500000000 0.500000000 0.000000000 0.000000000 0.953159869 -0.029707916 0.301004410 0.216581277 0.029483177 0.999551296 0.005290305 -0.001797127 -0.301026493 0.003832059 0.953608096 0.069438223
217884333 0.482843487 0.858388398 0.500000000 0.500000000 0.000000000 0.000000000 0.952167034 -0.030009713 0.304100931 0.219303701 0.029797439 0.999541700 0.005339745 -0.001324009 -0.304121822 0.003977100 0.952624857 0.069407775
217917700 0.482843487 0.858388398 0.500000000 0.500000000 0.000000000 0.000000000 0.951056898 -0.030259300 0.307530791 0.221960389 0.029920327 0.999535382 0.005818300 -0.001678835 -0.307563961 0.003667888 0.951520324 0.069486529
217951067 0.482843487 0.858388398 0.500000000 0.500000000 0.000000000 0.000000000 0.949989140 -0.030622184 0.310777932 0.224488925 0.030240618 0.999524355 0.006047282 -0.001977057 -0.310815275 0.003653264 0.950463295 0.069665010
217984433 0.482843487 0.858388398 0.500000000 0.500000000 0.000000000 0.000000000 0.949003279 -0.030873016 0.313750952 0.227127832 0.030565061 0.999515355 0.005901848 -0.001587725 -0.313781083 0.003988944 0.949486971 0.069823074
218017800 0.482843487 0.858388398 0.500000000 0.500000000 0.000000000 0.000000000 0.947970927 -0.031209826 0.316823363 0.229774453 0.030850047 0.999505103 0.006153054 -0.001661964 -0.316858590 0.003941100 0.948464572 0.069529036
218051167 0.482843487 0.858388398 0.500000000 0.500000000 0.000000000 0.000000000 0.946938157 -0.031582359 0.319860339 0.232511056 0.031146921 0.999493837 0.006478337 -0.001774039 -0.319903046 0.003828081 0.947442532 0.069647990
218084533 0.482843487 0.858388398 0.500000000 0.500000000 0.000000000 0.000000000 0.945871353 -0.031963371 0.322963983 0.234968174 0.031543389 0.999481022 0.006535696 -0.001431348 -0.323005259 0.004005451 0.946388662 0.069515664
218117900 0.482843487 0.858388398 0.500000000 0.500000000 0.000000000 0.000000000 0.944837034 -0.032296211 0.325944692 0.237643892 0.031815432 0.999470592 0.006807026 -0.001662444 -0.325991958 0.003938541 0.945364356 0.069619690
218151267 0.482843487 0.858388398 0.500000000 0.500000000 0.000000000 0.000000000 0.943806112 -0.032625236 0.328885347 0.240297613 0.032137256 0.999459505 0.006921140 -0.001525211 -0.328933388 0.004037258 0.944344521 0.069562873
218184633 0.482843487 0.858388398 0.500000000 0.500000000 0.000000000 0.000000000 0.942795515 -0.032901265 0.331744045 0.242836693 0.032394227 0.999450207 0.007059801 -0.001488057 -0.331793964 0.004090643 0.943342984 0.069679384
218218000 0.482843487 0.858388398 0.500000000 0.500000000 0.000000000 0.000000000 0.941770256 -0.033265755 0.334607422 0.245649830 0.032722317 0.999438107 0.007262712 -0.001560707 -0.334661007 0.004109323 0.942329645 0.069651026
218251367 0.482843487 0.858388398 0.500000000 0.500000000 0.000000000 0.000000000 0.940703392 -0.033442240 0.337577760 0.248129519 0.032930367 0.999431372 0.007244306 -0.001487907 -0.337628067 0.004301816 0.941269755 0.069376404
218284733 0.482843487 0.858388398 0.500000000 0.500000000 0.000000000 0.000000000 0.939650536 -0.033662096 0.340475798 0.250757027 0.033097100 0.999424219 0.007468983 -0.001827109 -0.340531170 0.004250527 0.940223634 0.069260671
218318100 0.482843487 0.858388398 0.500000000 0.500000000 0.000000000 0.000000000 0.938543737 -0.033974580 0.343484193 0.253117540 0.033410318 0.999413133 0.007562497 -0.001769814 -0.343539536 0.004378182 0.939127982 0.069149855
218351467 0.482843487 0.858388398 0.500000000 0.500000000 0.000000000 0.000000000 0.937496960 -0.034290161 0.346299857 0.255864368 0.033742588 0.999401569 0.007612092 -0.001658341 -0.346353620 0.004548740 0.938093007 0.069181429
218384833 0.482843487 0.858388398 0.500000000 0.500000000 0.000000000 0.000000000 0.936494768 -0.034550745 0.348975301 0.258553406 0.034040611 0.999391556 0.007596150 -0.001791509 -0.349025428 0.004765578 0.937101126 0.069181424
218418200 0.482843487 0.858388398 0.500000000 0.500000000 0.000000000 0.000000000 0.935428679 -0.034771051 0.351801306 0.261100122 0.034307029 0.999382794 0.007554861 -0.001685887 -0.351846844 0.005002224 0.936044216 0.068812428
218451567 0.482843487 0.858388398 0.500000000 0.500000000 0.000000000 0.000000000 0.934313238 -0.035158157 0.354714870 0.263754375 0.034698166 0.999368489 0.007659675 -0.001553725 -0.354760170 0.005151419 0.934943140 0.068417561
218484933 0.482843487 0.858388398 0.500000000 0.500000000 0.000000000 0.000000000 0.933238387 -0.035475522 0.357501864 0.266405147 0.034978449 0.999357164 0.007858659 -0.001641615 -0.357550830 0.005170859 0.933879375 0.068349338
218518300 0.482843487 0.858388398 0.500000000 0.500000000 0.000000000 0.000000000 0.932149410 -0.035638236 0.360315651 0.268822040 0.035157956 0.999350607 0.007889256 -0.001705488 -0.360362828 0.005313997 0.932797074 0.068313051
