https://www.youtube.com/watch?v=21d49eTFWc4
269969700 0.476566165 0.847228749 0.500000000 0.500000000 0.000000000 0.000000000 0.985612035 -0.026219342 0.166977480 -0.092848153 0.024067082 0.999599278 0.014900402 -0.013442892 -0.167301252 -0.010667355 0.985848129 -0.243769655
270003067 0.476566165 0.847228749 0.500000000 0.500000000 0.000000000 0.000000000 0.984293282 -0.027067034 0.174453869 -0.096854581 0.024615470 0.999565721 0.016201621 -0.015113885 -0.174816638 -0.011652882 0.984532058 -0.248476559
270036433 0.476566165 0.847228749 0.500000000 0.500000000 0.000000000 0.000000000 0.982886970 -0.027901161 0.182084367 -0.101197395 0.025136104 0.999531269 0.017476151 -0.016684013 -0.182486624 -0.012600190 0.983127594 -0.254030761
270069800 0.476566165 0.847228749 0.500000000 0.500000000 0.000000000 0.000000000 0.981406510 -0.028821982 0.189764470 -0.105402495 0.025710281 0.999491870 0.018839674 -0.018415698 -0.190211043 -0.013610481 0.981648862 -0.259926471
270103167 0.476566165 0.847228749 0.500000000 0.500000000 0.000000000 0.000000000 0.979797900 -0.030335136 0.197676197 -0.109999452 0.026848916 0.999433517 0.020292982 -0.019558706 -0.198179811 -0.014575629 0.980057299 -0.264538267
270136533 0.476566165 0.847228749 0.500000000 0.500000000 0.000000000 0.000000000 0.978025019 -0.032565631 0.205928370 -0.115256452 0.028676184 0.999350011 0.021844678 -0.020477269 -0.206505910 -0.015459402 0.978323221 -0.274853365
270169900 0.476566165 0.847228749 0.500000000 0.500000000 0.000000000 0.000000000 0.976246893 -0.034559667 0.213887036 -0.120118786 0.030249698 0.999268591 0.023391875 -0.022250905 -0.214539021 -0.016366227 0.976578295 -0.284153146
270203267 0.476566165 0.847228749 0.500000000 0.500000000 0.000000000 0.000000000 0.974453151 -0.035772979 0.221723497 -0.124332499 0.030969370 0.999204993 0.025104856 -0.024950657 -0.222445309 -0.017596869 0.974786341 -0.290856677
270236633 0.476566165 0.847228749 0.500000000 0.500000000 0.000000000 0.000000000 0.972536147 -0.036309194 0.229902238 -0.129339072 0.031060515 0.999168575 0.026409190 -0.026845708 -0.230669990 -0.018543011 0.972855330 -0.297214726
270270000 0.476566165 0.847228749 0.500000000 0.500000000 0.000000000 0.000000000 0.970428646 -0.037562389 0.238447741 -0.135749647 0.031914297 0.999112070 0.027504921 -0.027096691 -0.239269167 -0.019081671 0.970765769 -0.302507935
270303367 0.476566165 0.847228749 0.500000000 0.500000000 0.000000000 0.000000000 0.968244255 -0.039659910 0.246840298 -0.141386686 0.033537488 0.999017775 0.028959919 -0.027376825 -0.247746393 -0.019761872 0.968623340 -0.310762412
270336733 0.476566165 0.847228749 0.500000000 0.500000000 0.000000000 0.000000000 0.965940833 -0.042367328 0.255271077 -0.146986256 0.035755046 0.998895347 0.030490214 -0.028011538 -0.256280869 -0.020324513 0.966388643 -0.320484431
270370100 0.476566165 0.847228749 0.500000000 0.500000000 0.000000000 0.000000000 0.963621318 -0.044598442 0.263524085 -0.152148274 0.037487831 0.998786092 0.031952422 -0.029172562 -0.264629215 -0.020911090 0.964123487 -0.327948523
270403467 0.476566165 0.847228749 0.500000000 0.500000000 0.000000000 0.000000000 0.961266875 -0.046111125 0.271734715 -0.156317546 0.038449124 0.998700321 0.033456620 -0.031310191 -0.272924244 -0.021712778 0.961790442 -0.335261944
270436833 0.476566165 0.847228749 0.500000000 0.500000000 0.000000000 0.000000000 0.958799064 -0.047119338 0.280150235 -0.161418724 0.038976938 0.998641968 0.034568235 -0.031758481 -0.281398624 -0.022224594 0.959333539 -0.340103990
270470200 0.476566165 0.847228749 0.500000000 0.500000000 0.000000000 0.000000000 0.956213474 -0.048321638 0.288653463 -0.166770332 0.039687291 0.998574436 0.035694115 -0.031920678 -0.289966762 -0.022675321 0.956768036 -0.344779258
270503567 0.476566165 0.847228749 0.500000000 0.500000000 0.000000000 0.000000000 0.953559279 -0.050064612 0.297015458 -0.171624794 0.040934287 0.998480797 0.036884557 -0.031982595 -0.298410863 -0.023013495 0.954160035 -0.349342946
270536933 0.476566165 0.847228749 0.500000000 0.500000000 0.000000000 0.000000000 0.950755715 -0.051677898 0.305602640 -0.177341315 0.042028505 0.998390675 0.038075220 -0.031961282 -0.307078451 -0.023356209 0.951397538 -0.353031132
270570300 0.476566165 0.847228749 0.500000000 0.500000000 0.000000000 0.000000000 0.947980642 -0.053075362 0.313872129 -0.182044072 0.042912073 0.998309255 0.039206449 -0.032236127 -0.315422356 -0.023698051 0.948655427 -0.358443517
270603667 0.476566165 0.847228749 0.500000000 0.500000000 0.000000000 0.000000000 0.945089221 -0.054512221 0.322234094 -0.187008194 0.043924570 0.998232007 0.040042959 -0.031328046 -0.323847234 -0.023690172 0.945812762 -0.363498396
270637033 0.476566165 0.847228749 0.500000000 0.500000000 0.000000000 0.000000000 0.942080855 -0.056186177 0.330645978 -0.192481454 0.045209099 0.998143911 0.040802743 -0.029826241 -0.332324833 -0.023491276 0.942872405 -0.368390351
270670400 0.476566165 0.847228749 0.500000000 0.500000000 0.000000000 0.000000000 0.938973367 -0.057854950 0.339089781 -0.197825763 0.046478994 0.998053432 0.041581314 -0.028421025 -0.340835392 -0.023283197 0.939834595 -0.372855463
270703767 0.476566165 0.847228749 0.500000000 0.500000000 0.000000000 0.000000000 0.935798109 -0.059580192 0.347465247 -0.202705831 0.047784027 0.997956216 0.042427901 -0.027176248 -0.349282950 -0.023100661 0.936732471 -0.376281314
270737133 0.476566165 0.847228749 0.500000000 0.500000000 0.000000000 0.000000000 0.932396710 -0.061228327 0.356212616 -0.208960720 0.049033269 0.997863591 0.043173824 -0.025319687 -0.358095080 -0.022788864 0.933407009 -0.378121875
270770500 0.476566165 0.847228749 0.500000000 0.500000000 0.000000000 0.000000000 0.928879023 -0.063197680 0.364951730 -0.214778847 0.050567739 0.997747779 0.044071659 -0.023999202 -0.366915017 -0.022482457 0.929982781 -0.381943092
270803867 0.476566165 0.847228749 0.500000000 0.500000000 0.000000000 0.000000000 0.925292552 -0.064660177 0.373701394 -0.220800160 0.051648248 0.997662663 0.044739738 -0.022803835 -0.375720829 -0.022096327 0.926469445 -0.385336045
270837233 0.476566165 0.847228749 0.500000000 0.500000000 0.000000000 0.000000000 0.921569288 -0.066025652 0.382558018 -0.227348260 0.052602287 0.997580469 0.045455191 -0.021885712 -0.384633631 -0.021766681 0.922812641 -0.387912840
270870600 0.476566165 0.847228749 0.500000000 0.500000000 0.000000000 0.000000000 0.917692721 -0.067507960 0.391513348 -0.234500078 0.053702734 0.997491419 0.046118483 -0.020035916 -0.393644542 -0.021297261 0.919016004 -0.388951538
270903967 0.476566165 0.847228749 0.500000000 0.500000000 0.000000000 0.000000000 0.913712680 -0.069066674 0.400448412 -0.241604890 0.054864321 0.997394621 0.046838757 -0.018670538 -0.402640104 -0.020826833 0.915121436 -0.390804156
270937333 0.476566165 0.847228749 0.500000000 0.500000000 0.000000000 0.000000000 0.909597039 -0.070414007 0.409481466 -0.248627103 0.055725805 0.997305572 0.047709730 -0.017997261 -0.411737591 -0.020577947 0.911070108 -0.392218074
270970700 0.476566165 0.847228749 0.500000000 0.500000000 0.000000000 0.000000000 0.905295730 -0.071448661 0.418729872 -0.256011291 0.056254923 0.997235954 0.048536859 -0.017359133 -0.421040386 -0.020384595 0.906812787 -0.394113132
271004067 0.476566165 0.847228749 0.500000000 0.500000000 0.000000000 0.000000000 0.900795698 -0.072383434 0.428167909 -0.264271835 0.056710117 0.997174382 0.049267292 -0.016529306 -0.430524200 -0.020098314 0.902355254 -0.395390875
271037433 0.476566165 0.847228749 0.500000000 0.500000000 0.000000000 0.000000000 0.896090806 -0.073639825 0.437719643 -0.272416105 0.057473708 0.997089803 0.050086539 -0.016029137 -0.440134168 -0.019724716 0.897715330 -0.399325241
271070800 0.476566165 0.847228749 0.500000000 0.500000000 0.000000000 0.000000000 0.891154945 -0.075018905 0.447453976 -0.281589938 0.058336116 0.996994913 0.050970506 -0.015417771 -0.449933112 -0.019319890 0.892853260 -0.402279474
271104167 0.476566165 0.847228749 0.500000000 0.500000000 0.000000000 0.000000000 0.886145890 -0.076866657 0.456986904 -0.290247877 0.059740636 0.996867299 0.051832855 -0.014513119 -0.459539503 -0.018630780 0.887961924 -0.408214108
271137533 0.476566165 0.847228749 0.500000000 0.500000000 0.000000000 0.000000000 0.880884945 -0.078600802 0.466758639 -0.299518022 0.060936350 0.996741652 0.052846976 -0.014892811 -0.469391584 -0.018109540 0.882804394 -0.415394577
271170900 0.476566165 0.847228749 0.500000000 0.500000000 0.000000000 0.000000000 0.875443339 -0.080226876 0.476615787 -0.309158278 0.062078621 0.996623814 0.053732388 -0.014900186 -0.479317427 -0.017452007 0.877468050 -0.422310747
271204267 0.476566165 0.847228749 0.500000000 0.500000000 0.000000000 0.000000000 0.869827330 -0.082199767 0.486460298 -0.318851325 0.063589424 0.996477187 0.054677371 -0.013973652 -0.489241064 -0.016626138 0.871990085 -0.428144691
271237633 0.476566165 0.847228749 0.500000000 0.500000000 0.000000000 0.000000000 0.864186347 -0.084091432 0.496095330 -0.328059093 0.064923353 0.996329486 0.055789482 -0.014258571 -0.498965830 -0.016004339 0.866473854 -0.435123788
271271000 0.476566165 0.847228749 0.500000000 0.500000000 0.000000000 0.000000000 0.858330131 -0.085440189 0.505934119 -0.337606733 0.065714352 0.996223271 0.056752242 -0.015071142 -0.508872271 -0.015465030 0.860703111 -0.441881425
271304367 0.476566165 0.847228749 0.500000000 0.500000000 0.000000000 0.000000000 0.852399468 -0.086351119 0.515711725 -0.347709254 0.066036992 0.996150613 0.057646189 -0.015765002 -0.518704355 -0.015081530 0.854820609 -0.445981211
271337733 0.476566165 0.847228749 0.500000000 0.500000000 0.000000000 0.000000000 0.846171737 -0.087026522 0.525756419 -0.358883588 0.066323563 0.996102989 0.058137678 -0.014774937 -0.528767049 -0.014324421 0.848646104 -0.448442990
271371100 0.476566165 0.847228749 0.500000000 0.500000000 0.000000000 0.000000000 0.840133429 -0.088162772 0.535166502 -0.367574731 0.066924073 0.996010900 0.059020765 -0.015022963 -0.538235128 -0.013769792 0.842682242 -0.454066762
271404467 0.476566165 0.847228749 0.500000000 0.500000000 0.000000000 0.000000000 0.833816946 -0.089627340 0.544716716 -0.377557520 0.067880303 0.995890319 0.059956398 -0.014483393 -0.547851801 -0.013017124 0.836474121 -0.458251866
271437833 0.476566165 0.847228749 0.500000000 0.500000000 0.000000000 0.000000000 0.827592194 -0.090685964 0.553955972 -0.385205436 0.068263732 0.995798588 0.061034497 -0.015708537 -0.557163537 -0.012696574 0.830305696 -0.465518782
271471200 0.476566165 0.847228749 0.500000000 0.500000000 0.000000000 0.000000000 0.821305931 -0.091610946 0.563084424 -0.393482684 0.068492919 0.995717287 0.062095422 -0.016727832 -0.566361487 -0.012432044 0.824063182 -0.469386968
271504567 0.476566165 0.847228749 0.500000000 0.500000000 0.000000000 0.000000000 0.815054953 -0.092569113 0.571940839 -0.400852127 0.068778485 0.995632529 0.063129909 -0.017391860 -0.575286806 -0.012117119 0.817861974 -0.473880561
271537933 0.476566165 0.847228749 0.500000000 0.500000000 0.000000000 0.000000000 0.808628798 -0.093337007 0.580868065 -0.409322362 0.069041029 0.995567739 0.063860893 -0.017285081 -0.584254086 -0.011536029 0.811488807 -0.476809980
271571300 0.476566165 0.847228749 0.500000000 0.500000000 0.000000000 0.000000000 0.802181602 -0.094210751 0.589600682 -0.416508151 0.069216125 0.995488763 0.064894490 -0.018450511 -0.593054593 -0.011247291 0.805083692 -0.482029338
271604667 0.476566165 0.847228749 0.500000000 0.500000000 0.000000000 0.000000000 0.795408547 -0.095403016 0.598517776 -0.424447471 0.069936886 0.995384216 0.065719448 -0.017645239 -0.602024972 -0.010415343 0.798409343 -0.486771714
271638033 0.476566165 0.847228749 0.500000000 0.500000000 0.000000000 0.000000000 0.788408041 -0.096825071 0.607484698 -0.432707944 0.070664369 0.995252848 0.066920318 -0.018238723 -0.611080468 -0.009832991 0.791507423 -0.492156743
271671400 0.476566165 0.847228749 0.500000000 0.500000000 0.000000000 0.000000000 0.781448543 -0.097884998 0.616244018 -0.440680542 0.071057826 0.995154083 0.067964338 -0.018550609 -0.619910419 -0.009321669 0.784617186 -0.496031835
271704767 0.476566165 0.847228749 0.500000000 0.500000000 0.000000000 0.000000000 0.774322391 -0.098962717 0.625005007 -0.449696426 0.071580924 0.995054066 0.068873912 -0.018157198 -0.628729701 -0.008592175 0.777576447 -0.499597536
271738133 0.476566165 0.847228749 0.500000000 0.500000000 0.000000000 0.000000000 0.767253339 -0.100554563 0.633412302 -0.456653714 0.072670043 0.994902432 0.069915980 -0.017226058 -0.637213767 -0.007613171 0.770649493 -0.503147543
271771500 0.476566165 0.847228749 0.500000000 0.500000000 0.000000000 0.000000000 0.760122955 -0.101992100 0.641724765 -0.464119609 0.073437072 0.994761050 0.071115479 -0.017622119 -0.645616055 -0.006930117 0.763630748 -0.507215514
271804867 0.476566165 0.847228749 0.500000000 0.500000000 0.000000000 0.000000000 0.752994180 -0.103575766 0.649824440 -0.471126230 0.074437454 0.994603157 0.072274618 -0.017145312 -0.653803349 -0.006051087 0.756640315 -0.509446152
271838233 0.476566165 0.847228749 0.500000000 0.500000000 0.000000000 0.000000000 0.745614946 -0.104793690 0.658085585 -0.479337567 0.075078085 0.994480133 0.073297307 -0.016880539 -0.662134171 -0.005243763 0.749366939 -0.512726885
271871600 0.476566165 0.847228749 0.500000000 0.500000000 0.000000000 0.000000000 0.738293707 -0.105871566 0.666118324 -0.485917739 0.075597972 0.994369805 0.074254051 -0.016262022 -0.670229316 -0.004464100 0.742140591 -0.515720144
271904967 0.476566165 0.847228749 0.500000000 0.500000000 0.000000000 0.000000000 0.730713427 -0.107063077 0.674236894 -0.494055063 0.076150261 0.994245291 0.075348794 -0.015441551 -0.678423941 -0.003715058 0.734661281 -0.518082289
271938333 0.476566165 0.847228749 0.500000000 0.500000000 0.000000000 0.000000000 0.723251998 -0.108452037 0.682015181 -0.501029096 0.076703556 0.994096577 0.076737002 -0.015182600 -0.686311185 -0.003187204 0.727301002 -0.520015302
271971700 0.476566165 0.847228749 0.500000000 0.500000000 0.000000000 0.000000000 0.715721011 -0.109752759 0.689708471 -0.508813002 0.077341720 0.993955970 0.077908739 -0.014504235 -0.694090545 -0.002417684 0.719883621 -0.521418597
272005067 0.476566165 0.847228749 0.500000000 0.500000000 0.000000000 0.000000000 0.707683444 -0.111578368 0.697663546 -0.517410310 0.078549527 0.993754804 0.079255022 -0.013575633 -0.702149689 -0.001286327 0.712028205 -0.524218828
272038433 0.476566165 0.847228749 0.500000000 0.500000000 0.000000000 0.000000000 0.699435174 -0.113059282 0.705696821 -0.526664346 0.079230890 0.993588090 0.080654301 -0.013361307 -0.710290670 -0.000499466 0.703908265 -0.527412497
272071800 0.476566165 0.847228749 0.500000000 0.500000000 0.000000000 0.000000000 0.691492558 -0.113886982 0.713349700 -0.534763993 0.079347223 0.993493676 0.081696242 -0.012965223 -0.718012571 0.000109972 0.696030140 -0.528774481
272105167 0.476566165 0.847228749 0.500000000 0.500000000 0.000000000 0.000000000 0.683399022 -0.115135215 0.720908880 -0.544321644 0.079877116 0.993349433 0.082925260 -0.013080325 -0.725662053 0.000913080 0.688050687 -0.530313795
272138533 0.476566165 0.847228749 0.500000000 0.500000000 0.000000000 0.000000000 0.675530732 -0.116477571 0.728073597 -0.551682006 0.080546685 0.993191719 0.084157415 -0.012332353 -0.732919097 0.001792989 0.680313408 -0.532661484
272171900 0.476566165 0.847228749 0.500000000 0.500000000 0.000000000 0.000000000 0.667149127 -0.117901400 0.735534728 -0.560741100 0.081045873 0.993022263 0.085664257 -0.012994351 -0.740502298 0.002461215 0.672049344 -0.536054690
272205267 0.476566165 0.847228749 0.500000000 0.500000000 0.000000000 0.000000000 0.658823133 -0.119622312 0.742726445 -0.569384713 0.082036838 0.992813230 0.087131470 -0.012078553 -0.747811496 0.003526702 0.663901746 -0.539011446
272238633 0.476566165 0.847228749 0.500000000 0.500000000 0.000000000 0.000000000 0.650521874 -0.120953478 0.749794304 -0.577811244 0.082572453 0.992648661 0.088489763 -0.012473327 -0.754985452 0.004347828 0.655727088 -0.541583434
272272000 0.476566165 0.847228749 0.500000000 0.500000000 0.000000000 0.000000000 0.642150760 -0.122248173 0.756767988 -0.586357952 0.083204605 0.992485166 0.089723125 -0.011856762 -0.762049496 0.005350807 0.647496700 -0.544750820
272305367 0.476566165 0.847228749 0.500000000 0.500000000 0.000000000 0.000000000 0.633606613 -0.123700663 0.763702035 -0.595835437 0.083890013 0.992299378 0.091128245 -0.011731095 -0.769093692 0.006327521 0.639104724 -0.547255466
272338733 0.476566165 0.847228749 0.500000000 0.500000000 0.000000000 0.000000000 0.625341713 -0.124799751 0.770306945 -0.603926658 0.084166110 0.992156982 0.092415579 -0.011835845 -0.775798798 0.007042420 0.630941033 -0.549817496
272372100 0.476566165 0.847228749 0.500000000 0.500000000 0.000000000 0.000000000 0.617003441 -0.125114843 0.776951134 -0.612790005 0.084008880 0.992111146 0.093048416 -0.010945391 -0.782463610 0.007859601 0.622646749 -0.551025008
272405467 0.476566165 0.847228749 0.500000000 0.500000000 0.000000000 0.000000000 0.608617902 -0.125293359 0.783508658 -0.621941955 0.083788961 0.992081523 0.093560889 -0.010169578 -0.789027035 0.008706541 0.614296794 -0.552416322
272438833 0.476566165 0.847228749 0.500000000 0.500000000 0.000000000 0.000000000 0.600170255 -0.125806451 0.789916694 -0.631106351 0.084093392 0.992004871 0.094098859 -0.008501294 -0.795439482 0.009951440 0.605951309 -0.551984885
272472200 0.476566165 0.847228749 0.500000000 0.500000000 0.000000000 0.000000000 0.591630340 -0.126979172 0.796146870 -0.640517125 0.084902063 0.991840661 0.095098622 -0.007130368 -0.801726401 0.011331283 0.597583830 -0.553702899
272505567 0.476566165 0.847228749 0.500000000 0.500000000 0.000000000 0.000000000 0.582890213 -0.127639845 0.802463114 -0.650364956 0.085054666 0.991744101 0.095965192 -0.007248500 -0.808087051 0.012316057 0.588934302 -0.555662774
272538933 0.476566165 0.847228749 0.500000000 0.500000000 0.000000000 0.000000000 0.574081421 -0.128402397 0.808667660 -0.660345058 0.085336827 0.991631687 0.096872419 -0.006794373 -0.814339101 0.013396475 0.580234766 -0.557301649
272572300 0.476566165 0.847228749 0.500000000 0.500000000 0.000000000 0.000000000 0.565291047 -0.129154474 0.814717829 -0.670585008 0.085473545 0.991521239 0.097876802 -0.007018132 -0.820451260 0.014307939 0.571537375 -0.556934508
272605667 0.476566165 0.847228749 0.500000000 0.500000000 0.000000000 0.000000000 0.556903660 -0.130175605 0.820312500 -0.679090574 0.085832901 0.991373718 0.099050075 -0.006733333 -0.826130152 0.015248453 0.563273013 -0.555290897
272639033 0.476566165 0.847228749 0.500000000 0.500000000 0.000000000 0.000000000 0.548416317 -0.130636409 0.825938046 -0.688125111 0.085566878 0.991303742 0.099976122 -0.007746145 -0.831815958 0.015844405 0.554825306 -0.554917908
272672400 0.476566165 0.847228749 0.500000000 0.500000000 0.000000000 0.000000000 0.539726913 -0.131466225 0.831511557 -0.697709519 0.085856430 0.991176784 0.100981459 -0.006941239 -0.837450624 0.016888207 0.546252012 -0.552982084
272705767 0.476566165 0.847228749 0.500000000 0.500000000 0.000000000 0.000000000 0.531125724 -0.132726669 0.836832762 -0.707207667 0.086611666 0.990985632 0.102205060 -0.006161565 -0.842854619 0.018195745 0.537833631 -0.550519492
272739133 0.476566165 0.847228749 0.500000000 0.500000000 0.000000000 0.000000000 0.522547364 -0.133814484 0.842043877 -0.716239329 0.087108754 0.990818083 0.103400029 -0.006048543 -0.848148763 0.019317983 0.529405832 -0.549114324
272772500 0.476566165 0.847228749 0.500000000 0.500000000 0.000000000 0.000000000 0.514167190 -0.135031804 0.846993804 -0.724922065 0.087947801 0.990624189 0.104541384 -0.004950969 -0.853168964 0.020739490 0.521222234 -0.546684012
272805867 0.476566165 0.847228749 0.500000000 0.500000000 0.000000000 0.000000000 0.505594313 -0.136181161 0.851956010 -0.734229345 0.088547438 0.990440488 0.105768666 -0.004568400 -0.858215451 0.021962490 0.512819588 -0.544810244
272839233 0.476566165 0.847228749 0.500000000 0.500000000 0.000000000 0.000000000 0.497128844 -0.137358665 0.856735349 -0.742909449 0.089194223 0.990249217 0.107008874 -0.004359747 -0.863080144 0.023218647 0.504533052 -0.542493116
272872600 0.476566165 0.847228749 0.500000000 0.500000000 0.000000000 0.000000000 0.488826990 -0.138149932 0.861372590 -0.751834654 0.089274354 0.990119576 0.108135827 -0.005218969 -0.867800832 0.024038771 0.496330410 -0.541261601
272905967 0.476566165 0.847228749 0.500000000 0.500000000 0.000000000 0.000000000 0.480331123 -0.139137119 0.865980864 -0.761312851 0.089804620 0.989950001 0.109243564 -0.004731583 -0.872477591 0.025295999 0.487998962 -0.539407231
272939333 0.476566165 0.847228749 0.500000000 0.500000000 0.000000000 0.000000000 0.472105712 -0.140395537 0.870290339 -0.769635812 0.090730257 0.989732206 0.110445566 -0.003538554 -0.876860440 0.026819687 0.479996324 -0.537006006
272972700 0.476566165 0.847228749 0.500000000 0.500000000 0.000000000 0.000000000 0.464227557 -0.141304016 0.874371767 -0.777368505 0.091095150 0.989574075 0.111556560 -0.003599876 -0.881018996 0.027863394 0.472259670 -0.536558709
273006067 0.476566165 0.847228749 0.500000000 0.500000000 0.000000000 0.000000000 0.456219614 -0.142246068 0.878424585 -0.785086165 0.091498718 0.989407599 0.112697020 -0.003420507 -0.885150611 0.028960127 0.464402497 -0.534676097
273039433 0.476566165 0.847228749 0.500000000 0.500000000 0.000000000 0.000000000 0.448511660 -0.143119872 0.882243752 -0.792807812 0.091912821 0.989248455 0.113752164 -0.003093193 -0.889038444 0.030070338 0.456844032 -0.532968968
273072800 0.476566165 0.847228749 0.500000000 0.500000000 0.000000000 0.000000000 0.441239804 -0.144462496 0.885685086 -0.798191250 0.092794567 0.989011765 0.115086563 -0.002113899 -0.892578602 0.031405989 0.449796677 -0.531979334
273106167 0.476566165 0.847228749 0.500000000 0.500000000 0.000000000 0.000000000 0.433891028 -0.144963115 0.889226794 -0.804653910 0.092628621 0.988918543 0.116017632 -0.002884558 -0.896191120 0.032028839 0.442510605 -0.530639567
273139533 0.476566165 0.847228749 0.500000000 0.500000000 0.000000000 0.000000000 0.426755965 -0.145743057 0.892545998 -0.810573841 0.092914432 0.988772392 0.117030308 -0.002736155 -0.899581134 0.032987017 0.435506135 -0.530358416
273172900 0.476566165 0.847228749 0.500000000 0.500000000 0.000000000 0.000000000 0.419916272 -0.146701694 0.895627677 -0.815569553 0.093409181 0.988594472 0.118134409 -0.002076490 -0.902743042 0.034053285 0.428830177 -0.530322096
273206267 0.476566165 0.847228749 0.500000000 0.500000000 0.000000000 0.000000000 0.413156509 -0.147211522 0.898682654 -0.820792426 0.093415432 0.988492846 0.118976757 -0.002189622 -0.905856073 0.034794807 0.422154069 -0.530331912
273239633 0.476566165 0.847228749 0.500000000 0.500000000 0.000000000 0.000000000 0.406804800 -0.147722051 0.901492119 -0.825254668 0.093365662 0.988394439 0.119830281 -0.002347959 -0.908731401 0.035420876 0.415875763 -0.530977352
273273000 0.476566165 0.847228749 0.500000000 0.500000000 0.000000000 0.000000000 0.400359988 -0.148279816 0.904281497 -0.829730754 0.093319207 0.988288224 0.120738879 -0.002391385 -0.911593914 0.036047820 0.409508407 -0.531294660
273306367 0.476566165 0.847228749 0.500000000 0.500000000 0.000000000 0.000000000 0.394321799 -0.148820728 0.906842172 -0.833547302 0.093321443 0.988183618 0.121590652 -0.002521019 -0.914221764 0.036681976 0.403550476 -0.532985309
273339733 0.476566165 0.847228749 0.500000000 0.500000000 0.000000000 0.000000000 0.388383210 -0.149473876 0.909294248 -0.837012654 0.093405426 0.988060117 0.122525871 -0.002777369 -0.916751802 0.037346024 0.397707641 -0.534934573
273373100 0.476566165 0.847228749 0.500000000 0.500000000 0.000000000 0.000000000 0.382820547 -0.149950504 0.911571860 -0.840039043 0.093406722 0.987964928 0.123290144 -0.002956092 -0.919088483 0.037948940 0.392219663 -0.538853698
273406467 0.476566165 0.847228749 0.500000000 0.500000000 0.000000000 0.000000000 0.377159566 -0.150716335 0.913802624 -0.843389754 0.093739085 0.987815201 0.124233939 -0.002528128 -0.921392262 0.038803004 0.386691958 -0.541294946
273439833 0.476566165 0.847228749 0.500000000 0.500000000 0.000000000 0.000000000 0.371906251 -0.151318729 0.915853918 -0.845685187 0.093888253 0.987696469 0.125062883 -0.002333606 -0.923510015 0.039476253 0.381537557 -0.545608017
273473200 0.476566165 0.847228749 0.500000000 0.500000000 0.000000000 0.000000000 0.366782039 -0.151878938 0.917825520 -0.847980574 0.094031110 0.987583458 0.125845492 -0.002022548 -0.925542593 0.040146295 0.376509219 -0.549752229
273506567 0.476566165 0.847228749 0.500000000 0.500000000 0.000000000 0.000000000 0.361810505 -0.152314618 0.919724643 -0.850246791 0.093962938 0.987496793 0.126574203 -0.002201999 -0.927504241 0.040624153 0.371598631 -0.554526619
273539933 0.476566165 0.847228749 0.500000000 0.500000000 0.000000000 0.000000000 0.356710702 -0.152823806 0.921630263 -0.852872946 0.093985580 0.987394631 0.127352312 -0.002141267 -0.929475188 0.041192021 0.366577476 -0.558708178
273573300 0.476566165 0.847228749 0.500000000 0.500000000 0.000000000 0.000000000 0.351899713 -0.153624132 0.923345149 -0.854856550 0.094319105 0.987239003 0.128308326 -0.001822063 -0.931273580 0.041937426 0.361898810 -0.564555815
273606667 0.476566165 0.847228749 0.500000000 0.500000000 0.000000000 0.000000000 0.347752541 -0.153966367 0.924858093 -0.855178439 0.094175287 0.987171829 0.128929570 -0.002002387 -0.932844698 0.042263187 0.357791334 -0.570027166
273640033 0.476566165 0.847228749 0.500000000 0.500000000 0.000000000 0.000000000 0.343409926 -0.154002205 0.926473379 -0.856569257 0.093725488 0.987159729 0.129349113 -0.002392067 -0.934497297 0.042414404 0.353434384 -0.574921945
273673400 0.476566165 0.847228749 0.500000000 0.500000000 0.000000000 0.000000000 0.338819653 -0.154513642 0.928076923 -0.858816542 0.093984716 0.987046957 0.130019784 -0.001555294 -0.936145365 0.043171782 0.348952860 -0.579449831
273706767 0.476566165 0.847228749 0.500000000 0.500000000 0.000000000 0.000000000 0.334580928 -0.154993072 0.929533601 -0.860426378 0.094354749 0.986934841 0.130601794 -0.000430509 -0.937631488 0.044009045 0.344833910 -0.585456573
273740133 0.476566165 0.847228749 0.500000000 0.500000000 0.000000000 0.000000000 0.330511928 -0.155216619 0.930950940 -0.862104700 0.094409078 0.986873806 0.131022900 -0.000166543 -0.939068019 0.044585593 0.340827435 -0.591568892
273773500 0.476566165 0.847228749 0.500000000 0.500000000 0.000000000 0.000000000 0.326208919 -0.155544937 0.932412744 -0.864810604 0.094627939 0.986788094 0.131509796 0.000487211 -0.940549433 0.045332629 0.336617976 -0.596575940
273806867 0.476566165 0.847228749 0.500000000 0.500000000 0.000000000 0.000000000 0.321733832 -0.155871823 0.933911860 -0.868142650 0.094704472 0.986707568 0.132057741 0.000731492 -0.942081928 0.045958184 0.332218975 -0.600570173
273840233 0.476566165 0.847228749 0.500000000 0.500000000 0.000000000 0.000000000 0.317609489 -0.155914173 0.935315430 -0.870727136 0.094416894 0.986687124 0.132416084 0.000808495 -0.943509221 0.046252977 0.328102112 -0.604898943
273873600 0.476566165 0.847228749 0.500000000 0.500000000 0.000000000 0.000000000 0.313436180 -0.155813664 0.936738968 -0.873916447 0.094202310 0.986682832 0.132600710 0.001321756 -0.944925249 0.046681114 0.323940098 -0.608451470
273906967 0.476566165 0.847228749 0.500000000 0.500000000 0.000000000 0.000000000 0.309372813 -0.156072468 0.938045740 -0.876629072 0.094473325 0.986603975 0.132993773 0.002663993 -0.946236372 0.047475651 0.319973141 -0.612527511
273940333 0.476566165 0.847228749 0.500000000 0.500000000 0.000000000 0.000000000 0.305581987 -0.156047270 0.939291716 -0.879043878 0.094329156 0.986587763 0.133216381 0.003004461 -0.947481751 0.047894064 0.316203237 -0.617520117
273973700 0.476566165 0.847228749 0.500000000 0.500000000 0.000000000 0.000000000 0.301816136 -0.156104445 0.940499008 -0.881506502 0.094284900 0.986554742 0.133491769 0.003472824 -0.948692441 0.048384886 0.312476426 -0.622621493
274007067 0.476566165 0.847228749 0.500000000 0.500000000 0.000000000 0.000000000 0.298051506 -0.156325847 0.941662133 -0.884288539 0.094629750 0.986478090 0.133813903 0.004623884 -0.949847639 0.049225815 0.308814377 -0.627590444
274040433 0.476566165 0.847228749 0.500000000 0.500000000 0.000000000 0.000000000 0.294477046 -0.156489536 0.942758858 -0.886842073 0.094897516 0.986414313 0.134094074 0.005590304 -0.950935185 0.049977846 0.305326849 -0.633377733
274073800 0.476566165 0.847228749 0.500000000 0.500000000 0.000000000 0.000000000 0.290997446 -0.156593338 0.943821490 -0.889066382 0.095003732 0.986367762 0.134360969 0.006223187 -0.951995134 0.050567862 0.301907450 -0.639561445
274107167 0.476566165 0.847228749 0.500000000 0.500000000 0.000000000 0.000000000 0.287713677 -0.156628385 0.944821894 -0.891222496 0.095028885 0.986336529 0.134572655 0.006887857 -0.952990234 0.051066980 0.298666745 -0.646088376
274140533 0.476566165 0.847228749 0.500000000 0.500000000 0.000000000 0.000000000 0.284568667 -0.156737044 0.945755899 -0.893176220 0.095095843 0.986293316 0.134841770 0.007394691 -0.953927398 0.051565707 0.295573205 -0.652821890
274173900 0.476566165 0.847228749 0.500000000 0.500000000 0.000000000 0.000000000 0.281615227 -0.156685218 0.946648121 -0.895088900 0.095003843 0.986282825 0.134983018 0.007822774 -0.954812646 0.051921938 0.292637944 -0.659978029
274207267 0.476566165 0.847228749 0.500000000 0.500000000 0.000000000 0.000000000 0.278669387 -0.156715289 0.947514474 -0.896842034 0.094996825 0.986256003 0.135183886 0.008411214 -0.955677211 0.052339256 0.289726824 -0.667126789
274240633 0.476566165 0.847228749 0.500000000 0.500000000 0.000000000 0.000000000 0.275878340 -0.156855330 0.948307753 -0.898543032 0.095299058 0.986197412 0.135398433 0.009683820 -0.956456602 0.053019341 0.287018687 -0.674953023
274274000 0.476566165 0.847228749 0.500000000 0.500000000 0.000000000 0.000000000 0.273274571 -0.156827763 0.949065864 -0.900248087 0.095308475 0.986180127 0.135517508 0.010271319 -0.957202852 0.053420532 0.284444958 -0.682828617
274307367 0.476566165 0.847228749 0.500000000 0.500000000 0.000000000 0.000000000 0.270871282 -0.156999648 0.949726224 -0.901404415 0.095786691 0.986109436 0.135694861 0.011759549 -0.957837999 0.054215290 0.282147229 -0.691598388
274340733 0.476566165 0.847228749 0.500000000 0.500000000 0.000000000 0.000000000 0.268552542 -0.157178655 0.950354874 -0.902375239 0.096272402 0.986037254 0.135875359 0.013215037 -0.958442032 0.055003274 0.279934764 -0.700484754
274374100 0.476566165 0.847228749 0.500000000 0.500000000 0.000000000 0.000000000 0.266683668 -0.157118723 0.950890899 -0.902505252 0.096356094 0.986025631 0.135900453 0.014122736 -0.958955348 0.055381700 0.278096288 -0.709769230
274407467 0.476566165 0.847228749 0.500000000 0.500000000 0.000000000 0.000000000 0.264918774 -0.157272369 0.951358736 -0.902191486 0.096696794 0.985969245 0.136067405 0.015495288 -0.959410131 0.055946529 0.276409507 -0.718973909
274440833 0.476566165 0.847228749 0.500000000 0.500000000 0.000000000 0.000000000 0.263390362 -0.157309681 0.951776862 -0.901520215 0.097064167 0.985929608 0.136093348 0.016937955 -0.959793746 0.056537751 0.274953485 -0.729327810
274474200 0.476566165 0.847228749 0.500000000 0.500000000 0.000000000 0.000000000 0.261698246 -0.157155022 0.952269018 -0.901920739 0.097015120 0.985940337 0.136050612 0.017267114 -0.960261464 0.056780290 0.273265243 -0.738945277
274507567 0.476566165 0.847228749 0.500000000 0.500000000 0.000000000 0.000000000 0.259674817 -0.156775415 0.952885330 -0.903797368 0.097002618 0.985978067 0.135785475 0.018404522 -0.960811913 0.057172302 0.271241307 -0.748196207
274540933 0.476566165 0.847228749 0.500000000 0.500000000 0.000000000 0.000000000 0.257408261 -0.156546742 0.953537703 -0.906377986 0.096953832 0.985994279 0.135702536 0.018741261 -0.961426497 0.057518173 0.268980891 -0.756535704
274574300 0.476566165 0.847228749 0.500000000 0.500000000 0.000000000 0.000000000 0.255469382 -0.156627014 0.954045773 -0.907988780 0.097472467 0.985935032 0.135761648 0.020569173 -0.961891115 0.058310252 0.267143041 -0.765368758
274607667 0.476566165 0.847228749 0.500000000 0.500000000 0.000000000 0.000000000 0.253702760 -0.156650499 0.954513252 -0.909381963 0.097740337 0.985900104 0.135822892 0.021584475 -0.962331414 0.058835804 0.265436649 -0.774115358
274641033 0.476566165 0.847228749 0.500000000 0.500000000 0.000000000 0.000000000 0.252293974 -0.156335413 0.954938233 -0.910187507 0.097545676 0.985944510 0.135640040 0.022200685 -0.962721467 0.058928926 0.263997704 -0.783587822
274674400 0.476566165 0.847228749 0.500000000 0.500000000 0.000000000 0.000000000 0.250756830 -0.155981913 0.955400765 -0.911344171 0.097322926 0.985994995 0.135433212 0.022852963 -0.963145494 0.059021600 0.262425572 -0.792604469
274707767 0.476566165 0.847228749 0.500000000 0.500000000 0.000000000 0.000000000 0.249266014 -0.155910760 0.955802441 -0.912328640 0.097637579 0.985972703 0.135369003 0.024852919 -0.963500559 0.059579343 0.260992229 -0.802033843
274741133 0.476566165 0.847228749 0.500000000 0.500000000 0.000000000 0.000000000 0.247611657 -0.155877963 0.956237674 -0.914308355 0.097868755 0.985948443 0.135378674 0.026151401 -0.963903606 0.060064454 0.259387910 -0.810956922
274774500 0.476566165 0.847228749 0.500000000 0.500000000 0.000000000 0.000000000 0.246049181 -0.155648559 0.956678271 -0.916150077 0.097749203 0.985974550 0.135274753 0.026770357 -0.964315772 0.060230300 0.257812738 -0.820148145
274807867 0.476566165 0.847228749 0.500000000 0.500000000 0.000000000 0.000000000 0.244685903 -0.155517012 0.957049251 -0.917728357 0.097952664 0.985968351 0.135172993 0.028552181 -0.964641929 0.060670599 0.256485850 -0.830279695
274841233 0.476566165 0.847228749 0.500000000 0.500000000 0.000000000 0.000000000 0.243764594 -0.155507922 0.957285821 -0.917655797 0.098124452 0.985950589 0.135177881 0.029834596 -0.964857697 0.060981560 0.255598962 -0.839399602
274874600 0.476566165 0.847228749 0.500000000 0.500000000 0.000000000 0.000000000 0.243108913 -0.155555114 0.957444847 -0.916900990 0.098479874 0.985915482 0.135175258 0.031576345 -0.964986920 0.061426736 0.255003899 -0.849422951
274907967 0.476566165 0.847228749 0.500000000 0.500000000 0.000000000 0.000000000 0.242767930 -0.155536577 0.957534373 -0.915086427 0.098610267 0.985906720 0.135144129 0.032905375 -0.965059459 0.061614063 0.254684031 -0.860978217
274941333 0.476566165 0.847228749 0.500000000 0.500000000 0.000000000 0.000000000 0.242894754 -0.155565217 0.957497597 -0.912157237 0.099099316 0.985872507 0.135036126 0.035111228 -0.964977443 0.062087785 0.254879653 -0.872339516
274974700 0.476566165 0.847228749 0.500000000 0.500000000 0.000000000 0.000000000 0.243387982 -0.155208692 0.957430184 -0.908472780 0.099253207 0.985917270 0.134595603 0.036984021 -0.964837313 0.062269066 0.255365372 -0.884146149
275008067 0.476566165 0.847228749 0.500000000 0.500000000 0.000000000 0.000000000 0.243828058 -0.154882491 0.957371056 -0.904734263 0.099275768 0.985965550 0.134224430 0.038585829 -0.964723885 0.062316060 0.255782157 -0.895679833
275041433 0.476566165 0.847228749 0.500000000 0.500000000 0.000000000 0.000000000 0.244533718 -0.154737726 0.957214475 -0.900155544 0.099502526 0.985977590 0.133968115 0.040465349 -0.964521885 0.062485538 0.256501555 -0.907684852
275074800 0.476566165 0.847228749 0.500000000 0.500000000 0.000000000 0.000000000 0.245502144 -0.154897138 0.956940711 -0.894240035 0.100044876 0.985928833 0.133922949 0.042956161 -0.964219749 0.062858649 0.257544309 -0.921594869
275108167 0.476566165 0.847228749 0.500000000 0.500000000 0.000000000 0.000000000 0.246627480 -0.154277503 0.956751466 -0.888534750 0.099766523 0.986043692 0.133283511 0.043730642 -0.963961363 0.062580384 0.258577198 -0.934138825
275141533 0.476566165 0.847228749 0.500000000 0.500000000 0.000000000 0.000000000 0.247602656 -0.153663084 0.956598461 -0.883949611 0.099567495 0.986150742 0.132638514 0.044979232 -0.963731945 0.062404461 0.259473383 -0.946761587
275174900 0.476566165 0.847228749 0.500000000 0.500000000 0.000000000 0.000000000 0.248462096 -0.153148875 0.956458032 -0.879652435 0.099343084 0.986244142 0.132111579 0.045976515 -0.963533878 0.062192775 0.260258555 -0.958956946
275208267 0.476566165 0.847228749 0.500000000 0.500000000 0.000000000 0.000000000 0.249166742 -0.152363583 0.956400156 -0.876132186 0.099321261 0.986359954 0.131260723 0.048010709 -0.963354170 0.062285066 0.260901034 -0.970569552
275241633 0.476566165 0.847228749 0.500000000 0.500000000 0.000000000 0.000000000 0.249450803 -0.151827306 0.956411421 -0.873956109 0.099335000 0.986434996 0.130684942 0.049622457 -0.963279247 0.062405664 0.261148781 -0.982252857
275275000 0.476566165 0.847228749 0.500000000 0.500000000 0.000000000 0.000000000 0.249468878 -0.151776448 0.956414759 -0.872424012 0.099886328 0.986406207 0.130481780 0.052310437 -0.963217556 0.062981613 0.261238039 -0.994291671
275308367 0.476566165 0.847228749 0.500000000 0.500000000 0.000000000 0.000000000 0.249417007 -0.151526734 0.956467867 -0.871312891 0.100145757 0.986422777 0.130157396 0.054149082 -0.963204026 0.063322730 0.261205375 -1.005092277
275341733 0.476566165 0.847228749 0.500000000 0.500000000 0.000000000 0.000000000 0.249312967 -0.151210085 0.956545115 -0.870471498 0.100235984 0.986458957 0.129813433 0.055666419 -0.963221550 0.063516065 0.261093706 -1.015804784
275375100 0.476566165 0.847228749 0.500000000 0.500000000 0.000000000 0.000000000 0.249095097 -0.151241958 0.956596851 -0.870078906 0.100615844 0.986427546 0.129758239 0.057889917 -0.963238358 0.063926660 0.260931611 -1.026179938
275408467 0.476566165 0.847228749 0.500000000 0.500000000 0.000000000 0.000000000 0.248774096 -0.151037380 0.956712663 -0.870005188 0.100900047 0.986433446 0.129492387 0.059905963 -0.963291585 0.064318001 0.260638773 -1.036571172
275441833 0.476566165 0.847228749 0.500000000 0.500000000 0.000000000 0.000000000 0.248643056 -0.150941610 0.956761837 -0.869355969 0.101400845 0.986411631 0.129267216 0.062728350 -0.963272810 0.064875066 0.260569990 -1.048333703
275475200 0.476566165 0.847228749 0.500000000 0.500000000 0.000000000 0.000000000 0.248469174 -0.150779948 0.956832528 -0.868643275 0.101604320 0.986418128 0.129057631 0.064429170 -0.963296235 0.065151475 0.260414392 -1.058998763
275508567 0.476566165 0.847228749 0.500000000 0.500000000 0.000000000 0.000000000 0.248167589 -0.150389716 0.956972182 -0.868722785 0.101627983 0.986466289 0.128670007 0.065983916 -0.963371456 0.065323427 0.260092765 -1.069502164
275541933 0.476566165 0.847228749 0.500000000 0.500000000 0.000000000 0.000000000 0.247651502 -0.150069922 0.957156062 -0.869266484 0.101524077 0.986511588 0.128404483 0.067103332 -0.963515222 0.065374821 0.259546787 -1.079662588
275575300 0.476566165 0.847228749 0.500000000 0.500000000 0.000000000 0.000000000 0.247051165 -0.149915203 0.957335472 -0.870178082 0.101657815 0.986517787 0.128251106 0.068738492 -0.963655233 0.065636046 0.258960426 -1.089172797
275608667 0.476566165 0.847228749 0.500000000 0.500000000 0.000000000 0.000000000 0.246577531 -0.149921238 0.957456589 -0.870656610 0.101949818 0.986492693 0.128212258 0.070701546 -0.963745713 0.065998271 0.258531362 -1.100331808
275642033 0.476566165 0.847228749 0.500000000 0.500000000 0.000000000 0.000000000 0.246160820 -0.149911582 0.957565308 -0.870869906 0.102136351 0.986477375 0.128181756 0.072047205 -0.963832438 0.066248909 0.258143485 -1.110946330
275675400 0.476566165 0.847228749 0.500000000 0.500000000 0.000000000 0.000000000 0.245813727 -0.149812713 0.957669973 -0.870983546 0.102415040 0.986468196 0.128029957 0.073927570 -0.963891447 0.066608287 0.257830501 -1.121790767
275708767 0.476566165 0.847228749 0.500000000 0.500000000 0.000000000 0.000000000 0.245550230 -0.149588913 0.957772553 -0.871055797 0.102507010 0.986489296 0.127793640 0.075577211 -0.963948846 0.066798642 0.257566571 -1.132745687
275742133 0.476566165 0.847228749 0.500000000 0.500000000 0.000000000 0.000000000 0.244982079 -0.149247929 0.957971215 -0.872037450 0.102283224 0.986544967 0.127542704 0.076181857 -0.964117169 0.066738702 0.256951392 -1.142467074
275775500 0.476566165 0.847228749 0.500000000 0.500000000 0.000000000 0.000000000 0.244544461 -0.149114460 0.958103776 -0.872636959 0.102443472 0.986547589 0.127393857 0.077757943 -0.964211226 0.066998012 0.256530553 -1.153252232
275808867 0.476566165 0.847228749 0.500000000 0.500000000 0.000000000 0.000000000 0.244249776 -0.149063930 0.958186805 -0.872804726 0.102685481 0.986534715 0.127298594 0.079667225 -0.964260221 0.067299224 0.256267577 -1.164674356
275842233 0.476566165 0.847228749 0.500000000 0.500000000 0.000000000 0.000000000 0.244002700 -0.148818344 0.958287954 -0.872902833 0.102693699 0.986564457 0.127061337 0.081045562 -0.964321852 0.067406818 0.256007105 -1.175386028
275875600 0.476566165 0.847228749 0.500000000 0.500000000 0.000000000 0.000000000 0.243939087 -0.148562551 0.958343804 -0.872514013 0.102634571 0.986601889 0.126818284 0.082394336 -0.964344263 0.067423277 0.255918413 -1.186710007
275908967 0.476566165 0.847228749 0.500000000 0.500000000 0.000000000 0.000000000 0.243860364 -0.148437411 0.958383262 -0.872155753 0.102881774 0.986600399 0.126629531 0.084516814 -0.964337826 0.067720242 0.255864233 -1.197837058
275942333 0.476566165 0.847228749 0.500000000 0.500000000 0.000000000 0.000000000 0.243862420 -0.148458555 0.958379447 -0.871460365 0.103215508 0.986574113 0.126562595 0.086670590 -0.964301646 0.068055756 0.255911589 -1.208752525
275975700 0.476566165 0.847228749 0.500000000 0.500000000 0.000000000 0.000000000 0.243971378 -0.148523197 0.958341718 -0.870465124 0.103588402 0.986540198 0.126522198 0.089018887 -0.964234114 0.068405285 0.256072849 -1.220089844
276009067 0.476566165 0.847228749 0.500000000 0.500000000 0.000000000 0.000000000 0.244183481 -0.148699552 0.958260357 -0.869118521 0.104182310 0.986476600 0.126530364 0.092018103 -0.964116395 0.068937153 0.256373167 -1.232125388
