https://www.youtube.com/watch?v=V-rCgylmDas
108508400 0.478997129 0.851550395 0.500000000 0.500000000 0.000000000 0.000000000 0.959430575 -0.006909016 0.281860322 0.194596017 0.002852742 0.999886394 0.014798904 0.001678140 -0.281930536 -0.013394446 0.959341288 -0.762066159
108541767 0.478997129 0.851550395 0.500000000 0.500000000 0.000000000 0.000000000 0.957938552 -0.007095867 0.286885738 0.193312404 0.002807530 0.999878168 0.015356499 0.000290333 -0.286959738 -0.013905142 0.957841694 -0.782648886
108575133 0.478997129 0.851550395 0.500000000 0.500000000 0.000000000 0.000000000 0.956460357 -0.007116651 0.291775584 0.191620056 0.002595362 0.999870539 0.015879909 -0.001004668 -0.291850805 -0.014431239 0.956354976 -0.803138494
108608500 0.478997129 0.851550395 0.500000000 0.500000000 0.000000000 0.000000000 0.955071986 -0.007311312 0.296283692 0.192674416 0.002492594 0.999858439 0.016638350 -0.002956166 -0.296363384 -0.015152307 0.954955041 -0.824644650
108641867 0.478997129 0.851550395 0.500000000 0.500000000 0.000000000 0.000000000 0.953599930 -0.007464410 0.300984204 0.190856836 0.002464287 0.999852657 0.016988818 -0.004072179 -0.301066637 -0.015458824 0.953477800 -0.845546475
108675233 0.478997129 0.851550395 0.500000000 0.500000000 0.000000000 0.000000000 0.952247024 -0.007418148 0.305238545 0.190600864 0.002412556 0.999856412 0.016772894 -0.004016120 -0.305319130 -0.015235533 0.952128172 -0.866572448
108708600 0.478997129 0.851550395 0.500000000 0.500000000 0.000000000 0.000000000 0.950870335 -0.007418456 0.309500545 0.190446659 0.002571034 0.999867618 0.016067026 -0.002578173 -0.309578776 -0.014481922 0.950763524 -0.888814926
108741967 0.478997129 0.851550395 0.500000000 0.500000000 0.000000000 0.000000000 0.949538529 -0.007105926 0.313569963 0.190144118 0.002309949 0.999874651 0.015663648 -0.002618511 -0.313641965 -0.014148907 0.949435890 -0.909721941
108775333 0.478997129 0.851550395 0.500000000 0.500000000 0.000000000 0.000000000 0.948093235 -0.006784888 0.317920119 0.188292910 0.002125584 0.999885261 0.015000178 -0.001025068 -0.317985386 -0.013545801 0.947998822 -0.930579232
108808700 0.478997129 0.851550395 0.500000000 0.500000000 0.000000000 0.000000000 0.946636379 -0.006469163 0.322238654 0.186274738 0.001870622 0.999891996 0.014578217 -0.000703992 -0.322298139 -0.013197483 0.946546197 -0.951296620
108842067 0.478997129 0.851550395 0.500000000 0.500000000 0.000000000 0.000000000 0.945205510 -0.006063045 0.326419652 0.183999595 0.001655967 0.999903738 0.013777456 0.001385392 -0.326471746 -0.012481987 0.945124567 -0.972260297
108875433 0.478997129 0.851550395 0.500000000 0.500000000 0.000000000 0.000000000 0.943742096 -0.005788166 0.330631822 0.181425206 0.001442012 0.999909341 0.013388772 0.001719512 -0.330679327 -0.012158772 0.943664849 -0.992645472
108908800 0.478997129 0.851550395 0.500000000 0.500000000 0.000000000 0.000000000 0.942360640 -0.005442095 0.334554642 0.180415926 0.001216876 0.999916852 0.012837685 0.003082136 -0.334596664 -0.011690618 0.942288935 -1.012802924
108942167 0.478997129 0.851550395 0.500000000 0.500000000 0.000000000 0.000000000 0.940852821 -0.005184898 0.338775933 0.176796839 0.000925378 0.999918520 0.012733580 0.001690758 -0.338814348 -0.011666928 0.940780938 -1.032555972
108975533 0.478997129 0.851550395 0.500000000 0.500000000 0.000000000 0.000000000 0.939476132 -0.004680124 0.342582345 0.175166334 0.000566607 0.999926567 0.012106479 0.003027907 -0.342613846 -0.011179639 0.939409792 -1.053181842
109008900 0.478997129 0.851550395 0.500000000 0.500000000 0.000000000 0.000000000 0.937836826 -0.004229553 0.347050637 0.169070611 0.000242560 0.999933481 0.011530855 0.003074972 -0.347076327 -0.010729880 0.937775493 -1.075048493
109042267 0.478997129 0.851550395 0.500000000 0.500000000 0.000000000 0.000000000 0.936453342 -0.003964019 0.350769788 0.166683816 0.000067874 0.999938190 0.011119013 0.002962514 -0.350792199 -0.010388629 0.936395705 -1.095358320
109075633 0.478997129 0.851550395 0.500000000 0.500000000 0.000000000 0.000000000 0.935038805 -0.003578961 0.354527384 0.164337180 -0.000155890 0.999944806 0.010505611 0.004111187 -0.354545414 -0.009878421 0.934986591 -1.116378143
109109000 0.478997129 0.851550395 0.500000000 0.500000000 0.000000000 0.000000000 0.933361769 -0.003749157 0.358917534 0.157836553 0.000117138 0.999948561 0.010140579 0.004868845 -0.358937085 -0.009422786 0.933314204 -1.139376515
109142367 0.478997129 0.851550395 0.500000000 0.500000000 0.000000000 0.000000000 0.931968212 -0.003097098 0.362526834 0.155368342 -0.000356817 0.999955177 0.009459993 0.005155886 -0.362539887 -0.008945769 0.931925297 -1.161064232
109175733 0.478997129 0.851550395 0.500000000 0.500000000 0.000000000 0.000000000 0.930266798 -0.002984442 0.366871566 0.148177053 -0.000362670 0.999958932 0.009054121 0.005464545 -0.366883516 -0.008555802 0.930227518 -1.183662184
109209100 0.478997129 0.851550395 0.500000000 0.500000000 0.000000000 0.000000000 0.928806186 -0.002808805 0.370555252 0.144578179 -0.000396446 0.999963164 0.008573414 0.005144475 -0.370565712 -0.008109945 0.928770840 -1.206292108
109242467 0.478997129 0.851550395 0.500000000 0.500000000 0.000000000 0.000000000 0.927301645 -0.002642642 0.374305606 0.140346914 -0.000451821 0.999966443 0.008179219 0.005197081 -0.374314666 -0.007753722 0.927269340 -1.229059158
109275833 0.478997129 0.851550395 0.500000000 0.500000000 0.000000000 0.000000000 0.925684333 -0.002505223 0.378288567 0.134975806 -0.000376370 0.999971449 0.007543319 0.007117367 -0.378296673 -0.007125109 0.925656974 -1.252528137
109309200 0.478997129 0.851550395 0.500000000 0.500000000 0.000000000 0.000000000 0.924212813 -0.002474420 0.381869823 0.131572032 -0.000259645 0.999974728 0.007107986 0.007872331 -0.381877750 -0.006668442 0.924188793 -1.275773317
109342567 0.478997129 0.851550395 0.500000000 0.500000000 0.000000000 0.000000000 0.922549069 -0.002464476 0.385871887 0.125295284 -0.000205216 0.999976337 0.006877256 0.008239001 -0.385879695 -0.006423793 0.922526717 -1.299087849
109375933 0.478997129 0.851550395 0.500000000 0.500000000 0.000000000 0.000000000 0.920804501 -0.002597871 0.390015721 0.118734573 0.000054916 0.999978662 0.006531144 0.009997420 -0.390024364 -0.005992489 0.920785010 -1.322155320
109409300 0.478997129 0.851550395 0.500000000 0.500000000 0.000000000 0.000000000 0.919150352 -0.002666990 0.393897891 0.113640464 0.000143303 0.999979258 0.006436230 0.010577071 -0.393906891 -0.005859416 0.919131696 -1.344424516
109442667 0.478997129 0.851550395 0.500000000 0.500000000 0.000000000 0.000000000 0.917352855 -0.003075989 0.398063213 0.107423237 0.000610133 0.999979854 0.006321156 0.011880816 -0.398074627 -0.005555859 0.917336226 -1.367414372
109476033 0.478997129 0.851550395 0.500000000 0.500000000 0.000000000 0.000000000 0.915728152 -0.003507939 0.401783109 0.103468844 0.000977025 0.999978364 0.006503940 0.012721359 -0.401797235 -0.005563289 0.915711761 -1.390195425
109509400 0.478997129 0.851550395 0.500000000 0.500000000 0.000000000 0.000000000 0.914038360 -0.003908156 0.405608892 0.098903908 0.001396328 0.999977946 0.006488449 0.013982241 -0.405625314 -0.005364329 0.914023697 -1.412846076
109542767 0.478997129 0.851550395 0.500000000 0.500000000 0.000000000 0.000000000 0.912135243 -0.004180720 0.409868091 0.091925614 0.001615291 0.999976873 0.006605198 0.014367185 -0.409886241 -0.005362778 0.912120879 -1.435637057
109576133 0.478997129 0.851550395 0.500000000 0.500000000 0.000000000 0.000000000 0.910339952 -0.004346451 0.413838506 0.085852762 0.001680224 0.999975443 0.006806444 0.014002508 -0.413857937 -0.005500836 0.910324872 -1.457716922
109609500 0.478997129 0.851550395 0.500000000 0.500000000 0.000000000 0.000000000 0.908620954 -0.004673555 0.417595685 0.081348668 0.002008847 0.999974728 0.006820368 0.015831102 -0.417616993 -0.005358243 0.908607364 -1.480811539
109642867 0.478997129 0.851550395 0.500000000 0.500000000 0.000000000 0.000000000 0.906712711 -0.004942375 0.421719819 0.074238644 0.002119395 0.999972105 0.007162469 0.014883106 -0.421743453 -0.005600511 0.906697929 -1.503017024
109676233 0.478997129 0.851550395 0.500000000 0.500000000 0.000000000 0.000000000 0.904866457 -0.005059476 0.425665528 0.067620971 0.002106082 0.999970317 0.007408640 0.014224700 -0.425690383 -0.005807343 0.904850245 -1.525422773
109709600 0.478997129 0.851550395 0.500000000 0.500000000 0.000000000 0.000000000 0.903033316 -0.005222111 0.429538786 0.061380188 0.002258425 0.999970019 0.007409159 0.014687913 -0.429564595 -0.005720636 0.903017998 -1.548593857
109742967 0.478997129 0.851550395 0.500000000 0.500000000 0.000000000 0.000000000 0.901308179 -0.005353862 0.433145314 0.056634244 0.002232452 0.999967754 0.007714644 0.014089008 -0.433172673 -0.005986296 0.901291072 -1.572053378
109776333 0.478997129 0.851550395 0.500000000 0.500000000 0.000000000 0.000000000 0.899405181 -0.005632821 0.437079608 0.049387920 0.002370252 0.999965131 0.008009543 0.013574016 -0.437109470 -0.006167836 0.899387181 -1.595367604
109809700 0.478997129 0.851550395 0.500000000 0.500000000 0.000000000 0.000000000 0.897359014 -0.005991971 0.441260636 0.041088348 0.002589600 0.999962091 0.008312417 0.013228215 -0.441293716 -0.006316533 0.897340477 -1.619064531
109843067 0.478997129 0.851550395 0.500000000 0.500000000 0.000000000 0.000000000 0.895495832 -0.006415355 0.445023715 0.035295694 0.002848138 0.999958217 0.008684011 0.012700798 -0.445060819 -0.006509007 0.895476699 -1.643709763
109876433 0.478997129 0.851550395 0.500000000 0.500000000 0.000000000 0.000000000 0.893551946 -0.006896910 0.448906869 0.028236585 0.003157997 0.999953806 0.009077067 0.011555505 -0.448948741 -0.006693184 0.893532455 -1.667713769
109909800 0.478997129 0.851550395 0.500000000 0.500000000 0.000000000 0.000000000 0.891740620 -0.007455341 0.452485412 0.022658406 0.003619932 0.999949813 0.009341575 0.012243224 -0.452532351 -0.006692296 0.891722858 -1.692781869
109943167 0.478997129 0.851550395 0.500000000 0.500000000 0.000000000 0.000000000 0.889846385 -0.007889902 0.456191987 0.016057946 0.004028397 0.999947369 0.009436447 0.013382083 -0.456242442 -0.006559266 0.889831364 -1.716510089
109976533 0.478997129 0.851550395 0.500000000 0.500000000 0.000000000 0.000000000 0.887924612 -0.008337000 0.459913403 0.009132354 0.004386747 0.999943733 0.009657103 0.013835158 -0.459968060 -0.006557255 0.887911260 -1.741626162
110009900 0.478997129 0.851550395 0.500000000 0.500000000 0.000000000 0.000000000 0.885971904 -0.008582988 0.463659465 0.001241395 0.004429904 0.999939740 0.010045519 0.012348528 -0.463717759 -0.006846081 0.885956526 -1.765974458
110043267 0.478997129 0.851550395 0.500000000 0.500000000 0.000000000 0.000000000 0.884048820 -0.008553864 0.467316300 -0.005910878 0.004572689 0.999942958 0.009652767 0.014969397 -0.467372209 -0.006396625 0.884037495 -1.789885082
110076633 0.478997129 0.851550395 0.500000000 0.500000000 0.000000000 0.000000000 0.882188141 -0.008808699 0.470814645 -0.013021257 0.004854392 0.999942005 0.009612490 0.016184542 -0.470872015 -0.006194506 0.882179797 -1.812385565
110110000 0.478997129 0.851550395 0.500000000 0.500000000 0.000000000 0.000000000 0.880126655 -0.008853134 0.474656433 -0.021951312 0.004976844 0.999943197 0.009422347 0.017478405 -0.474712908 -0.005930568 0.880120754 -1.836919903
110143367 0.478997129 0.851550395 0.500000000 0.500000000 0.000000000 0.000000000 0.877983272 -0.008882324 0.478608847 -0.032256232 0.005134601 0.999945045 0.009138448 0.019087898 -0.478663743 -0.005565939 0.877980649 -1.860161642
110176733 0.478997129 0.851550395 0.500000000 0.500000000 0.000000000 0.000000000 0.876189232 -0.008733436 0.481888145 -0.038756171 0.005211520 0.999949038 0.008646641 0.021496938 -0.481939077 -0.005064724 0.876190066 -1.883626621
110210100 0.478997129 0.851550395 0.500000000 0.500000000 0.000000000 0.000000000 0.874126673 -0.008612498 0.485621691 -0.048705990 0.005144203 0.999950886 0.008474478 0.021021978 -0.485670805 -0.004909630 0.874127984 -1.906224227
110243467 0.478997129 0.851550395 0.500000000 0.500000000 0.000000000 0.000000000 0.872215271 -0.008743512 0.489044040 -0.056805498 0.005526252 0.999952555 0.008021807 0.023701186 -0.489090979 -0.004294162 0.872222185 -1.929332981
110276833 0.478997129 0.851550395 0.500000000 0.500000000 0.000000000 0.000000000 0.870240510 -0.008589243 0.492552191 -0.066242949 0.005387130 0.999954104 0.007919463 0.023540077 -0.492597610 -0.004238395 0.870246887 -1.952025681
110310200 0.478997129 0.851550395 0.500000000 0.500000000 0.000000000 0.000000000 0.868135870 -0.008919664 0.496246517 -0.076462844 0.006022679 0.999954224 0.007437336 0.026505450 -0.496290118 -0.003467885 0.868149817 -1.976288309
110343567 0.478997129 0.851550395 0.500000000 0.500000000 0.000000000 0.000000000 0.866234541 -0.008866169 0.499558955 -0.084972153 0.006039215 0.999955297 0.007275208 0.026667410 -0.499601126 -0.003285093 0.866249323 -1.999509011
110376933 0.478997129 0.851550395 0.500000000 0.500000000 0.000000000 0.000000000 0.864190340 -0.009194957 0.503080964 -0.094796773 0.006461428 0.999953389 0.007177025 0.027688025 -0.503123522 -0.002951694 0.864209473 -2.022963798
110410300 0.478997129 0.851550395 0.500000000 0.500000000 0.000000000 0.000000000 0.862117469 -0.009400468 0.506621301 -0.105433305 0.006793408 0.999952495 0.006993994 0.028568233 -0.506662965 -0.002587959 0.862140357 -2.046604278
110443667 0.478997129 0.851550395 0.500000000 0.500000000 0.000000000 0.000000000 0.860241115 -0.009640716 0.509796262 -0.114120765 0.007100451 0.999950767 0.006928535 0.029213067 -0.509837985 -0.002340427 0.860267222 -2.069425812
110477033 0.478997129 0.851550395 0.500000000 0.500000000 0.000000000 0.000000000 0.858076811 -0.009914082 0.513425648 -0.126344041 0.007740871 0.999949753 0.006371559 0.032018032 -0.513463020 -0.001492926 0.858110428 -2.092759131
110510400 0.478997129 0.851550395 0.500000000 0.500000000 0.000000000 0.000000000 0.855983436 -0.009861031 0.516909242 -0.137155654 0.007765897 0.999950528 0.006215915 0.030947690 -0.516944945 -0.001306456 0.856017649 -2.116953937
110543767 0.478997129 0.851550395 0.500000000 0.500000000 0.000000000 0.000000000 0.853855848 -0.010124652 0.520411134 -0.148219070 0.008509072 0.999948680 0.005492989 0.034717921 -0.520440042 -0.000262005 0.853898168 -2.140288018
110577133 0.478997129 0.851550395 0.500000000 0.500000000 0.000000000 0.000000000 0.851645231 -0.010207000 0.524019301 -0.160349782 0.008955562 0.999947786 0.004922538 0.036593005 -0.524042189 0.000500632 0.851692140 -2.163475832
110610500 0.478997129 0.851550395 0.500000000 0.500000000 0.000000000 0.000000000 0.849607110 -0.010496609 0.527311683 -0.170455717 0.009644437 0.999943972 0.004365613 0.040128785 -0.527327955 0.001376568 0.849660695 -2.187660422
110643867 0.478997129 0.851550395 0.500000000 0.500000000 0.000000000 0.000000000 0.847495437 -0.011025777 0.530688167 -0.181500167 0.010381147 0.999937296 0.004196647 0.042352799 -0.530701160 0.001952513 0.847556770 -2.210178784
110677233 0.478997129 0.851550395 0.500000000 0.500000000 0.000000000 0.000000000 0.845188558 -0.011136916 0.534352243 -0.194375750 0.010740566 0.999934912 0.003852116 0.043816290 -0.534360349 0.002483481 0.845253110 -2.233789466
110710600 0.478997129 0.851550395 0.500000000 0.500000000 0.000000000 0.000000000 0.843186378 -0.011754673 0.537492871 -0.203192414 0.011680753 0.999925494 0.003543759 0.047671672 -0.537494481 0.003290272 0.843260825 -2.256887939
110743967 0.478997129 0.851550395 0.500000000 0.500000000 0.000000000 0.000000000 0.840860605 -0.012251342 0.541113079 -0.216330775 0.012393743 0.999917507 0.003379923 0.049762918 -0.541109860 0.003864372 0.840943038 -2.279694450
110777333 0.478997129 0.851550395 0.500000000 0.500000000 0.000000000 0.000000000 0.838642955 -0.012813120 0.544530869 -0.227626299 0.013260080 0.999907255 0.003106269 0.052930843 -0.544520140 0.004615472 0.838735044 -2.303033573
110810700 0.478997129 0.851550395 0.500000000 0.500000000 0.000000000 0.000000000 0.836368859 -0.013404241 0.548003137 -0.239338427 0.013928263 0.999897897 0.003200177 0.054178083 -0.547990024 0.004956203 0.836470187 -2.326135663
110844067 0.478997129 0.851550395 0.500000000 0.500000000 0.000000000 0.000000000 0.834191382 -0.013922622 0.551299274 -0.250457642 0.014551979 0.999888897 0.003232255 0.054912089 -0.551283002 0.005326176 0.834301293 -2.348837683
110877433 0.478997129 0.851550395 0.500000000 0.500000000 0.000000000 0.000000000 0.831903100 -0.014740488 0.554725170 -0.262462405 0.015504717 0.999874294 0.003317344 0.056374731 -0.554704309 0.005841147 0.832027018 -2.371905678
110910800 0.478997129 0.851550395 0.500000000 0.500000000 0.000000000 0.000000000 0.829619110 -0.015177545 0.558123410 -0.275027060 0.016172096 0.999864280 0.003151284 0.057962730 -0.558095515 0.006411660 0.829751968 -2.394451772
110944167 0.478997129 0.851550395 0.500000000 0.500000000 0.000000000 0.000000000 0.827669501 -0.015539058 0.561000705 -0.283144261 0.017038412 0.999851584 0.002557176 0.061400747 -0.560957134 0.007442065 0.827811360 -2.418513196
110977533 0.478997129 0.851550395 0.500000000 0.500000000 0.000000000 0.000000000 0.825040698 -0.015711656 0.564854801 -0.298730098 0.017424749 0.999845386 0.002360076 0.061100546 -0.564804554 0.007895295 0.825186908 -2.442064200
111010900 0.478997129 0.851550395 0.500000000 0.500000000 0.000000000 0.000000000 0.822983623 -0.016227001 0.567833304 -0.307748635 0.018091267 0.999833584 0.002351897 0.060594197 -0.567776978 0.008337252 0.823140204 -2.465384127
111044267 0.478997129 0.851550395 0.500000000 0.500000000 0.000000000 0.000000000 0.820775867 -0.016541107 0.571010828 -0.318817332 0.018938277 0.999819160 0.001740833 0.063614863 -0.570936322 0.009385128 0.820940673 -2.489722014
111077633 0.478997129 0.851550395 0.500000000 0.500000000 0.000000000 0.000000000 0.818360448 -0.016955895 0.574455142 -0.331472935 0.019640582 0.999805927 0.001531069 0.064504597 -0.574369609 0.010029666 0.818534672 -2.513369440
111111000 0.478997129 0.851550395 0.500000000 0.500000000 0.000000000 0.000000000 0.816352248 -0.017561536 0.577287316 -0.339522299 0.020620402 0.999786615 0.001254620 0.066877514 -0.577186108 0.010879685 0.816540122 -2.538533788
111144367 0.478997129 0.851550395 0.500000000 0.500000000 0.000000000 0.000000000 0.813929081 -0.018259592 0.580677211 -0.352096552 0.021650119 0.999765038 0.001091211 0.068731351 -0.580560684 0.011683563 0.814133108 -2.562042054
111177733 0.478997129 0.851550395 0.500000000 0.500000000 0.000000000 0.000000000 0.811730981 -0.018969264 0.583723366 -0.362451655 0.022532396 0.999745429 0.001154984 0.069323636 -0.583596706 0.012215150 0.811951816 -2.586104310
111211100 0.478997129 0.851550395 0.500000000 0.500000000 0.000000000 0.000000000 0.809455276 -0.019766765 0.586848736 -0.373321486 0.023496725 0.999723136 0.001263945 0.070888379 -0.586711228 0.012765916 0.809695601 -2.611214422
111244467 0.478997129 0.851550395 0.500000000 0.500000000 0.000000000 0.000000000 0.807323754 -0.020560350 0.589750469 -0.383101725 0.024622582 0.999696136 0.001145753 0.074336405 -0.589594841 0.013596185 0.807584703 -2.634817108
111277833 0.478997129 0.851550395 0.500000000 0.500000000 0.000000000 0.000000000 0.805136085 -0.021326652 0.592706561 -0.393111983 0.025583925 0.999671936 0.001216645 0.076803867 -0.592538059 0.014184196 0.805417597 -2.658988286
111311200 0.478997129 0.851550395 0.500000000 0.500000000 0.000000000 0.000000000 0.802685320 -0.022037251 0.595995486 -0.405677189 0.026402656 0.999650419 0.001403571 0.077858108 -0.595818043 0.014609239 0.802986562 -2.682658048
111344567 0.478997129 0.851550395 0.500000000 0.500000000 0.000000000 0.000000000 0.800398946 -0.022486262 0.599045813 -0.417284567 0.027293744 0.999626875 0.001054993 0.081712721 -0.598846018 0.015505787 0.800714076 -2.705305044
111377933 0.478997129 0.851550395 0.500000000 0.500000000 0.000000000 0.000000000 0.798156440 -0.023004470 0.602010906 -0.428039562 0.028048694 0.999606073 0.001010219 0.083311461 -0.601796985 0.016079307 0.798487246 -2.728612779
111411300 0.478997129 0.851550395 0.500000000 0.500000000 0.000000000 0.000000000 0.795797825 -0.023152089 0.605119646 -0.440227998 0.028618570 0.999590218 0.000608152 0.085223187 -0.604885757 0.016833693 0.796134293 -2.751520223
111444667 0.478997129 0.851550395 0.500000000 0.500000000 0.000000000 0.000000000 0.793373227 -0.023247190 0.608291388 -0.452934197 0.029224740 0.999572873 0.000084059 0.087679049 -0.608033538 0.017710468 0.793713748 -2.773475139
111478033 0.478997129 0.851550395 0.500000000 0.500000000 0.000000000 0.000000000 0.791005552 -0.023317175 0.611364484 -0.465092341 0.030062282 0.999547720 -0.000773355 0.091786050 -0.611069977 0.018990740 0.791348755 -2.795629775
111511400 0.478997129 0.851550395 0.500000000 0.500000000 0.000000000 0.000000000 0.788754761 -0.023478933 0.614259422 -0.475937555 0.030840622 0.999523342 -0.001396718 0.094462928 -0.613933861 0.020045811 0.789102912 -2.818221868
111544767 0.478997129 0.851550395 0.500000000 0.500000000 0.000000000 0.000000000 0.786253154 -0.023323089 0.617464185 -0.489893943 0.031371713 0.999505401 -0.002193740 0.097971371 -0.617107630 0.021095745 0.786595941 -2.839829516
111578133 0.478997129 0.851550395 0.500000000 0.500000000 0.000000000 0.000000000 0.783864558 -0.023289759 0.620494902 -0.502630824 0.031810511 0.999490321 -0.002670839 0.099566589 -0.620116472 0.021831837 0.784205914 -2.861253832
111611500 0.478997129 0.851550395 0.500000000 0.500000000 0.000000000 0.000000000 0.781352520 -0.023125982 0.623661280 -0.516856814 0.032343242 0.999470830 -0.003459780 0.103544716 -0.623251259 0.022874536 0.781687081 -2.883162763
111644867 0.478997129 0.851550395 0.500000000 0.500000000 0.000000000 0.000000000 0.778950751 -0.023205588 0.626655579 -0.530363757 0.033015996 0.999446690 -0.004029463 0.106847093 -0.626215339 0.023828411 0.779285908 -2.904613186
111678233 0.478997129 0.851550395 0.500000000 0.500000000 0.000000000 0.000000000 0.776568830 -0.023126623 0.629607797 -0.543684635 0.033306353 0.999435663 -0.004369552 0.108356826 -0.629151404 0.024363197 0.776900828 -2.926149787
111711600 0.478997129 0.851550395 0.500000000 0.500000000 0.000000000 0.000000000 0.774291933 -0.023105288 0.632406592 -0.556265820 0.033661101 0.999422252 -0.004698847 0.109976339 -0.631932676 0.024925783 0.774622381 -2.948577280
111744967 0.478997129 0.851550395 0.500000000 0.500000000 0.000000000 0.000000000 0.771876097 -0.022882456 0.635361075 -0.571081792 0.033910647 0.999411345 -0.005203079 0.112295041 -0.634867966 0.025561636 0.772197664 -2.970469753
111778333 0.478997129 0.851550395 0.500000000 0.500000000 0.000000000 0.000000000 0.769564629 -0.022611668 0.638168454 -0.585169745 0.034224141 0.999396980 -0.005859980 0.115352373 -0.637651145 0.026350399 0.769874454 -2.992316247
111811700 0.478997129 0.851550395 0.500000000 0.500000000 0.000000000 0.000000000 0.767422438 -0.022610523 0.640742958 -0.598391791 0.034356169 0.999392331 -0.005882098 0.114719207 -0.640220582 0.026527528 0.767732918 -3.014957612
111845067 0.478997129 0.851550395 0.500000000 0.500000000 0.000000000 0.000000000 0.765292645 -0.022417190 0.643292010 -0.611578657 0.034498975 0.999385417 -0.006215529 0.115779727 -0.642757297 0.026949612 0.765595675 -3.037221945
111878433 0.478997129 0.851550395 0.500000000 0.500000000 0.000000000 0.000000000 0.763146818 -0.022184012 0.645844281 -0.625152302 0.034368485 0.999389470 -0.006282833 0.115298378 -0.645310581 0.026991414 0.763443291 -3.059614899
111911800 0.478997129 0.851550395 0.500000000 0.500000000 0.000000000 0.000000000 0.760999024 -0.021829950 0.648385644 -0.638929631 0.034293659 0.999390006 -0.006602257 0.116108414 -0.647846043 0.027259829 0.761283398 -3.081699558
111945167 0.478997129 0.851550395 0.500000000 0.500000000 0.000000000 0.000000000 0.758727431 -0.021714265 0.651046216 -0.653087943 0.034298986 0.999389589 -0.006639422 0.116180340 -0.650504649 0.027367737 0.759009063 -3.103576339
111978533 0.478997129 0.851550395 0.500000000 0.500000000 0.000000000 0.000000000 0.756706536 -0.021679468 0.653395176 -0.665408107 0.034230843 0.999392927 -0.006483663 0.115370768 -0.652857959 0.027272496 0.756989241 -3.125139833
112011900 0.478997129 0.851550395 0.500000000 0.500000000 0.000000000 0.000000000 0.754275978 -0.021481963 0.656205952 -0.681196656 0.034081589 0.999398172 -0.006458172 0.114921430 -0.655672312 0.027235787 0.754554212 -3.146371559
112045267 0.478997129 0.851550395 0.500000000 0.500000000 0.000000000 0.000000000 0.752128005 -0.021416534 0.658668995 -0.694015267 0.033977557 0.999402702 -0.006303210 0.113835942 -0.658140600 0.027120784 0.752406418 -3.167840203
112078633 0.478997129 0.851550395 0.500000000 0.500000000 0.000000000 0.000000000 0.750110686 -0.021238388 0.660971165 -0.706139043 0.033875559 0.999405980 -0.006331057 0.114195477 -0.660444081 0.027139762 0.750384569 -3.189124060
112112000 0.478997129 0.851550395 0.500000000 0.500000000 0.000000000 0.000000000 0.747748315 -0.020614902 0.663662195 -0.721857822 0.033359323 0.999422014 -0.006541566 0.113835429 -0.663143754 0.027030766 0.748003840 -3.209584355
112145367 0.478997129 0.851550395 0.500000000 0.500000000 0.000000000 0.000000000 0.745732009 -0.019955864 0.665947080 -0.734850786 0.032759994 0.999440551 -0.006735486 0.112785322 -0.665440142 0.026839292 0.745968580 -3.230598575
112178733 0.478997129 0.851550395 0.500000000 0.500000000 0.000000000 0.000000000 0.744096637 -0.019542327 0.667786121 -0.744480552 0.032676525 0.999440312 -0.007162625 0.114198671 -0.667272389 0.027150614 0.744318724 -3.251689946
112212100 0.478997129 0.851550395 0.500000000 0.500000000 0.000000000 0.000000000 0.742200613 -0.018888615 0.669911563 -0.757192644 0.032324333 0.999448299 -0.007632268 0.114842756 -0.669397771 0.027319117 0.742401719 -3.272595356
112245467 0.478997129 0.851550395 0.500000000 0.500000000 0.000000000 0.000000000 0.740656972 -0.018426647 0.671630621 -0.766651061 0.032015782 0.999456286 -0.007885414 0.113993537 -0.671120107 0.027343167 0.740844190 -3.293956180
112278833 0.478997129 0.851550395 0.500000000 0.500000000 0.000000000 0.000000000 0.738626420 -0.017834498 0.673879027 -0.780473777 0.031816136 0.999458253 -0.008421993 0.115289158 -0.673363745 0.027660934 0.738793731 -3.314885868
112312200 0.478997129 0.851550395 0.500000000 0.500000000 0.000000000 0.000000000 0.736908674 -0.017471587 0.675766528 -0.791529073 0.031508546 0.999467194 -0.008518687 0.113961225 -0.675257623 0.027569916 0.737066507 -3.336210567
112345567 0.478997129 0.851550395 0.500000000 0.500000000 0.000000000 0.000000000 0.734993577 -0.017000975 0.677860916 -0.804440215 0.031171819 0.999475896 -0.008731912 0.113087208 -0.677357197 0.027548056 0.735138297 -3.357119983
112378933 0.478997129 0.851550395 0.500000000 0.500000000 0.000000000 0.000000000 0.733560741 -0.016797107 0.679416299 -0.812262110 0.031017441 0.999480307 -0.008779300 0.112468799 -0.678915739 0.027513904 0.733700514 -3.378522499
112412300 0.478997129 0.851550395 0.500000000 0.500000000 0.000000000 0.000000000 0.731679976 -0.016865278 0.681439638 -0.824506601 0.031032445 0.999481499 -0.008583718 0.111165483 -0.680941522 0.027427273 0.731823981 -3.399968713
112445667 0.478997129 0.851550395 0.500000000 0.500000000 0.000000000 0.000000000 0.729900002 -0.016340099 0.683358610 -0.835772007 0.030509535 0.999496698 -0.008688021 0.109691958 -0.682872772 0.027190341 0.730031192 -3.421452410
112479033 0.478997129 0.851550395 0.500000000 0.500000000 0.000000000 0.000000000 0.728262961 -0.016112186 0.685108364 -0.845791530 0.030714428 0.999486387 -0.009143474 0.111506977 -0.684609115 0.027701564 0.728383780 -3.443020935
112512400 0.478997129 0.851550395 0.500000000 0.500000000 0.000000000 0.000000000 0.726833165 -0.015917409 0.686629534 -0.853920016 0.030756058 0.999482870 -0.009386935 0.111826852 -0.686125040 0.027940756 0.726946831 -3.465141073
112545767 0.478997129 0.851550395 0.500000000 0.500000000 0.000000000 0.000000000 0.725226939 -0.015660400 0.688331783 -0.863738963 0.031030506 0.999468863 -0.009954615 0.114512128 -0.687810302 0.028578639 0.725327671 -3.486281332
112579133 0.478997129 0.851550395 0.500000000 0.500000000 0.000000000 0.000000000 0.723966539 -0.015096836 0.689669847 -0.870999390 0.031141754 0.999456465 -0.010812360 0.117817501 -0.689131796 0.029305317 0.724043190 -3.508008627
112612500 0.478997129 0.851550395 0.500000000 0.500000000 0.000000000 0.000000000 0.722535253 -0.014772260 0.691176236 -0.879509219 0.031358067 0.999442995 -0.011420065 0.120195149 -0.690622509 0.029925348 0.722596049 -3.529434678
112645867 0.478997129 0.851550395 0.500000000 0.500000000 0.000000000 0.000000000 0.721025884 -0.014412840 0.692758203 -0.889354162 0.031675592 0.999424040 -0.012175074 0.123719081 -0.692183733 0.030722069 0.721067131 -3.549634842
112679233 0.478997129 0.851550395 0.500000000 0.500000000 0.000000000 0.000000000 0.719660342 -0.014245437 0.694180131 -0.897496837 0.031846277 0.999414563 -0.012505986 0.124804739 -0.693595529 0.031107115 0.719692707 -3.570310543
112712600 0.478997129 0.851550395 0.500000000 0.500000000 0.000000000 0.000000000 0.718029499 -0.013922771 0.695873439 -0.908269784 0.032033980 0.999401450 -0.013058272 0.127348799 -0.695275128 0.031667821 0.718045712 -3.590647619
112745967 0.478997129 0.851550395 0.500000000 0.500000000 0.000000000 0.000000000 0.716781735 -0.013734116 0.697162330 -0.916025397 0.032232080 0.999389887 -0.013451141 0.128666429 -0.696552277 0.032112524 0.716787100 -3.610403206
112779333 0.478997129 0.851550395 0.500000000 0.500000000 0.000000000 0.000000000 0.715290427 -0.013512877 0.698696673 -0.925267907 0.032365691 0.999380708 -0.013806220 0.130289003 -0.698077440 0.032489259 0.715284824 -3.630263829
112812700 0.478997129 0.851550395 0.500000000 0.500000000 0.000000000 0.000000000 0.713926256 -0.013563948 0.700089514 -0.933836766 0.032631755 0.999370575 -0.013914302 0.130887306 -0.699460149 0.032778937 0.713919520 -3.650487843
112846067 0.478997129 0.851550395 0.500000000 0.500000000 0.000000000 0.000000000 0.712453246 -0.013507694 0.701589584 -0.943596796 0.032705843 0.999367356 -0.013971465 0.131037099 -0.700957000 0.032900095 0.712444305 -3.669875113
112879433 0.478997129 0.851550395 0.500000000 0.500000000 0.000000000 0.000000000 0.711101055 -0.013671196 0.702956855 -0.952276793 0.033087812 0.999353886 -0.014035592 0.132343055 -0.702310801 0.033240028 0.711093962 -3.689523356
112912800 0.478997129 0.851550395 0.500000000 0.500000000 0.000000000 0.000000000 0.709699869 -0.013523897 0.704374373 -0.961366657 0.032932818 0.999359608 -0.013994232 0.131238291 -0.703733981 0.033128735 0.709690750 -3.708806691
112946167 0.478997129 0.851550395 0.500000000 0.500000000 0.000000000 0.000000000 0.708502352 -0.013653695 0.705576360 -0.968883886 0.033162262 0.999352455 -0.013961192 0.131856922 -0.704928875 0.033290047 0.708496332 -3.728892491
112979533 0.478997129 0.851550395 0.500000000 0.500000000 0.000000000 0.000000000 0.707264602 -0.013961807 0.706811011 -0.977914924 0.033537108 0.999341965 -0.013818391 0.131942759 -0.706152976 0.033477657 0.707267463 -3.748021172
113012900 0.478997129 0.851550395 0.500000000 0.500000000 0.000000000 0.000000000 0.706245899 -0.013891682 0.707830369 -0.985135992 0.033738390 0.999331951 -0.014050255 0.133292091 -0.707162261 0.033803988 0.706242740 -3.768446371
113046267 0.478997129 0.851550395 0.500000000 0.500000000 0.000000000 0.000000000 0.705264807 -0.013900864 0.708807707 -0.992866421 0.034009542 0.999320030 -0.014241271 0.134400489 -0.708127737 0.034150094 0.705258012 -3.787629895
113079633 0.478997129 0.851550395 0.500000000 0.500000000 0.000000000 0.000000000 0.704433322 -0.013981379 0.709632456 -0.999199768 0.034437843 0.999301672 -0.014497007 0.136101475 -0.708934247 0.034650385 0.704422891 -3.807617608
113113000 0.478997129 0.851550395 0.500000000 0.500000000 0.000000000 0.000000000 0.703736067 -0.013705542 0.710329294 -1.005100013 0.034251984 0.999305785 -0.014652822 0.136160776 -0.709635377 0.034641910 0.703716993 -3.828275868
113146367 0.478997129 0.851550395 0.500000000 0.500000000 0.000000000 0.000000000 0.702791095 -0.013908692 0.711260319 -1.013272854 0.034603916 0.999293685 -0.014650692 0.137139734 -0.710554183 0.034908768 0.702776015 -3.847838014
113179733 0.478997129 0.851550395 0.500000000 0.500000000 0.000000000 0.000000000 0.702231646 -0.013869436 0.711813390 -1.018169182 0.034479961 0.999299526 -0.014544823 0.136650928 -0.711113095 0.034757134 0.702217996 -3.868356859
113213100 0.478997129 0.851550395 0.500000000 0.500000000 0.000000000 0.000000000 0.701228619 -0.013939077 0.712800205 -1.027041801 0.034624275 0.999294937 -0.014520598 0.137192754 -0.712095201 0.034862448 0.701216817 -3.888414753
113246467 0.478997129 0.851550395 0.500000000 0.500000000 0.000000000 0.000000000 0.700711310 -0.014239768 0.713302851 -1.031465700 0.034966774 0.999284744 -0.014400660 0.138525824 -0.712587535 0.035032604 0.700707972 -3.908976651
113279833 0.478997129 0.851550395 0.500000000 0.500000000 0.000000000 0.000000000 0.699796975 -0.014131684 0.714201987 -1.039449722 0.034620117 0.999300361 -0.014149020 0.137116281 -0.713502347 0.034627199 0.699796677 -3.928128222
113313200 0.478997129 0.851550395 0.500000000 0.500000000 0.000000000 0.000000000 0.699231982 -0.014300254 0.714751840 -1.044300882 0.034317233 0.999318719 -0.013578409 0.134903085 -0.714070737 0.034022763 0.699246347 -3.947422373
113346567 0.478997129 0.851550395 0.500000000 0.500000000 0.000000000 0.000000000 0.698558807 -0.014404215 0.715407610 -1.049975995 0.033986256 0.999336898 -0.013064909 0.132972655 -0.714745045 0.033440635 0.698585153 -3.966299541
113379933 0.478997129 0.851550395 0.500000000 0.500000000 0.000000000 0.000000000 0.697772145 -0.014907581 0.716164649 -1.057213208 0.033888962 0.999350965 -0.012216281 0.130840700 -0.715517700 0.032794256 0.697824478 -3.984819615
113413300 0.478997129 0.851550395 0.500000000 0.500000000 0.000000000 0.000000000 0.697030723 -0.015001013 0.716884315 -1.063424445 0.033296131 0.999379814 -0.011461703 0.126580971 -0.716267824 0.031858634 0.697097898 -4.002823099
113446667 0.478997129 0.851550395 0.500000000 0.500000000 0.000000000 0.000000000 0.696350932 -0.015719032 0.717529297 -1.069529077 0.033592883 0.999378264 -0.010707824 0.125669167 -0.716914833 0.031560279 0.696446002 -4.021003777
113480033 0.478997129 0.851550395 0.500000000 0.500000000 0.000000000 0.000000000 0.695681155 -0.016035590 0.718171716 -1.075876027 0.033505820 0.999387085 -0.010141870 0.123821475 -0.717568874 0.031118438 0.695792019 -4.039547229
113513400 0.478997129 0.851550395 0.500000000 0.500000000 0.000000000 0.000000000 0.695226014 -0.016296439 0.718606472 -1.080276706 0.033487033 0.999391735 -0.009733465 0.122986007 -0.718010724 0.030830957 0.695348859 -4.058049985
113546767 0.478997129 0.851550395 0.500000000 0.500000000 0.000000000 0.000000000 0.694587350 -0.016240720 0.719225049 -1.086111007 0.033219807 0.999402761 -0.009514460 0.122252487 -0.718640983 0.030501140 0.694712043 -4.076921144
113580133 0.478997129 0.851550395 0.500000000 0.500000000 0.000000000 0.000000000 0.694362938 -0.015993571 0.719447196 -1.087980736 0.032681324 0.999422312 -0.009324337 0.120242595 -0.718882442 0.029986961 0.694484532 -4.095940075
113613500 0.478997129 0.851550395 0.500000000 0.500000000 0.000000000 0.000000000 0.693847954 -0.016091025 0.719941735 -1.092688555 0.032333951 0.999438167 -0.008824137 0.117604442 -0.719395220 0.029401170 0.693978429 -4.114896482
113646867 0.478997129 0.851550395 0.500000000 0.500000000 0.000000000 0.000000000 0.693376958 -0.015822379 0.720401287 -1.096843739 0.031795427 0.999456942 -0.008651332 0.116229752 -0.719873190 0.028904101 0.693503499 -4.134315976
113680233 0.478997129 0.851550395 0.500000000 0.500000000 0.000000000 0.000000000 0.692999482 -0.015924470 0.720762134 -1.099841394 0.031421579 0.999473155 -0.008128976 0.114000235 -0.720252991 0.028280862 0.693134785 -4.154184300
113713600 0.478997129 0.851550395 0.500000000 0.500000000 0.000000000 0.000000000 0.692600429 -0.016372642 0.721135616 -1.103146309 0.031073179 0.999491513 -0.007151193 0.108949709 -0.720651865 0.027360896 0.692757010 -4.174383085
113746967 0.478997129 0.851550395 0.500000000 0.500000000 0.000000000 0.000000000 0.692174077 -0.015737535 0.721558988 -1.107104147 0.030026285 0.999524593 -0.007003395 0.105879808 -0.721105695 0.026513305 0.692317545 -4.194009530
113780333 0.478997129 0.851550395 0.500000000 0.500000000 0.000000000 0.000000000 0.691712141 -0.016260182 0.721990228 -1.110979897 0.029885577 0.999534607 -0.006121414 0.102938020 -0.721554697 0.025811352 0.691876173 -4.213949854
113813700 0.478997129 0.851550395 0.500000000 0.500000000 0.000000000 0.000000000 0.691552103 -0.016498378 0.722138107 -1.111754940 0.029472517 0.999551058 -0.005387903 0.100145711 -0.721725047 0.025009243 0.691727936 -4.235467502
113847067 0.478997129 0.851550395 0.500000000 0.500000000 0.000000000 0.000000000 0.691419363 -0.016942460 0.722254932 -1.112261939 0.029060299 0.999568105 -0.004372019 0.095698646 -0.721868932 0.024011843 0.691613138 -4.256721486
113880433 0.478997129 0.851550395 0.500000000 0.500000000 0.000000000 0.000000000 0.691279471 -0.017177207 0.722383320 -1.112813412 0.028708559 0.999580979 -0.003703888 0.092874266 -0.722016990 0.023299007 0.691482902 -4.278244507
113913800 0.478997129 0.851550395 0.500000000 0.500000000 0.000000000 0.000000000 0.690903127 -0.018056529 0.722721815 -1.115808324 0.028759992 0.999583185 -0.002520147 0.088787993 -0.722375095 0.022526650 0.691134453 -4.298620471
113947167 0.478997129 0.851550395 0.500000000 0.500000000 0.000000000 0.000000000 0.690710485 -0.018208537 0.722902119 -1.116732288 0.028590977 0.999588907 -0.002140036 0.088047230 -0.722565949 0.022146624 0.690947175 -4.319642239
113980533 0.478997129 0.851550395 0.500000000 0.500000000 0.000000000 0.000000000 0.690356731 -0.018079938 0.723243177 -1.119914225 0.028231641 0.999599516 -0.001959517 0.087757999 -0.722918093 0.021771107 0.690590680 -4.339675281
114013900 0.478997129 0.851550395 0.500000000 0.500000000 0.000000000 0.000000000 0.690189004 -0.018050989 0.723403990 -1.120821912 0.027860301 0.999610484 -0.001637972 0.085848908 -0.723092616 0.021284763 0.690423071 -4.359820219
114047267 0.478997129 0.851550395 0.500000000 0.500000000 0.000000000 0.000000000 0.689835489 -0.017861471 0.723745823 -1.123301717 0.027349738 0.999624968 -0.001398348 0.084054352 -0.723449409 0.020758888 0.690065265 -4.379323580
114080633 0.478997129 0.851550395 0.500000000 0.500000000 0.000000000 0.000000000 0.689653218 -0.018138345 0.723912597 -1.124309042 0.027139207 0.999631345 -0.000808087 0.081714054 -0.723631024 0.020203713 0.689891219 -4.398039827
114114000 0.478997129 0.851550395 0.500000000 0.500000000 0.000000000 0.000000000 0.689493299 -0.017408496 0.724082828 -1.125072835 0.026294999 0.999653697 -0.001005076 0.081020483 -0.723814607 0.019732751 0.689712286 -4.417316552
114147367 0.478997129 0.851550395 0.500000000 0.500000000 0.000000000 0.000000000 0.689193368 -0.017651571 0.724362373 -1.127415040 0.025918454 0.999664009 -0.000299833 0.077529257 -0.724113703 0.018980997 0.689419329 -4.435494883
114180733 0.478997129 0.851550395 0.500000000 0.500000000 0.000000000 0.000000000 0.688979268 -0.017362533 0.724573016 -1.129374562 0.025274757 0.999680519 -0.000078388 0.075516039 -0.724340200 0.018367415 0.689198017 -4.453540013
114214100 0.478997129 0.851550395 0.500000000 0.500000000 0.000000000 0.000000000 0.688891590 -0.017460471 0.724654078 -1.129775862 0.024833221 0.999691486 0.000479798 0.072751654 -0.724438906 0.017664967 0.689112663 -4.473544066
114247467 0.478997129 0.851550395 0.500000000 0.500000000 0.000000000 0.000000000 0.688435256 -0.017347449 0.725090325 -1.134179445 0.023980269 0.999711752 0.001149630 0.067373065 -0.724901259 0.016596416 0.688652813 -4.490865457
114280833 0.478997129 0.851550395 0.500000000 0.500000000 0.000000000 0.000000000 0.688242853 -0.017685303 0.725264788 -1.135765571 0.023757961 0.999716043 0.001832483 0.065166656 -0.725091219 0.015969619 0.688467622 -4.509727926
114314200 0.478997129 0.851550395 0.500000000 0.500000000 0.000000000 0.000000000 0.688147902 -0.017671034 0.725355268 -1.136801762 0.022954853 0.999733150 0.002578027 0.059689568 -0.725207269 0.014876360 0.688369930 -4.528754995
114347567 0.478997129 0.851550395 0.500000000 0.500000000 0.000000000 0.000000000 0.687962472 -0.017684206 0.725530803 -1.139191695 0.022651458 0.999739230 0.002889254 0.058581277 -0.725392699 0.014446633 0.688183665 -4.547422387
114380933 0.478997129 0.851550395 0.500000000 0.500000000 0.000000000 0.000000000 0.687819183 -0.017668473 0.725667000 -1.141622857 0.022380924 0.999744594 0.003128062 0.057819660 -0.725536942 0.014089557 0.688039005 -4.565493951
114414300 0.478997129 0.851550395 0.500000000 0.500000000 0.000000000 0.000000000 0.688055158 -0.017843729 0.725438952 -1.140192424 0.022441311 0.999742687 0.003305966 0.058117303 -0.725311279 0.014005114 0.688278556 -4.585347727
114447667 0.478997129 0.851550395 0.500000000 0.500000000 0.000000000 0.000000000 0.688000798 -0.017625041 0.725495875 -1.142411717 0.021875739 0.999754429 0.003542662 0.055176152 -0.725380123 0.013433404 0.688217402 -4.604656001
114481033 0.478997129 0.851550395 0.500000000 0.500000000 0.000000000 0.000000000 0.688111246 -0.018117212 0.725378990 -1.142677662 0.022345781 0.999743164 0.003772064 0.057146607 -0.725261033 0.013613561 0.688339353 -4.624578140
114514400 0.478997129 0.851550395 0.500000000 0.500000000 0.000000000 0.000000000 0.688156664 -0.017994815 0.725338995 -1.143936777 0.022120999 0.999747992 0.003815551 0.056858612 -0.725224853 0.013419527 0.688381314 -4.644058129
114547767 0.478997129 0.851550395 0.500000000 0.500000000 0.000000000 0.000000000 0.688190579 -0.018129928 0.725303411 -1.144790667 0.022092851 0.999747813 0.004027643 0.056280496 -0.725193501 0.013252234 0.688417554 -4.665303665
114581133 0.478997129 0.851550395 0.500000000 0.500000000 0.000000000 0.000000000 0.687925279 -0.018383587 0.725548625 -1.148969796 0.022219466 0.999743998 0.004263737 0.056613803 -0.725441337 0.013188171 0.688157678 -4.683991736
114614500 0.478997129 0.851550395 0.500000000 0.500000000 0.000000000 0.000000000 0.688105762 -0.018744824 0.725368202 -1.147924067 0.022289552 0.999740541 0.004690571 0.055268231 -0.725267947 0.012940523 0.688345075 -4.705618072
114647867 0.478997129 0.851550395 0.500000000 0.500000000 0.000000000 0.000000000 0.688096046 -0.019576170 0.725355506 -1.148710374 0.022950187 0.999723017 0.005209602 0.056348534 -0.725256622 0.013062338 0.688354731 -4.725229068
114681233 0.478997129 0.851550395 0.500000000 0.500000000 0.000000000 0.000000000 0.687957466 -0.019776108 0.725481510 -1.151169392 0.023137931 0.999718189 0.005310436 0.057669878 -0.725382090 0.013132787 0.688221157 -4.745119845
114714600 0.478997129 0.851550395 0.500000000 0.500000000 0.000000000 0.000000000 0.688098788 -0.019988896 0.725341678 -1.150539617 0.023163933 0.999716103 0.005575508 0.056699725 -0.725247204 0.012965265 0.688366473 -4.765275241
114747967 0.478997129 0.851550395 0.500000000 0.500000000 0.000000000 0.000000000 0.687979043 -0.020276871 0.725447237 -1.152923924 0.023608645 0.999705851 0.005553337 0.058613191 -0.725346446 0.013306246 0.688255429 -4.783713813
114781333 0.478997129 0.851550395 0.500000000 0.500000000 0.000000000 0.000000000 0.688307703 -0.020761181 0.725121677 -1.150185602 0.024362503 0.999688089 0.005496741 0.062304028 -0.725009620 0.013882329 0.688598812 -4.803748620
114814700 0.478997129 0.851550395 0.500000000 0.500000000 0.000000000 0.000000000 0.688434541 -0.020687198 0.725003362 -1.150260368 0.024598265 0.999684036 0.005167378 0.064613959 -0.724881232 0.014276425 0.688725889 -4.823431322
114848067 0.478997129 0.851550395 0.500000000 0.500000000 0.000000000 0.000000000 0.688349903 -0.020668536 0.725084305 -1.151705013 0.025207689 0.999671817 0.004565045 0.069942461 -0.724940717 0.015135351 0.688645005 -4.842647980
114881433 0.478997129 0.851550395 0.500000000 0.500000000 0.000000000 0.000000000 0.688195705 -0.020531597 0.725234568 -1.154224822 0.025143154 0.999673963 0.004442003 0.068922911 -0.725089312 0.015177717 0.688487530 -4.861798396
114914800 0.478997129 0.851550395 0.500000000 0.500000000 0.000000000 0.000000000 0.688121617 -0.020682704 0.725300491 -1.155707404 0.025587276 0.999663651 0.004230782 0.070885459 -0.725144029 0.015647171 0.688419402 -4.881778105
114948167 0.478997129 0.851550395 0.500000000 0.500000000 0.000000000 0.000000000 0.687889934 -0.020063473 0.725537658 -1.158773255 0.025585927 0.999666870 0.003385748 0.074649673 -0.725363910 0.016234532 0.688174129 -4.901051497
114981533 0.478997129 0.851550395 0.500000000 0.500000000 0.000000000 0.000000000 0.687647939 -0.020139763 0.725764930 -1.161944493 0.025498757 0.999668419 0.003580935 0.071528213 -0.725596368 0.016043680 0.687933505 -4.921071485
115014900 0.478997129 0.851550395 0.500000000 0.500000000 0.000000000 0.000000000 0.687387645 -0.020079345 0.726013124 -1.165399516 0.025886871 0.999659956 0.003137963 0.074568666 -0.725829244 0.016637210 0.687673688 -4.941739255
115048267 0.478997129 0.851550395 0.500000000 0.500000000 0.000000000 0.000000000 0.687315702 -0.019827699 0.726088107 -1.166677816 0.026367255 0.999649584 0.002338729 0.080495125 -0.725880086 0.017537506 0.687597692 -4.962196434
115081633 0.478997129 0.851550395 0.500000000 0.500000000 0.000000000 0.000000000 0.687085629 -0.019769775 0.726307392 -1.169857545 0.026705924 0.999641418 0.001946047 0.082999951 -0.726085484 0.018059609 0.687367260 -4.982751104
115115000 0.478997129 0.851550395 0.500000000 0.500000000 0.000000000 0.000000000 0.687330425 -0.019976936 0.726070106 -1.167988037 0.026893685 0.999636233 0.002045010 0.081673311 -0.725846827 0.018121105 0.687617600 -5.004683815
115148367 0.478997129 0.851550395 0.500000000 0.500000000 0.000000000 0.000000000 0.687865257 -0.019931978 0.725564659 -1.163580183 0.027722925 0.999614954 0.001177932 0.089199821 -0.725308776 0.019304516 0.688152969 -5.027246517
115181733 0.478997129 0.851550395 0.500000000 0.500000000 0.000000000 0.000000000 0.687746167 -0.019695001 0.725683987 -1.166929083 0.027341781 0.999625385 0.001217359 0.084769286 -0.725436151 0.019004259 0.688027084 -5.047491202
115215100 0.478997129 0.851550395 0.500000000 0.500000000 0.000000000 0.000000000 0.688132048 -0.019768426 0.725316167 -1.164134197 0.027964517 0.999608636 0.000713359 0.088769043 -0.725046396 0.019792231 0.688415587 -5.069736401
115248467 0.478997129 0.851550395 0.500000000 0.500000000 0.000000000 0.000000000 0.688864350 -0.019816279 0.724619329 -1.157986606 0.028706059 0.999587893 0.000046274 0.094449352 -0.724321663 0.020769089 0.689149320 -5.092654819
115281833 0.478997129 0.851550395 0.500000000 0.500000000 0.000000000 0.000000000 0.689052224 -0.019713199 0.724443555 -1.157690346 0.029087625 0.999576747 -0.000466617 0.097524864 -0.724127710 0.021393865 0.689333975 -5.115081796
115315200 0.478997129 0.851550395 0.500000000 0.500000000 0.000000000 0.000000000 0.689224422 -0.019912144 0.724274278 -1.157713808 0.029861357 0.999553621 -0.000935999 0.102541016 -0.723932326 0.022272928 0.689511359 -5.135957814
115348567 0.478997129 0.851550395 0.500000000 0.500000000 0.000000000 0.000000000 0.689531028 -0.019918429 0.723982155 -1.156360207 0.029873919 0.999553204 -0.000952324 0.101870014 -0.723639727 0.022284841 0.689818025 -5.156996672
115381933 0.478997129 0.851550395 0.500000000 0.500000000 0.000000000 0.000000000 0.689912736 -0.020037366 0.723615170 -1.153836062 0.030189678 0.999543548 -0.001105590 0.103537671 -0.723262787 0.022608470 0.690202713 -5.177447510
115415300 0.478997129 0.851550395 0.500000000 0.500000000 0.000000000 0.000000000 0.689799428 -0.019828152 0.723728955 -1.157169121 0.030650217 0.999528527 -0.001828998 0.109281941 -0.723351479 0.023444092 0.690081894 -5.196648657
115448667 0.478997129 0.851550395 0.500000000 0.500000000 0.000000000 0.000000000 0.690460443 -0.019880351 0.723096907 -1.151015813 0.030899864 0.999520421 -0.002025064 0.110427087 -0.722709894 0.023741823 0.690743625 -5.216322133
115482033 0.478997129 0.851550395 0.500000000 0.500000000 0.000000000 0.000000000 0.690819323 -0.019745100 0.722757757 -1.148286483 0.031232633 0.999508917 -0.002546777 0.113998738 -0.722352505 0.024332991 0.691096783 -5.237096911
115515400 0.478997129 0.851550395 0.500000000 0.500000000 0.000000000 0.000000000 0.690983653 -0.019547796 0.722606003 -1.147979853 0.031660549 0.999493420 -0.003236937 0.118682129 -0.722176671 0.025114775 0.691252530 -5.256670587
115548767 0.478997129 0.851550395 0.500000000 0.500000000 0.000000000 0.000000000 0.691104352 -0.019780558 0.722484231 -1.148340979 0.032823440 0.999453008 -0.004034253 0.127803836 -0.722009242 0.026502507 0.691375613 -5.275752731
115582133 0.478997129 0.851550395 0.500000000 0.500000000 0.000000000 0.000000000 0.690888047 -0.020149088 0.722680926 -1.152693042 0.032930728 0.999451101 -0.003616286 0.123726247 -0.722211361 0.026296860 0.691172361 -5.294285206
115615500 0.478997129 0.851550395 0.500000000 0.500000000 0.000000000 0.000000000 0.691503048 -0.020244837 0.722089767 -1.147559056 0.033837494 0.999417722 -0.004384054 0.131771594 -0.721580565 0.027465295 0.691785455 -5.315011807
115648867 0.478997129 0.851550395 0.500000000 0.500000000 0.000000000 0.000000000 0.691991627 -0.020502737 0.721614301 -1.143892456 0.035164073 0.999367356 -0.005326221 0.143254029 -0.721048594 0.029060598 0.692274809 -5.334571619
115682233 0.478997129 0.851550395 0.500000000 0.500000000 0.000000000 0.000000000 0.691937566 -0.020743228 0.721659303 -1.146510889 0.035251971 0.999365568 -0.005074550 0.140993573 -0.721096158 0.028951185 0.692229807 -5.353395104
115715600 0.478997129 0.851550395 0.500000000 0.500000000 0.000000000 0.000000000 0.691433311 -0.020902548 0.722137868 -1.154456616 0.035622925 0.999351859 -0.005181665 0.143026016 -0.721561491 0.029307440 0.691729784 -5.371990413
115748967 0.478997129 0.851550395 0.500000000 0.500000000 0.000000000 0.000000000 0.691517472 -0.021354971 0.722043991 -1.155626105 0.035827395 0.999346673 -0.004756290 0.140292611 -0.721470654 0.029158013 0.691830814 -5.391566855
115782333 0.478997129 0.851550395 0.500000000 0.500000000 0.000000000 0.000000000 0.692071319 -0.021570081 0.721506774 -1.150883194 0.036660627 0.999313772 -0.005289609 0.147472370 -0.720897555 0.030111676 0.692387164 -5.410688182
115815700 0.478997129 0.851550395 0.500000000 0.500000000 0.000000000 0.000000000 0.692326367 -0.021646969 0.721259713 -1.150097790 0.037439343 0.999281228 -0.005946312 0.155738495 -0.720612586 0.031120278 0.692639172 -5.430202835
115849067 0.478997129 0.851550395 0.500000000 0.500000000 0.000000000 0.000000000 0.692574143 -0.022020597 0.721010506 -1.148906609 0.037842304 0.999266684 -0.005830915 0.157141211 -0.720353365 0.031323038 0.692899585 -5.448616488
115882433 0.478997129 0.851550395 0.500000000 0.500000000 0.000000000 0.000000000 0.692913830 -0.022258218 0.720676720 -1.146834985 0.038539227 0.999237895 -0.006192942 0.162962885 -0.719989657 0.032065500 0.693243623 -5.467910153
115915800 0.478997129 0.851550395 0.500000000 0.500000000 0.000000000 0.000000000 0.692515194 -0.022554044 0.721050620 -1.153521619 0.039312907 0.999205768 -0.006502530 0.168792660 -0.720331311 0.032849696 0.692851841 -5.486128108
115949167 0.478997129 0.851550395 0.500000000 0.500000000 0.000000000 0.000000000 0.693022370 -0.023315052 0.720538974 -1.149154331 0.039818291 0.999189138 -0.005966116 0.167011425 -0.719815612 0.032825280 0.693388760 -5.504807182
115982533 0.478997129 0.851550395 0.500000000 0.500000000 0.000000000 0.000000000 0.693090677 -0.023491178 0.720467567 -1.149939718 0.041035946 0.999133825 -0.006899410 0.177819371 -0.719681442 0.034346983 0.693454325 -5.523139673
116015900 0.478997129 0.851550395 0.500000000 0.500000000 0.000000000 0.000000000 0.693510830 -0.023635758 0.720058382 -1.146538528 0.041892014 0.999093592 -0.007552489 0.184917109 -0.719227195 0.035402428 0.693872392 -5.541497497
116049267 0.478997129 0.851550395 0.500000000 0.500000000 0.000000000 0.000000000 0.693570971 -0.023759851 0.719996333 -1.146988041 0.042435490 0.999067903 -0.007908817 0.188617709 -0.719137311 0.036038723 0.693932772 -5.559479422
116082633 0.478997129 0.851550395 0.500000000 0.500000000 0.000000000 0.000000000 0.693919837 -0.023941869 0.719654143 -1.143805705 0.042994071 0.999041498 -0.008219942 0.192184280 -0.718767583 0.036644842 0.694284081 -5.577142163
116116000 0.478997129 0.851550395 0.500000000 0.500000000 0.000000000 0.000000000 0.693461776 -0.024251759 0.720085144 -1.149886759 0.043541323 0.999017239 -0.008285576 0.193957052 -0.719176531 0.037099190 0.693836272 -5.594214266
116149367 0.478997129 0.851550395 0.500000000 0.500000000 0.000000000 0.000000000 0.693617880 -0.024477221 0.719927192 -1.148733032 0.044230189 0.998983920 -0.008648789 0.198412282 -0.718983948 0.037841469 0.693995714 -5.612231148
116182733 0.478997129 0.851550395 0.500000000 0.500000000 0.000000000 0.000000000 0.693548381 -0.024663482 0.719987750 -1.150386832 0.045030341 0.998943627 -0.009157504 0.204574297 -0.719001353 0.038772468 0.693926334 -5.630126524
116216100 0.478997129 0.851550395 0.500000000 0.500000000 0.000000000 0.000000000 0.693374753 -0.025091104 0.720140159 -1.152996941 0.045527007 0.998922288 -0.009030486 0.204789021 -0.719137490 0.039047338 0.693769813 -5.647289225
116249467 0.478997129 0.851550395 0.500000000 0.500000000 0.000000000 0.000000000 0.694049299 -0.025217304 0.719485700 -1.145476457 0.045958284 0.998899877 -0.009322982 0.208020190 -0.718459070 0.039536938 0.694444656 -5.665716619
116282833 0.478997129 0.851550395 0.500000000 0.500000000 0.000000000 0.000000000 0.693659842 -0.025663393 0.719845414 -1.150450305 0.046621758 0.998869181 -0.009314873 0.210282199 -0.718792379 0.040021811 0.694071889 -5.683345344
116316200 0.478997129 0.851550395 0.500000000 0.500000000 0.000000000 0.000000000 0.693877578 -0.025972379 0.719624460 -1.147592561 0.046846852 0.998860419 -0.009120308 0.209318907 -0.718567550 0.040040515 0.694303572 -5.700755937
116349567 0.478997129 0.851550395 0.500000000 0.500000000 0.000000000 0.000000000 0.694380283 -0.025854783 0.719143629 -1.142198579 0.047170695 0.998840392 -0.009635903 0.212776154 -0.718060553 0.040613487 0.694794595 -5.719145913
116382933 0.478997129 0.851550395 0.500000000 0.500000000 0.000000000 0.000000000 0.694555581 -0.025720326 0.718979120 -1.140366293 0.047445472 0.998822749 -0.010102478 0.215461055 -0.717872858 0.041129034 0.694958270 -5.737433565
116416300 0.478997129 0.851550395 0.500000000 0.500000000 0.000000000 0.000000000 0.694907486 -0.025623659 0.718642473 -1.136419318 0.048505060 0.998759091 -0.011291660 0.226773242 -0.717461348 0.042704456 0.695288062 -5.756083858
116449667 0.478997129 0.851550395 0.500000000 0.500000000 0.000000000 0.000000000 0.695072830 -0.025238583 0.718496203 -1.134543911 0.048785098 0.998735845 -0.012112128 0.232266365 -0.717282236 0.043470718 0.695425391 -5.773813248
116483033 0.478997129 0.851550395 0.500000000 0.500000000 0.000000000 0.000000000 0.694914460 -0.025240166 0.718649328 -1.136270434 0.048526589 0.998751640 -0.011846068 0.228475397 -0.717453182 0.043105602 0.695271730 -5.791665854
116516400 0.478997129 0.851550395 0.500000000 0.500000000 0.000000000 0.000000000 0.695232689 -0.025280941 0.718340039 -1.132522936 0.049301520 0.998704851 -0.012567625 0.236183860 -0.717091978 0.044152681 0.695578635 -5.809195745
116549767 0.478997129 0.851550395 0.500000000 0.500000000 0.000000000 0.000000000 0.695670843 -0.025130484 0.717920959 -1.127567730 0.049434569 0.998693466 -0.012943679 0.238789415 -0.716657698 0.044494655 0.696004272 -5.827127393
