https://www.youtube.com/watch?v=1oU9fOOjnkI
88922000 0.497063781 0.883668966 0.500000000 0.500000000 0.000000000 0.000000000 0.990726292 0.039915893 0.129877418 0.228100731 -0.042846497 0.998884499 0.019847834 0.222885543 -0.128940299 -0.025228564 0.991331398 -0.621061718
88955000 0.497063781 0.883668966 0.500000000 0.500000000 0.000000000 0.000000000 0.990256488 0.041076545 0.133059561 0.234111096 -0.044224367 0.998805344 0.020787625 0.235898071 -0.132046714 -0.026469555 0.990890026 -0.641156333
88988000 0.497063781 0.883668966 0.500000000 0.500000000 0.000000000 0.000000000 0.989728510 0.042302113 0.136557654 0.237576220 -0.045618169 0.998733044 0.021244403 0.249186394 -0.135485947 -0.027255701 0.990404308 -0.661053877
89022000 0.497063781 0.883668966 0.500000000 0.500000000 0.000000000 0.000000000 0.989255667 0.043388143 0.139609233 0.243046627 -0.046866283 0.998664975 0.021721469 0.261577894 -0.138480395 -0.028031053 0.989968419 -0.682330708
89055000 0.497063781 0.883668966 0.500000000 0.500000000 0.000000000 0.000000000 0.988780022 0.044434115 0.142617092 0.247984337 -0.048068896 0.998598576 0.022141248 0.272334857 -0.141433388 -0.028748270 0.989530265 -0.704208964
89089000 0.497063781 0.883668966 0.500000000 0.500000000 0.000000000 0.000000000 0.988263965 0.045576327 0.145798445 0.252644067 -0.049340487 0.998532951 0.022304494 0.282273017 -0.144567996 -0.029236494 0.989062846 -0.727371163
89122000 0.497063781 0.883668966 0.500000000 0.500000000 0.000000000 0.000000000 0.987733126 0.046871871 0.148950785 0.256655250 -0.050819483 0.998447418 0.022806108 0.288839463 -0.147650555 -0.030095950 0.988581598 -0.749542429
89155000 0.497063781 0.883668966 0.500000000 0.500000000 0.000000000 0.000000000 0.987150908 0.048175037 0.152355641 0.259978291 -0.052332636 0.998355627 0.023395190 0.293348101 -0.150978059 -0.031067757 0.988048792 -0.773260247
89189000 0.497063781 0.883668966 0.500000000 0.500000000 0.000000000 0.000000000 0.986569822 0.049533553 0.155648470 0.261795332 -0.053925175 0.998253703 0.024117786 0.294366961 -0.154182017 -0.032187250 0.987518072 -0.797347187
89222000 0.497063781 0.883668966 0.500000000 0.500000000 0.000000000 0.000000000 0.986038268 0.050895259 0.158550158 0.265039583 -0.055466395 0.998158991 0.024537520 0.294267770 -0.157009423 -0.032989141 0.987046003 -0.821782850
89255000 0.497063781 0.883668966 0.500000000 0.500000000 0.000000000 0.000000000 0.985467374 0.052081484 0.161683708 0.267999683 -0.056820758 0.998075724 0.024824597 0.293077966 -0.160079688 -0.033650819 0.986530364 -0.847318355
89289000 0.497063781 0.883668966 0.500000000 0.500000000 0.000000000 0.000000000 0.984899879 0.052989539 0.164816037 0.271733974 -0.057912722 0.998003364 0.025206862 0.291279209 -0.163151264 -0.034371182 0.986002147 -0.874593726
89322000 0.497063781 0.883668966 0.500000000 0.500000000 0.000000000 0.000000000 0.984286308 0.054183196 0.168061331 0.274783493 -0.059275862 0.997917652 0.025431491 0.290065776 -0.166333407 -0.034993850 0.985448420 -0.902191586
89355000 0.497063781 0.883668966 0.500000000 0.500000000 0.000000000 0.000000000 0.983644307 0.055478405 0.171365261 0.277387807 -0.060826514 0.997806728 0.026113385 0.288622944 -0.169540673 -0.036109835 0.984861434 -0.931390087
89389000 0.497063781 0.883668966 0.500000000 0.500000000 0.000000000 0.000000000 0.982866585 0.057060502 0.175263897 0.280153861 -0.062571920 0.997699678 0.026078396 0.290257470 -0.173372686 -0.036598179 0.984176040 -0.961522200
89422000 0.497063781 0.883668966 0.500000000 0.500000000 0.000000000 0.000000000 0.981769145 0.058672678 0.180795059 0.278303772 -0.064408123 0.997584522 0.026012627 0.292767253 -0.178832129 -0.037183065 0.983176708 -0.993681833
89456000 0.497063781 0.883668966 0.500000000 0.500000000 0.000000000 0.000000000 0.980733037 0.060349301 0.185797393 0.276363159 -0.066282183 0.997465193 0.025881952 0.298092377 -0.183764473 -0.037698340 0.982247174 -1.025457688
89489000 0.497063781 0.883668966 0.500000000 0.500000000 0.000000000 0.000000000 0.979685783 0.062552400 0.190533251 0.273358830 -0.068671755 0.997308791 0.025678916 0.304950939 -0.188414201 -0.038241524 0.981344819 -1.056901431
89522000 0.497063781 0.883668966 0.500000000 0.500000000 0.000000000 0.000000000 0.978538215 0.064979188 0.195552096 0.270564843 -0.071335770 0.997122943 0.025632754 0.312293808 -0.193323895 -0.039032489 0.980358243 -1.088675497
89556000 0.497063781 0.883668966 0.500000000 0.500000000 0.000000000 0.000000000 0.977320850 0.067328662 0.200775400 0.267626325 -0.073821895 0.996957481 0.025022328 0.323364033 -0.198479816 -0.039276462 0.979317665 -1.119056670
89589000 0.497063781 0.883668966 0.500000000 0.500000000 0.000000000 0.000000000 0.975918233 0.069708951 0.206698507 0.263128218 -0.076420411 0.996770799 0.024655364 0.334141092 -0.204312325 -0.039857604 0.978093982 -1.148529369
89622000 0.497063781 0.883668966 0.500000000 0.500000000 0.000000000 0.000000000 0.974505067 0.071980096 0.212505788 0.259623453 -0.078991644 0.996569753 0.024679678 0.345511859 -0.210000396 -0.040836655 0.976848066 -1.177806235
89656000 0.497063781 0.883668966 0.500000000 0.500000000 0.000000000 0.000000000 0.973074317 0.074140765 0.218241930 0.255041530 -0.081472076 0.996367633 0.024774941 0.358258790 -0.215612367 -0.041888483 0.975580156 -1.208338171
89689000 0.497063781 0.883668966 0.500000000 0.500000000 0.000000000 0.000000000 0.971636891 0.076561362 0.223741263 0.251292287 -0.084195659 0.996141374 0.024768190 0.370488672 -0.220981643 -0.042903729 0.974333823 -1.240398017
89723000 0.497063781 0.883668966 0.500000000 0.500000000 0.000000000 0.000000000 0.969991028 0.078863822 0.229995385 0.246342914 -0.086752288 0.995931685 0.024374237 0.383421206 -0.227137446 -0.043595418 0.972886443 -1.271322019
89756000 0.497063781 0.883668966 0.500000000 0.500000000 0.000000000 0.000000000 0.968238652 0.080677323 0.236653894 0.240430964 -0.088809416 0.995762110 0.023888402 0.398226879 -0.233723745 -0.044146769 0.971300304 -1.300299337
89789000 0.497063781 0.883668966 0.500000000 0.500000000 0.000000000 0.000000000 0.966556966 0.082405515 0.242851838 0.234141576 -0.090941489 0.995563865 0.024130667 0.411510506 -0.239786014 -0.045408972 0.969763219 -1.328125411
89823000 0.497063781 0.883668966 0.500000000 0.500000000 0.000000000 0.000000000 0.965144992 0.084022082 0.247861698 0.230294993 -0.092934079 0.995371878 0.024455758 0.424499927 -0.244659737 -0.046638150 0.968486726 -1.353834854
89856000 0.497063781 0.883668966 0.500000000 0.500000000 0.000000000 0.000000000 0.963805556 0.085663393 0.252469003 0.228049100 -0.094934784 0.995175779 0.024749730 0.436685132 -0.249130875 -0.047822017 0.967288435 -1.378456338
89889000 0.497063781 0.883668966 0.500000000 0.500000000 0.000000000 0.000000000 0.962392867 0.087049142 0.257337123 0.225968465 -0.096673846 0.995002985 0.024963591 0.449034352 -0.253878146 -0.048902553 0.965999186 -1.402652780
89923000 0.497063781 0.883668966 0.500000000 0.500000000 0.000000000 0.000000000 0.960975945 0.088570051 0.262069911 0.225213446 -0.098475896 0.994828284 0.024882559 0.461570724 -0.258510709 -0.049719106 0.964728057 -1.426155538
89956000 0.497063781 0.883668966 0.500000000 0.500000000 0.000000000 0.000000000 0.959744930 0.089734167 0.266153127 0.226785845 -0.099905662 0.994685352 0.024898045 0.474268876 -0.262504429 -0.050485976 0.963609159 -1.448704502
89989000 0.497063781 0.883668966 0.500000000 0.500000000 0.000000000 0.000000000 0.958523870 0.091221027 0.270019919 0.228263517 -0.101686023 0.994502485 0.024994226 0.483675579 -0.266255468 -0.051414814 0.962530255 -1.469656932
90023000 0.497063781 0.883668966 0.500000000 0.500000000 0.000000000 0.000000000 0.957137883 0.092734814 0.274385452 0.228544519 -0.103506662 0.994314253 0.025010798 0.491767218 -0.270505995 -0.052339502 0.961294472 -1.491843574
90056000 0.497063781 0.883668966 0.500000000 0.500000000 0.000000000 0.000000000 0.955875278 0.094210997 0.278256536 0.230731360 -0.105347872 0.994113266 0.025311252 0.497084553 -0.274233937 -0.053508133 0.960173249 -1.514819725
90090000 0.497063781 0.883668966 0.500000000 0.500000000 0.000000000 0.000000000 0.954628229 0.095643684 0.282023400 0.233165544 -0.107098974 0.993922591 0.025449252 0.502074362 -0.277875394 -0.054498993 0.959069908 -1.539771393
90123000 0.497063781 0.883668966 0.500000000 0.500000000 0.000000000 0.000000000 0.953425229 0.096960165 0.285620391 0.235606298 -0.108797602 0.993728220 0.025832647 0.504401837 -0.281324297 -0.055704311 0.957994580 -1.563508223
90156000 0.497063781 0.883668966 0.500000000 0.500000000 0.000000000 0.000000000 0.952035964 0.098001912 0.289867461 0.235167229 -0.110140339 0.993580580 0.025821336 0.506932127 -0.285476148 -0.056508940 0.956718385 -1.588157640
90190000 0.497063781 0.883668966 0.500000000 0.500000000 0.000000000 0.000000000 0.950801194 0.099160083 0.293503612 0.237630171 -0.111573942 0.993420780 0.025815511 0.507957990 -0.289012730 -0.057292774 0.955609322 -1.613553033
90223000 0.497063781 0.883668966 0.500000000 0.500000000 0.000000000 0.000000000 0.949662447 0.100318775 0.296778351 0.242210644 -0.112964951 0.993265808 0.025727468 0.509372344 -0.292198837 -0.057957958 0.954599738 -1.640047799
90256000 0.497063781 0.883668966 0.500000000 0.500000000 0.000000000 0.000000000 0.948425710 0.101247236 0.300395906 0.245457962 -0.114282072 0.993105531 0.026095100 0.509473749 -0.295682788 -0.059079129 0.953457594 -1.668139268
90290000 0.497063781 0.883668966 0.500000000 0.500000000 0.000000000 0.000000000 0.947284460 0.102100804 0.303689957 0.249456798 -0.115632318 0.992928803 0.026862497 0.509015700 -0.298799843 -0.060562801 0.952392161 -1.696951011
90323000 0.497063781 0.883668966 0.500000000 0.500000000 0.000000000 0.000000000 0.946218729 0.102948427 0.306711107 0.253960605 -0.116850704 0.992775261 0.027262388 0.511480088 -0.301688582 -0.061635591 0.951412141 -1.725777310
90356000 0.497063781 0.883668966 0.500000000 0.500000000 0.000000000 0.000000000 0.945139468 0.103838608 0.309723943 0.259549778 -0.118185006 0.992600501 0.027866956 0.514039020 -0.304538459 -0.062942885 0.950418055 -1.755293557
90390000 0.497063781 0.883668966 0.500000000 0.500000000 0.000000000 0.000000000 0.943841279 0.104559958 0.313417971 0.263289957 -0.119341634 0.992449880 0.028297808 0.519676433 -0.308092833 -0.064112455 0.949193537 -1.785266369
90423000 0.497063781 0.883668966 0.500000000 0.500000000 0.000000000 0.000000000 0.942815781 0.104870789 0.316386700 0.267895692 -0.120136224 0.992331505 0.029077519 0.527391754 -0.310911089 -0.065424241 0.948184550 -1.813455790
90457000 0.497063781 0.883668966 0.500000000 0.500000000 0.000000000 0.000000000 0.941947281 0.105543770 0.318741053 0.272894460 -0.121108554 0.992205083 0.029355526 0.538769459 -0.313158214 -0.066253625 0.947387159 -1.840099481
90490000 0.497063781 0.883668966 0.500000000 0.500000000 0.000000000 0.000000000 0.941009879 0.106237486 0.321269333 0.278740963 -0.122031130 0.992091656 0.029368438 0.553478026 -0.315608591 -0.066840850 0.946532369 -1.867115189
90523000 0.497063781 0.883668966 0.500000000 0.500000000 0.000000000 0.000000000 0.940010965 0.106697828 0.324029207 0.282766960 -0.122939698 0.991960227 0.030011691 0.566636130 -0.318221927 -0.068047374 0.945570946 -1.892957734
90557000 0.497063781 0.883668966 0.500000000 0.500000000 0.000000000 0.000000000 0.939156473 0.107163981 0.326344907 0.287198418 -0.123898223 0.991814733 0.030866137 0.579822965 -0.320365965 -0.069421686 0.944746673 -1.917842584
90590000 0.497063781 0.883668966 0.500000000 0.500000000 0.000000000 0.000000000 0.938261151 0.107698418 0.328735471 0.290838587 -0.124915838 0.991662502 0.031646095 0.594142175 -0.322586417 -0.070756570 0.943891704 -1.942071113
90623000 0.497063781 0.883668966 0.500000000 0.500000000 0.000000000 0.000000000 0.937454760 0.107839048 0.330982357 0.293710760 -0.125451639 0.991575360 0.032251541 0.610908799 -0.324715972 -0.071756639 0.943085611 -1.965207855
90657000 0.497063781 0.883668966 0.500000000 0.500000000 0.000000000 0.000000000 0.936965525 0.108346596 0.332199723 0.298227048 -0.126174733 0.991475344 0.032505751 0.627453230 -0.325845957 -0.072371982 0.942648768 -1.986398849
90690000 0.497063781 0.883668966 0.500000000 0.500000000 0.000000000 0.000000000 0.936472297 0.108797885 0.333440602 0.303272180 -0.126617417 0.991431653 0.032113794 0.647157597 -0.327089667 -0.072293065 0.942224026 -2.008775615
90724000 0.497063781 0.883668966 0.500000000 0.500000000 0.000000000 0.000000000 0.935868442 0.109064803 0.335044980 0.307690514 -0.126949638 0.991396666 0.031881325 0.666791210 -0.328685373 -0.072370566 0.941662610 -2.032124512
90757000 0.497063781 0.883668966 0.500000000 0.500000000 0.000000000 0.000000000 0.935151935 0.109043397 0.337046623 0.310977979 -0.127203897 0.991353631 0.032204438 0.685442499 -0.330620706 -0.072989687 0.940936983 -2.057278386
90790000 0.497063781 0.883668966 0.500000000 0.500000000 0.000000000 0.000000000 0.934552729 0.109328113 0.338612676 0.312552049 -0.127810553 0.991259336 0.032701615 0.701460234 -0.332077771 -0.073839657 0.940357387 -2.079070658
90824000 0.497063781 0.883668966 0.500000000 0.500000000 0.000000000 0.000000000 0.933999002 0.109910287 0.339949399 0.314227342 -0.128690630 0.991131365 0.033126660 0.715217192 -0.333293527 -0.074688569 0.939860106 -2.101587485
90857000 0.497063781 0.883668966 0.500000000 0.500000000 0.000000000 0.000000000 0.933461368 0.110447109 0.341249585 0.316186168 -0.129330590 0.991051793 0.033014864 0.729044823 -0.334549606 -0.074952111 0.939392745 -2.123631200
90890000 0.497063781 0.883668966 0.500000000 0.500000000 0.000000000 0.000000000 0.932865202 0.110865660 0.342740864 0.316902605 -0.129864693 0.990985394 0.032911170 0.741106121 -0.336002469 -0.075211622 0.938853323 -2.146009065
90924000 0.497063781 0.883668966 0.500000000 0.500000000 0.000000000 0.000000000 0.932273924 0.111111470 0.344266683 0.316862123 -0.130428031 0.990895391 0.033389248 0.749466924 -0.337422341 -0.076029949 0.938278019 -2.168106591
90957000 0.497063781 0.883668966 0.500000000 0.500000000 0.000000000 0.000000000 0.931683064 0.111625865 0.345696807 0.316465597 -0.131297976 0.990761757 0.033941485 0.755059185 -0.338714421 -0.077011995 0.937732220 -2.189339165
90990000 0.497063781 0.883668966 0.500000000 0.500000000 0.000000000 0.000000000 0.931208372 0.112054162 0.346835464 0.316489508 -0.131999046 0.990654707 0.034343746 0.759529673 -0.339745820 -0.077763133 0.937296987 -2.210691273
91024000 0.497063781 0.883668966 0.500000000 0.500000000 0.000000000 0.000000000 0.930732191 0.112422578 0.347992510 0.315935518 -0.132513732 0.990584075 0.034399536 0.763052877 -0.340848535 -0.078130543 0.936865985 -2.231519969
91057000 0.497063781 0.883668966 0.500000000 0.500000000 0.000000000 0.000000000 0.930409014 0.112642333 0.348784715 0.316415777 -0.132904157 0.990523517 0.034635529 0.764150953 -0.341578037 -0.078580149 0.936562657 -2.253182773
91091000 0.497063781 0.883668966 0.500000000 0.500000000 0.000000000 0.000000000 0.929934800 0.113068990 0.349909574 0.314985676 -0.133543655 0.990429401 0.034866244 0.763568219 -0.342618436 -0.079151534 0.936134398 -2.275639076
91124000 0.497063781 0.883668966 0.500000000 0.500000000 0.000000000 0.000000000 0.929576874 0.113393068 0.350754648 0.314562309 -0.134174809 0.990323842 0.035437707 0.761594085 -0.343342304 -0.080004513 0.935796618 -2.299934247
91157000 0.497063781 0.883668966 0.500000000 0.500000000 0.000000000 0.000000000 0.929165304 0.113736629 0.351732641 0.313346452 -0.134842828 0.990212262 0.036015648 0.758880288 -0.344193667 -0.080893114 0.935407400 -2.324824631
91191000 0.497063781 0.883668966 0.500000000 0.500000000 0.000000000 0.000000000 0.928652585 0.114103749 0.352965593 0.311420284 -0.135422394 0.990125835 0.036216807 0.757523946 -0.345347881 -0.081432275 0.934935093 -2.350301942
91224000 0.497063781 0.883668966 0.500000000 0.500000000 0.000000000 0.000000000 0.928146362 0.114265531 0.354242444 0.308202384 -0.135706455 0.990087628 0.036197133 0.758042156 -0.346594959 -0.081669219 0.934452832 -2.375406726
91257000 0.497063781 0.883668966 0.500000000 0.500000000 0.000000000 0.000000000 0.927804589 0.114417911 0.355087519 0.306014330 -0.135976747 0.990047693 0.036274601 0.760664780 -0.347403109 -0.081939384 0.934129000 -2.401000744
91291000 0.497063781 0.883668966 0.500000000 0.500000000 0.000000000 0.000000000 0.927443802 0.114706419 0.355935931 0.303046597 -0.136532441 0.989954591 0.036725778 0.764279380 -0.348147750 -0.082657903 0.933788419 -2.428659138
91324000 0.497063781 0.883668966 0.500000000 0.500000000 0.000000000 0.000000000 0.926837623 0.115433805 0.357277244 0.296316435 -0.137579307 0.989795387 0.037107974 0.768973594 -0.349347860 -0.083547026 0.933260918 -2.458220285
91358000 0.497063781 0.883668966 0.500000000 0.500000000 0.000000000 0.000000000 0.926305771 0.115828261 0.358526826 0.290011441 -0.138241217 0.989691079 0.037429366 0.777419776 -0.350495398 -0.084234215 0.932768762 -2.488587688
91391000 0.497063781 0.883668966 0.500000000 0.500000000 0.000000000 0.000000000 0.925543249 0.116632305 0.360231400 0.282689400 -0.139106572 0.989585638 0.037008118 0.789409250 -0.352163464 -0.084363163 0.932128608 -2.518306282
91424000 0.497063781 0.883668966 0.500000000 0.500000000 0.000000000 0.000000000 0.924639702 0.117374741 0.362304628 0.274053763 -0.139886782 0.989496708 0.036441572 0.802914960 -0.354221910 -0.084376954 0.931347072 -2.547677638
91458000 0.497063781 0.883668966 0.500000000 0.500000000 0.000000000 0.000000000 0.923916399 0.118227184 0.363869160 0.268663494 -0.140794486 0.989382982 0.036030471 0.816164676 -0.355746180 -0.084519923 0.930752933 -2.575081661
91491000 0.497063781 0.883668966 0.500000000 0.500000000 0.000000000 0.000000000 0.923064232 0.119384058 0.365649939 0.263037794 -0.142227590 0.989176154 0.036081869 0.828555699 -0.357384592 -0.085311390 0.930052817 -2.602049139
91525000 0.497063781 0.883668966 0.500000000 0.500000000 0.000000000 0.000000000 0.922196925 0.120665744 0.367413461 0.259841570 -0.143777907 0.988951802 0.036087241 0.842604470 -0.358999699 -0.086105481 0.929357350 -2.627160268
91558000 0.497063781 0.883668966 0.500000000 0.500000000 0.000000000 0.000000000 0.921045423 0.121811762 0.369915158 0.254797934 -0.145133391 0.988765359 0.035768189 0.857616556 -0.361402303 -0.086631171 0.928376734 -2.651324100
91591000 0.497063781 0.883668966 0.500000000 0.500000000 0.000000000 0.000000000 0.919687569 0.122676589 0.372994959 0.246621101 -0.146082461 0.988652050 0.035029329 0.874129221 -0.364464939 -0.086704060 0.927171886 -2.674870559
91625000 0.497063781 0.883668966 0.500000000 0.500000000 0.000000000 0.000000000 0.918620586 0.123184435 0.375448793 0.241195562 -0.146469757 0.988630593 0.034002617 0.894908480 -0.366991580 -0.086227402 0.926219225 -2.697754390
91658000 0.497063781 0.883668966 0.500000000 0.500000000 0.000000000 0.000000000 0.917556584 0.124262929 0.377688557 0.235800358 -0.147717074 0.988456964 0.033652648 0.911719863 -0.369147092 -0.086669251 0.925320923 -2.719674054
91691000 0.497063781 0.883668966 0.500000000 0.500000000 0.000000000 0.000000000 0.916056395 0.125653550 0.380856782 0.226751600 -0.149604797 0.988167405 0.033817649 0.925722114 -0.372100949 -0.087956876 0.924015403 -2.742131073
91725000 0.497063781 0.883668966 0.500000000 0.500000000 0.000000000 0.000000000 0.914725840 0.126342893 0.383815199 0.220285923 -0.150882825 0.987953663 0.034379832 0.939415926 -0.374847978 -0.089359239 0.922769725 -2.765756680
91758000 0.497063781 0.883668966 0.500000000 0.500000000 0.000000000 0.000000000 0.913227618 0.127498701 0.386987537 0.212167502 -0.152394727 0.987727582 0.034205459 0.951161677 -0.377877116 -0.090212233 0.921450317 -2.787888662
91792000 0.497063781 0.883668966 0.500000000 0.500000000 0.000000000 0.000000000 0.911826730 0.128681362 0.389888585 0.205070958 -0.153460458 0.987605631 0.032939956 0.964050224 -0.380817413 -0.089868017 0.920272708 -2.808265641
91825000 0.497063781 0.883668966 0.500000000 0.500000000 0.000000000 0.000000000 0.910593390 0.129752174 0.392407984 0.201235003 -0.154391378 0.987499595 0.031746432 0.975008171 -0.383383572 -0.089492507 0.919243217 -2.830023951
91858000 0.497063781 0.883668966 0.500000000 0.500000000 0.000000000 0.000000000 0.909385920 0.130676433 0.394893587 0.198735619 -0.155363008 0.987369537 0.031043826 0.982989473 -0.385849178 -0.089582674 0.918202221 -2.852274004
91892000 0.497063781 0.883668966 0.500000000 0.500000000 0.000000000 0.000000000 0.907965958 0.131638855 0.397830456 0.194743044 -0.156701103 0.987159610 0.030994872 0.987004297 -0.388642043 -0.090482756 0.916935265 -2.875758673
91925000 0.497063781 0.883668966 0.500000000 0.500000000 0.000000000 0.000000000 0.906557679 0.132528320 0.400736064 0.191570799 -0.158097059 0.986928523 0.031262808 0.988007362 -0.391354650 -0.091696732 0.915660024 -2.899845240
91958000 0.497063781 0.883668966 0.500000000 0.500000000 0.000000000 0.000000000 0.905176878 0.133512825 0.403520972 0.188310047 -0.159473240 0.986707270 0.031258371 0.987494895 -0.393983692 -0.092645153 0.914436281 -2.923898337
91992000 0.497063781 0.883668966 0.500000000 0.500000000 0.000000000 0.000000000 0.903825343 0.134329975 0.406269878 0.185888560 -0.160395503 0.986577570 0.030626379 0.987925326 -0.396702707 -0.092844754 0.913239717 -2.948110864
92025000 0.497063781 0.883668966 0.500000000 0.500000000 0.000000000 0.000000000 0.902331889 0.135055512 0.409337521 0.182716214 -0.161335394 0.986438036 0.030180896 0.985663492 -0.399710000 -0.093273811 0.911883712 -2.973601268
92058000 0.497063781 0.883668966 0.500000000 0.500000000 0.000000000 0.000000000 0.900902152 0.135843515 0.412215829 0.180220096 -0.162319303 0.986290514 0.029723855 0.982829423 -0.402526766 -0.093688875 0.910601258 -2.998650389
92092000 0.497063781 0.883668966 0.500000000 0.500000000 0.000000000 0.000000000 0.899696290 0.136826366 0.414517939 0.181370960 -0.163538665 0.986096978 0.029458487 0.978408706 -0.404724181 -0.094293401 0.909564197 -3.024468818
92125000 0.497063781 0.883668966 0.500000000 0.500000000 0.000000000 0.000000000 0.898392200 0.137687862 0.417053401 0.181538861 -0.164629757 0.985924959 0.029138217 0.974157215 -0.407171369 -0.094836950 0.908414781 -3.050263236
92159000 0.497063781 0.883668966 0.500000000 0.500000000 0.000000000 0.000000000 0.897046983 0.138400152 0.419704795 0.181384103 -0.165284514 0.985843241 0.028179584 0.974762378 -0.409863085 -0.094649114 0.907223105 -3.075777423
92192000 0.497063781 0.883668966 0.500000000 0.500000000 0.000000000 0.000000000 0.895799637 0.139134750 0.422119051 0.183730167 -0.165963456 0.985754371 0.027284516 0.977655886 -0.412309468 -0.094497792 0.906129718 -3.101816867
92225000 0.497063781 0.883668966 0.500000000 0.500000000 0.000000000 0.000000000 0.894433200 0.139809459 0.424785256 0.185446026 -0.166718334 0.985644639 0.026639251 0.983537877 -0.414962888 -0.094646521 0.904902101 -3.129710896
92259000 0.497063781 0.883668966 0.500000000 0.500000000 0.000000000 0.000000000 0.893149674 0.140485421 0.427255750 0.187347925 -0.167675361 0.985486627 0.026477575 0.989407455 -0.417335123 -0.095288701 0.903743029 -3.158021694
92292000 0.497063781 0.883668966 0.500000000 0.500000000 0.000000000 0.000000000 0.891785979 0.141478270 0.429769367 0.189389438 -0.169027567 0.985257804 0.026395185 0.995306393 -0.419699281 -0.096181728 0.902552843 -3.186864218
92325000 0.497063781 0.883668966 0.500000000 0.500000000 0.000000000 0.000000000 0.890482962 0.141979262 0.432298541 0.189631025 -0.169547081 0.985187411 0.025682727 1.007775798 -0.422248662 -0.096164986 0.901364744 -3.212121560
92359000 0.497063781 0.883668966 0.500000000 0.500000000 0.000000000 0.000000000 0.889234304 0.142491877 0.434693515 0.191250553 -0.169949576 0.985142410 0.024730550 1.023587957 -0.424711108 -0.095867231 0.900238812 -3.236324276
92392000 0.497063781 0.883668966 0.500000000 0.500000000 0.000000000 0.000000000 0.888196170 0.142730981 0.436732680 0.191813380 -0.170311436 0.985087514 0.024425616 1.038278964 -0.426733613 -0.096075311 0.899259686 -3.257935686
92425000 0.497063781 0.883668966 0.500000000 0.500000000 0.000000000 0.000000000 0.887532473 0.142976135 0.437999964 0.194590602 -0.170863211 0.984985173 0.024696955 1.051689252 -0.427892417 -0.096757427 0.898635685 -3.280953845
92459000 0.497063781 0.883668966 0.500000000 0.500000000 0.000000000 0.000000000 0.886966765 0.143390119 0.439009339 0.198914145 -0.171472013 0.984877884 0.024756264 1.066558657 -0.428820789 -0.097235799 0.898141384 -3.304573463
92492000 0.497063781 0.883668966 0.500000000 0.500000000 0.000000000 0.000000000 0.886100292 0.143546239 0.440704763 0.199411540 -0.171687171 0.984848857 0.024417028 1.084458018 -0.430522621 -0.097299293 0.897319973 -3.328033397
92526000 0.497063781 0.883668966 0.500000000 0.500000000 0.000000000 0.000000000 0.885034442 0.144022584 0.442686766 0.197790762 -0.172085613 0.984798133 0.023647677 1.103428159 -0.432551295 -0.097109027 0.896364450 -3.350685186
92559000 0.497063781 0.883668966 0.500000000 0.500000000 0.000000000 0.000000000 0.884204566 0.144376308 0.444227189 0.197009980 -0.172450885 0.984744787 0.023204442 1.121689912 -0.434100211 -0.097124837 0.895613611 -3.372556418
92592000 0.497063781 0.883668966 0.500000000 0.500000000 0.000000000 0.000000000 0.883492887 0.144965410 0.445449650 0.197092079 -0.173015177 0.984657288 0.022710590 1.139835853 -0.435323000 -0.097134195 0.895018876 -3.392921766
92626000 0.497063781 0.883668966 0.500000000 0.500000000 0.000000000 0.000000000 0.882434428 0.145667166 0.447314799 0.193412242 -0.173979834 0.984489381 0.022619473 1.153552932 -0.437081754 -0.097783953 0.894090533 -3.413612008
92659000 0.497063781 0.883668966 0.500000000 0.500000000 0.000000000 0.000000000 0.881472945 0.146280676 0.449007124 0.190164087 -0.174780339 0.984351873 0.022432791 1.166715895 -0.438699514 -0.098251514 0.893246531 -3.433675912
92692000 0.497063781 0.883668966 0.500000000 0.500000000 0.000000000 0.000000000 0.880749464 0.146893010 0.450225294 0.189329035 -0.175499231 0.984229267 0.022198793 1.178335824 -0.439864069 -0.098565765 0.892638981 -3.453266163
92726000 0.497063781 0.883668966 0.500000000 0.500000000 0.000000000 0.000000000 0.880133808 0.147244021 0.451313317 0.187641008 -0.175739542 0.984199286 0.021618798 1.191372753 -0.440999001 -0.098341033 0.892103672 -3.472284764
92759000 0.497063781 0.883668966 0.500000000 0.500000000 0.000000000 0.000000000 0.879172981 0.148315698 0.452832490 0.184794476 -0.176930428 0.983994484 0.021223349 1.198212298 -0.442436934 -0.098778844 0.891342998 -3.492026666
92793000 0.497063781 0.883668966 0.500000000 0.500000000 0.000000000 0.000000000 0.878070474 0.148917630 0.454769999 0.178145784 -0.177661195 0.983870745 0.020853097 1.204674679 -0.444329500 -0.099105470 0.890364766 -3.510759658
92826000 0.497063781 0.883668966 0.500000000 0.500000000 0.000000000 0.000000000 0.877215803 0.148842618 0.456440926 0.170261961 -0.177625179 0.983883977 0.020532237 1.211227254 -0.446028858 -0.099086612 0.889516771 -3.529140379
92859000 0.497063781 0.883668966 0.500000000 0.500000000 0.000000000 0.000000000 0.876358986 0.149254277 0.457949907 0.163091837 -0.178187892 0.983785868 0.020356592 1.212315855 -0.447486371 -0.099440813 0.888744891 -3.547775847
92893000 0.497063781 0.883668966 0.500000000 0.500000000 0.000000000 0.000000000 0.875612080 0.149768442 0.459209025 0.156093844 -0.178792015 0.983681679 0.020095352 1.210909879 -0.448705852 -0.099698640 0.888100922 -3.566197632
92926000 0.497063781 0.883668966 0.500000000 0.500000000 0.000000000 0.000000000 0.874902368 0.150397658 0.460354656 0.148608385 -0.179353565 0.983590961 0.019522090 1.208870597 -0.449864596 -0.099646166 0.887520432 -3.584451702
92959000 0.497063781 0.883668966 0.500000000 0.500000000 0.000000000 0.000000000 0.873989999 0.151065364 0.461866617 0.138988480 -0.180003539 0.983483493 0.018947015 1.205538596 -0.451375932 -0.099697120 0.886747003 -3.603349538
92993000 0.497063781 0.883668966 0.500000000 0.500000000 0.000000000 0.000000000 0.873009443 0.151496097 0.463576794 0.128012178 -0.180552334 0.983388603 0.018647090 1.201111859 -0.453051180 -0.099978954 0.885860503 -3.622761401
93026000 0.497063781 0.883668966 0.500000000 0.500000000 0.000000000 0.000000000 0.872012556 0.152115151 0.465247303 0.117191575 -0.181330666 0.983250260 0.018388838 1.195563435 -0.454657316 -0.100398898 0.884989738 -3.643867721
93059000 0.497063781 0.883668966 0.500000000 0.500000000 0.000000000 0.000000000 0.871104181 0.152498886 0.466820717 0.104738386 -0.181674436 0.983197153 0.017824605 1.192227098 -0.456258565 -0.100336477 0.884172320 -3.664612149
93093000 0.497063781 0.883668966 0.500000000 0.500000000 0.000000000 0.000000000 0.870413363 0.152482852 0.468112737 0.092411770 -0.180852443 0.983380854 0.015952721 1.197597939 -0.457900584 -0.098544799 0.883524716 -3.684560699
93126000 0.497063781 0.883668966 0.500000000 0.500000000 0.000000000 0.000000000 0.869738400 0.153060183 0.469177693 0.082356966 -0.179890618 0.983606040 0.012589814 1.209523853 -0.459559023 -0.095350511 0.883014023 -3.704850933
93160000 0.497063781 0.883668966 0.500000000 0.500000000 0.000000000 0.000000000 0.868831635 0.154540971 0.470370770 0.074769167 -0.179506034 0.983721316 0.008366329 1.225495099 -0.461420804 -0.091703326 0.882429242 -3.726485251
93193000 0.497063781 0.883668966 0.500000000 0.500000000 0.000000000 0.000000000 0.867504716 0.155599236 0.472466350 0.061799137 -0.179188013 0.983802080 0.005011127 1.241502028 -0.464033663 -0.089007482 0.881334484 -3.749170385
93226000 0.497063781 0.883668966 0.500000000 0.500000000 0.000000000 0.000000000 0.866271019 0.156117141 0.474554509 0.048950159 -0.178504303 0.983936787 0.002157171 1.260444477 -0.466594845 -0.086578712 0.880223453 -3.771739455
93260000 0.497063781 0.883668966 0.500000000 0.500000000 0.000000000 0.000000000 0.864654303 0.157127231 0.477162361 0.033584749 -0.178593457 0.983922899 -0.000376132 1.277755445 -0.469550073 -0.084892854 0.878815055 -3.793541145
93293000 0.497063781 0.883668966 0.500000000 0.500000000 0.000000000 0.000000000 0.862934291 0.158722475 0.479741126 0.019693291 -0.179313272 0.983787596 -0.002946672 1.294236644 -0.472431093 -0.083481163 0.877405107 -3.814391661
93326000 0.497063781 0.883668966 0.500000000 0.500000000 0.000000000 0.000000000 0.861094892 0.159319177 0.482838482 -0.000225660 -0.178544089 0.983912110 -0.006239494 1.318419400 -0.476064712 -0.080835156 0.875687182 -3.829842283
93360000 0.497063781 0.883668966 0.500000000 0.500000000 0.000000000 0.000000000 0.859219372 0.161012337 0.485610038 -0.013710931 -0.178130493 0.983944654 -0.011066626 1.347379094 -0.479595244 -0.076993294 0.874105513 -3.845146995
93393000 0.497063781 0.883668966 0.500000000 0.500000000 0.000000000 0.000000000 0.857379854 0.161979392 0.488530934 -0.028331005 -0.176651359 0.984138846 -0.016279213 1.382744879 -0.483419150 -0.072342180 0.872394681 -3.857469128
93426000 0.497063781 0.883668966 0.500000000 0.500000000 0.000000000 0.000000000 0.855041683 0.163481236 0.492115378 -0.044016649 -0.175753027 0.984197676 -0.021583734 1.418475292 -0.487867355 -0.068035774 0.870262384 -3.870679624
93460000 0.497063781 0.883668966 0.500000000 0.500000000 0.000000000 0.000000000 0.852614701 0.164684922 0.495910287 -0.061975118 -0.174968719 0.984229922 -0.026026713 1.451576380 -0.492375970 -0.064578034 0.867983639 -3.883595212
93493000 0.497063781 0.883668966 0.500000000 0.500000000 0.000000000 0.000000000 0.850082219 0.166247874 0.499721825 -0.080384165 -0.174866810 0.984136879 -0.029935671 1.480140847 -0.496771425 -0.061936982 0.865668476 -3.897510616
93527000 0.497063781 0.883668966 0.500000000 0.500000000 0.000000000 0.000000000 0.847672105 0.167083010 0.503522813 -0.099869120 -0.173969954 0.984174132 -0.033701159 1.511336338 -0.501185060 -0.059030309 0.863324404 -3.909989403
93560000 0.497063781 0.883668966 0.500000000 0.500000000 0.000000000 0.000000000 0.845060050 0.168396026 0.507460654 -0.119492303 -0.173406973 0.984124482 -0.037802637 1.540887976 -0.505770206 -0.056051712 0.860845327 -3.921193841
93593000 0.497063781 0.883668966 0.500000000 0.500000000 0.000000000 0.000000000 0.842468500 0.170249194 0.511138022 -0.135969883 -0.173157156 0.983983576 -0.042342719 1.570179332 -0.510160267 -0.052834798 0.858455002 -3.932511388
93627000 0.497063781 0.883668966 0.500000000 0.500000000 0.000000000 0.000000000 0.840049863 0.171412259 0.514717400 -0.153458882 -0.172241136 0.983953357 -0.046570245 1.598730831 -0.514440656 -0.049534187 0.856094122 -3.943141758
93660000 0.497063781 0.883668966 0.500000000 0.500000000 0.000000000 0.000000000 0.838041425 0.172208995 0.517716765 -0.166954150 -0.171005800 0.983975470 -0.050489951 1.625248175 -0.518115401 -0.046219900 0.854060948 -3.953949668
93693000 0.497063781 0.883668966 0.500000000 0.500000000 0.000000000 0.000000000 0.835654318 0.173327714 0.521190345 -0.182384643 -0.170205146 0.983910859 -0.054310981 1.648349390 -0.522218406 -0.043324068 0.851710618 -3.965811243
93727000 0.497063781 0.883668966 0.500000000 0.500000000 0.000000000 0.000000000 0.833133698 0.174351320 0.524871290 -0.200194461 -0.169324115 0.983849704 -0.058044445 1.668515050 -0.526514590 -0.040514592 0.849200189 -3.976845106
93760000 0.497063781 0.883668966 0.500000000 0.500000000 0.000000000 0.000000000 0.830768764 0.174835101 0.528446734 -0.217335378 -0.167957142 0.983876050 -0.061467916 1.686949961 -0.530672789 -0.037690770 0.846738338 -3.988401758
93794000 0.497063781 0.883668966 0.500000000 0.500000000 0.000000000 0.000000000 0.828438640 0.175953105 0.531723559 -0.231724856 -0.167044997 0.983785450 -0.065285005 1.702704467 -0.534588993 -0.034737144 0.844397962 -4.000779662
93827000 0.497063781 0.883668966 0.500000000 0.500000000 0.000000000 0.000000000 0.826327622 0.176880255 0.534692466 -0.244236643 -0.165933847 0.983721077 -0.068983801 1.716936456 -0.538190126 -0.031720355 0.842226326 -4.012885725
93860000 0.497063781 0.883668966 0.500000000 0.500000000 0.000000000 0.000000000 0.824500740 0.177614182 0.537263215 -0.253847585 -0.164683536 0.983680785 -0.072467208 1.730128836 -0.541366696 -0.028729137 0.840295613 -4.024396989
93894000 0.497063781 0.883668966 0.500000000 0.500000000 0.000000000 0.000000000 0.822685838 0.178117871 0.539872289 -0.263639805 -0.163550884 0.983656466 -0.075306341 1.739617587 -0.544462264 -0.026343130 0.838371575 -4.037124995
93927000 0.497063781 0.883668966 0.500000000 0.500000000 0.000000000 0.000000000 0.820606768 0.178942069 0.542756140 -0.274047092 -0.162889794 0.983556807 -0.077993080 1.745961724 -0.547787726 -0.024407785 0.836261213 -4.051606866
93960000 0.497063781 0.883668966 0.500000000 0.500000000 0.000000000 0.000000000 0.818368196 0.180179641 0.545718610 -0.283882701 -0.162450746 0.983380735 -0.081068628 1.753009941 -0.551256061 -0.022308417 0.834037781 -4.066941209
93994000 0.497063781 0.883668966 0.500000000 0.500000000 0.000000000 0.000000000 0.816768229 0.180415362 0.548032820 -0.291334668 -0.160652712 0.983403504 -0.084310770 1.765332304 -0.554148316 -0.019180600 0.832196951 -4.079900421
94027000 0.497063781 0.883668966 0.500000000 0.500000000 0.000000000 0.000000000 0.814830422 0.180954710 0.550732970 -0.298907354 -0.158972546 0.983362436 -0.087898113 1.780601178 -0.557475686 -0.015929375 0.830040395 -4.093489328
94060000 0.497063781 0.883668966 0.500000000 0.500000000 0.000000000 0.000000000 0.812857628 0.181723118 0.553388774 -0.305908461 -0.157734320 0.983261645 -0.091194168 1.795128735 -0.560698092 -0.013160536 0.827915728 -4.108505560
94094000 0.497063781 0.883668966 0.500000000 0.500000000 0.000000000 0.000000000 0.811447680 0.181672230 0.555470884 -0.311437715 -0.155796707 0.983305633 -0.094007559 1.811979573 -0.563276231 -0.010258320 0.826204956 -4.122967638
94127000 0.497063781 0.883668966 0.500000000 0.500000000 0.000000000 0.000000000 0.810126126 0.182493359 0.557128191 -0.311871483 -0.154445127 0.983181596 -0.097471401 1.831106716 -0.565546095 -0.007081609 0.824686289 -4.137663711
94161000 0.497063781 0.883668966 0.500000000 0.500000000 0.000000000 0.000000000 0.808631897 0.183255360 0.559045553 -0.313762290 -0.152458534 0.983060837 -0.101723954 1.858072799 -0.568217218 -0.002974028 0.822873235 -4.148768045
