https://www.youtube.com/watch?v=8qA6kYTa30k
203703500 0.470703731 0.836806635 0.500000000 0.500000000 0.000000000 0.000000000 0.998296678 -0.001819344 0.058313139 -0.028395581 0.001833463 0.999998331 -0.000188636 0.026564692 -0.058312695 0.000295229 0.998298347 -0.463435328
203736867 0.470703731 0.836806635 0.500000000 0.500000000 0.000000000 0.000000000 0.998047948 -0.002249140 0.062411841 -0.034291476 0.002286380 0.999997258 -0.000525272 0.029157470 -0.062410489 0.000666944 0.998050332 -0.485174921
203770233 0.470703731 0.836806635 0.500000000 0.500000000 0.000000000 0.000000000 0.997812033 -0.003077450 0.066042706 -0.038050779 0.003121162 0.999994993 -0.000558717 0.030455975 -0.066040657 0.000763625 0.997816622 -0.505853795
203803600 0.470703731 0.836806635 0.500000000 0.500000000 0.000000000 0.000000000 0.997535348 -0.003529791 0.070077062 -0.043112092 0.003595429 0.999993205 -0.000810550 0.032668257 -0.070073724 0.001060509 0.997541249 -0.526480541
203836967 0.470703731 0.836806635 0.500000000 0.500000000 0.000000000 0.000000000 0.997257113 -0.003584555 0.073928200 -0.048105635 0.003679106 0.999992549 -0.001142808 0.035475911 -0.073923558 0.001411663 0.997262895 -0.545692825
203870333 0.470703731 0.836806635 0.500000000 0.500000000 0.000000000 0.000000000 0.996970415 -0.003865690 0.077685453 -0.052756252 0.004006006 0.999990642 -0.001650448 0.038329848 -0.077678345 0.001956657 0.996976554 -0.565359289
203903700 0.470703731 0.836806635 0.500000000 0.500000000 0.000000000 0.000000000 0.996676147 -0.004039108 0.081365362 -0.056690048 0.004220234 0.999988973 -0.002054221 0.041522621 -0.081356168 0.002390774 0.996682227 -0.586352673
203937067 0.470703731 0.836806635 0.500000000 0.500000000 0.000000000 0.000000000 0.996345043 -0.004533608 0.085299760 -0.062421605 0.004752322 0.999985933 -0.002361183 0.044089633 -0.085287862 0.002757925 0.996352553 -0.606994158
203970433 0.470703731 0.836806635 0.500000000 0.500000000 0.000000000 0.000000000 0.995984435 -0.005183186 0.089376435 -0.067938870 0.005427850 0.999982178 -0.002494622 0.046217197 -0.089361914 0.002969727 0.995994806 -0.627851519
204003800 0.470703731 0.836806635 0.500000000 0.500000000 0.000000000 0.000000000 0.995608807 -0.005897872 0.093425438 -0.073181312 0.006159653 0.999977887 -0.002513914 0.047982633 -0.093408540 0.003078343 0.995623112 -0.648261654
204037167 0.470703731 0.836806635 0.500000000 0.500000000 0.000000000 0.000000000 0.995256424 -0.006101674 0.097094841 -0.076189464 0.006363692 0.999976873 -0.002389137 0.049478929 -0.097078018 0.002995685 0.995272279 -0.665974952
204070533 0.470703731 0.836806635 0.500000000 0.500000000 0.000000000 0.000000000 0.994895458 -0.005986319 0.100733280 -0.079231161 0.006289481 0.999976575 -0.002692231 0.052518619 -0.100714810 0.003312049 0.994909823 -0.684573359
204103900 0.470703731 0.836806635 0.500000000 0.500000000 0.000000000 0.000000000 0.994507492 -0.005814845 0.104503803 -0.083097271 0.006156534 0.999976695 -0.002947355 0.055542966 -0.104484230 0.003574548 0.994520128 -0.704769795
204137267 0.470703731 0.836806635 0.500000000 0.500000000 0.000000000 0.000000000 0.994077682 -0.006008070 0.108505502 -0.087210738 0.006403424 0.999974072 -0.003295557 0.058779664 -0.108482890 0.003970847 0.994090378 -0.727295928
204170633 0.470703731 0.836806635 0.500000000 0.500000000 0.000000000 0.000000000 0.993664384 -0.006264315 0.112213559 -0.089898069 0.006676474 0.999972284 -0.003297577 0.060858817 -0.112189792 0.004025876 0.993678629 -0.749273540
204204000 0.470703731 0.836806635 0.500000000 0.500000000 0.000000000 0.000000000 0.993266165 -0.006292568 0.115683854 -0.092716633 0.006740119 0.999971211 -0.003477976 0.063405566 -0.115658641 0.004234279 0.993279994 -0.769901804
204237367 0.470703731 0.836806635 0.500000000 0.500000000 0.000000000 0.000000000 0.992868602 -0.006539689 0.119034283 -0.094390324 0.007019776 0.999968827 -0.003614333 0.066286376 -0.119006939 0.004424152 0.992883563 -0.791110081
204270733 0.470703731 0.836806635 0.500000000 0.500000000 0.000000000 0.000000000 0.992444038 -0.006790216 0.122510120 -0.097053810 0.007259644 0.999967933 -0.003385781 0.067412691 -0.122483194 0.004249577 0.992461503 -0.812578895
204304100 0.470703731 0.836806635 0.500000000 0.500000000 0.000000000 0.000000000 0.992049992 -0.006851721 0.125657514 -0.097943384 0.007331827 0.999967456 -0.003358667 0.069677260 -0.125630409 0.004253265 0.992067993 -0.833319348
204337467 0.470703731 0.836806635 0.500000000 0.500000000 0.000000000 0.000000000 0.991635680 -0.007382013 0.128857136 -0.099375258 0.007847895 0.999964356 -0.003108111 0.070855917 -0.128829598 0.004093371 0.991658270 -0.853361212
204370833 0.470703731 0.836806635 0.500000000 0.500000000 0.000000000 0.000000000 0.991299748 -0.007774960 0.131393731 -0.098757123 0.008227273 0.999961972 -0.002899904 0.072829648 -0.131366193 0.003955686 0.991326034 -0.873390914
204404200 0.470703731 0.836806635 0.500000000 0.500000000 0.000000000 0.000000000 0.991026819 -0.007742540 0.133438870 -0.097118930 0.008177692 0.999962866 -0.002713300 0.074361766 -0.133412912 0.003780175 0.991053343 -0.891203197
204437567 0.470703731 0.836806635 0.500000000 0.500000000 0.000000000 0.000000000 0.990778625 -0.007778092 0.135267347 -0.094776204 0.008193750 0.999963284 -0.002516391 0.075433012 -0.135242805 0.003601534 0.990805924 -0.909694199
204470933 0.470703731 0.836806635 0.500000000 0.500000000 0.000000000 0.000000000 0.990524650 -0.007778239 0.137114525 -0.092166343 0.008178067 0.999963820 -0.002352925 0.076998532 -0.137091249 0.003451962 0.990552425 -0.929127393
204504300 0.470703731 0.836806635 0.500000000 0.500000000 0.000000000 0.000000000 0.990323603 -0.007912012 0.138551474 -0.087581314 0.008279588 0.999963582 -0.002076834 0.077626360 -0.138529986 0.003203887 0.990353048 -0.948846119
204537667 0.470703731 0.836806635 0.500000000 0.500000000 0.000000000 0.000000000 0.990112722 -0.008343413 0.140025631 -0.084094463 0.008692360 0.999960423 -0.001880612 0.079053735 -0.140004396 0.003079171 0.990146101 -0.968469213
204571033 0.470703731 0.836806635 0.500000000 0.500000000 0.000000000 0.000000000 0.989916205 -0.008547012 0.141395912 -0.080508575 0.008881050 0.999959052 -0.001731550 0.081092335 -0.141375318 0.002969833 0.989951611 -0.987239363
204604400 0.470703731 0.836806635 0.500000000 0.500000000 0.000000000 0.000000000 0.989744067 -0.008832725 0.142578781 -0.076111429 0.009137685 0.999957144 -0.001484254 0.082075754 -0.142559558 0.002771872 0.989782333 -1.006834216
204637767 0.470703731 0.836806635 0.500000000 0.500000000 0.000000000 0.000000000 0.989609122 -0.008931639 0.143506318 -0.071264184 0.009246744 0.999956071 -0.001528960 0.084707039 -0.143486351 0.002840039 0.989648223 -1.025428367
204671133 0.470703731 0.836806635 0.500000000 0.500000000 0.000000000 0.000000000 0.989396334 -0.009043195 0.144959077 -0.068572367 0.009354867 0.999955177 -0.001468555 0.087464092 -0.144939288 0.002809056 0.989436567 -1.046695178
204704500 0.470703731 0.836806635 0.500000000 0.500000000 0.000000000 0.000000000 0.989190161 -0.008933848 0.146365970 -0.066142110 0.009265581 0.999955833 -0.001584859 0.090613292 -0.146345347 0.002923893 0.989229262 -1.068115569
204737867 0.470703731 0.836806635 0.500000000 0.500000000 0.000000000 0.000000000 0.989073753 -0.008824503 0.147157237 -0.061800156 0.009179879 0.999956369 -0.001735958 0.093058907 -0.147135496 0.003067876 0.989111602 -1.085631393
204771233 0.470703731 0.836806635 0.500000000 0.500000000 0.000000000 0.000000000 0.988940895 -0.008603265 0.148060307 -0.057834427 0.008959481 0.999958336 -0.001739090 0.095284109 -0.148039177 0.003046401 0.988976777 -1.104507707
204804600 0.470703731 0.836806635 0.500000000 0.500000000 0.000000000 0.000000000 0.988890469 -0.008242891 0.148417264 -0.052903174 0.008623186 0.999960959 -0.001919030 0.098086721 -0.148395658 0.003177540 0.988922954 -1.122912733
204837967 0.470703731 0.836806635 0.500000000 0.500000000 0.000000000 0.000000000 0.988819122 -0.008150848 0.148896948 -0.049382593 0.008539574 0.999961615 -0.001971563 0.100145146 -0.148875162 0.003221036 0.988850772 -1.141694432
204871333 0.470703731 0.836806635 0.500000000 0.500000000 0.000000000 0.000000000 0.988739729 -0.007971365 0.149433121 -0.045724918 0.008386988 0.999962509 -0.002151347 0.102909024 -0.149410382 0.003380416 0.988769472 -1.159625426
204904700 0.470703731 0.836806635 0.500000000 0.500000000 0.000000000 0.000000000 0.988713562 -0.007545336 0.149628177 -0.040655191 0.007941454 0.999966383 -0.002050023 0.104698740 -0.149607673 0.003215150 0.988740206 -1.177292721
204938067 0.470703731 0.836806635 0.500000000 0.500000000 0.000000000 0.000000000 0.988657296 -0.007185229 0.150016993 -0.037043126 0.007574975 0.999969244 -0.002026745 0.106394823 -0.149997815 0.003140131 0.988681316 -1.195533975
204971433 0.470703731 0.836806635 0.500000000 0.500000000 0.000000000 0.000000000 0.988607049 -0.007048578 0.150354207 -0.033168425 0.007455494 0.999969900 -0.002142863 0.108809090 -0.150334582 0.003239414 0.988629878 -1.214846685
205004800 0.470703731 0.836806635 0.500000000 0.500000000 0.000000000 0.000000000 0.988582194 -0.006704823 0.150533319 -0.029013617 0.007091159 0.999972820 -0.002029805 0.110426733 -0.150515616 0.003074085 0.988602877 -1.233248691
205038167 0.470703731 0.836806635 0.500000000 0.500000000 0.000000000 0.000000000 0.988511205 -0.006543868 0.151005760 -0.025000804 0.006867553 0.999975085 -0.001622109 0.111362960 -0.150991395 0.002640513 0.988531530 -1.253217236
205071533 0.470703731 0.836806635 0.500000000 0.500000000 0.000000000 0.000000000 0.988445699 -0.006388371 0.151440725 -0.021379399 0.006639260 0.999977291 -0.001151090 0.112305362 -0.151429936 0.002143244 0.988465667 -1.273743776
205104900 0.470703731 0.836806635 0.500000000 0.500000000 0.000000000 0.000000000 0.988426745 -0.006279724 0.151568815 -0.017612477 0.006466636 0.999978840 -0.000740292 0.113384354 -0.151560947 0.001711865 0.988446414 -1.293658200
205138267 0.470703731 0.836806635 0.500000000 0.500000000 0.000000000 0.000000000 0.988364756 -0.006137146 0.151978478 -0.014246635 0.006245895 0.999980450 -0.000238165 0.114157608 -0.151974037 0.001184635 0.988383770 -1.313452967
205171633 0.470703731 0.836806635 0.500000000 0.500000000 0.000000000 0.000000000 0.988362849 -0.005640468 0.152009889 -0.010349020 0.005662167 0.999983907 0.000290128 0.114494115 -0.152009085 0.000573954 0.988378942 -1.332308988
205205000 0.470703731 0.836806635 0.500000000 0.500000000 0.000000000 0.000000000 0.988286555 -0.004898436 0.152530953 -0.007289479 0.004857980 0.999988019 0.000637907 0.115760524 -0.152532250 0.000110557 0.988298476 -1.353022593
205238367 0.470703731 0.836806635 0.500000000 0.500000000 0.000000000 0.000000000 0.988343537 -0.004348232 0.152177930 -0.001368490 0.004260888 0.999990523 0.000900060 0.116537763 -0.152180389 -0.000241155 0.988352716 -1.371229587
205271733 0.470703731 0.836806635 0.500000000 0.500000000 0.000000000 0.000000000 0.988446951 -0.003946846 0.151515797 0.005571596 0.003815102 0.999992073 0.001160197 0.117016259 -0.151519179 -0.000568745 0.988454163 -1.389800504
205305100 0.470703731 0.836806635 0.500000000 0.500000000 0.000000000 0.000000000 0.988576591 -0.003670193 0.150674567 0.013240604 0.003510137 0.999992967 0.001328212 0.118418030 -0.150678381 -0.000784151 0.988582551 -1.407598413
205338467 0.470703731 0.836806635 0.500000000 0.500000000 0.000000000 0.000000000 0.988774836 -0.002908042 0.149384871 0.022690373 0.002734749 0.999995351 0.001365451 0.119871289 -0.149388134 -0.000941594 0.988778174 -1.424123814
205371833 0.470703731 0.836806635 0.500000000 0.500000000 0.000000000 0.000000000 0.989003718 -0.002317168 0.147872373 0.032521965 0.002146972 0.999996841 0.001310575 0.122464068 -0.147874951 -0.000978685 0.989005566 -1.439334338
205405200 0.470703731 0.836806635 0.500000000 0.500000000 0.000000000 0.000000000 0.989299655 -0.001844193 0.145886347 0.044712526 0.001687380 0.999997854 0.001198633 0.125491126 -0.145888239 -0.000939642 0.989300609 -1.453603383
205438567 0.470703731 0.836806635 0.500000000 0.500000000 0.000000000 0.000000000 0.989539504 -0.001738295 0.144251600 0.054679605 0.001619105 0.999998271 0.000943658 0.129609339 -0.144252986 -0.000700229 0.989540577 -1.467469757
205471933 0.470703731 0.836806635 0.500000000 0.500000000 0.000000000 0.000000000 0.989556372 -0.001803773 0.144134924 0.058151809 0.001709344 0.999998212 0.000778973 0.133937657 -0.144136071 -0.000524462 0.989557743 -1.487323978
205505300 0.470703731 0.836806635 0.500000000 0.500000000 0.000000000 0.000000000 0.989603758 -0.001317681 0.143814564 0.064055645 0.001183796 0.999998808 0.001016517 0.136202902 -0.143815726 -0.000835702 0.989604115 -1.505226287
205538667 0.470703731 0.836806635 0.500000000 0.500000000 0.000000000 0.000000000 0.989690185 -0.000748788 0.143222809 0.071045208 0.000600075 0.999999225 0.001081524 0.139269352 -0.143223509 -0.000984429 0.989689887 -1.526931373
205572033 0.470703731 0.836806635 0.500000000 0.500000000 0.000000000 0.000000000 0.989943147 -0.000306445 0.141465530 0.081761985 0.000183734 0.999999583 0.000880491 0.142779793 -0.141465738 -0.000845644 0.989942789 -1.544443959
205605400 0.470703731 0.836806635 0.500000000 0.500000000 0.000000000 0.000000000 0.990130424 -0.000496103 0.140148208 0.091046882 0.000413561 0.999999702 0.000618085 0.147143972 -0.140148461 -0.000554025 0.990130365 -1.563769812
205638767 0.470703731 0.836806635 0.500000000 0.500000000 0.000000000 0.000000000 0.990363121 -0.000008151 0.138495237 0.101073064 -0.000022217 1.000000000 0.000217726 0.151080979 -0.138495237 -0.000218705 0.990363061 -1.580084956
205672133 0.470703731 0.836806635 0.500000000 0.500000000 0.000000000 0.000000000 0.990583777 0.000441977 0.136907205 0.110688664 -0.000435422 0.999999881 -0.000077829 0.154980014 -0.136907220 0.000017484 0.990583897 -1.596359521
205705500 0.470703731 0.836806635 0.500000000 0.500000000 0.000000000 0.000000000 0.990825176 0.000939146 0.135146752 0.121071873 -0.000938874 0.999999583 -0.000065744 0.156876790 -0.135146752 -0.000061745 0.990825593 -1.613368095
205738867 0.470703731 0.836806635 0.500000000 0.500000000 0.000000000 0.000000000 0.991001666 0.001315183 0.133842990 0.130290542 -0.001324586 0.999999106 -0.000018784 0.159252339 -0.133842900 -0.000158672 0.991002560 -1.630609104
205772233 0.470703731 0.836806635 0.500000000 0.500000000 0.000000000 0.000000000 0.991174877 0.001457106 0.132552579 0.139517314 -0.001475672 0.999998927 0.000041829 0.161391676 -0.132552370 -0.000237064 0.991175950 -1.649828969
205805600 0.470703731 0.836806635 0.500000000 0.500000000 0.000000000 0.000000000 0.991327047 0.001405078 0.131410584 0.148827557 -0.001416675 0.999998987 -0.000005242 0.164533779 -0.131410465 -0.000180970 0.991328001 -1.673618366
205838967 0.470703731 0.836806635 0.500000000 0.500000000 0.000000000 0.000000000 0.991492391 0.001624331 0.130154565 0.158711147 -0.001614375 0.999998689 -0.000182002 0.167807437 -0.130154684 -0.000029664 0.991493702 -1.693265896
205872333 0.470703731 0.836806635 0.500000000 0.500000000 0.000000000 0.000000000 0.991629958 0.001869254 0.129098862 0.168114334 -0.001879001 0.999998212 -0.000046297 0.169787970 -0.129098728 -0.000196667 0.991631746 -1.713523822
205905700 0.470703731 0.836806635 0.500000000 0.500000000 0.000000000 0.000000000 0.991790354 0.001866091 0.127860844 0.179006691 -0.001897030 0.999998212 0.000120201 0.172003242 -0.127860397 -0.000361770 0.991792083 -1.736334626
205939067 0.470703731 0.836806635 0.500000000 0.500000000 0.000000000 0.000000000 0.991923690 0.002048314 0.126819551 0.188990523 -0.002087812 0.999997795 0.000178532 0.174034788 -0.126818895 -0.000441866 0.991925776 -1.758802432
205972433 0.470703731 0.836806635 0.500000000 0.500000000 0.000000000 0.000000000 0.992086947 0.001964911 0.125537187 0.200553222 -0.002024048 0.999997914 0.000343520 0.175604310 -0.125536248 -0.000594895 0.992088854 -1.782285543
206005800 0.470703731 0.836806635 0.500000000 0.500000000 0.000000000 0.000000000 0.992246926 0.001740483 0.124269880 0.212495551 -0.001797860 0.999998331 0.000349565 0.177913215 -0.124269061 -0.000570275 0.992248416 -1.805684719
206039167 0.470703731 0.836806635 0.500000000 0.500000000 0.000000000 0.000000000 0.992419481 0.001799613 0.122883268 0.225297633 -0.001848772 0.999998271 0.000286020 0.180036256 -0.122882538 -0.000511035 0.992421091 -1.829032861
206072533 0.470703731 0.836806635 0.500000000 0.500000000 0.000000000 0.000000000 0.992605746 0.001823841 0.121369220 0.239620600 -0.001874651 0.999998212 0.000304454 0.181561168 -0.121368445 -0.000529728 0.992607355 -1.853949531
206105900 0.470703731 0.836806635 0.500000000 0.500000000 0.000000000 0.000000000 0.992759049 0.001944946 0.120106913 0.252972717 -0.001996077 0.999997973 0.000305406 0.183227818 -0.120106071 -0.000542937 0.992760897 -1.879485968
206139267 0.470703731 0.836806635 0.500000000 0.500000000 0.000000000 0.000000000 0.992908239 0.002111569 0.118864715 0.266406252 -0.002151124 0.999997675 0.000204478 0.185666361 -0.118864007 -0.000458720 0.992910445 -1.903591313
206172633 0.470703731 0.836806635 0.500000000 0.500000000 0.000000000 0.000000000 0.993122578 0.002457352 0.117053613 0.282915546 -0.002471217 0.999996960 -0.000026686 0.187981399 -0.117053322 -0.000262762 0.993125618 -1.928575795
206206000 0.470703731 0.836806635 0.500000000 0.500000000 0.000000000 0.000000000 0.993337691 0.002964853 0.115201861 0.300082295 -0.002969088 0.999995589 -0.000134829 0.189857896 -0.115201749 -0.000208114 0.993342102 -1.953985345
206239367 0.470703731 0.836806635 0.500000000 0.500000000 0.000000000 0.000000000 0.993557870 0.003706757 0.113265015 0.317768680 -0.003705247 0.999993086 -0.000223842 0.191318109 -0.113265067 -0.000197274 0.993564785 -1.978890245
206272733 0.470703731 0.836806635 0.500000000 0.500000000 0.000000000 0.000000000 0.993750870 0.004016267 0.111548588 0.333806972 -0.004004770 0.999991953 -0.000327132 0.194661040 -0.111548997 -0.000121639 0.993758917 -1.999198694
206306100 0.470703731 0.836806635 0.500000000 0.500000000 0.000000000 0.000000000 0.993962407 0.003854885 0.109653503 0.350521018 -0.003837979 0.999992549 -0.000365233 0.197566868 -0.109654099 -0.000057820 0.993969798 -2.022704635
206339467 0.470703731 0.836806635 0.500000000 0.500000000 0.000000000 0.000000000 0.994123936 0.003918016 0.108176820 0.364801117 -0.003878443 0.999992311 -0.000576214 0.201510069 -0.108178243 0.000153271 0.994131505 -2.046833092
206372833 0.470703731 0.836806635 0.500000000 0.500000000 0.000000000 0.000000000 0.994346380 0.004001130 0.106109530 0.382284569 -0.003953345 0.999991953 -0.000660676 0.203500187 -0.106111325 0.000237454 0.994354248 -2.073305179
206406200 0.470703731 0.836806635 0.500000000 0.500000000 0.000000000 0.000000000 0.994562089 0.004802989 0.104034729 0.398954759 -0.004738120 0.999988377 -0.000870653 0.205229242 -0.104037702 0.000372989 0.994573295 -2.096812252
206439567 0.470703731 0.836806635 0.500000000 0.500000000 0.000000000 0.000000000 0.994769931 0.005026285 0.102017529 0.414372506 -0.004929840 0.999987125 -0.001197485 0.208215406 -0.102022231 0.000688292 0.994781852 -2.117856516
206472933 0.470703731 0.836806635 0.500000000 0.500000000 0.000000000 0.000000000 0.994946301 0.004984378 0.100284576 0.429261238 -0.004872260 0.999987185 -0.001362888 0.210820036 -0.100290090 0.000867387 0.994957864 -2.141397794
206506300 0.470703731 0.836806635 0.500000000 0.500000000 0.000000000 0.000000000 0.995127082 0.005317990 0.098457344 0.443393231 -0.005199611 0.999985397 -0.001458898 0.212555845 -0.098463669 0.000939849 0.995140195 -2.163372997
206539667 0.470703731 0.836806635 0.500000000 0.500000000 0.000000000 0.000000000 0.995291889 0.005218490 0.096782051 0.456468929 -0.005112929 0.999986053 -0.001338684 0.213680306 -0.096787684 0.000837542 0.995304704 -2.183495748
206573033 0.470703731 0.836806635 0.500000000 0.500000000 0.000000000 0.000000000 0.995447993 0.005224848 0.095163092 0.469371288 -0.005119626 0.999985993 -0.001349827 0.215511727 -0.095168814 0.000856483 0.995460808 -2.203182091
206606400 0.470703731 0.836806635 0.500000000 0.500000000 0.000000000 0.000000000 0.995599568 0.005549963 0.093545139 0.481945582 -0.005470148 0.999984443 -0.001109611 0.215326841 -0.093549840 0.000593023 0.995614409 -2.222870789
206639767 0.470703731 0.836806635 0.500000000 0.500000000 0.000000000 0.000000000 0.995723188 0.005681657 0.092212081 0.492590605 -0.005615476 0.999983728 -0.000977144 0.216377361 -0.092216134 0.000455150 0.995738924 -2.242458885
206673133 0.470703731 0.836806635 0.500000000 0.500000000 0.000000000 0.000000000 0.995856524 0.005582127 0.090766646 0.503509118 -0.005545743 0.999984384 -0.000653046 0.215965907 -0.090768874 0.000146972 0.995871961 -2.262853431
206706500 0.470703731 0.836806635 0.500000000 0.500000000 0.000000000 0.000000000 0.995946527 0.005991206 0.089747772 0.511740695 -0.005975801 0.999982059 -0.000440352 0.215069505 -0.089748800 -0.000097747 0.995964408 -2.283047112
206739867 0.470703731 0.836806635 0.500000000 0.500000000 0.000000000 0.000000000 0.996051908 0.006062011 0.088565633 0.520809162 -0.006035809 0.999981642 -0.000563658 0.216551604 -0.088567421 0.000026868 0.996070206 -2.302018799
206773233 0.470703731 0.836806635 0.500000000 0.500000000 0.000000000 0.000000000 0.996131241 0.006560542 0.087632790 0.528773688 -0.006542261 0.999978483 -0.000495823 0.216782603 -0.087634154 -0.000079412 0.996152699 -2.321073430
206806600 0.470703731 0.836806635 0.500000000 0.500000000 0.000000000 0.000000000 0.996226072 0.006536118 0.086550176 0.536960734 -0.006541759 0.999978602 -0.000218450 0.216153521 -0.086549751 -0.000348565 0.996247470 -2.341078059
206839967 0.470703731 0.836806635 0.500000000 0.500000000 0.000000000 0.000000000 0.996287942 0.007079592 0.085791655 0.543540116 -0.007079257 0.999974906 -0.000308145 0.217434898 -0.085791677 -0.000300340 0.996313035 -2.359050762
206873333 0.470703731 0.836806635 0.500000000 0.500000000 0.000000000 0.000000000 0.996348917 0.007197695 0.085070424 0.548999093 -0.007163865 0.999974072 -0.000702944 0.220453606 -0.085073285 0.000090945 0.996374667 -2.377220867
206906700 0.470703731 0.836806635 0.500000000 0.500000000 0.000000000 0.000000000 0.996414602 0.007639162 0.084259242 0.555172889 -0.007602160 0.999970794 -0.000759984 0.220214454 -0.084262587 0.000116707 0.996443570 -2.397483246
206940067 0.470703731 0.836806635 0.500000000 0.500000000 0.000000000 0.000000000 0.996472657 0.008314586 0.083505109 0.560772569 -0.008228630 0.999965191 -0.001373476 0.223419122 -0.083513618 0.000681499 0.996506393 -2.414256016
206973433 0.470703731 0.836806635 0.500000000 0.500000000 0.000000000 0.000000000 0.996549726 0.008804021 0.082529500 0.567192507 -0.008684660 0.999960661 -0.001805167 0.225374871 -0.082542144 0.001082198 0.996586978 -2.432501824
207006800 0.470703731 0.836806635 0.500000000 0.500000000 0.000000000 0.000000000 0.996605098 0.009756502 0.081750251 0.571933528 -0.009592756 0.999951124 -0.002395540 0.227837830 -0.081769630 0.001603197 0.996649981 -2.450002357
207040167 0.470703731 0.836806635 0.500000000 0.500000000 0.000000000 0.000000000 0.996697843 0.009542268 0.080637179 0.579887121 -0.009342554 0.999952257 -0.002853632 0.231157598 -0.080660567 0.002090852 0.996739447 -2.468870587
207073533 0.470703731 0.836806635 0.500000000 0.500000000 0.000000000 0.000000000 0.996771574 0.010703755 0.079572871 0.586454677 -0.010479567 0.999939859 -0.003234471 0.232386852 -0.079602711 0.002390139 0.996823788 -2.486185048
207106900 0.470703731 0.836806635 0.500000000 0.500000000 0.000000000 0.000000000 0.996875763 0.010013633 0.078347884 0.593161352 -0.009781404 0.999946535 -0.003347295 0.235472549 -0.078377217 0.002570485 0.996920466 -2.502347564
207140267 0.470703731 0.836806635 0.500000000 0.500000000 0.000000000 0.000000000 0.996953249 0.011081112 0.077210017 0.599509975 -0.010837254 0.999934852 -0.003576660 0.236747772 -0.077244624 0.002729018 0.997008443 -2.520414148
207173633 0.470703731 0.836806635 0.500000000 0.500000000 0.000000000 0.000000000 0.997051179 0.011479331 0.075876072 0.606430275 -0.011197288 0.999928713 -0.004141551 0.239663590 -0.075918205 0.003279732 0.997108638 -2.536311569
207207000 0.470703731 0.836806635 0.500000000 0.500000000 0.000000000 0.000000000 0.997183144 0.011095422 0.074180119 0.615062584 -0.010784435 0.999931276 -0.004591568 0.244201144 -0.074225970 0.003778644 0.997234285 -2.551139999
207240367 0.470703731 0.836806635 0.500000000 0.500000000 0.000000000 0.000000000 0.997276545 0.012082711 0.072756678 0.622212185 -0.011777816 0.999919951 -0.004618193 0.243879722 -0.072806649 0.003748700 0.997339010 -2.568208433
207273733 0.470703731 0.836806635 0.500000000 0.500000000 0.000000000 0.000000000 0.997403502 0.011693570 0.071060285 0.630204551 -0.011377159 0.999923468 -0.004855840 0.247327249 -0.071111634 0.004034767 0.997460186 -2.583420129
207307100 0.470703731 0.836806635 0.500000000 0.500000000 0.000000000 0.000000000 0.997532725 0.011691303 0.069222450 0.639343981 -0.011361399 0.999922156 -0.005157655 0.249694268 -0.069277361 0.004358466 0.997587919 -2.600276377
207340467 0.470703731 0.836806635 0.500000000 0.500000000 0.000000000 0.000000000 0.997657418 0.012181259 0.067315318 0.648800268 -0.011821607 0.999913633 -0.005738574 0.253089030 -0.067379408 0.004929355 0.997715235 -2.616161476
207373833 0.470703731 0.836806635 0.500000000 0.500000000 0.000000000 0.000000000 0.997767448 0.012032451 0.065691300 0.656561381 -0.011661647 0.999913871 -0.006025202 0.256181117 -0.065758139 0.005245681 0.997821808 -2.632919374
207407200 0.470703731 0.836806635 0.500000000 0.500000000 0.000000000 0.000000000 0.997889280 0.011558326 0.063901111 0.666026807 -0.011200671 0.999919534 -0.005952429 0.257877015 -0.063964769 0.005224131 0.997938454 -2.651160002
207440567 0.470703731 0.836806635 0.500000000 0.500000000 0.000000000 0.000000000 0.998001158 0.011270248 0.062182702 0.674774270 -0.010935054 0.999923825 -0.005728178 0.258300224 -0.062242523 0.005036757 0.998048365 -2.668794079
207473933 0.470703731 0.836806635 0.500000000 0.500000000 0.000000000 0.000000000 0.998106658 0.011601977 0.060402468 0.683831600 -0.011266191 0.999919176 -0.005896769 0.260268734 -0.060465995 0.005205099 0.998156667 -2.685337610
207507300 0.470703731 0.836806635 0.500000000 0.500000000 0.000000000 0.000000000 0.998227894 0.011577879 0.058369979 0.694544986 -0.011260787 0.999920011 -0.005758465 0.260234128 -0.058431983 0.005090968 0.998278439 -2.703160432
207540667 0.470703731 0.836806635 0.500000000 0.500000000 0.000000000 0.000000000 0.998355925 0.011455744 0.056162603 0.705972922 -0.011149562 0.999921262 -0.005762029 0.262180147 -0.056224190 0.005126367 0.998404980 -2.718766864
207574033 0.470703731 0.836806635 0.500000000 0.500000000 0.000000000 0.000000000 0.998459756 0.011407016 0.054295402 0.715407620 -0.011116539 0.999922276 -0.005648948 0.263661530 -0.054355618 0.005036670 0.998508930 -2.736249945
207607400 0.470703731 0.836806635 0.500000000 0.500000000 0.000000000 0.000000000 0.998572171 0.011449867 0.052177239 0.726521172 -0.011204098 0.999924719 -0.005000340 0.260838678 -0.052230563 0.004408602 0.998625338 -2.754587225
207640767 0.470703731 0.836806635 0.500000000 0.500000000 0.000000000 0.000000000 0.998687267 0.011160272 0.049991362 0.737220269 -0.010912773 0.999926805 -0.005221051 0.264633211 -0.050045975 0.004668653 0.998736024 -2.769193611
207674133 0.470703731 0.836806635 0.500000000 0.500000000 0.000000000 0.000000000 0.998821676 0.011674020 0.047105413 0.751563693 -0.011429472 0.999919772 -0.005457526 0.265042808 -0.047165345 0.004912705 0.998875022 -2.781631252
207707500 0.470703731 0.836806635 0.500000000 0.500000000 0.000000000 0.000000000 0.998949409 0.012337226 0.044134490 0.765583003 -0.012087734 0.999909461 -0.005915418 0.267087336 -0.044203471 0.005375717 0.999008060 -2.790513833
207740867 0.470703731 0.836806635 0.500000000 0.500000000 0.000000000 0.000000000 0.999060392 0.012468978 0.041507516 0.778118492 -0.012254266 0.999910235 -0.005423282 0.265451939 -0.041571409 0.004909542 0.999123454 -2.802156715
207774233 0.470703731 0.836806635 0.500000000 0.500000000 0.000000000 0.000000000 0.999158204 0.012192384 0.039169990 0.789287561 -0.012013314 0.999916315 -0.004803762 0.263250087 -0.039225280 0.004329157 0.999221027 -2.814995342
207807600 0.470703731 0.836806635 0.500000000 0.500000000 0.000000000 0.000000000 0.999270022 0.012410569 0.036129661 0.804598017 -0.012233135 0.999912024 -0.005127969 0.264844923 -0.036190126 0.004682247 0.999333978 -2.826556208
207840967 0.470703731 0.836806635 0.500000000 0.500000000 0.000000000 0.000000000 0.999366045 0.012979310 0.033151314 0.818068048 -0.012795147 0.999901533 -0.005761344 0.268361228 -0.033222828 0.005333516 0.999433756 -2.833917313
207874333 0.470703731 0.836806635 0.500000000 0.500000000 0.000000000 0.000000000 0.999468803 0.013838599 0.029506179 0.835179527 -0.013655804 0.999886334 -0.006387712 0.270882200 -0.029591223 0.005981389 0.999544203 -2.838177404
207907700 0.470703731 0.836806635 0.500000000 0.500000000 0.000000000 0.000000000 0.999554813 0.013754986 0.026476938 0.851044220 -0.013597631 0.999888837 -0.006114028 0.270736966 -0.026558094 0.005751282 0.999630749 -2.847052940
207941067 0.470703731 0.836806635 0.500000000 0.500000000 0.000000000 0.000000000 0.999646723 0.014004993 0.022590326 0.869360678 -0.013849193 0.999879301 -0.007038520 0.276408178 -0.022686174 0.006723176 0.999720037 -2.849629845
207974433 0.470703731 0.836806635 0.500000000 0.500000000 0.000000000 0.000000000 0.999727905 0.014204326 0.018504394 0.890814730 -0.014066241 0.999872386 -0.007571212 0.278820308 -0.018609578 0.007308865 0.999800086 -2.851635484
208007800 0.470703731 0.836806635 0.500000000 0.500000000 0.000000000 0.000000000 0.999785304 0.013956350 0.015317083 0.907104404 -0.013833174 0.999871373 -0.008118479 0.284359411 -0.015428416 0.007904851 0.999849737 -2.858756446
208041167 0.470703731 0.836806635 0.500000000 0.500000000 0.000000000 0.000000000 0.999826014 0.013756452 0.012596019 0.919202836 -0.013650829 0.999871254 -0.008433310 0.286123013 -0.012710409 0.008259897 0.999885082 -2.867466403
208074533 0.470703731 0.836806635 0.500000000 0.500000000 0.000000000 0.000000000 0.999852300 0.014078352 0.009858476 0.934287894 -0.013985965 0.999858201 -0.009378276 0.291871774 -0.009989109 0.009239010 0.999907434 -2.876165462
208107900 0.470703731 0.836806635 0.500000000 0.500000000 0.000000000 0.000000000 0.999874473 0.013767690 0.007843443 0.942466100 -0.013689806 0.999857306 -0.009898623 0.297246210 -0.007978605 0.009790005 0.999920249 -2.883991195
208141267 0.470703731 0.836806635 0.500000000 0.500000000 0.000000000 0.000000000 0.999885976 0.013736793 0.006272465 0.955035035 -0.013666403 0.999844670 -0.011130256 0.305268740 -0.006424385 0.011043265 0.999918401 -2.886879458
208174633 0.470703731 0.836806635 0.500000000 0.500000000 0.000000000 0.000000000 0.999893904 0.013900955 0.004346561 0.970191303 -0.013848552 0.999833763 -0.011862337 0.307329129 -0.004510736 0.011800885 0.999920189 -2.892836743
208208000 0.470703731 0.836806635 0.500000000 0.500000000 0.000000000 0.000000000 0.999902725 0.013891301 0.001270356 0.985542766 -0.013875736 0.999837220 -0.011534736 0.305261926 -0.001430381 0.011515986 0.999932647 -2.897349271
208241367 0.470703731 0.836806635 0.500000000 0.500000000 0.000000000 0.000000000 0.999897957 0.014242525 -0.001094510 0.995679559 -0.014254362 0.999829948 -0.011698492 0.307563689 0.000927708 0.011712900 0.999930978 -2.901020978
208274733 0.470703731 0.836806635 0.500000000 0.500000000 0.000000000 0.000000000 0.999892712 0.014106809 -0.003949676 1.008576111 -0.014151457 0.999833584 -0.011514080 0.308301257 0.003786591 0.011568738 0.999925911 -2.905291479
208308100 0.470703731 0.836806635 0.500000000 0.500000000 0.000000000 0.000000000 0.999888897 0.013724541 -0.005812010 1.016749474 -0.013789888 0.999840438 -0.011356659 0.310320489 0.005655218 0.011435544 0.999918640 -2.913028794
208341467 0.470703731 0.836806635 0.500000000 0.500000000 0.000000000 0.000000000 0.999876142 0.013296606 -0.008423065 1.028671820 -0.013391240 0.999846697 -0.011280163 0.312783292 0.008271786 0.011391561 0.999900877 -2.919108078
208374833 0.470703731 0.836806635 0.500000000 0.500000000 0.000000000 0.000000000 0.999852359 0.013378763 -0.010780228 1.039247882 -0.013500199 0.999845326 -0.011271735 0.315120865 0.010627759 0.011415606 0.999878347 -2.925031188
208408200 0.470703731 0.836806635 0.500000000 0.500000000 0.000000000 0.000000000 0.999833047 0.013009145 -0.012831751 1.048738667 -0.013149865 0.999853671 -0.010943849 0.315838617 0.012687503 0.011110757 0.999857783 -2.935172313
208441567 0.470703731 0.836806635 0.500000000 0.500000000 0.000000000 0.000000000 0.999807775 0.012839526 -0.014815779 1.056743718 -0.012999577 0.999857605 -0.010757478 0.317746689 0.014675548 0.010948009 0.999832392 -2.947031849
208474933 0.470703731 0.836806635 0.500000000 0.500000000 0.000000000 0.000000000 0.999779522 0.012712498 -0.016711608 1.064887659 -0.012888988 0.999861836 -0.010496020 0.318687144 0.016575867 0.010709102 0.999805272 -2.962198544
208508300 0.470703731 0.836806635 0.500000000 0.500000000 0.000000000 0.000000000 0.999748647 0.012705510 -0.018471759 1.071268853 -0.012892216 0.999866664 -0.010023936 0.317492654 0.018341936 0.010259558 0.999779105 -2.980136182
208541667 0.470703731 0.836806635 0.500000000 0.500000000 0.000000000 0.000000000 0.999709964 0.012769325 -0.020418555 1.079224939 -0.012977165 0.999864995 -0.010079068 0.319877602 0.020287095 0.010341119 0.999740720 -2.995316090
208575033 0.470703731 0.836806635 0.500000000 0.500000000 0.000000000 0.000000000 0.999662101 0.013145920 -0.022425797 1.087599385 -0.013372242 0.999860883 -0.009972078 0.320287864 0.022291584 0.010268591 0.999698758 -3.009243286
208608400 0.470703731 0.836806635 0.500000000 0.500000000 0.000000000 0.000000000 0.999617338 0.013221792 -0.024296310 1.094583954 -0.013468885 0.999858916 -0.010034609 0.322462977 0.024160206 0.010358013 0.999654412 -3.023118656
208641767 0.470703731 0.836806635 0.500000000 0.500000000 0.000000000 0.000000000 0.999564052 0.013345342 -0.026336599 1.101647768 -0.013612787 0.999857306 -0.010001850 0.323882804 0.026199363 0.010356004 0.999603093 -3.041219136
208675133 0.470703731 0.836806635 0.500000000 0.500000000 0.000000000 0.000000000 0.999500573 0.013605086 -0.028522361 1.109507057 -0.013890704 0.999855101 -0.009839713 0.324190593 0.028384358 0.010230994 0.999544740 -3.057200338
208708500 0.470703731 0.836806635 0.500000000 0.500000000 0.000000000 0.000000000 0.999426723 0.013854779 -0.030891020 1.118767969 -0.014159585 0.999852955 -0.009670326 0.324847690 0.030752499 0.010102186 0.999475956 -3.071794192
208741867 0.470703731 0.836806635 0.500000000 0.500000000 0.000000000 0.000000000 0.999349177 0.014142379 -0.033184353 1.127139153 -0.014471176 0.999848366 -0.009688997 0.326681647 0.033042297 0.010162908 0.999402285 -3.085430665
208775233 0.470703731 0.836806635 0.500000000 0.500000000 0.000000000 0.000000000 0.999265552 0.014243746 -0.035573628 1.136338280 -0.014599909 0.999845684 -0.009772344 0.329198787 0.035428945 0.010284538 0.999319255 -3.098290292
208808600 0.470703731 0.836806635 0.500000000 0.500000000 0.000000000 0.000000000 0.999170542 0.014342112 -0.038111594 1.146330616 -0.014733168 0.999841452 -0.009999861 0.332641459 0.037962131 0.010553071 0.999223471 -3.111683756
208841967 0.470703731 0.836806635 0.500000000 0.500000000 0.000000000 0.000000000 0.999076664 0.014617531 -0.040399432 1.154442557 -0.015035262 0.999836385 -0.010055605 0.334677715 0.040245835 0.010653736 0.999132991 -3.125385071
208875333 0.470703731 0.836806635 0.500000000 0.500000000 0.000000000 0.000000000 0.998968959 0.014818493 -0.042911626 1.164643222 -0.015271173 0.999830961 -0.010240569 0.337814338 0.042752624 0.010885322 0.999026358 -3.138484372
208908700 0.470703731 0.836806635 0.500000000 0.500000000 0.000000000 0.000000000 0.998857260 0.014927019 -0.045402069 1.173879288 -0.015405696 0.999829173 -0.010211475 0.339472928 0.045241885 0.010899256 0.998916626 -3.150210294
208942067 0.470703731 0.836806635 0.500000000 0.500000000 0.000000000 0.000000000 0.998733580 0.015167709 -0.047970887 1.183765605 -0.015682800 0.999823153 -0.010379461 0.342325339 0.047804970 0.011118634 0.998794794 -3.161259640
208975433 0.470703731 0.836806635 0.500000000 0.500000000 0.000000000 0.000000000 0.998595536 0.015316010 -0.050718408 1.194950325 -0.015865054 0.999819636 -0.010440480 0.344901147 0.050549351 0.011230467 0.998658419 -3.171553136
209008800 0.470703731 0.836806635 0.500000000 0.500000000 0.000000000 0.000000000 0.998450994 0.015259810 -0.053504817 1.206475829 -0.015843181 0.999819398 -0.010495982 0.347793618 0.053334985 0.011327410 0.998512447 -3.182023068
209042167 0.470703731 0.836806635 0.500000000 0.500000000 0.000000000 0.000000000 0.998317301 0.015164289 -0.055969872 1.215600902 -0.015783248 0.999818921 -0.010633371 0.351053952 0.055798490 0.011498865 0.998375833 -3.192419698
209075533 0.470703731 0.836806635 0.500000000 0.500000000 0.000000000 0.000000000 0.998175442 0.014956411 -0.058498930 1.224840353 -0.015615745 0.999819398 -0.010829994 0.354359018 0.058326390 0.011723737 0.998228729 -3.202907125
209108900 0.470703731 0.836806635 0.500000000 0.500000000 0.000000000 0.000000000 0.998006284 0.015091327 -0.061283503 1.236115882 -0.015788404 0.999815881 -0.010906339 0.356701897 0.061107628 0.011852163 0.998060822 -3.211563619
209142267 0.470703731 0.836806635 0.500000000 0.500000000 0.000000000 0.000000000 0.997833550 0.015106807 -0.064031161 1.247180535 -0.015845120 0.999813497 -0.011038390 0.359347097 0.063852467 0.012029057 0.997886837 -3.218944858
209175633 0.470703731 0.836806635 0.500000000 0.500000000 0.000000000 0.000000000 0.997648954 0.014994085 -0.066871077 1.258920915 -0.015771426 0.999813855 -0.011111717 0.362174269 0.066692024 0.012140245 0.997699738 -3.226117526
209209000 0.470703731 0.836806635 0.500000000 0.500000000 0.000000000 0.000000000 0.997453690 0.014883900 -0.069746643 1.270914867 -0.015706139 0.999813318 -0.011255395 0.365077367 0.069566101 0.012322186 0.997501254 -3.234170117
209242367 0.470703731 0.836806635 0.500000000 0.500000000 0.000000000 0.000000000 0.997245610 0.015065827 -0.072623864 1.283079968 -0.015945530 0.999806166 -0.011548568 0.368763289 0.072435796 0.012674784 0.997292519 -3.240675401
209275733 0.470703731 0.836806635 0.500000000 0.500000000 0.000000000 0.000000000 0.997016609 0.015301418 -0.075655565 1.296337974 -0.016229980 0.999800146 -0.011673941 0.370812849 0.075461812 0.012867002 0.997065663 -3.246738524
