https://www.youtube.com/watch?v=7lQik0uUtYs
91257833 0.479625720 0.852667978 0.500000000 0.500000000 0.000000000 0.000000000 0.991336763 -0.020791581 0.129688814 -0.005243753 0.017620463 0.999518216 0.025551556 0.001190927 -0.130157590 -0.023045020 0.991225481 -0.033625047
91291200 0.479625720 0.852667978 0.500000000 0.500000000 0.000000000 0.000000000 0.990554094 -0.021534210 0.135421053 -0.002568077 0.018102886 0.999484360 0.026518919 0.001622904 -0.135922283 -0.023816912 0.990433156 -0.034266307
91324567 0.479625720 0.852667978 0.500000000 0.500000000 0.000000000 0.000000000 0.989720106 -0.022162026 0.141290218 -0.000072787 0.018490434 0.999457717 0.027246432 0.002542900 -0.141817436 -0.024353825 0.989593208 -0.034848335
91357933 0.479625720 0.852667978 0.500000000 0.500000000 0.000000000 0.000000000 0.988854468 -0.022837564 0.147123352 0.002490910 0.018890992 0.999424696 0.028166724 0.003061290 -0.147681981 -0.025073485 0.988717020 -0.035864335
91391300 0.479625720 0.852667978 0.500000000 0.500000000 0.000000000 0.000000000 0.987976491 -0.023554603 0.152799323 0.005407515 0.019348383 0.999393404 0.028956715 0.003629326 -0.153388694 -0.025652135 0.987832904 -0.036499755
91424667 0.479625720 0.852667978 0.500000000 0.500000000 0.000000000 0.000000000 0.987064660 -0.024434332 0.158449858 0.008753280 0.019938137 0.999353886 0.029904190 0.004174235 -0.159078166 -0.026358174 0.986914098 -0.036908398
91458033 0.479625720 0.852667978 0.500000000 0.500000000 0.000000000 0.000000000 0.986131668 -0.025026141 0.164067090 0.012284532 0.020188831 0.999312818 0.031085439 0.004133247 -0.164732292 -0.027342014 0.985959291 -0.037047672
91491400 0.479625720 0.852667978 0.500000000 0.500000000 0.000000000 0.000000000 0.985095799 -0.025943309 0.170038924 0.014633056 0.020759553 0.999266028 0.032193337 0.003975155 -0.170749322 -0.028183591 0.984911323 -0.037315967
91524767 0.479625720 0.852667978 0.500000000 0.500000000 0.000000000 0.000000000 0.984065473 -0.026695490 0.175791100 0.017866536 0.021261683 0.999238312 0.032722190 0.005467888 -0.176530749 -0.028463162 0.983883500 -0.037906799
91558133 0.479625720 0.852667978 0.500000000 0.500000000 0.000000000 0.000000000 0.982987106 -0.027782882 0.181561276 0.020775810 0.022036606 0.999192715 0.033590600 0.005640984 -0.182347938 -0.029018132 0.982805789 -0.038739816
91591500 0.479625720 0.852667978 0.500000000 0.500000000 0.000000000 0.000000000 0.981916368 -0.028410953 0.187171340 0.024206608 0.022434022 0.999170899 0.033974551 0.006735964 -0.187981412 -0.029161161 0.981739581 -0.038869230
91624867 0.479625720 0.852667978 0.500000000 0.500000000 0.000000000 0.000000000 0.980775833 -0.029432056 0.192905560 0.027165944 0.023178866 0.999132633 0.034593388 0.007204892 -0.193756402 -0.029457027 0.980607331 -0.040365954
91658233 0.479625720 0.852667978 0.500000000 0.500000000 0.000000000 0.000000000 0.979606211 -0.030236330 0.198639050 0.030011275 0.023758810 0.999107897 0.034912970 0.008365775 -0.199517488 -0.029481534 0.979450643 -0.040761053
91691600 0.479625720 0.852667978 0.500000000 0.500000000 0.000000000 0.000000000 0.978419602 -0.031477414 0.204216316 0.033276329 0.024704127 0.999059558 0.035632849 0.008508853 -0.205145895 -0.029818892 0.978277028 -0.040857503
91724967 0.479625720 0.852667978 0.500000000 0.500000000 0.000000000 0.000000000 0.977183640 -0.032573164 0.209883466 0.036328206 0.025502065 0.999015152 0.036310051 0.008628570 -0.210859492 -0.030129125 0.977051973 -0.041680752
91758333 0.479625720 0.852667978 0.500000000 0.500000000 0.000000000 0.000000000 0.975902379 -0.033946872 0.215550721 0.039423515 0.026506808 0.998951972 0.037314821 0.008310924 -0.216591537 -0.030702062 0.975779414 -0.042206544
91791700 0.479625720 0.852667978 0.500000000 0.500000000 0.000000000 0.000000000 0.974563479 -0.035008106 0.221360415 0.041820475 0.027296813 0.998912394 0.037800595 0.009084214 -0.222442999 -0.030796645 0.974459171 -0.043441406
91825067 0.479625720 0.852667978 0.500000000 0.500000000 0.000000000 0.000000000 0.973273277 -0.036111247 0.226793021 0.045284054 0.028132292 0.998869538 0.038316950 0.009774783 -0.227920324 -0.030912656 0.973188937 -0.043715751
91858433 0.479625720 0.852667978 0.500000000 0.500000000 0.000000000 0.000000000 0.971872628 -0.037178922 0.232553869 0.047683349 0.028961634 0.998832941 0.038651314 0.010725432 -0.233719483 -0.030829016 0.971815169 -0.044486166
91891800 0.479625720 0.852667978 0.500000000 0.500000000 0.000000000 0.000000000 0.970549047 -0.038281988 0.237842590 0.051641234 0.029789343 0.998787224 0.039200481 0.011427424 -0.239054799 -0.030960815 0.970512331 -0.045107083
91925167 0.479625720 0.852667978 0.500000000 0.500000000 0.000000000 0.000000000 0.969194412 -0.038930681 0.243200824 0.054868943 0.030186409 0.998760343 0.039580137 0.012180234 -0.244440213 -0.031019486 0.969168067 -0.046027743
91958533 0.479625720 0.852667978 0.500000000 0.500000000 0.000000000 0.000000000 0.967734396 -0.039814837 0.248806983 0.057557456 0.030775363 0.998720884 0.040117584 0.012642412 -0.250086010 -0.031166041 0.967721879 -0.047545182
91991900 0.479625720 0.852667978 0.500000000 0.500000000 0.000000000 0.000000000 0.966309726 -0.040603984 0.254159123 0.060688267 0.031287078 0.998685718 0.040595096 0.013222649 -0.255473405 -0.031275537 0.966310084 -0.048138896
92025267 0.479625720 0.852667978 0.500000000 0.500000000 0.000000000 0.000000000 0.964864254 -0.041216087 0.259496123 0.063822823 0.031629510 0.998657882 0.041012507 0.013999278 -0.260838211 -0.031363767 0.964872897 -0.049240173
92058633 0.479625720 0.852667978 0.500000000 0.500000000 0.000000000 0.000000000 0.963332593 -0.042107482 0.264985383 0.066976732 0.032339785 0.998630762 0.041118708 0.015985727 -0.266353935 -0.031041419 0.963375330 -0.050535812
92092000 0.479625720 0.852667978 0.500000000 0.500000000 0.000000000 0.000000000 0.961821914 -0.042824015 0.270304829 0.070080615 0.032746386 0.998594046 0.041684844 0.016535730 -0.271709919 -0.031241888 0.961871982 -0.052403712
92125367 0.479625720 0.852667978 0.500000000 0.500000000 0.000000000 0.000000000 0.960298777 -0.043626327 0.275541365 0.073540547 0.033336852 0.998564720 0.041918837 0.017985135 -0.276974648 -0.031068925 0.960374832 -0.053152826
92158733 0.479625720 0.852667978 0.500000000 0.500000000 0.000000000 0.000000000 0.958721697 -0.044472281 0.280846864 0.076842347 0.033847678 0.998519897 0.042571086 0.018352838 -0.282324433 -0.031307809 0.958808005 -0.055167032
92192100 0.479625720 0.852667978 0.500000000 0.500000000 0.000000000 0.000000000 0.957017541 -0.045599077 0.286422968 0.079403797 0.034669351 0.998468280 0.043118242 0.019592025 -0.287950397 -0.031334817 0.957132518 -0.058364323
92225467 0.479625720 0.852667978 0.500000000 0.500000000 0.000000000 0.000000000 0.955460727 -0.046394862 0.291448712 0.083604205 0.035230543 0.998434603 0.043441039 0.020944339 -0.293007910 -0.031238310 0.955599546 -0.060846683
92258833 0.479625720 0.852667978 0.500000000 0.500000000 0.000000000 0.000000000 0.953812063 -0.047267094 0.296662092 0.087068052 0.035846651 0.998396039 0.043821953 0.022300291 -0.298257589 -0.031163564 0.953976572 -0.064157610
92292200 0.479625720 0.852667978 0.500000000 0.500000000 0.000000000 0.000000000 0.952142715 -0.048197821 0.301829875 0.090884902 0.036493782 0.998351514 0.044300057 0.023272469 -0.303467482 -0.031165062 0.952332020 -0.067921940
92325567 0.479625720 0.852667978 0.500000000 0.500000000 0.000000000 0.000000000 0.950330675 -0.049126077 0.307340562 0.093524427 0.037190389 0.998313487 0.044576153 0.024901394 -0.309012085 -0.030931970 0.950554967 -0.071684480
92358933 0.479625720 0.852667978 0.500000000 0.500000000 0.000000000 0.000000000 0.948483109 -0.050145783 0.312834173 0.096617176 0.037795544 0.998252630 0.045422554 0.025293659 -0.314565301 -0.031258788 0.948720992 -0.076843616
92392300 0.479625720 0.852667978 0.500000000 0.500000000 0.000000000 0.000000000 0.946608603 -0.050930109 0.318336666 0.100309929 0.038444024 0.998229444 0.045387443 0.027485260 -0.320084631 -0.030726003 0.946890593 -0.082639298
92425667 0.479625720 0.852667978 0.500000000 0.500000000 0.000000000 0.000000000 0.944705009 -0.051989436 0.323773980 0.104234421 0.039168108 0.998173475 0.045995571 0.028473912 -0.325573891 -0.030770630 0.945015788 -0.089124689
92459033 0.479625720 0.852667978 0.500000000 0.500000000 0.000000000 0.000000000 0.942661226 -0.052701741 0.329563946 0.106859142 0.039583601 0.998138666 0.046393801 0.029609911 -0.331395537 -0.030688308 0.942992687 -0.096518929
92492400 0.479625720 0.852667978 0.500000000 0.500000000 0.000000000 0.000000000 0.940687120 -0.053832076 0.334977448 0.110751639 0.040404793 0.998080671 0.046929985 0.030950595 -0.336860865 -0.030611737 0.941056669 -0.103672535
92525767 0.479625720 0.852667978 0.500000000 0.500000000 0.000000000 0.000000000 0.938720226 -0.054697808 0.340312272 0.114129224 0.041023515 0.998040140 0.047253665 0.032605403 -0.342229992 -0.030397167 0.939124405 -0.110220740
92559133 0.479625720 0.852667978 0.500000000 0.500000000 0.000000000 0.000000000 0.936774433 -0.055643704 0.345481545 0.117821940 0.041596990 0.997983396 0.047946107 0.032973618 -0.347452730 -0.030543692 0.937199891 -0.117234359
92592500 0.479625720 0.852667978 0.500000000 0.500000000 0.000000000 0.000000000 0.934756935 -0.056468040 0.350771815 0.121557521 0.042248871 0.997950315 0.048065078 0.035062845 -0.352766991 -0.030109450 0.935226619 -0.123711383
92625867 0.479625720 0.852667978 0.500000000 0.500000000 0.000000000 0.000000000 0.932774544 -0.057640567 0.355821878 0.125310565 0.043054536 0.997880995 0.048783544 0.035816071 -0.357879788 -0.030184304 0.933279693 -0.130148297
92659233 0.479625720 0.852667978 0.500000000 0.500000000 0.000000000 0.000000000 0.930841625 -0.058663003 0.360683382 0.128789460 0.043648493 0.997812867 0.049641505 0.036191376 -0.362806648 -0.030465094 0.931366324 -0.137355207
92692600 0.479625720 0.852667978 0.500000000 0.500000000 0.000000000 0.000000000 0.928783536 -0.059573680 0.365803421 0.132596661 0.044403266 0.997774005 0.049753629 0.038601532 -0.367953151 -0.029967485 0.929361284 -0.145192460
92725967 0.479625720 0.852667978 0.500000000 0.500000000 0.000000000 0.000000000 0.926538348 -0.060587130 0.371289462 0.135348411 0.045026399 0.997711360 0.050445229 0.039722956 -0.373496026 -0.030021612 0.927145839 -0.155307008
92759333 0.479625720 0.852667978 0.500000000 0.500000000 0.000000000 0.000000000 0.924647748 -0.061360601 0.375847578 0.140956732 0.045716282 0.997681677 0.050411094 0.042308767 -0.378069490 -0.029430149 0.925309300 -0.164574756
92792700 0.479625720 0.852667978 0.500000000 0.500000000 0.000000000 0.000000000 0.922553360 -0.062351119 0.380798757 0.144524013 0.046329323 0.997618020 0.051106598 0.043382912 -0.383078247 -0.029506413 0.923244536 -0.173935283
92826067 0.479625720 0.852667978 0.500000000 0.500000000 0.000000000 0.000000000 0.920611143 -0.063076057 0.385352492 0.148404482 0.047042038 0.997594893 0.050906461 0.046737010 -0.387636662 -0.028737290 0.921364188 -0.181191173
92859433 0.479625720 0.852667978 0.500000000 0.500000000 0.000000000 0.000000000 0.918563962 -0.063955516 0.390063971 0.152193929 0.047568902 0.997537494 0.051537547 0.047813378 -0.392399549 -0.028785622 0.919344306 -0.189873492
92892800 0.479625720 0.852667978 0.500000000 0.500000000 0.000000000 0.000000000 0.916498184 -0.064692408 0.394773304 0.155435571 0.048133343 0.997501135 0.051717348 0.049975262 -0.397132546 -0.028397098 0.917321861 -0.197886247
92926167 0.479625720 0.852667978 0.500000000 0.500000000 0.000000000 0.000000000 0.914623141 -0.065509208 0.398965001 0.161024445 0.048852533 0.997462511 0.051787309 0.052536925 -0.401345164 -0.027875420 0.915502608 -0.206836435
92959533 0.479625720 0.852667978 0.500000000 0.500000000 0.000000000 0.000000000 0.912618458 -0.066457078 0.403374463 0.165217435 0.049562983 0.997406423 0.052191261 0.054366658 -0.405796766 -0.027638268 0.913545370 -0.216350460
92992900 0.479625720 0.852667978 0.500000000 0.500000000 0.000000000 0.000000000 0.910674214 -0.067377992 0.407593817 0.169221565 0.050233312 0.997349620 0.052633852 0.056112671 -0.410059899 -0.027457502 0.911645174 -0.225481099
93026267 0.479625720 0.852667978 0.500000000 0.500000000 0.000000000 0.000000000 0.908611536 -0.068037555 0.412063122 0.172501563 0.050619595 0.997307956 0.053052183 0.057421645 -0.414563358 -0.027345354 0.909609497 -0.235009780
93059633 0.479625720 0.852667978 0.500000000 0.500000000 0.000000000 0.000000000 0.906563818 -0.069011390 0.416388601 0.176264975 0.051241875 0.997240603 0.053716488 0.058907879 -0.418946683 -0.027360892 0.907598495 -0.245596903
93093000 0.479625720 0.852667978 0.500000000 0.500000000 0.000000000 0.000000000 0.904666066 -0.070333563 0.420276672 0.180541584 0.052187406 0.997147024 0.054537237 0.060329407 -0.422913432 -0.027404839 0.905755579 -0.254956850
93126367 0.479625720 0.852667978 0.500000000 0.500000000 0.000000000 0.000000000 0.902874470 -0.071286835 0.423952729 0.184855229 0.052751560 0.997074544 0.055313364 0.061084543 -0.426655591 -0.027576854 0.903993666 -0.263176107
93159733 0.479625720 0.852667978 0.500000000 0.500000000 0.000000000 0.000000000 0.900952280 -0.071938246 0.427913427 0.186929050 0.053208973 0.997035086 0.055586506 0.063022852 -0.430643499 -0.027311957 0.902108788 -0.272103169
93193100 0.479625720 0.852667978 0.500000000 0.500000000 0.000000000 0.000000000 0.899417162 -0.072542801 0.431029409 0.192013226 0.053773571 0.997004628 0.055589333 0.065417738 -0.433770925 -0.026820008 0.900623918 -0.280358363
93226467 0.479625720 0.852667978 0.500000000 0.500000000 0.000000000 0.000000000 0.897621036 -0.073038138 0.434674531 0.194354177 0.054271378 0.996985376 0.055450294 0.067961356 -0.437414140 -0.026182964 0.898878932 -0.288814090
93259833 0.479625720 0.852667978 0.500000000 0.500000000 0.000000000 0.000000000 0.895920575 -0.073644705 0.438067138 0.198175905 0.054978367 0.996962667 0.055162247 0.071263812 -0.440798968 -0.025336776 0.897248209 -0.298473729
93293200 0.479625720 0.852667978 0.500000000 0.500000000 0.000000000 0.000000000 0.894030035 -0.074292116 0.441804290 0.199065901 0.055555183 0.996927559 0.055218693 0.073961595 -0.444549173 -0.024822649 0.895410419 -0.307049604
93326567 0.479625720 0.852667978 0.500000000 0.500000000 0.000000000 0.000000000 0.892289817 -0.074759707 0.445230156 0.200899705 0.056105498 0.996911466 0.054952346 0.077275837 -0.447963238 -0.024053559 0.893728316 -0.316347029
93359933 0.479625720 0.852667978 0.500000000 0.500000000 0.000000000 0.000000000 0.890730858 -0.075245008 0.448259652 0.204008930 0.056565218 0.996886253 0.054937642 0.079845783 -0.450997680 -0.023578750 0.892213643 -0.325704997
93393300 0.479625720 0.852667978 0.500000000 0.500000000 0.000000000 0.000000000 0.889148176 -0.075938448 0.451274753 0.207035658 0.057257447 0.996847153 0.054930333 0.083344908 -0.454023272 -0.023002364 0.890692830 -0.335064921
93426667 0.479625720 0.852667978 0.500000000 0.500000000 0.000000000 0.000000000 0.888186514 -0.076384418 0.453089595 0.213465235 0.057720058 0.996822059 0.054901939 0.086064786 -0.455843329 -0.022610804 0.889772773 -0.343042811
93460033 0.479625720 0.852667978 0.500000000 0.500000000 0.000000000 0.000000000 0.887136519 -0.076566733 0.455111384 0.218232940 0.057849016 0.996812582 0.054937568 0.087456682 -0.457867146 -0.022409376 0.888738155 -0.351157410
93493400 0.479625720 0.852667978 0.500000000 0.500000000 0.000000000 0.000000000 0.886283636 -0.076987445 0.456699312 0.223532076 0.058430769 0.996794999 0.054640912 0.091048674 -0.459442228 -0.021742051 0.887941480 -0.358808035
93526767 0.479625720 0.852667978 0.500000000 0.500000000 0.000000000 0.000000000 0.885038376 -0.077174179 0.459076464 0.225614858 0.058453102 0.996780694 0.054876469 0.092271509 -0.461833596 -0.021733340 0.886700273 -0.367359521
93560133 0.479625720 0.852667978 0.500000000 0.500000000 0.000000000 0.000000000 0.884153187 -0.077485584 0.460726738 0.230166408 0.058818262 0.996765494 0.054762613 0.094642194 -0.463479847 -0.021319391 0.885850966 -0.376167508
93593500 0.479625720 0.852667978 0.500000000 0.500000000 0.000000000 0.000000000 0.882947981 -0.077502348 0.463029385 0.231711106 0.058880672 0.996772826 0.054561682 0.096898308 -0.465763777 -0.020911647 0.884661973 -0.385795549
93626867 0.479625720 0.852667978 0.500000000 0.500000000 0.000000000 0.000000000 0.882214725 -0.077916630 0.464355677 0.236079475 0.059368618 0.996749580 0.054457176 0.100030558 -0.467089444 -0.020474767 0.883973002 -0.395274240
93660233 0.479625720 0.852667978 0.500000000 0.500000000 0.000000000 0.000000000 0.881119490 -0.078392752 0.466350794 0.236737371 0.059804164 0.996718347 0.054553095 0.102537626 -0.469096929 -0.020178076 0.882916152 -0.404798377
93693600 0.479625720 0.852667978 0.500000000 0.500000000 0.000000000 0.000000000 0.880161762 -0.078796826 0.468088001 0.238478578 0.060243085 0.996694565 0.054504082 0.105308087 -0.470835507 -0.019773340 0.881999373 -0.414802102
93726967 0.479625720 0.852667978 0.500000000 0.500000000 0.000000000 0.000000000 0.879088461 -0.079326212 0.470011532 0.238882392 0.060612902 0.996653557 0.054842599 0.107015519 -0.472789139 -0.019722732 0.880954862 -0.425302641
93760333 0.479625720 0.852667978 0.500000000 0.500000000 0.000000000 0.000000000 0.878656089 -0.079848669 0.470730931 0.242694556 0.061214920 0.996619642 0.054791149 0.110211852 -0.473514676 -0.019326823 0.880573869 -0.434211106
93793700 0.479625720 0.852667978 0.500000000 0.500000000 0.000000000 0.000000000 0.877615929 -0.079911068 0.472656846 0.241772966 0.061255872 0.996618927 0.054758027 0.111491045 -0.475434512 -0.019103508 0.879543662 -0.444342628
93827067 0.479625720 0.852667978 0.500000000 0.500000000 0.000000000 0.000000000 0.876793206 -0.080225274 0.474128276 0.240788556 0.061821710 0.996608675 0.054306712 0.114823455 -0.476877123 -0.018304335 0.878779352 -0.453163673
93860433 0.479625720 0.852667978 0.500000000 0.500000000 0.000000000 0.000000000 0.875545204 -0.080550551 0.476374030 0.236725550 0.062295284 0.996594727 0.054020405 0.117991316 -0.479103237 -0.017621450 0.877581656 -0.463616866
93893800 0.479625720 0.852667978 0.500000000 0.500000000 0.000000000 0.000000000 0.874839067 -0.080845028 0.477619827 0.235409537 0.062883519 0.996585488 0.053507041 0.121661204 -0.480314791 -0.016775632 0.876935720 -0.473060154
93927167 0.479625720 0.852667978 0.500000000 0.500000000 0.000000000 0.000000000 0.874311268 -0.081119917 0.478538722 0.234063524 0.063385896 0.996574044 0.053126309 0.125068637 -0.481208891 -0.016116325 0.876457810 -0.481774147
93960533 0.479625720 0.852667978 0.500000000 0.500000000 0.000000000 0.000000000 0.873619914 -0.080923215 0.479832917 0.231251122 0.063395910 0.996598601 0.052651726 0.127525459 -0.482461542 -0.015578151 0.875778615 -0.492202097
93993900 0.479625720 0.852667978 0.500000000 0.500000000 0.000000000 0.000000000 0.873560250 -0.080527425 0.480008125 0.232086603 0.062961616 0.996628106 0.052613974 0.128103564 -0.482626468 -0.015739389 0.875684857 -0.502893634
94027267 0.479625720 0.852667978 0.500000000 0.500000000 0.000000000 0.000000000 0.873668969 -0.080280118 0.479851723 0.232962240 0.063089818 0.996658742 0.051874902 0.131500853 -0.482412934 -0.015047734 0.875814676 -0.511989239
94060633 0.479625720 0.852667978 0.500000000 0.500000000 0.000000000 0.000000000 0.873416305 -0.080487348 0.480276704 0.230690695 0.063679740 0.996655166 0.051218823 0.135305622 -0.482792735 -0.014151458 0.875620306 -0.521852553
94094000 0.479625720 0.852667978 0.500000000 0.500000000 0.000000000 0.000000000 0.873656809 -0.080042139 0.479913563 0.232187456 0.063147277 0.996686101 0.051275555 0.135162186 -0.482427388 -0.014492004 0.875816047 -0.532789037
94127367 0.479625720 0.852667978 0.500000000 0.500000000 0.000000000 0.000000000 0.874097466 -0.079606891 0.479183018 0.233667668 0.063030593 0.996727526 0.050610099 0.137538803 -0.481643826 -0.014034971 0.876254678 -0.543270574
