https://www.youtube.com/watch?v=3maHG2o0ZOw
237470470 0.473990428 0.842649672 0.500000000 0.500000000 0.000000000 0.000000000 0.980732679 -0.000209571 0.195354536 0.079520219 -0.000829225 0.999985933 0.005235692 0.149673447 -0.195352897 -0.005296806 0.980718732 -0.363724155
237503837 0.473990428 0.842649672 0.500000000 0.500000000 0.000000000 0.000000000 0.979921341 -0.000212851 0.199384347 0.082858769 -0.000828877 0.999986470 0.005141240 0.154900725 -0.199382737 -0.005203276 0.979907870 -0.368394350
237537204 0.473990428 0.842649672 0.500000000 0.500000000 0.000000000 0.000000000 0.979098618 0.000064458 0.203386173 0.084961684 -0.001108053 0.999986827 0.005017232 0.159249696 -0.203383163 -0.005137728 0.979085743 -0.372397003
237570571 0.473990428 0.842649672 0.500000000 0.500000000 0.000000000 0.000000000 0.978204250 0.000161723 0.207644850 0.086743079 -0.001155584 0.999988437 0.004665063 0.164256826 -0.207641691 -0.004803335 0.978193164 -0.376358343
237603937 0.473990428 0.842649672 0.500000000 0.500000000 0.000000000 0.000000000 0.977315187 0.000171140 0.211790040 0.088859754 -0.001166268 0.999988854 0.004573743 0.168796780 -0.211786896 -0.004716993 0.977304459 -0.380545371
237637304 0.473990428 0.842649672 0.500000000 0.500000000 0.000000000 0.000000000 0.976411879 0.000149078 0.215916350 0.091203847 -0.001201973 0.999988019 0.004745099 0.173892586 -0.215913057 -0.004892697 0.976400316 -0.384629243
237670671 0.473990428 0.842649672 0.500000000 0.500000000 0.000000000 0.000000000 0.975477278 0.000276759 0.220099881 0.092959625 -0.001398988 0.999986827 0.004942870 0.178809821 -0.220095605 -0.005129574 0.975464821 -0.387494598
237704037 0.473990428 0.842649672 0.500000000 0.500000000 0.000000000 0.000000000 0.974561691 0.000384112 0.224119127 0.094702425 -0.001526338 0.999986708 0.004923289 0.183369831 -0.224114254 -0.005140130 0.974549294 -0.390163214
237737404 0.473990428 0.842649672 0.500000000 0.500000000 0.000000000 0.000000000 0.973659813 0.000384938 0.228005216 0.096602849 -0.001476276 0.999988258 0.004615933 0.187596522 -0.228000775 -0.004830947 0.973648965 -0.392375386
237770771 0.473990428 0.842649672 0.500000000 0.500000000 0.000000000 0.000000000 0.972767830 0.000441862 0.231781259 0.097895898 -0.001497399 0.999989271 0.004378112 0.191036000 -0.231776848 -0.004605956 0.972758055 -0.394076215
237804137 0.473990428 0.842649672 0.500000000 0.500000000 0.000000000 0.000000000 0.971847951 0.000279554 0.235608816 0.098352673 -0.001299415 0.999990463 0.004173371 0.195280109 -0.235605404 -0.004362036 0.971839011 -0.395502670
