https://www.youtube.com/watch?v=cNVLXb5ZZ1Y
219753000 0.506869392 0.901101081 0.500000000 0.500000000 0.000000000 0.000000000 0.993107259 -0.040677879 0.109923907 -0.031362303 0.022679176 0.986811101 0.160279319 -0.785735460 -0.114993952 -0.156681567 0.980931818 -0.090661645
219786000 0.506869392 0.901101081 0.500000000 0.500000000 0.000000000 0.000000000 0.992560327 -0.041910447 0.114313237 -0.028583656 0.023178842 0.986760914 0.160516769 -0.785733880 -0.119527169 -0.156672940 0.980391145 -0.113448894
219819000 0.506869392 0.901101081 0.500000000 0.500000000 0.000000000 0.000000000 0.991867602 -0.043234814 0.119705364 -0.030007224 0.023599764 0.986700296 0.160827905 -0.787224781 -0.125066683 -0.156694964 0.979696393 -0.134153415
219853000 0.506869392 0.901101081 0.500000000 0.500000000 0.000000000 0.000000000 0.991123676 -0.043695454 0.125557154 -0.034676454 0.023278464 0.986891925 0.159695014 -0.781394151 -0.130889282 -0.155354723 0.979149044 -0.156530405
219886000 0.506869392 0.901101081 0.500000000 0.500000000 0.000000000 0.000000000 0.990576863 -0.044975568 0.129362464 -0.029473676 0.023916971 0.986834943 0.159952581 -0.779816416 -0.134853348 -0.155351371 0.978611529 -0.181273473
219919000 0.506869392 0.901101081 0.500000000 0.500000000 0.000000000 0.000000000 0.990195394 -0.045252949 0.132156089 -0.020491380 0.023707148 0.986788809 0.160268009 -0.779050672 -0.137662753 -0.155563608 0.978186548 -0.203064703
219953000 0.506869392 0.901101081 0.500000000 0.500000000 0.000000000 0.000000000 0.989621460 -0.045727883 0.136229143 -0.018472708 0.023507413 0.986762643 0.160458505 -0.779921376 -0.141763255 -0.155590788 0.977596402 -0.224064380
219986000 0.506869392 0.901101081 0.500000000 0.500000000 0.000000000 0.000000000 0.988927484 -0.046590764 0.140896350 -0.021412084 0.023710450 0.986847579 0.159905270 -0.775579230 -0.146493331 -0.154793993 0.977025330 -0.244846665
220019000 0.506869392 0.901101081 0.500000000 0.500000000 0.000000000 0.000000000 0.988403082 -0.047405709 0.144263789 -0.017313431 0.023992443 0.986841679 0.159899607 -0.773565339 -0.149945661 -0.154584020 0.976534724 -0.264580300
220053000 0.506869392 0.901101081 0.500000000 0.500000000 0.000000000 0.000000000 0.987868130 -0.048097901 0.147658721 -0.013583097 0.024294075 0.986985266 0.158965051 -0.767393292 -0.153382868 -0.153449282 0.976179779 -0.287256879
220086000 0.506869392 0.901101081 0.500000000 0.500000000 0.000000000 0.000000000 0.987257481 -0.048446581 0.151576981 -0.014427765 0.024012877 0.986977935 0.159053266 -0.766924165 -0.157308728 -0.153386727 0.975564718 -0.307381597
220120000 0.506869392 0.901101081 0.500000000 0.500000000 0.000000000 0.000000000 0.986862719 -0.048595149 0.154079661 -0.008882541 0.023813173 0.987027168 0.158777609 -0.764621807 -0.159796625 -0.153022572 0.975217462 -0.327563573
220153000 0.506869392 0.901101081 0.500000000 0.500000000 0.000000000 0.000000000 0.986330688 -0.048599724 0.157447949 -0.008602085 0.023291053 0.987041593 0.158765286 -0.764019302 -0.163123623 -0.152927950 0.974681318 -0.345791341
220186000 0.506869392 0.901101081 0.500000000 0.500000000 0.000000000 0.000000000 0.985720634 -0.048354659 0.161296681 -0.012220948 0.022510324 0.987124562 0.158361495 -0.761525793 -0.166877434 -0.152469352 0.974117577 -0.365587302
220220000 0.506869392 0.901101081 0.500000000 0.500000000 0.000000000 0.000000000 0.985394001 -0.049046896 0.163073733 -0.007806208 0.022946088 0.987133920 0.158240795 -0.758542091 -0.168736830 -0.152187631 0.973841250 -0.381399997
220253000 0.506869392 0.901101081 0.500000000 0.500000000 0.000000000 0.000000000 0.985053539 -0.048490882 0.165282041 -0.004185296 0.022051705 0.987162173 0.158191726 -0.758743120 -0.170831040 -0.152182564 0.973476887 -0.398597977
220286000 0.506869392 0.901101081 0.500000000 0.500000000 0.000000000 0.000000000 0.984611094 -0.048468940 0.167903900 -0.004014973 0.021704230 0.987246513 0.157712623 -0.754736445 -0.173406705 -0.151641384 0.973105848 -0.413671401
220320000 0.506869392 0.901101081 0.500000000 0.500000000 0.000000000 0.000000000 0.984267652 -0.048620142 0.169862419 -0.000592709 0.021489909 0.987198055 0.158044875 -0.755552196 -0.175372019 -0.151908144 0.972711980 -0.428389932
220353000 0.506869392 0.901101081 0.500000000 0.500000000 0.000000000 0.000000000 0.984019637 -0.048615426 0.171294793 0.004737153 0.021322850 0.987256289 0.157703459 -0.753744699 -0.176778674 -0.151530802 0.972516179 -0.443879554
220387000 0.506869392 0.901101081 0.500000000 0.500000000 0.000000000 0.000000000 0.983814776 -0.048417997 0.172523022 0.010124711 0.020923683 0.987256944 0.157752723 -0.752824966 -0.177962616 -0.151589632 0.972291052 -0.459786071
220420000 0.506869392 0.901101081 0.500000000 0.500000000 0.000000000 0.000000000 0.983576417 -0.048061941 0.173975587 0.013473771 0.020364435 0.987290680 0.157614812 -0.751412565 -0.179339737 -0.151483297 0.972054541 -0.473800824
220453000 0.506869392 0.901101081 0.500000000 0.500000000 0.000000000 0.000000000 0.983521581 -0.047612544 0.174408466 0.020495649 0.019824000 0.987282991 0.157731578 -0.751372376 -0.179700524 -0.151674941 0.971958041 -0.485943596
220487000 0.506869392 0.901101081 0.500000000 0.500000000 0.000000000 0.000000000 0.983425021 -0.047762971 0.174911290 0.026757508 0.019878639 0.987266719 0.157826528 -0.750442843 -0.180222362 -0.151733562 0.971852243 -0.500185869
220520000 0.506869392 0.901101081 0.500000000 0.500000000 0.000000000 0.000000000 0.983344018 -0.047385011 0.175468415 0.031711302 0.019422686 0.987285137 0.157768190 -0.749196252 -0.180713207 -0.151732340 0.971761286 -0.512040541
220553000 0.506869392 0.901101081 0.500000000 0.500000000 0.000000000 0.000000000 0.983430326 -0.047070839 0.175068960 0.041255057 0.019193098 0.987309635 0.157643124 -0.747157261 -0.180267662 -0.151670903 0.971853673 -0.527573830
220587000 0.506869392 0.901101081 0.500000000 0.500000000 0.000000000 0.000000000 0.983432889 -0.045997769 0.175339535 0.046278556 0.018186131 0.987425506 0.157035485 -0.744214549 -0.180358008 -0.151245117 0.971903265 -0.546826059
220620000 0.506869392 0.901101081 0.500000000 0.500000000 0.000000000 0.000000000 0.983583987 -0.044787157 0.174804553 0.054164348 0.017164478 0.987538397 0.156439453 -0.741206448 -0.179632694 -0.150870919 0.972095728 -0.559602382
220653000 0.506869392 0.901101081 0.500000000 0.500000000 0.000000000 0.000000000 0.983908653 -0.043381549 0.173325628 0.067305294 0.016099658 0.987656176 0.155807674 -0.738200696 -0.177945316 -0.150510028 0.972461939 -0.574114319
220687000 0.506869392 0.901101081 0.500000000 0.500000000 0.000000000 0.000000000 0.984024704 -0.043109838 0.172733784 0.075177260 0.015939636 0.987676740 0.155693859 -0.736327276 -0.177317083 -0.150453284 0.972585440 -0.591338492
220720000 0.506869392 0.901101081 0.500000000 0.500000000 0.000000000 0.000000000 0.984066010 -0.041836143 0.172811657 0.082110427 0.014703318 0.987742782 0.155396417 -0.734350286 -0.177194640 -0.150379419 0.972619176 -0.608911255
220754000 0.506869392 0.901101081 0.500000000 0.500000000 0.000000000 0.000000000 0.984186828 -0.040721219 0.172389150 0.091678151 0.013790611 0.987877548 0.154621318 -0.730463031 -0.176595747 -0.149798930 0.972817659 -0.627868006
220787000 0.506869392 0.901101081 0.500000000 0.500000000 0.000000000 0.000000000 0.984222770 -0.040135179 0.172321647 0.098457715 0.013264421 0.987929225 0.154336795 -0.727854069 -0.176435933 -0.149616048 0.972874820 -0.644095427
220820000 0.506869392 0.901101081 0.500000000 0.500000000 0.000000000 0.000000000 0.984222353 -0.039474599 0.172476500 0.104521480 0.012656595 0.988005280 0.153900445 -0.724741760 -0.176482856 -0.149289295 0.972916484 -0.660993310
220854000 0.506869392 0.901101081 0.500000000 0.500000000 0.000000000 0.000000000 0.984296441 -0.039105486 0.172137320 0.112249726 0.012419322 0.988077939 0.153452918 -0.721886367 -0.176085934 -0.148905337 0.973047256 -0.678254507
220887000 0.506869392 0.901101081 0.500000000 0.500000000 0.000000000 0.000000000 0.984350383 -0.038615912 0.171939179 0.119189155 0.012048998 0.988160312 0.152951032 -0.719076969 -0.175809816 -0.148485720 0.973161280 -0.694146241
220920000 0.506869392 0.901101081 0.500000000 0.500000000 0.000000000 0.000000000 0.984412253 -0.037951197 0.171733066 0.125640470 0.011464763 0.988211393 0.152665734 -0.717268104 -0.175502419 -0.148317128 0.973242462 -0.709120295
220954000 0.506869392 0.901101081 0.500000000 0.500000000 0.000000000 0.000000000 0.984474242 -0.037158348 0.171551049 0.131951406 0.010761303 0.988274634 0.152307004 -0.715465629 -0.175199032 -0.148096204 0.973330796 -0.726185596
220987000 0.506869392 0.901101081 0.500000000 0.500000000 0.000000000 0.000000000 0.984528542 -0.036848977 0.171305984 0.137736313 0.010506989 0.988293529 0.152202353 -0.713782403 -0.174909085 -0.148047641 0.973390341 -0.743695221
221020000 0.506869392 0.901101081 0.500000000 0.500000000 0.000000000 0.000000000 0.984537423 -0.036243238 0.171384096 0.142142148 0.009894928 0.988306582 0.152158245 -0.711742582 -0.174894750 -0.148109660 0.973383486 -0.759525356
221054000 0.506869392 0.901101081 0.500000000 0.500000000 0.000000000 0.000000000 0.984604597 -0.035899092 0.171070427 0.148132066 0.009612126 0.988322020 0.152076095 -0.709935002 -0.174532056 -0.148090467 0.973451495 -0.777100673
221087000 0.506869392 0.901101081 0.500000000 0.500000000 0.000000000 0.000000000 0.984777629 -0.035779819 0.170096502 0.157691461 0.009620722 0.988304317 0.152190551 -0.708450875 -0.173552454 -0.148237392 0.973604262 -0.793232563
221121000 0.506869392 0.901101081 0.500000000 0.500000000 0.000000000 0.000000000 0.984925270 -0.035198890 0.169361398 0.166034500 0.009116339 0.988279819 0.152380869 -0.708506697 -0.172740087 -0.148539811 0.973702610 -0.810328575
221154000 0.506869392 0.901101081 0.500000000 0.500000000 0.000000000 0.000000000 0.985102236 -0.034591123 0.168454707 0.175061013 0.008704739 0.988335371 0.152044281 -0.706032927 -0.171749115 -0.148312807 0.973912477 -0.828175460
221187000 0.506869392 0.901101081 0.500000000 0.500000000 0.000000000 0.000000000 0.985366940 -0.033714537 0.167078793 0.185421107 0.008043333 0.988347709 0.152000442 -0.704600342 -0.170256570 -0.148432344 0.974156320 -0.843323277
221221000 0.506869392 0.901101081 0.500000000 0.500000000 0.000000000 0.000000000 0.985543430 -0.032863449 0.166205227 0.192024602 0.007354471 0.988380671 0.151821017 -0.704094434 -0.169263393 -0.148403838 0.974333704 -0.859123112
221254000 0.506869392 0.901101081 0.500000000 0.500000000 0.000000000 0.000000000 0.985882759 -0.032484904 0.164255753 0.203522703 0.007241683 0.988353729 0.152001545 -0.703660773 -0.167280540 -0.148666218 0.974636137 -0.873574975
221287000 0.506869392 0.901101081 0.500000000 0.500000000 0.000000000 0.000000000 0.986146212 -0.031778928 0.162805960 0.211880852 0.006787797 0.988385916 0.151813135 -0.701703194 -0.165739581 -0.148604855 0.974908710 -0.887433798
221321000 0.506869392 0.901101081 0.500000000 0.500000000 0.000000000 0.000000000 0.986532390 -0.031954881 0.160414368 0.224351787 0.007240090 0.988300741 0.152345762 -0.702370399 -0.163405821 -0.149132609 0.975222051 -0.901377699
221354000 0.506869392 0.901101081 0.500000000 0.500000000 0.000000000 0.000000000 0.986849010 -0.031538434 0.158538103 0.235038074 0.007082617 0.988276005 0.152513519 -0.702471992 -0.161489442 -0.149384961 0.975502610 -0.916531281
221388000 0.506869392 0.901101081 0.500000000 0.500000000 0.000000000 0.000000000 0.987253368 -0.030887626 0.156130567 0.249367090 0.006817378 0.988294125 0.152408212 -0.701042412 -0.159010440 -0.149401113 0.975907266 -0.933693308
221421000 0.506869392 0.901101081 0.500000000 0.500000000 0.000000000 0.000000000 0.987556577 -0.030316900 0.154314235 0.260329737 0.006576922 0.988345921 0.152082548 -0.699113362 -0.157126516 -0.149175212 0.976246893 -0.947196610
221454000 0.506869392 0.901101081 0.500000000 0.500000000 0.000000000 0.000000000 0.987812936 -0.029542189 0.152816445 0.269994246 0.006137772 0.988451838 0.151410803 -0.695723688 -0.155524716 -0.148627609 0.976586878 -0.959261431
221488000 0.506869392 0.901101081 0.500000000 0.500000000 0.000000000 0.000000000 0.988175690 -0.029153647 0.150528669 0.282591817 0.005995030 0.988352537 0.152063653 -0.697862364 -0.153208598 -0.149363175 0.976840734 -0.974723955
221521000 0.506869392 0.901101081 0.500000000 0.500000000 0.000000000 0.000000000 0.988542497 -0.028450174 0.148237243 0.295501753 0.005626276 0.988339007 0.152165562 -0.697681893 -0.150837794 -0.149588108 0.977175176 -0.992646184
221554000 0.506869392 0.901101081 0.500000000 0.500000000 0.000000000 0.000000000 0.988838911 -0.027698468 0.146391377 0.306927179 0.005110346 0.988294244 0.152474329 -0.698737011 -0.148901060 -0.150024444 0.977405310 -1.008988079
221588000 0.506869392 0.901101081 0.500000000 0.500000000 0.000000000 0.000000000 0.989152133 -0.027338805 0.144328266 0.319198430 0.005076898 0.988304138 0.152411103 -0.697105168 -0.146806955 -0.150025025 0.977721930 -1.025979487
221621000 0.506869392 0.901101081 0.500000000 0.500000000 0.000000000 0.000000000 0.989410281 -0.026605248 0.142686754 0.329814589 0.004620029 0.988331616 0.152247518 -0.696020715 -0.145072415 -0.149976030 0.977988362 -1.044201049
221654000 0.506869392 0.901101081 0.500000000 0.500000000 0.000000000 0.000000000 0.989651620 -0.026304757 0.141059205 0.339742537 0.004632100 0.988397539 0.151818469 -0.692922107 -0.143416122 -0.149593994 0.978291094 -1.060112808
221688000 0.506869392 0.901101081 0.500000000 0.500000000 0.000000000 0.000000000 0.989947677 -0.026019227 0.139020160 0.352425593 0.004678965 0.988419235 0.151675656 -0.690970090 -0.141356692 -0.149500504 0.978605092 -1.078243852
221721000 0.506869392 0.901101081 0.500000000 0.500000000 0.000000000 0.000000000 0.990146637 -0.025190843 0.137749955 0.360298034 0.004132225 0.988514304 0.151070833 -0.687451586 -0.139973402 -0.149013057 0.978878200 -1.096410802
221755000 0.506869392 0.901101081 0.500000000 0.500000000 0.000000000 0.000000000 0.990358531 -0.024880301 0.136275098 0.368839481 0.004124675 0.988598824 0.150517076 -0.684211214 -0.138466313 -0.148503780 0.979169905 -1.115532437
221788000 0.506869392 0.901101081 0.500000000 0.500000000 0.000000000 0.000000000 0.990586162 -0.024644837 0.134654135 0.378663619 0.004189909 0.988658249 0.150124282 -0.681771800 -0.136826709 -0.148146838 0.979454398 -1.132898181
221821000 0.506869392 0.901101081 0.500000000 0.500000000 0.000000000 0.000000000 0.990904152 -0.024088234 0.132396147 0.390942110 0.003974887 0.988658667 0.150127545 -0.680877313 -0.134510905 -0.148235753 0.979761720 -1.147951335
221855000 0.506869392 0.901101081 0.500000000 0.500000000 0.000000000 0.000000000 0.991132379 -0.023895996 0.130712017 0.399995288 0.004172337 0.988808632 0.149131119 -0.675195121 -0.132812798 -0.147263303 0.980139911 -1.165886202
221888000 0.506869392 0.901101081 0.500000000 0.500000000 0.000000000 0.000000000 0.991335869 -0.023671402 0.129200742 0.408662355 0.004214790 0.988853455 0.148832530 -0.672329460 -0.131283671 -0.146998465 0.980385661 -1.183202376
221921000 0.506869392 0.901101081 0.500000000 0.500000000 0.000000000 0.000000000 0.991518259 -0.023450715 0.127834514 0.415925233 0.004256820 0.988918841 0.148396075 -0.669497361 -0.129897952 -0.146593243 0.980630875 -1.200496376
221955000 0.506869392 0.901101081 0.500000000 0.500000000 0.000000000 0.000000000 0.991684496 -0.023124361 0.126598224 0.423161951 0.004102003 0.988903880 0.148500323 -0.668419241 -0.128627434 -0.146746174 0.980775476 -1.216679406
221988000 0.506869392 0.901101081 0.500000000 0.500000000 0.000000000 0.000000000 0.992080390 -0.022869468 0.123504788 0.438632686 0.004399266 0.989007890 0.147797182 -0.664128258 -0.125527248 -0.146083355 0.981275976 -1.232487706
222021000 0.506869392 0.901101081 0.500000000 0.500000000 0.000000000 0.000000000 0.992398024 -0.022461940 0.121002756 0.450894935 0.004378278 0.989024580 0.147686020 -0.662117248 -0.122992016 -0.146033525 0.981604397 -1.248498799
222055000 0.506869392 0.901101081 0.500000000 0.500000000 0.000000000 0.000000000 0.992799222 -0.021775274 0.117794670 0.465902926 0.004087958 0.988925517 0.148356467 -0.663577563 -0.119720653 -0.146806642 0.981893480 -1.262866172
222088000 0.506869392 0.901101081 0.500000000 0.500000000 0.000000000 0.000000000 0.993099034 -0.021309393 0.115326464 0.477631409 0.004010615 0.988949776 0.148196518 -0.661311440 -0.117210060 -0.146711305 0.982210577 -1.277674949
222122000 0.506869392 0.901101081 0.500000000 0.500000000 0.000000000 0.000000000 0.993476450 -0.020728072 0.112137958 0.492578800 0.003959107 0.989018440 0.147739142 -0.658290392 -0.113968857 -0.146331385 0.982648551 -1.291937017
222155000 0.506869392 0.901101081 0.500000000 0.500000000 0.000000000 0.000000000 0.993914902 -0.020158846 0.108290441 0.508982556 0.004003449 0.989072382 0.147376537 -0.655661938 -0.110078029 -0.146046191 0.983134449 -1.304350032
222188000 0.506869392 0.901101081 0.500000000 0.500000000 0.000000000 0.000000000 0.994280815 -0.019407408 0.105019078 0.523566268 0.003815837 0.989177823 0.146672040 -0.651340094 -0.106729068 -0.145432457 0.983594596 -1.318565390
222222000 0.506869392 0.901101081 0.500000000 0.500000000 0.000000000 0.000000000 0.994788051 -0.018745322 0.100226462 0.544923642 0.003896810 0.989227057 0.146337405 -0.648501687 -0.101889871 -0.145184129 0.984144330 -1.330956091
222255000 0.506869392 0.901101081 0.500000000 0.500000000 0.000000000 0.000000000 0.995198250 -0.018159406 0.096180588 0.562449461 0.003952074 0.989292800 0.145890906 -0.645510768 -0.097800054 -0.144810259 0.984614193 -1.344757148
222288000 0.506869392 0.901101081 0.500000000 0.500000000 0.000000000 0.000000000 0.995753229 -0.016885595 0.090500899 0.587092180 0.003559593 0.989362240 0.145429432 -0.641845196 -0.091993831 -0.144489676 0.985220730 -1.357934573
222322000 0.506869392 0.901101081 0.500000000 0.500000000 0.000000000 0.000000000 0.996235132 -0.015628004 0.085271932 0.610164157 0.003126689 0.989454448 0.144810617 -0.638931466 -0.086635798 -0.143998802 0.985778153 -1.370609982
222355000 0.506869392 0.901101081 0.500000000 0.500000000 0.000000000 0.000000000 0.996726871 -0.014547936 0.079522744 0.635278056 0.002891930 0.989461720 0.144765645 -0.637864008 -0.080790751 -0.144061834 0.986265182 -1.382392305
222389000 0.506869392 0.901101081 0.500000000 0.500000000 0.000000000 0.000000000 0.997112751 -0.013702123 0.074688889 0.655278615 0.002774011 0.989501476 0.144496322 -0.635556927 -0.075884670 -0.143871933 0.986682534 -1.394794018
222422000 0.506869392 0.901101081 0.500000000 0.500000000 0.000000000 0.000000000 0.997510850 -0.012907224 0.069321841 0.677927213 0.002786372 0.989551544 0.144152641 -0.633329675 -0.070458144 -0.143600672 0.987124383 -1.406975182
222455000 0.506869392 0.901101081 0.500000000 0.500000000 0.000000000 0.000000000 0.997805595 -0.012008653 0.065113671 0.695697774 0.002528276 0.989608467 0.143766075 -0.630812964 -0.066163480 -0.143285975 0.987467229 -1.420348808
222489000 0.506869392 0.901101081 0.500000000 0.500000000 0.000000000 0.000000000 0.998073757 -0.011234346 0.061012391 0.712996034 0.002390061 0.989699900 0.143137708 -0.627005405 -0.061992016 -0.142716169 0.987820387 -1.433467486
222522000 0.506869392 0.901101081 0.500000000 0.500000000 0.000000000 0.000000000 0.998327017 -0.010774186 0.056807321 0.730979662 0.002559836 0.989757895 0.142733052 -0.624337185 -0.057763327 -0.142348841 0.988129675 -1.445577744
222555000 0.506869392 0.901101081 0.500000000 0.500000000 0.000000000 0.000000000 0.998529255 -0.009784552 0.053325802 0.745758940 0.002097950 0.989816546 0.142333493 -0.622358657 -0.054175429 -0.142012268 0.988381267 -1.459465601
222589000 0.506869392 0.901101081 0.500000000 0.500000000 0.000000000 0.000000000 0.998706698 -0.009674481 0.049912870 0.759602038 0.002519700 0.989940643 0.141460925 -0.616696652 -0.050779339 -0.141152218 0.988684714 -1.472297033
222622000 0.506869392 0.901101081 0.500000000 0.500000000 0.000000000 0.000000000 0.998884737 -0.008734385 0.046400506 0.774109631 0.002077222 0.989918351 0.141623944 -0.616509998 -0.047169711 -0.141369611 0.988832474 -1.484651851
222655000 0.506869392 0.901101081 0.500000000 0.500000000 0.000000000 0.000000000 0.999032736 -0.008064087 0.043227535 0.787377400 0.001865998 0.989929914 0.141546100 -0.615010718 -0.043933671 -0.141328514 0.988987386 -1.497742837
222689000 0.506869392 0.901101081 0.500000000 0.500000000 0.000000000 0.000000000 0.999184012 -0.007116504 0.039758023 0.801345144 0.001421826 0.989942610 0.141462386 -0.613110915 -0.040364880 -0.141290426 0.989144921 -1.510880273
222722000 0.506869392 0.901101081 0.500000000 0.500000000 0.000000000 0.000000000 0.999304891 -0.006570357 0.036695052 0.812895633 0.001315756 0.989948571 0.141421616 -0.611303553 -0.037255406 -0.141275033 0.989269137 -1.523501179
222756000 0.506869392 0.901101081 0.500000000 0.500000000 0.000000000 0.000000000 0.999435067 -0.005877242 0.033090424 0.826798708 0.001121524 0.989874661 0.141939625 -0.611168219 -0.033589587 -0.141822338 0.989322066 -1.535931158
222789000 0.506869392 0.901101081 0.500000000 0.500000000 0.000000000 0.000000000 0.999539554 -0.005240001 0.029886957 0.838550568 0.000929628 0.989801764 0.142448798 -0.611529861 -0.030328594 -0.142355427 0.989350855 -1.549239769
222822000 0.506869392 0.901101081 0.500000000 0.500000000 0.000000000 0.000000000 0.999633193 -0.004616444 0.026687393 0.850004649 0.000762328 0.989771724 0.142658278 -0.610375426 -0.027073000 -0.142585605 0.989412129 -1.562150171
222856000 0.506869392 0.901101081 0.500000000 0.500000000 0.000000000 0.000000000 0.999734938 -0.004059053 0.022662491 0.864667529 0.000776021 0.989717484 0.143033743 -0.609931785 -0.023010045 -0.142978251 0.989458323 -1.574625287
222889000 0.506869392 0.901101081 0.500000000 0.500000000 0.000000000 0.000000000 0.999806285 -0.003278852 0.019406332 0.875792210 0.000468579 0.989711225 0.143078461 -0.607913973 -0.019675799 -0.143041655 0.989521086 -1.586076030
222922000 0.506869392 0.901101081 0.500000000 0.500000000 0.000000000 0.000000000 0.999870181 -0.002516481 0.015913380 0.887273239 0.000207467 0.989655435 0.143464729 -0.607679208 -0.016109791 -0.143442810 0.989527464 -1.597888087
222956000 0.506869392 0.901101081 0.500000000 0.500000000 0.000000000 0.000000000 0.999917626 -0.001669721 0.012728154 0.897882365 -0.000175526 0.989633977 0.143612668 -0.607070936 -0.012836006 -0.143603072 0.989552140 -1.609601313
222989000 0.506869392 0.901101081 0.500000000 0.500000000 0.000000000 0.000000000 0.999958873 -0.000489919 0.009058544 0.909993153 -0.000818666 0.989593029 0.143892109 -0.606558463 -0.009034769 -0.143893600 0.989551902 -1.619492516
223022000 0.506869392 0.901101081 0.500000000 0.500000000 0.000000000 0.000000000 0.999979258 0.000286219 0.006433410 0.916965202 -0.001209366 0.989583910 0.143952042 -0.605414808 -0.006325197 -0.143956840 0.989563763 -1.631636000
223056000 0.506869392 0.901101081 0.500000000 0.500000000 0.000000000 0.000000000 0.999997854 0.000786076 0.001905187 0.933046896 -0.001052870 0.989525199 0.144356489 -0.605232225 -0.001771755 -0.144358188 0.989523888 -1.640855617
223089000 0.506869392 0.901101081 0.500000000 0.500000000 0.000000000 0.000000000 0.999996662 0.001814743 -0.001838977 0.944761911 -0.001529476 0.989469469 0.144733459 -0.605355695 0.002082265 -0.144730166 0.989468992 -1.650265667
223123000 0.506869392 0.901101081 0.500000000 0.500000000 0.000000000 0.000000000 0.999983311 0.003347030 -0.004711738 0.952101135 -0.002634028 0.989583671 0.143934652 -0.601280462 0.005144413 -0.143919840 0.989575982 -1.660361228
