https://www.youtube.com/watch?v=V-rhOxDol08
86686600 0.504463951 0.896824806 0.500000000 0.500000000 0.000000000 0.000000000 0.998315871 -0.007627855 0.057508133 -0.403788471 0.007896144 0.999958992 -0.004439452 -0.006063797 -0.057471909 0.004886068 0.998335183 -0.230972009
86719967 0.504463951 0.896824806 0.500000000 0.500000000 0.000000000 0.000000000 0.998278439 -0.007679136 0.058148153 -0.416655490 0.007962036 0.999957561 -0.004635028 -0.004096242 -0.058110092 0.005090026 0.998297215 -0.247453196
86753333 0.504463951 0.896824806 0.500000000 0.500000000 0.000000000 0.000000000 0.998238862 -0.007616999 0.058831844 -0.430353718 0.007917368 0.999956787 -0.004874148 -0.001515212 -0.058792178 0.005331357 0.998256028 -0.264277553
86786700 0.504463951 0.896824806 0.500000000 0.500000000 0.000000000 0.000000000 0.998205721 -0.007576181 0.059396379 -0.443629592 0.007894914 0.999955654 -0.005133360 0.000876729 -0.059354853 0.005593079 0.998221278 -0.281175694
86820067 0.504463951 0.896824806 0.500000000 0.500000000 0.000000000 0.000000000 0.998172164 -0.007575120 0.059958085 -0.457121122 0.007918698 0.999953568 -0.005494772 0.003331210 -0.059913680 0.005959519 0.998185754 -0.298407817
86853433 0.504463951 0.896824806 0.500000000 0.500000000 0.000000000 0.000000000 0.998140454 -0.007498664 0.060493220 -0.470734596 0.007866131 0.999952018 -0.005838668 0.005773958 -0.060446534 0.006303659 0.998151541 -0.316672948
86886800 0.504463951 0.896824806 0.500000000 0.500000000 0.000000000 0.000000000 0.998106420 -0.007447188 0.061058417 -0.483550520 0.007835434 0.999950588 -0.006121635 0.008299554 -0.061009809 0.006588462 0.998115420 -0.334053711
86920167 0.504463951 0.896824806 0.500000000 0.500000000 0.000000000 0.000000000 0.998076856 -0.007419026 0.061543141 -0.496275084 0.007817668 0.999949992 -0.006239171 0.010642506 -0.061493773 0.006708296 0.998084903 -0.352561313
86953533 0.504463951 0.896824806 0.500000000 0.500000000 0.000000000 0.000000000 0.998036623 -0.007411898 0.062192839 -0.509588020 0.007813705 0.999950111 -0.006219940 0.013439562 -0.062143635 0.006693684 0.998044789 -0.371363217
86986900 0.504463951 0.896824806 0.500000000 0.500000000 0.000000000 0.000000000 0.998005569 -0.007373401 0.062693991 -0.522344409 0.007775047 0.999950767 -0.006164894 0.016078059 -0.062645450 0.006640048 0.998013735 -0.389806886
87020267 0.504463951 0.896824806 0.500000000 0.500000000 0.000000000 0.000000000 0.997968376 -0.007360868 0.063284971 -0.535251916 0.007773039 0.999950111 -0.006269209 0.018690609 -0.063235663 0.006748389 0.997975826 -0.407991856
87053633 0.504463951 0.896824806 0.500000000 0.500000000 0.000000000 0.000000000 0.997933507 -0.007405091 0.063826665 -0.548568904 0.007837509 0.999947965 -0.006527171 0.021793148 -0.063775010 0.007013924 0.997939646 -0.426176483
87087000 0.504463951 0.896824806 0.500000000 0.500000000 0.000000000 0.000000000 0.997896135 -0.007479704 0.064400092 -0.561435524 0.007922002 0.999946713 -0.006615353 0.024622827 -0.064347178 0.007111613 0.997902215 -0.443024414
87120367 0.504463951 0.896824806 0.500000000 0.500000000 0.000000000 0.000000000 0.997867346 -0.007512805 0.064840481 -0.574377369 0.007967723 0.999945402 -0.006760207 0.026940364 -0.064786151 0.007262421 0.997872770 -0.460527715
87153733 0.504463951 0.896824806 0.500000000 0.500000000 0.000000000 0.000000000 0.997850299 -0.007503791 0.065103658 -0.587392754 0.007975909 0.999943733 -0.006994907 0.029214736 -0.065047510 0.007499130 0.997853994 -0.478068436
87187100 0.504463951 0.896824806 0.500000000 0.500000000 0.000000000 0.000000000 0.997839630 -0.007620413 0.065253563 -0.598961444 0.008100620 0.999942005 -0.007097684 0.031118827 -0.065195695 0.007610945 0.997843444 -0.494637577
87220467 0.504463951 0.896824806 0.500000000 0.500000000 0.000000000 0.000000000 0.997828186 -0.007478702 0.065444365 -0.610024313 0.007944628 0.999944925 -0.006862062 0.032594885 -0.065389439 0.007367090 0.997832596 -0.512308839
87253833 0.504463951 0.896824806 0.500000000 0.500000000 0.000000000 0.000000000 0.997780383 -0.007442309 0.066173308 -0.621525468 0.007906258 0.999945939 -0.006752011 0.033986033 -0.066119477 0.007260208 0.997785270 -0.530103363
87287200 0.504463951 0.896824806 0.500000000 0.500000000 0.000000000 0.000000000 0.997725129 -0.007482602 0.066997051 -0.632430197 0.007960646 0.999944687 -0.006871166 0.034973548 -0.066941932 0.007388874 0.997729540 -0.546720550
87320567 0.504463951 0.896824806 0.500000000 0.500000000 0.000000000 0.000000000 0.997688770 -0.007616320 0.067521341 -0.643235798 0.008119603 0.999941230 -0.007182379 0.036047196 -0.067462675 0.007714026 0.997691989 -0.564175548
87353933 0.504463951 0.896824806 0.500000000 0.500000000 0.000000000 0.000000000 0.997655869 -0.007731319 0.067993023 -0.654292639 0.008247440 0.999939263 -0.007313345 0.036925868 -0.067932345 0.007856969 0.997658968 -0.581964343
87387300 0.504463951 0.896824806 0.500000000 0.500000000 0.000000000 0.000000000 0.997620642 -0.007780347 0.068501808 -0.665350674 0.008298644 0.999939024 -0.007284843 0.037431086 -0.068440951 0.007835982 0.997624397 -0.598917866
87420667 0.504463951 0.896824806 0.500000000 0.500000000 0.000000000 0.000000000 0.997595787 -0.007890417 0.068850659 -0.676518223 0.008422065 0.999936879 -0.007434883 0.038077780 -0.068787649 0.007996872 0.997599244 -0.616760328
87454033 0.504463951 0.896824806 0.500000000 0.500000000 0.000000000 0.000000000 0.997575462 -0.007953878 0.069137216 -0.688167970 0.008502210 0.999934673 -0.007640410 0.038875615 -0.069071926 0.008209704 0.997577906 -0.635618279
87487400 0.504463951 0.896824806 0.500000000 0.500000000 0.000000000 0.000000000 0.997573793 -0.008033856 0.069151551 -0.699441507 0.008587938 0.999933302 -0.007719016 0.040161302 -0.069084920 0.008294158 0.997576296 -0.654173441
87520767 0.504463951 0.896824806 0.500000000 0.500000000 0.000000000 0.000000000 0.997580588 -0.007972352 0.069061294 -0.710823439 0.008511260 0.999935567 -0.007512580 0.041543179 -0.068996951 0.008082203 0.997584105 -0.673802903
87554133 0.504463951 0.896824806 0.500000000 0.500000000 0.000000000 0.000000000 0.997558713 -0.007985280 0.069374681 -0.723188941 0.008511675 0.999937177 -0.007295412 0.042978739 -0.069312066 0.007868096 0.997564018 -0.694331103
87587500 0.504463951 0.896824806 0.500000000 0.500000000 0.000000000 0.000000000 0.997548342 -0.007975560 0.069524698 -0.735092405 0.008504701 0.999937057 -0.007318154 0.044117190 -0.069461957 0.007891499 0.997553408 -0.714940879
87620867 0.504463951 0.896824806 0.500000000 0.500000000 0.000000000 0.000000000 0.997529566 -0.007943911 0.069797233 -0.747422904 0.008479793 0.999936759 -0.007384734 0.044781181 -0.069734156 0.007958356 0.997533858 -0.736303182
87654233 0.504463951 0.896824806 0.500000000 0.500000000 0.000000000 0.000000000 0.997485220 -0.007956618 0.070426367 -0.761112968 0.008502029 0.999936104 -0.007448031 0.045416038 -0.070362605 0.008028068 0.997489154 -0.758428323
87687600 0.504463951 0.896824806 0.500000000 0.500000000 0.000000000 0.000000000 0.997462392 -0.008015670 0.070742384 -0.774106658 0.008565372 0.999935389 -0.007470551 0.045665638 -0.070677936 0.008057528 0.997466624 -0.780048422
87720967 0.504463951 0.896824806 0.500000000 0.500000000 0.000000000 0.000000000 0.997445226 -0.007860840 0.071001679 -0.787774376 0.008425665 0.999935150 -0.007659100 0.046754034 -0.070936866 0.008237769 0.997446775 -0.802281692
87754333 0.504463951 0.896824806 0.500000000 0.500000000 0.000000000 0.000000000 0.997427642 -0.007736453 0.071261846 -0.802205262 0.008314484 0.999934852 -0.007818298 0.048621627 -0.071196720 0.008390692 0.997426987 -0.825110878
87787700 0.504463951 0.896824806 0.500000000 0.500000000 0.000000000 0.000000000 0.997406244 -0.007672785 0.071567163 -0.816504975 0.008265397 0.999933958 -0.007988019 0.050667754 -0.071501143 0.008558830 0.997403800 -0.846930017
87821067 0.504463951 0.896824806 0.500000000 0.500000000 0.000000000 0.000000000 0.997376561 -0.007578270 0.071989924 -0.831722973 0.008195614 0.999932110 -0.008283915 0.052879442 -0.071922258 0.008852184 0.997370958 -0.870080183
87854433 0.504463951 0.896824806 0.500000000 0.500000000 0.000000000 0.000000000 0.997337878 -0.007553385 0.072526388 -0.847719850 0.008193820 0.999929965 -0.008536909 0.055116109 -0.072456822 0.009108450 0.997329950 -0.893755836
87887800 0.504463951 0.896824806 0.500000000 0.500000000 0.000000000 0.000000000 0.997298837 -0.007448175 0.073072262 -0.863441698 0.008094480 0.999930680 -0.008552599 0.056661215 -0.073003493 0.009120978 0.997289956 -0.916922642
87921167 0.504463951 0.896824806 0.500000000 0.500000000 0.000000000 0.000000000 0.997256577 -0.007383890 0.073653229 -0.879994943 0.008024475 0.999932468 -0.008405190 0.057906606 -0.073586196 0.008973160 0.997248471 -0.940032118
87954533 0.504463951 0.896824806 0.500000000 0.500000000 0.000000000 0.000000000 0.997221828 -0.007286404 0.074132062 -0.897010207 0.007918908 0.999934673 -0.008241781 0.058607230 -0.074067168 0.008805929 0.997214377 -0.963448572
87987900 0.504463951 0.896824806 0.500000000 0.500000000 0.000000000 0.000000000 0.997191131 -0.007290160 0.074543409 -0.913239913 0.007931845 0.999933958 -0.008315785 0.058501143 -0.074477866 0.008883694 0.997183084 -0.985832581
88021267 0.504463951 0.896824806 0.500000000 0.500000000 0.000000000 0.000000000 0.997157037 -0.007343498 0.074992679 -0.930123579 0.008020225 0.999929786 -0.008726744 0.058280767 -0.074923329 0.009303392 0.997145891 -1.007878541
88054633 0.504463951 0.896824806 0.500000000 0.500000000 0.000000000 0.000000000 0.997144401 -0.007264862 0.075167887 -0.947461243 0.007960361 0.999928176 -0.008957144 0.057831167 -0.075097419 0.009529930 0.997130692 -1.030254779
88088000 0.504463951 0.896824806 0.500000000 0.500000000 0.000000000 0.000000000 0.997127831 -0.007298005 0.075384319 -0.964668495 0.007991946 0.999928415 -0.008907817 0.057041437 -0.075313918 0.009484700 0.997114778 -1.051994236
88121367 0.504463951 0.896824806 0.500000000 0.500000000 0.000000000 0.000000000 0.997082889 -0.007198762 0.075986162 -0.983190905 0.007890143 0.999930143 -0.008802478 0.056022750 -0.075917490 0.009376341 0.997070014 -1.073276160
88154733 0.504463951 0.896824806 0.500000000 0.500000000 0.000000000 0.000000000 0.997057736 -0.007032396 0.076331079 -1.002205884 0.007732146 0.999930739 -0.008875647 0.055337981 -0.076263368 0.009439735 0.997043014 -1.095496602
88188100 0.504463951 0.896824806 0.500000000 0.500000000 0.000000000 0.000000000 0.997060239 -0.006889815 0.076311298 -1.019758115 0.007595928 0.999930918 -0.008966688 0.054816956 -0.076244250 0.009519983 0.997043729 -1.117544203
88221467 0.504463951 0.896824806 0.500000000 0.500000000 0.000000000 0.000000000 0.997035325 -0.006899393 0.076635197 -1.037294219 0.007609672 0.999930739 -0.008980172 0.054588066 -0.076567926 0.009536717 0.997018754 -1.139209751
88254833 0.504463951 0.896824806 0.500000000 0.500000000 0.000000000 0.000000000 0.996975362 -0.006957096 0.077406406 -1.055482830 0.007683247 0.999929190 -0.009087157 0.055274527 -0.077337705 0.009654404 0.996958196 -1.160147353
88288200 0.504463951 0.896824806 0.500000000 0.500000000 0.000000000 0.000000000 0.996902883 -0.006968114 0.078333057 -1.073072131 0.007703810 0.999928951 -0.009093635 0.055428334 -0.078264132 0.009668933 0.996885777 -1.179659114
88321567 0.504463951 0.896824806 0.500000000 0.500000000 0.000000000 0.000000000 0.996834755 -0.007043147 0.079188667 -1.091376921 0.007788250 0.999928236 -0.009104288 0.055548733 -0.079118863 0.009692212 0.996818066 -1.198722958
88354933 0.504463951 0.896824806 0.500000000 0.500000000 0.000000000 0.000000000 0.996785522 -0.007084747 0.079802789 -1.109318718 0.007839506 0.999927402 -0.009148467 0.055379969 -0.079732180 0.009744674 0.996768713 -1.217584532
88388300 0.504463951 0.896824806 0.500000000 0.500000000 0.000000000 0.000000000 0.996755660 -0.007043158 0.080178477 -1.125932254 0.007789973 0.999929130 -0.009005418 0.054440507 -0.080109365 0.009600789 0.996739864 -1.235713018
88421667 0.504463951 0.896824806 0.500000000 0.500000000 0.000000000 0.000000000 0.996719241 -0.006984179 0.080634810 -1.142241964 0.007728170 0.999930382 -0.008918262 0.053985427 -0.080566913 0.009512164 0.996703804 -1.253110754
88455033 0.504463951 0.896824806 0.500000000 0.500000000 0.000000000 0.000000000 0.996660590 -0.007092570 0.081347406 -1.158425897 0.007827679 0.999931335 -0.008721303 0.053565644 -0.081279963 0.009328940 0.996647656 -1.270091557
88488400 0.504463951 0.896824806 0.500000000 0.500000000 0.000000000 0.000000000 0.996621192 -0.007215823 0.081817836 -1.172616925 0.007916071 0.999934733 -0.008237457 0.052897719 -0.081753060 0.008857300 0.996613264 -1.287233935
88521767 0.504463951 0.896824806 0.500000000 0.500000000 0.000000000 0.000000000 0.996552110 -0.007296402 0.082648039 -1.186901791 0.007960340 0.999938607 -0.007706638 0.052634790 -0.082586735 0.008337973 0.996549010 -1.304240655
88555133 0.504463951 0.896824806 0.500000000 0.500000000 0.000000000 0.000000000 0.996460021 -0.007448873 0.083737373 -1.201470748 0.008117713 0.999937773 -0.007649713 0.053220891 -0.083675176 0.008302389 0.996458471 -1.321868407
88588500 0.504463951 0.896824806 0.500000000 0.500000000 0.000000000 0.000000000 0.996371090 -0.007665807 0.084769502 -1.214992786 0.008356154 0.999934733 -0.007791992 0.053872759 -0.084704235 0.008472063 0.996370137 -1.339066969
88621867 0.504463951 0.896824806 0.500000000 0.500000000 0.000000000 0.000000000 0.996276855 -0.007911523 0.085847631 -1.228795252 0.008602859 0.999933481 -0.007686086 0.054247627 -0.085781112 0.008396005 0.996278644 -1.357030133
88655233 0.504463951 0.896824806 0.500000000 0.500000000 0.000000000 0.000000000 0.996176422 -0.008038310 0.086994089 -1.243775392 0.008716463 0.999934494 -0.007418336 0.054701245 -0.086928762 0.008148253 0.996181190 -1.375534827
88688600 0.504463951 0.896824806 0.500000000 0.500000000 0.000000000 0.000000000 0.996098876 -0.008245111 0.087857999 -1.257814939 0.008928221 0.999932885 -0.007385024 0.055089371 -0.087791212 0.008140630 0.996105611 -1.393849142
88721967 0.504463951 0.896824806 0.500000000 0.500000000 0.000000000 0.000000000 0.996031761 -0.008355824 0.088605568 -1.271891226 0.009062376 0.999930263 -0.007574827 0.055910557 -0.088536091 0.008347746 0.996037960 -1.412784574
88755333 0.504463951 0.896824806 0.500000000 0.500000000 0.000000000 0.000000000 0.995970011 -0.008502551 0.089282684 -1.285957763 0.009214438 0.999928951 -0.007564255 0.056286547 -0.089212023 0.008356461 0.995977581 -1.432921958
88788700 0.504463951 0.896824806 0.500000000 0.500000000 0.000000000 0.000000000 0.995896697 -0.008572004 0.090090595 -1.299582781 0.009284387 0.999928832 -0.007491307 0.056066346 -0.090019971 0.008297004 0.995905399 -1.452953690
88822067 0.504463951 0.896824806 0.500000000 0.500000000 0.000000000 0.000000000 0.995794594 -0.008650772 0.091204502 -1.314349422 0.009376974 0.999927640 -0.007536847 0.055569300 -0.091132700 0.008360374 0.995803654 -1.473806356
88855433 0.504463951 0.896824806 0.500000000 0.500000000 0.000000000 0.000000000 0.995679736 -0.008898955 0.092426404 -1.329823433 0.009648082 0.999924123 -0.007661450 0.055030943 -0.092351213 0.008520088 0.995690048 -1.495377113
88888800 0.504463951 0.896824806 0.500000000 0.500000000 0.000000000 0.000000000 0.995582342 -0.009086141 0.093451656 -1.344982261 0.009852399 0.999921501 -0.007741397 0.054488879 -0.093373984 0.008627920 0.995593727 -1.517424151
88922167 0.504463951 0.896824806 0.500000000 0.500000000 0.000000000 0.000000000 0.995507717 -0.009258880 0.094226912 -1.359911177 0.010046091 0.999918461 -0.007883475 0.054286097 -0.094146237 0.008794672 0.995519519 -1.540617176
88955533 0.504463951 0.896824806 0.500000000 0.500000000 0.000000000 0.000000000 0.995435655 -0.009354197 0.094975635 -1.375144514 0.010166747 0.999915719 -0.008075056 0.054856561 -0.094892092 0.009003792 0.995446861 -1.564645454
88988900 0.504463951 0.896824806 0.500000000 0.500000000 0.000000000 0.000000000 0.995379984 -0.009542111 0.095538750 -1.389427647 0.010353151 0.999914408 -0.007997011 0.055529269 -0.095454268 0.008949191 0.995393574 -1.588556145
89022267 0.504463951 0.896824806 0.500000000 0.500000000 0.000000000 0.000000000 0.995340586 -0.009607377 0.095941573 -1.403092873 0.010400223 0.999915779 -0.007767189 0.056870414 -0.095858864 0.008728812 0.995356679 -1.613186637
89055633 0.504463951 0.896824806 0.500000000 0.500000000 0.000000000 0.000000000 0.995243251 -0.009458606 0.096961141 -1.417828344 0.010276849 0.999915659 -0.007942937 0.059944860 -0.096877828 0.008901609 0.995256484 -1.637402213
89089000 0.504463951 0.896824806 0.500000000 0.500000000 0.000000000 0.000000000 0.995117486 -0.009426981 0.098246530 -1.432585155 0.010317444 0.999910116 -0.008559432 0.064598507 -0.098157011 0.009531293 0.995125294 -1.660830015
89122367 0.504463951 0.896824806 0.500000000 0.500000000 0.000000000 0.000000000 0.995014131 -0.009546756 0.099276133 -1.447307313 0.010490043 0.999904633 -0.008983992 0.069968661 -0.099180892 0.009980610 0.995019376 -1.685115492
89155733 0.504463951 0.896824806 0.500000000 0.500000000 0.000000000 0.000000000 0.994887352 -0.009804340 0.100513853 -1.462995874 0.010740283 0.999903798 -0.008774655 0.074269557 -0.100418158 0.009809340 0.994896948 -1.708829796
89189100 0.504463951 0.896824806 0.500000000 0.500000000 0.000000000 0.000000000 0.994797111 -0.010035796 0.101380311 -1.477810055 0.010962807 0.999903023 -0.008590881 0.077946995 -0.101284258 0.009657596 0.994810641 -1.732079164
89222467 0.504463951 0.896824806 0.500000000 0.500000000 0.000000000 0.000000000 0.994733214 -0.010200510 0.101989359 -1.492188332 0.011138643 0.999900699 -0.008633072 0.081755728 -0.101891167 0.009723627 0.994748056 -1.756010291
89255833 0.504463951 0.896824806 0.500000000 0.500000000 0.000000000 0.000000000 0.994685531 -0.010320107 0.102441147 -1.505813112 0.011259258 0.999899685 -0.008593712 0.085283346 -0.102342181 0.009701452 0.994701922 -1.780511628
89289200 0.504463951 0.896824806 0.500000000 0.500000000 0.000000000 0.000000000 0.994605720 -0.010541149 0.103191003 -1.518563042 0.011472973 0.999898553 -0.008440703 0.088615463 -0.103091560 0.009579079 0.994625747 -1.802688397
89322567 0.504463951 0.896824806 0.500000000 0.500000000 0.000000000 0.000000000 0.994482160 -0.010569905 0.104371749 -1.532262894 0.011498154 0.999899507 -0.008295985 0.092072896 -0.104273573 0.009450292 0.994503736 -1.824172067
89355933 0.504463951 0.896824806 0.500000000 0.500000000 0.000000000 0.000000000 0.994389951 -0.010702534 0.105233528 -1.545027734 0.011660730 0.999895930 -0.008494376 0.096069787 -0.105131663 0.009673822 0.994411230 -1.845660904
89389300 0.504463951 0.896824806 0.500000000 0.500000000 0.000000000 0.000000000 0.994304478 -0.010794225 0.106028795 -1.556588440 0.011787561 0.999892294 -0.008746323 0.099864476 -0.105922960 0.009946330 0.994324565 -1.866099186
89422667 0.504463951 0.896824806 0.500000000 0.500000000 0.000000000 0.000000000 0.994185030 -0.010958673 0.107126392 -1.568757121 0.011961171 0.999890447 -0.008720016 0.103612421 -0.107019097 0.009950666 0.994207144 -1.885647681
89456033 0.504463951 0.896824806 0.500000000 0.500000000 0.000000000 0.000000000 0.994102061 -0.011015516 0.107887641 -1.580119950 0.011992378 0.999892712 -0.008409807 0.107209000 -0.107783422 0.009654036 0.994127512 -1.905910494
89489400 0.504463951 0.896824806 0.500000000 0.500000000 0.000000000 0.000000000 0.993994534 -0.011085986 0.108866513 -1.591144147 0.012079027 0.999891222 -0.008466406 0.111904921 -0.108760811 0.009730563 0.994020343 -1.925264367
89522767 0.504463951 0.896824806 0.500000000 0.500000000 0.000000000 0.000000000 0.993844092 -0.011222285 0.110218063 -1.603213219 0.012236447 0.999888778 -0.008529305 0.116563662 -0.110110089 0.009825476 0.993870854 -1.944624295
89556133 0.504463951 0.896824806 0.500000000 0.500000000 0.000000000 0.000000000 0.993717611 -0.011389639 0.111335255 -1.615087075 0.012405345 0.999887466 -0.008434457 0.121413138 -0.111226663 0.009762621 0.993747115 -1.964106074
89589500 0.504463951 0.896824806 0.500000000 0.500000000 0.000000000 0.000000000 0.993611693 -0.011677083 0.112247214 -1.625553681 0.012671362 0.999886513 -0.008148587 0.125159041 -0.112139322 0.009518856 0.993646920 -1.983444714
89622867 0.504463951 0.896824806 0.500000000 0.500000000 0.000000000 0.000000000 0.993499160 -0.011856781 0.113220222 -1.636222893 0.012859612 0.999884248 -0.008131099 0.129320344 -0.113110714 0.009534208 0.993536651 -2.002853382
89656233 0.504463951 0.896824806 0.500000000 0.500000000 0.000000000 0.000000000 0.993381679 -0.012134305 0.114217371 -1.647265896 0.013147756 0.999880552 -0.008123845 0.133295084 -0.114105150 0.009571781 0.993422568 -2.022941218
89689600 0.504463951 0.896824806 0.500000000 0.500000000 0.000000000 0.000000000 0.993299305 -0.012366126 0.114906974 -1.657151135 0.013374393 0.999878466 -0.008007793 0.136772418 -0.114793986 0.009490946 0.993344009 -2.043063772
89722967 0.504463951 0.896824806 0.500000000 0.500000000 0.000000000 0.000000000 0.993201792 -0.012365696 0.115746833 -1.667920044 0.013370149 0.999879360 -0.007905627 0.140130759 -0.115635104 0.009399435 0.993247271 -2.063540793
89756333 0.504463951 0.896824806 0.500000000 0.500000000 0.000000000 0.000000000 0.993073225 -0.012489032 0.116831265 -1.679899925 0.013512780 0.999876916 -0.007974627 0.143414314 -0.116717286 0.009498104 0.993119776 -2.084249906
89789700 0.504463951 0.896824806 0.500000000 0.500000000 0.000000000 0.000000000 0.992951035 -0.012520604 0.117861971 -1.691636382 0.013559968 0.999875903 -0.008020691 0.146482716 -0.117746919 0.009562357 0.992997587 -2.104587937
89823067 0.504463951 0.896824806 0.500000000 0.500000000 0.000000000 0.000000000 0.992832899 -0.012563624 0.118848562 -1.703236522 0.013605006 0.999875784 -0.007954946 0.149219953 -0.118733861 0.009514867 0.992880523 -2.125808762
89856433 0.504463951 0.896824806 0.500000000 0.500000000 0.000000000 0.000000000 0.992691159 -0.012578534 0.120025247 -1.715842198 0.013608604 0.999877214 -0.007766289 0.151627175 -0.119912826 0.009342902 0.992740452 -2.147703942
89889800 0.504463951 0.896824806 0.500000000 0.500000000 0.000000000 0.000000000 0.992546856 -0.012695226 0.121200532 -1.728633717 0.013728541 0.999876142 -0.007694415 0.153724662 -0.121087842 0.009300974 0.992598236 -2.169039810
89923167 0.504463951 0.896824806 0.500000000 0.500000000 0.000000000 0.000000000 0.992387354 -0.012881747 0.122480400 -1.742605759 0.013937542 0.999872684 -0.007767229 0.155909809 -0.122364752 0.009415176 0.992440522 -2.191243453
89956533 0.504463951 0.896824806 0.500000000 0.500000000 0.000000000 0.000000000 0.992235959 -0.013047507 0.123683229 -1.757335022 0.014123662 0.999869585 -0.007828061 0.158253384 -0.123564966 0.009514145 0.992290854 -2.214513010
89989900 0.504463951 0.896824806 0.500000000 0.500000000 0.000000000 0.000000000 0.992096364 -0.013135331 0.124789082 -1.772724958 0.014222872 0.999868214 -0.007828082 0.160839161 -0.124669813 0.009541071 0.992152393 -2.238076074
90023267 0.504463951 0.896824806 0.500000000 0.500000000 0.000000000 0.000000000 0.991974771 -0.013206951 0.125744104 -1.788098094 0.014336105 0.999864578 -0.008079041 0.165688047 -0.125620380 0.009816886 0.992029786 -2.262312867
90056633 0.504463951 0.896824806 0.500000000 0.500000000 0.000000000 0.000000000 0.991855025 -0.013227902 0.126683339 -1.804560030 0.014391451 0.999862194 -0.008273803 0.170934165 -0.126556441 0.010029570 0.991908729 -2.287101361
90090000 0.504463951 0.896824806 0.500000000 0.500000000 0.000000000 0.000000000 0.991729498 -0.013259466 0.127658769 -1.820949589 0.014463497 0.999859214 -0.008509236 0.177098638 -0.127527967 0.010285253 0.991781652 -2.311662993
90123367 0.504463951 0.896824806 0.500000000 0.500000000 0.000000000 0.000000000 0.991574287 -0.013379110 0.128846392 -1.837599894 0.014597547 0.999857187 -0.008516754 0.182851771 -0.128714040 0.010325835 0.991627991 -2.335983570
90156733 0.504463951 0.896824806 0.500000000 0.500000000 0.000000000 0.000000000 0.991378784 -0.013466306 0.130333394 -1.857192225 0.014716570 0.999854445 -0.008634388 0.189456484 -0.130198151 0.010478010 0.991432607 -2.360372261
90190100 0.504463951 0.896824806 0.500000000 0.500000000 0.000000000 0.000000000 0.991231143 -0.013627947 0.131434828 -1.873964769 0.014912202 0.999850154 -0.008791689 0.194596613 -0.131295323 0.010674578 0.991285801 -2.385324824
90223467 0.504463951 0.896824806 0.500000000 0.500000000 0.000000000 0.000000000 0.991074800 -0.013867076 0.132583648 -1.891522017 0.015207634 0.999842942 -0.009103730 0.199874210 -0.132436588 0.011038762 0.991129994 -2.410968067
90256833 0.504463951 0.896824806 0.500000000 0.500000000 0.000000000 0.000000000 0.990908742 -0.014105346 0.133794114 -1.909561746 0.015459836 0.999839187 -0.009090159 0.204235023 -0.133644387 0.011075953 0.990967453 -2.436471080
90290200 0.504463951 0.896824806 0.500000000 0.500000000 0.000000000 0.000000000 0.990764618 -0.014340478 0.134832412 -1.925324570 0.015690552 0.999836802 -0.008955612 0.207560402 -0.134681985 0.010988499 0.990827918 -2.461423599
90323567 0.504463951 0.896824806 0.500000000 0.500000000 0.000000000 0.000000000 0.990566790 -0.014360873 0.136276037 -1.943297268 0.015771296 0.999832571 -0.009275684 0.211826202 -0.136120006 0.011337435 0.990627468 -2.485874315
90356933 0.504463951 0.896824806 0.500000000 0.500000000 0.000000000 0.000000000 0.990369797 -0.014214222 0.137715548 -1.960983515 0.015710648 0.999828696 -0.009785132 0.217234045 -0.137552872 0.011854500 0.990423501 -2.509237174
90390300 0.504463951 0.896824806 0.500000000 0.500000000 0.000000000 0.000000000 0.990138948 -0.014354806 0.139351413 -1.979319342 0.015852777 0.999827802 -0.009645526 0.219632318 -0.139188945 0.011759518 0.990195990 -2.530872859
90423667 0.504463951 0.896824806 0.500000000 0.500000000 0.000000000 0.000000000 0.989899576 -0.014549058 0.141021624 -1.997325284 0.016000949 0.999829948 -0.009167033 0.220667564 -0.140864283 0.011330922 0.989964068 -2.551200338
90457033 0.504463951 0.896824806 0.500000000 0.500000000 0.000000000 0.000000000 0.989713252 -0.014829280 0.142294690 -2.014384245 0.016322006 0.999823272 -0.009328856 0.223147581 -0.142131209 0.011555428 0.989780366 -2.571485497
90490400 0.504463951 0.896824806 0.500000000 0.500000000 0.000000000 0.000000000 0.989554346 -0.015115539 0.143365517 -2.029754690 0.016672246 0.999814332 -0.009663141 0.226277917 -0.143192828 0.011952428 0.989622653 -2.590784329
90523767 0.504463951 0.896824806 0.500000000 0.500000000 0.000000000 0.000000000 0.989351153 -0.015489449 0.144721776 -2.046048268 0.017050970 0.999808967 -0.009555621 0.228797818 -0.144546121 0.011921511 0.989426255 -2.609420241
90557133 0.504463951 0.896824806 0.500000000 0.500000000 0.000000000 0.000000000 0.989179671 -0.015790746 0.145856842 -2.061413536 0.017298406 0.999809206 -0.009073961 0.231153961 -0.145685732 0.011498868 0.989264071 -2.628180164
90590500 0.504463951 0.896824806 0.500000000 0.500000000 0.000000000 0.000000000 0.988988221 -0.015827158 0.147145629 -2.076162072 0.017322319 0.999810457 -0.008885143 0.234496815 -0.146977112 0.011336206 0.989074945 -2.645851864
90623867 0.504463951 0.896824806 0.500000000 0.500000000 0.000000000 0.000000000 0.988738239 -0.015644029 0.148835361 -2.092459395 0.017200612 0.999809921 -0.009176906 0.238893769 -0.148663506 0.011633618 0.988819420 -2.662335499
90657233 0.504463951 0.896824806 0.500000000 0.500000000 0.000000000 0.000000000 0.988536060 -0.015563950 0.150180727 -2.108457709 0.017172690 0.999808133 -0.009421050 0.243340900 -0.150005281 0.011892054 0.988613665 -2.679201318
90690600 0.504463951 0.896824806 0.500000000 0.500000000 0.000000000 0.000000000 0.988397062 -0.015729137 0.151075751 -2.121994576 0.017311333 0.999808133 -0.009163281 0.245567681 -0.150902644 0.011672283 0.988479733 -2.696622784
90723967 0.504463951 0.896824806 0.500000000 0.500000000 0.000000000 0.000000000 0.988191009 -0.015767299 0.152413666 -2.137235196 0.017310277 0.999811411 -0.008801928 0.248126471 -0.152246132 0.011336309 0.988277614 -2.712758876
90757333 0.504463951 0.896824806 0.500000000 0.500000000 0.000000000 0.000000000 0.987973750 -0.015682699 0.153824225 -2.153380619 0.017230636 0.999813378 -0.008734928 0.251874775 -0.153658539 0.011280370 0.988059640 -2.729181517
90790700 0.504463951 0.896824806 0.500000000 0.500000000 0.000000000 0.000000000 0.987774849 -0.015853556 0.155078888 -2.168284054 0.017423237 0.999809742 -0.008767764 0.255160680 -0.154910386 0.011362554 0.987863183 -2.745512539
90824067 0.504463951 0.896824806 0.500000000 0.500000000 0.000000000 0.000000000 0.987579465 -0.015995760 0.156303898 -2.183829550 0.017565697 0.999808133 -0.008667924 0.258087956 -0.156135261 0.011305851 0.987670958 -2.762740714
90857433 0.504463951 0.896824806 0.500000000 0.500000000 0.000000000 0.000000000 0.987394035 -0.016058281 0.157464907 -2.199668577 0.017610043 0.999809086 -0.008464336 0.260423921 -0.157298923 0.011130598 0.987488329 -2.780981306
90890800 0.504463951 0.896824806 0.500000000 0.500000000 0.000000000 0.000000000 0.987246513 -0.016105477 0.158382401 -2.214031820 0.017653750 0.999809086 -0.008373410 0.262711179 -0.158217296 0.011062663 0.987342358 -2.799859860
90924167 0.504463951 0.896824806 0.500000000 0.500000000 0.000000000 0.000000000 0.987092555 -0.016257819 0.159323543 -2.229220902 0.017833548 0.999805152 -0.008465238 0.265389986 -0.159154862 0.011197276 0.987190127 -2.819699158
90957533 0.504463951 0.896824806 0.500000000 0.500000000 0.000000000 0.000000000 0.986949384 -0.016414145 0.160191894 -2.244376860 0.017993258 0.999802709 -0.008411973 0.267664699 -0.160022214 0.011184566 0.987050056 -2.840754163
90990900 0.504463951 0.896824806 0.500000000 0.500000000 0.000000000 0.000000000 0.986805797 -0.016563233 0.161058754 -2.259409623 0.018130694 0.999801457 -0.008267350 0.269614292 -0.160889834 0.011078375 0.986910164 -2.862004412
91024267 0.504463951 0.896824806 0.500000000 0.500000000 0.000000000 0.000000000 0.986692190 -0.016707996 0.161738500 -2.273777273 0.018275084 0.999799311 -0.008206091 0.271702875 -0.161568940 0.011052671 0.986799538 -2.884296536
91057633 0.504463951 0.896824806 0.500000000 0.500000000 0.000000000 0.000000000 0.986573100 -0.016771849 0.162456959 -2.288553261 0.018383853 0.999795496 -0.008424358 0.275327237 -0.162282452 0.011297829 0.986679673 -2.907120423
91091000 0.504463951 0.896824806 0.500000000 0.500000000 0.000000000 0.000000000 0.986404896 -0.016880510 0.163463980 -2.304239934 0.018527463 0.999791741 -0.008555924 0.278833584 -0.163285509 0.011468178 0.986512184 -2.929574417
91124367 0.504463951 0.896824806 0.500000000 0.500000000 0.000000000 0.000000000 0.986227214 -0.017006554 0.164519548 -2.321261350 0.018667756 0.999789119 -0.008556310 0.282956648 -0.164339349 0.011509676 0.986336708 -2.951940592
91157733 0.504463951 0.896824806 0.500000000 0.500000000 0.000000000 0.000000000 0.986102700 -0.017138842 0.165250450 -2.337374820 0.018812457 0.999786317 -0.008567811 0.287838644 -0.165068299 0.011557508 0.986214399 -2.975396577
91191100 0.504463951 0.896824806 0.500000000 0.500000000 0.000000000 0.000000000 0.986023366 -0.017229328 0.165713951 -2.352298896 0.018934218 0.999782741 -0.008713794 0.293138416 -0.165527821 0.011729669 0.986135364 -2.999258105
91224467 0.504463951 0.896824806 0.500000000 0.500000000 0.000000000 0.000000000 0.985938489 -0.017171811 0.166223913 -2.367007720 0.018949790 0.999778867 -0.009116098 0.300792649 -0.166030630 0.012137820 0.986045897 -3.023096867
91257833 0.504463951 0.896824806 0.500000000 0.500000000 0.000000000 0.000000000 0.985832930 -0.017209359 0.166844949 -2.381517755 0.019020038 0.999776244 -0.009260527 0.307800949 -0.166648239 0.012302730 0.985939682 -3.046416506
91291200 0.504463951 0.896824806 0.500000000 0.500000000 0.000000000 0.000000000 0.985746026 -0.017149290 0.167363852 -2.394513259 0.018992156 0.999775290 -0.009416640 0.315943670 -0.167164743 0.012461016 0.985850215 -3.069358316
91324567 0.504463951 0.896824806 0.500000000 0.500000000 0.000000000 0.000000000 0.985633612 -0.017205529 0.168018997 -2.409052384 0.019055447 0.999774218 -0.009403962 0.322371792 -0.167819247 0.012470537 0.985738873 -3.091930715
91357933 0.504463951 0.896824806 0.500000000 0.500000000 0.000000000 0.000000000 0.985507011 -0.017270844 0.168753237 -2.422993336 0.019148670 0.999771476 -0.009506496 0.329304832 -0.168550476 0.012600117 0.985612512 -3.113873523
91391300 0.504463951 0.896824806 0.500000000 0.500000000 0.000000000 0.000000000 0.985358655 -0.017437903 0.169600084 -2.438212943 0.019322485 0.999768496 -0.009467628 0.335530004 -0.169395730 0.012606105 0.985467494 -3.136240815
91424667 0.504463951 0.896824806 0.500000000 0.500000000 0.000000000 0.000000000 0.985316575 -0.017498966 0.169838235 -2.450132785 0.019366169 0.999768794 -0.009343521 0.341858249 -0.169635475 0.012495441 0.985427678 -3.160531595
91458033 0.504463951 0.896824806 0.500000000 0.500000000 0.000000000 0.000000000 0.985257089 -0.017423855 0.170190692 -2.461861727 0.019288475 0.999770641 -0.009308656 0.347752685 -0.169989467 0.012454137 0.985367179 -3.184402271
91491400 0.504463951 0.896824806 0.500000000 0.500000000 0.000000000 0.000000000 0.985190630 -0.017281810 0.170589626 -2.473844572 0.019205082 0.999769211 -0.009630396 0.355575389 -0.170383826 0.012763963 0.985295117 -3.207644539
91524767 0.504463951 0.896824806 0.500000000 0.500000000 0.000000000 0.000000000 0.985115290 -0.017253451 0.171026811 -2.485813456 0.019198028 0.999768436 -0.009722550 0.362075409 -0.170819461 0.012861211 0.985218406 -3.230463310
91558133 0.504463951 0.896824806 0.500000000 0.500000000 0.000000000 0.000000000 0.984962344 -0.017269401 0.171903998 -2.499597944 0.019195730 0.999770164 -0.009549749 0.367057459 -0.171699569 0.012705966 0.985067427 -3.251265820
91591500 0.504463951 0.896824806 0.500000000 0.500000000 0.000000000 0.000000000 0.984827042 -0.017258884 0.172678292 -2.513608148 0.019213468 0.999768794 -0.009654077 0.373475922 -0.172471747 0.012825345 0.984930992 -3.271621093
91624867 0.504463951 0.896824806 0.500000000 0.500000000 0.000000000 0.000000000 0.984715164 -0.017350908 0.173306063 -2.527479372 0.019343492 0.999764740 -0.009815029 0.379434839 -0.173094988 0.013017352 0.984819114 -3.291976277
91658233 0.504463951 0.896824806 0.500000000 0.500000000 0.000000000 0.000000000 0.984673858 -0.017481357 0.173527554 -2.539420630 0.019499362 0.999760568 -0.009931230 0.384939462 -0.173312396 0.013162700 0.984778941 -3.312393140
91691600 0.504463951 0.896824806 0.500000000 0.500000000 0.000000000 0.000000000 0.984665513 -0.017425390 0.173580319 -2.549933951 0.019439707 0.999761879 -0.009911075 0.390502033 -0.173366278 0.013133445 0.984769821 -3.333046505
91724967 0.504463951 0.896824806 0.500000000 0.500000000 0.000000000 0.000000000 0.984598458 -0.017374886 0.173965335 -2.560809551 0.019395554 0.999762654 -0.009921922 0.395867677 -0.173751652 0.013143264 0.984701812 -3.352388603
91758333 0.504463951 0.896824806 0.500000000 0.500000000 0.000000000 0.000000000 0.984544933 -0.017344011 0.174271256 -2.570873253 0.019386815 0.999761760 -0.010026385 0.401007591 -0.174055845 0.013249991 0.984646618 -3.371258869
91791700 0.504463951 0.896824806 0.500000000 0.500000000 0.000000000 0.000000000 0.984435320 -0.017467503 0.174876958 -2.582436966 0.019527720 0.999758661 -0.010067025 0.404852323 -0.174658909 0.013325283 0.984538853 -3.388952295
91825067 0.504463951 0.896824806 0.500000000 0.500000000 0.000000000 0.000000000 0.984294176 -0.017609958 0.175655514 -2.594980817 0.019683795 0.999755561 -0.010070804 0.408339174 -0.175435230 0.013370201 0.984400153 -3.406151072
91858433 0.504463951 0.896824806 0.500000000 0.500000000 0.000000000 0.000000000 0.984179318 -0.017731553 0.176285639 -2.606845944 0.019792261 0.999754727 -0.009938016 0.410682030 -0.176066190 0.013269881 0.984288871 -3.423634966
91891800 0.504463951 0.896824806 0.500000000 0.500000000 0.000000000 0.000000000 0.984103560 -0.017827481 0.176698476 -2.617909176 0.019850491 0.999756038 -0.009687735 0.411915898 -0.176482663 0.013041286 0.984217346 -3.441763165
91925167 0.504463951 0.896824806 0.500000000 0.500000000 0.000000000 0.000000000 0.984067440 -0.017827114 0.176899627 -2.628619672 0.019843388 0.999756694 -0.009635154 0.414271223 -0.176684812 0.012991929 0.984181762 -3.460997590
91958533 0.504463951 0.896824806 0.500000000 0.500000000 0.000000000 0.000000000 0.984029233 -0.017836003 0.177111119 -2.638982396 0.019861095 0.999755979 -0.009667639 0.416828335 -0.176895469 0.013030860 0.984143376 -3.480375099
91991900 0.504463951 0.896824806 0.500000000 0.500000000 0.000000000 0.000000000 0.983929038 -0.017908491 0.177659526 -2.651348724 0.019932060 0.999755144 -0.009611799 0.418746786 -0.177443892 0.012998449 0.984045088 -3.499633664
92025267 0.504463951 0.896824806 0.500000000 0.500000000 0.000000000 0.000000000 0.983794868 -0.018017827 0.178389996 -2.664303887 0.020040575 0.999753594 -0.009543294 0.420795534 -0.178174108 0.012963682 0.983913600 -3.518921537
92058633 0.504463951 0.896824806 0.500000000 0.500000000 0.000000000 0.000000000 0.983664095 -0.018158514 0.179095641 -2.677058565 0.020158570 0.999753058 -0.009353845 0.421654110 -0.178881571 0.012811353 0.983787179 -3.538180127
92092000 0.504463951 0.896824806 0.500000000 0.500000000 0.000000000 0.000000000 0.983565032 -0.018255878 0.179628968 -2.690527220 0.020246835 0.999752164 -0.009256440 0.422994677 -0.179415464 0.012741229 0.983690858 -3.559055023
92125367 0.504463951 0.896824806 0.500000000 0.500000000 0.000000000 0.000000000 0.983518660 -0.018264716 0.179881647 -2.701958880 0.020256320 0.999752104 -0.009240971 0.424730930 -0.179668263 0.012732407 0.983644843 -3.580695235
92158733 0.504463951 0.896824806 0.500000000 0.500000000 0.000000000 0.000000000 0.983389080 -0.018337728 0.180581450 -2.715923266 0.020348089 0.999749839 -0.009286375 0.426447968 -0.180365980 0.012806606 0.983516216 -3.601678991
92192100 0.504463951 0.896824806 0.500000000 0.500000000 0.000000000 0.000000000 0.983260989 -0.018408161 0.181270465 -2.729572724 0.020449318 0.999746740 -0.009397666 0.429018442 -0.181051567 0.012947216 0.983388364 -3.623092595
92225467 0.504463951 0.896824806 0.500000000 0.500000000 0.000000000 0.000000000 0.983133972 -0.018482413 0.181950554 -2.743171699 0.020522399 0.999745786 -0.009335238 0.430622261 -0.181731775 0.012911852 0.983263373 -3.645023975
92258833 0.504463951 0.896824806 0.500000000 0.500000000 0.000000000 0.000000000 0.983016670 -0.018484581 0.182582900 -2.756399359 0.020564819 0.999743342 -0.009506493 0.434561895 -0.182360306 0.013099825 0.983144522 -3.666705419
92292200 0.504463951 0.896824806 0.500000000 0.500000000 0.000000000 0.000000000 0.982876122 -0.018543363 0.183332175 -2.770100177 0.020649264 0.999740839 -0.009584300 0.438106866 -0.183106944 0.013205854 0.983004272 -3.688846288
92325567 0.504463951 0.896824806 0.500000000 0.500000000 0.000000000 0.000000000 0.982674241 -0.018567955 0.184408799 -2.785137591 0.020718750 0.999737859 -0.009742998 0.442794717 -0.184179559 0.013394913 0.982801318 -3.710153867
92358933 0.504463951 0.896824806 0.500000000 0.500000000 0.000000000 0.000000000 0.982452571 -0.018662630 0.185576454 -2.800803026 0.020853249 0.999733925 -0.009859354 0.447073261 -0.185343087 0.013556221 0.982580364 -3.731222826
92392300 0.504463951 0.896824806 0.500000000 0.500000000 0.000000000 0.000000000 0.982239246 -0.018797219 0.186688721 -2.815874652 0.021038976 0.999728322 -0.010033798 0.451388422 -0.186449394 0.013783330 0.982367873 -3.752745982
92425667 0.504463951 0.896824806 0.500000000 0.500000000 0.000000000 0.000000000 0.982002497 -0.018882263 0.187921703 -2.832199185 0.021197742 0.999722064 -0.010319301 0.456803726 -0.187674612 0.014117096 0.982129812 -3.774174477
92459033 0.504463951 0.896824806 0.500000000 0.500000000 0.000000000 0.000000000 0.981732011 -0.019086912 0.189309135 -2.849328896 0.021433923 0.999716580 -0.010358009 0.460964623 -0.189057782 0.014226426 0.981862903 -3.795260467
92492400 0.504463951 0.896824806 0.500000000 0.500000000 0.000000000 0.000000000 0.981398046 -0.019264357 0.191015199 -2.868050745 0.021615740 0.999713957 -0.010233729 0.464893581 -0.190763414 0.014172296 0.981533706 -3.815419725
92525767 0.504463951 0.896824806 0.500000000 0.500000000 0.000000000 0.000000000 0.981066108 -0.019520333 0.192686826 -2.886818405 0.021851255 0.999711454 -0.009979018 0.467078854 -0.192436427 0.014000526 0.981209576 -3.835852491
92559133 0.504463951 0.896824806 0.500000000 0.500000000 0.000000000 0.000000000 0.980778337 -0.019654403 0.194132760 -2.905533601 0.022046564 0.999705195 -0.010169256 0.470717641 -0.193875670 0.014253746 0.980922580 -3.856307389
92592500 0.504463951 0.896824806 0.500000000 0.500000000 0.000000000 0.000000000 0.980512023 -0.019827442 0.195455983 -2.923170635 0.022275684 0.999698460 -0.010335392 0.473927883 -0.195192114 0.014487892 0.980657995 -3.876211320
92625867 0.504463951 0.896824806 0.500000000 0.500000000 0.000000000 0.000000000 0.980240345 -0.020013632 0.196795225 -2.941305832 0.022435127 0.999697447 -0.010082751 0.474877926 -0.196533889 0.014298644 0.980392754 -3.895530420
92659233 0.504463951 0.896824806 0.500000000 0.500000000 0.000000000 0.000000000 0.979956388 -0.020155335 0.198189899 -2.959222007 0.022578886 0.999695301 -0.009975931 0.476534320 -0.197928429 0.014250884 0.980112851 -3.912936771
92692600 0.504463951 0.896824806 0.500000000 0.500000000 0.000000000 0.000000000 0.979657888 -0.020249292 0.199650764 -2.977300940 0.022722380 0.999690771 -0.010103290 0.478958370 -0.199384436 0.014434309 0.979815006 -3.929572170
92725967 0.504463951 0.896824806 0.500000000 0.500000000 0.000000000 0.000000000 0.979321837 -0.020328127 0.201284513 -2.995746019 0.022873567 0.999684989 -0.010327975 0.482295497 -0.201011166 0.014718506 0.979478359 -3.945195194
92759333 0.504463951 0.896824806 0.500000000 0.500000000 0.000000000 0.000000000 0.978961051 -0.020486478 0.203016132 -3.014132715 0.023045262 0.999681890 -0.010247725 0.484430506 -0.202741608 0.014710684 0.979121745 -3.959827965
92792700 0.504463951 0.896824806 0.500000000 0.500000000 0.000000000 0.000000000 0.978617013 -0.020652568 0.204651386 -3.031117526 0.023230230 0.999678075 -0.010200661 0.487420985 -0.204374835 0.014736639 0.978781760 -3.974319030
92826067 0.504463951 0.896824806 0.500000000 0.500000000 0.000000000 0.000000000 0.978271544 -0.020907346 0.206270903 -3.047884865 0.023509640 0.999671876 -0.010172673 0.490308358 -0.205990538 0.014800990 0.978442013 -3.989044758
92859433 0.504463951 0.896824806 0.500000000 0.500000000 0.000000000 0.000000000 0.977926373 -0.021205818 0.207870945 -3.064260514 0.023853619 0.999663055 -0.010239090 0.493789578 -0.207583770 0.014971550 0.978102684 -4.003383688
92892800 0.504463951 0.896824806 0.500000000 0.500000000 0.000000000 0.000000000 0.977591813 -0.021506701 0.209407911 -3.080408492 0.024162320 0.999656737 -0.010131284 0.496505844 -0.209118128 0.014964040 0.977775872 -4.017964104
92926167 0.504463951 0.896824806 0.500000000 0.500000000 0.000000000 0.000000000 0.977320969 -0.021719009 0.210646555 -3.094995467 0.024342198 0.999655008 -0.009867831 0.499123008 -0.210359573 0.014771639 0.977512479 -4.033538317
92959533 0.504463951 0.896824806 0.500000000 0.500000000 0.000000000 0.000000000 0.977080584 -0.021822991 0.211748064 -3.107811413 0.024425438 0.999654770 -0.009682091 0.502416499 -0.211463675 0.014632222 0.977276325 -4.049278568
92992900 0.504463951 0.896824806 0.500000000 0.500000000 0.000000000 0.000000000 0.976809859 -0.022044023 0.212970838 -3.121051660 0.024653226 0.999649942 -0.009603229 0.505054735 -0.212684587 0.014630947 0.977011383 -4.065012191
93026267 0.504463951 0.896824806 0.500000000 0.500000000 0.000000000 0.000000000 0.976540327 -0.022333847 0.214173302 -3.133239637 0.025017813 0.999638677 -0.009829074 0.508733699 -0.213876396 0.014956634 0.976746202 -4.080706510
93059633 0.504463951 0.896824806 0.500000000 0.500000000 0.000000000 0.000000000 0.976264715 -0.022631058 0.215395018 -3.145244827 0.025353290 0.999629676 -0.009883437 0.511275344 -0.215091586 0.015109823 0.976476967 -4.096834260
93093000 0.504463951 0.896824806 0.500000000 0.500000000 0.000000000 0.000000000 0.976017594 -0.022852436 0.216488808 -3.156065435 0.025557781 0.999626219 -0.009704652 0.512896392 -0.216186121 0.015004884 0.976236880 -4.113855910
93126367 0.504463951 0.896824806 0.500000000 0.500000000 0.000000000 0.000000000 0.975742817 -0.022946091 0.217714176 -3.166728355 0.025670631 0.999623477 -0.009693821 0.515409870 -0.217409760 0.015047536 0.975964427 -4.131035353
93159733 0.504463951 0.896824806 0.500000000 0.500000000 0.000000000 0.000000000 0.975431442 -0.023162309 0.219082221 -3.177341469 0.025955264 0.999614298 -0.009878503 0.518177465 -0.218768910 0.015322139 0.975656390 -4.147799037
93193100 0.504463951 0.896824806 0.500000000 0.500000000 0.000000000 0.000000000 0.975073397 -0.023419451 0.220643237 -3.188810463 0.026272904 0.999604702 -0.010006266 0.520343759 -0.220321685 0.015553782 0.975303233 -4.164975346
93226467 0.504463951 0.896824806 0.500000000 0.500000000 0.000000000 0.000000000 0.974720240 -0.023794562 0.222158238 -3.200032736 0.026635386 0.999597192 -0.009799650 0.520681579 -0.221835569 0.015469188 0.974961400 -4.183827171
93259833 0.504463951 0.896824806 0.500000000 0.500000000 0.000000000 0.000000000 0.974388957 -0.024095898 0.223574370 -3.210264279 0.026936490 0.999590456 -0.009663854 0.521941054 -0.223249942 0.015438662 0.974638939 -4.203512063
93293200 0.504463951 0.896824806 0.500000000 0.500000000 0.000000000 0.000000000 0.974072337 -0.024433458 0.224913418 -3.219564569 0.027312076 0.999579906 -0.009695921 0.524041121 -0.224582046 0.015587381 0.974330485 -4.224321602
93326567 0.504463951 0.896824806 0.500000000 0.500000000 0.000000000 0.000000000 0.973820984 -0.024743423 0.225965574 -3.227376458 0.027675899 0.999568701 -0.009818397 0.527237046 -0.225625187 0.015815161 0.974085808 -4.246947708
93359933 0.504463951 0.896824806 0.500000000 0.500000000 0.000000000 0.000000000 0.973580360 -0.024999350 0.226972029 -3.233833569 0.027943010 0.999561846 -0.009764944 0.530236084 -0.226628453 0.015849240 0.973852336 -4.270025849
93393300 0.504463951 0.896824806 0.500000000 0.500000000 0.000000000 0.000000000 0.973259866 -0.025329838 0.228305995 -3.241363391 0.028308757 0.999551356 -0.009782063 0.534415002 -0.227955788 0.015983548 0.973540306 -4.292307502
93426667 0.504463951 0.896824806 0.500000000 0.500000000 0.000000000 0.000000000 0.972959697 -0.025595918 0.229552463 -3.247573018 0.028634343 0.999540806 -0.009914496 0.540183947 -0.229193270 0.016219489 0.973245800 -4.314958687
93460033 0.504463951 0.896824806 0.500000000 0.500000000 0.000000000 0.000000000 0.972614288 -0.025822761 0.230986238 -3.254343784 0.028921755 0.999531269 -0.010039796 0.546151679 -0.230618700 0.016445376 0.972905219 -4.336415227
93493400 0.504463951 0.896824806 0.500000000 0.500000000 0.000000000 0.000000000 0.972241521 -0.026140954 0.232514784 -3.260678132 0.029330255 0.999517024 -0.010269294 0.552903452 -0.232134044 0.016803952 0.972538650 -4.357344478
93526767 0.504463951 0.896824806 0.500000000 0.500000000 0.000000000 0.000000000 0.971855938 -0.026488818 0.234082013 -3.266778535 0.029820789 0.999497950 -0.010705610 0.561535267 -0.233680904 0.017384822 0.972157896 -4.378015177
93560133 0.504463951 0.896824806 0.500000000 0.500000000 0.000000000 0.000000000 0.971428394 -0.027049445 0.235786363 -3.274171389 0.030431474 0.999479413 -0.010715778 0.567590125 -0.235373765 0.017584937 0.971745849 -4.398109233
93593500 0.504463951 0.896824806 0.500000000 0.500000000 0.000000000 0.000000000 0.971056819 -0.027519535 0.237258032 -3.279661336 0.030903935 0.999466598 -0.010556526 0.574039447 -0.236840978 0.017583193 0.971389294 -4.418781322
93626867 0.504463951 0.896824806 0.500000000 0.500000000 0.000000000 0.000000000 0.970666111 -0.027747162 0.238824964 -3.284909086 0.031150328 0.999459684 -0.010486338 0.582393540 -0.238404959 0.017618209 0.971006036 -4.438772754
93660233 0.504463951 0.896824806 0.500000000 0.500000000 0.000000000 0.000000000 0.970216930 -0.028101558 0.240602300 -3.291928916 0.031474270 0.999452651 -0.010185650 0.587769273 -0.240184367 0.017455071 0.970570326 -4.457757215
93693600 0.504463951 0.896824806 0.500000000 0.500000000 0.000000000 0.000000000 0.969757617 -0.028470209 0.242403865 -3.298813844 0.031925213 0.999436796 -0.010336232 0.595737933 -0.241973072 0.017762436 0.970120370 -4.475767109
93726967 0.504463951 0.896824806 0.500000000 0.500000000 0.000000000 0.000000000 0.969233990 -0.028948637 0.244432867 -3.306957513 0.032444682 0.999420583 -0.010287590 0.602287739 -0.243993416 0.017901629 0.969611645 -4.492435129
93760333 0.504463951 0.896824806 0.500000000 0.500000000 0.000000000 0.000000000 0.968667209 -0.029471934 0.246607423 -3.316452970 0.032921053 0.999409199 -0.009874097 0.606361858 -0.246170714 0.017683290 0.969065189 -4.507934014
93793700 0.504463951 0.896824806 0.500000000 0.500000000 0.000000000 0.000000000 0.968105078 -0.030054154 0.248735353 -3.325738367 0.033481386 0.999393642 -0.009558631 0.610191035 -0.248297259 0.017581763 0.968524337 -4.522812165
93827067 0.504463951 0.896824806 0.500000000 0.500000000 0.000000000 0.000000000 0.967524290 -0.030603882 0.250918508 -3.335374191 0.034113228 0.999371409 -0.009647489 0.616022563 -0.250465542 0.017893819 0.967960119 -4.536390801
93860433 0.504463951 0.896824806 0.500000000 0.500000000 0.000000000 0.000000000 0.966866195 -0.031268697 0.253361493 -3.346891774 0.034801416 0.999349356 -0.009472468 0.619588493 -0.252900451 0.017975947 0.967325270 -4.548182014
93893800 0.504463951 0.896824806 0.500000000 0.500000000 0.000000000 0.000000000 0.966234326 -0.031815708 0.255693167 -3.357951467 0.035318814 0.999334514 -0.009119208 0.621927104 -0.255232871 0.017842071 0.966714978 -4.559643056
93927167 0.504463951 0.896824806 0.500000000 0.500000000 0.000000000 0.000000000 0.965701580 -0.031982042 0.257677227 -3.366645075 0.035536837 0.999326468 -0.009148957 0.627332249 -0.257211089 0.017992197 0.966187716 -4.571577863
93960533 0.504463951 0.896824806 0.500000000 0.500000000 0.000000000 0.000000000 0.965135574 -0.032037485 0.259782553 -3.376200039 0.035644129 0.999322355 -0.009183220 0.632760724 -0.259312302 0.018122775 0.965623498 -4.582048074
93993900 0.504463951 0.896824806 0.500000000 0.500000000 0.000000000 0.000000000 0.964573324 -0.031921241 0.261876523 -3.385006894 0.035536598 0.999327123 -0.009080206 0.638122686 -0.261410475 0.018064726 0.965058684 -4.592251714
94027267 0.504463951 0.896824806 0.500000000 0.500000000 0.000000000 0.000000000 0.963945925 -0.031968482 0.264170945 -3.394428548 0.035593014 0.999326348 -0.008944181 0.643649269 -0.263707042 0.018024348 0.964434385 -4.601308933
94060633 0.504463951 0.896824806 0.500000000 0.500000000 0.000000000 0.000000000 0.963179827 -0.032397542 0.266898841 -3.406707583 0.035980329 0.999315977 -0.008543118 0.646329068 -0.266439497 0.017831666 0.963686705 -4.608231308
94094000 0.504463951 0.896824806 0.500000000 0.500000000 0.000000000 0.000000000 0.962387860 -0.032670479 0.269707680 -3.418651330 0.036279425 0.999306321 -0.008405624 0.650986873 -0.269245982 0.017874310 0.962905586 -4.614233316
94127367 0.504463951 0.896824806 0.500000000 0.500000000 0.000000000 0.000000000 0.961605251 -0.032887820 0.272458732 -3.430692934 0.036517449 0.999298871 -0.008260372 0.655089593 -0.271996051 0.017892716 0.962132037 -4.620157143
94160733 0.504463951 0.896824806 0.500000000 0.500000000 0.000000000 0.000000000 0.960810363 -0.033183642 0.275213271 -3.443310060 0.036850721 0.999287426 -0.008162977 0.658866181 -0.274746269 0.017984880 0.961348534 -4.625552164
94194100 0.504463951 0.896824806 0.500000000 0.500000000 0.000000000 0.000000000 0.959993005 -0.033508111 0.278011888 -3.456669218 0.037244089 0.999272823 -0.008166272 0.663333937 -0.277536094 0.018193863 0.960542917 -4.630214453
94227467 0.504463951 0.896824806 0.500000000 0.500000000 0.000000000 0.000000000 0.959235013 -0.033992510 0.280557901 -3.468827667 0.037725110 0.999256849 -0.007912803 0.666350773 -0.280080438 0.018174315 0.959804475 -4.635922106
94260833 0.504463951 0.896824806 0.500000000 0.500000000 0.000000000 0.000000000 0.958467305 -0.034381274 0.283122599 -3.480977616 0.038144387 0.999241889 -0.007787929 0.671067077 -0.282640189 0.018264012 0.959052086 -4.640803067
94294200 0.504463951 0.896824806 0.500000000 0.500000000 0.000000000 0.000000000 0.957603872 -0.034802355 0.285978407 -3.495254759 0.038534414 0.999229670 -0.007431178 0.674229015 -0.285499483 0.018136136 0.958207250 -4.644829001
94327567 0.504463951 0.896824806 0.500000000 0.500000000 0.000000000 0.000000000 0.956804395 -0.035255525 0.288586825 -3.508364380 0.038943883 0.999216557 -0.007047357 0.676893695 -0.288112253 0.017981634 0.957427800 -4.650312432
94360933 0.504463951 0.896824806 0.500000000 0.500000000 0.000000000 0.000000000 0.956011415 -0.035654858 0.291154385 -3.521845294 0.039368752 0.999200881 -0.006905654 0.680396386 -0.290675491 0.018064268 0.956651151 -4.655868061
94394300 0.504463951 0.896824806 0.500000000 0.500000000 0.000000000 0.000000000 0.955124676 -0.036062106 0.294000626 -3.536260117 0.039852541 0.999181688 -0.006910009 0.685256663 -0.293510824 0.018316591 0.955780268 -4.660243276
94427667 0.504463951 0.896824806 0.500000000 0.500000000 0.000000000 0.000000000 0.954107463 -0.036567535 0.297223359 -3.552553541 0.040329657 0.999165058 -0.006533216 0.687722106 -0.296736300 0.018220307 0.954785645 -4.663591453
94461033 0.504463951 0.896824806 0.500000000 0.500000000 0.000000000 0.000000000 0.953050077 -0.037026301 0.300540596 -3.569881488 0.040715385 0.999152660 -0.006018723 0.688724585 -0.300063074 0.017972771 0.953750014 -4.666511112
94494400 0.504463951 0.896824806 0.500000000 0.500000000 0.000000000 0.000000000 0.951930165 -0.037368726 0.304027140 -3.587296035 0.041139603 0.999135375 -0.006004775 0.692799385 -0.303539872 0.018223682 0.952644467 -4.668651034
94527767 0.504463951 0.896824806 0.500000000 0.500000000 0.000000000 0.000000000 0.950592101 -0.037788920 0.308134228 -3.608127498 0.041653067 0.999114275 -0.005970213 0.696295558 -0.307635695 0.018509973 0.951324165 -4.668456400
94561133 0.504463951 0.896824806 0.500000000 0.500000000 0.000000000 0.000000000 0.949055851 -0.038317833 0.312769383 -3.632802605 0.042223133 0.999091804 -0.005720117 0.698221946 -0.312266141 0.018634815 0.949811876 -4.666028919
94594500 0.504463951 0.896824806 0.500000000 0.500000000 0.000000000 0.000000000 0.947444022 -0.038937818 0.317543209 -3.658531347 0.042849641 0.999067247 -0.005341441 0.699428308 -0.317039043 0.018667329 0.948228776 -4.663074137
94627867 0.504463951 0.896824806 0.500000000 0.500000000 0.000000000 0.000000000 0.945885479 -0.039559647 0.322080344 -3.682602517 0.043536611 0.999038577 -0.005150993 0.701891668 -0.321566910 0.018894536 0.946698308 -4.660563632
94661233 0.504463951 0.896824806 0.500000000 0.500000000 0.000000000 0.000000000 0.944096923 -0.040127411 0.327216744 -3.711234927 0.044198278 0.999010205 -0.005011250 0.704582352 -0.326691777 0.019193523 0.944936037 -4.655448154
94694600 0.504463951 0.896824806 0.500000000 0.500000000 0.000000000 0.000000000 0.942169011 -0.040729020 0.332654029 -3.741149384 0.044887487 0.998980403 -0.004822148 0.707475637 -0.332118452 0.019475283 0.943036616 -4.648391861
94727967 0.504463951 0.896824806 0.500000000 0.500000000 0.000000000 0.000000000 0.940153599 -0.041462418 0.338218927 -3.772121956 0.045643304 0.998948038 -0.004414062 0.708509048 -0.337680101 0.019587325 0.941057086 -4.641542249
94761333 0.504463951 0.896824806 0.500000000 0.500000000 0.000000000 0.000000000 0.937973857 -0.042309705 0.344114751 -3.804829033 0.046567768 0.998906672 -0.004114621 0.709358453 -0.343564421 0.019884063 0.938918591 -4.632664218
94794700 0.504463951 0.896824806 0.500000000 0.500000000 0.000000000 0.000000000 0.935603976 -0.043104466 0.350410014 -3.840412442 0.047504358 0.998863161 -0.003966230 0.711118288 -0.349840701 0.020356823 0.936587989 -4.622007553
94828067 0.504463951 0.896824806 0.500000000 0.500000000 0.000000000 0.000000000 0.933185339 -0.043985445 0.356693655 -3.875366070 0.048416540 0.998821080 -0.003498842 0.711170440 -0.356119245 0.020534940 0.934214830 -4.611388848
94861433 0.504463951 0.896824806 0.500000000 0.500000000 0.000000000 0.000000000 0.930514514 -0.044764247 0.363509089 -3.913673078 0.049232703 0.998782754 -0.003031528 0.711444703 -0.362930894 0.020717416 0.931585729 -4.597755606
94894800 0.504463951 0.896824806 0.500000000 0.500000000 0.000000000 0.000000000 0.927707255 -0.045509137 0.370524168 -3.953552514 0.050061099 0.998742580 -0.002672249 0.711897946 -0.369936645 0.021027911 0.928819001 -4.583073041
94928167 0.504463951 0.896824806 0.500000000 0.500000000 0.000000000 0.000000000 0.924770296 -0.046270978 0.377702117 -3.994330651 0.050967399 0.998697340 -0.002442223 0.713529667 -0.377097100 0.021508990 0.925923944 -4.567351087
94961533 0.504463951 0.896824806 0.500000000 0.500000000 0.000000000 0.000000000 0.921537220 -0.047147229 0.385417014 -4.038524925 0.051949948 0.998647571 -0.002050621 0.714215909 -0.384799093 0.021912118 0.922740221 -4.547954028
94994900 0.504463951 0.896824806 0.500000000 0.500000000 0.000000000 0.000000000 0.918238342 -0.048129093 0.393092722 -4.082541850 0.052940771 0.998596668 -0.001400924 0.712846073 -0.392473668 0.022097014 0.919497788 -4.527904485
95028267 0.504463951 0.896824806 0.500000000 0.500000000 0.000000000 0.000000000 0.914868295 -0.049078465 0.400758475 -4.126534353 0.054060195 0.998537064 -0.001126095 0.713727161 -0.400116920 0.022695310 0.916183054 -4.507010522
95061633 0.504463951 0.896824806 0.500000000 0.500000000 0.000000000 0.000000000 0.911391616 -0.050149444 0.408473223 -4.170906228 0.055198457 0.998475254 -0.000573917 0.711745995 -0.407821625 0.023070155 0.912770092 -4.485109939
95095000 0.504463951 0.896824806 0.500000000 0.500000000 0.000000000 0.000000000 0.907866478 -0.051218748 0.416119099 -4.214312629 0.056415651 0.998407364 -0.000193941 0.712325662 -0.415446430 0.023651702 0.909310102 -4.461550070
95128367 0.504463951 0.896824806 0.500000000 0.500000000 0.000000000 0.000000000 0.904118180 -0.052310951 0.424068272 -4.259577358 0.057510294 0.998344779 0.000538270 0.710241939 -0.423394471 0.023901630 0.905630052 -4.437112507
95161733 0.504463951 0.896824806 0.500000000 0.500000000 0.000000000 0.000000000 0.900294483 -0.053272299 0.432009101 -4.304038555 0.058555130 0.998283625 0.001074058 0.709728656 -0.431324810 0.024329381 0.901868582 -4.410819971
95195100 0.504463951 0.896824806 0.500000000 0.500000000 0.000000000 0.000000000 0.896223843 -0.054159459 0.440283507 -4.350343326 0.059506249 0.998226523 0.001663684 0.709244444 -0.439592779 0.024708586 0.897857249 -4.382474391
95228467 0.504463951 0.896824806 0.500000000 0.500000000 0.000000000 0.000000000 0.891907156 -0.055222068 0.448834240 -4.397616315 0.060528234 0.998163283 0.002528938 0.706735154 -0.448149502 0.024911566 0.893611431 -4.352327027
95261833 0.504463951 0.896824806 0.500000000 0.500000000 0.000000000 0.000000000 0.887576044 -0.056280386 0.457210302 -4.443245192 0.061645329 0.998093009 0.003189217 0.705038879 -0.456517905 0.025354207 0.889352858 -4.321302156
95295200 0.504463951 0.896824806 0.500000000 0.500000000 0.000000000 0.000000000 0.883213580 -0.057483904 0.465434581 -4.487852630 0.062966466 0.998008490 0.003774072 0.703006563 -0.464724600 0.025973460 0.885074258 -4.289791761
95328567 0.504463951 0.896824806 0.500000000 0.500000000 0.000000000 0.000000000 0.878824294 -0.058734346 0.473516792 -4.531469106 0.064280875 0.997921824 0.004478598 0.699664964 -0.472795784 0.026502173 0.880773425 -4.258264154
95361933 0.504463951 0.896824806 0.500000000 0.500000000 0.000000000 0.000000000 0.874508262 -0.059811588 0.481308550 -4.573181175 0.065407604 0.997845292 0.005159321 0.695948963 -0.480580062 0.026969370 0.876536071 -4.227264960
95395300 0.504463951 0.896824806 0.500000000 0.500000000 0.000000000 0.000000000 0.870244861 -0.060834244 0.488848716 -4.612262279 0.066563867 0.997766078 0.005669409 0.693102768 -0.488101542 0.027605886 0.872350156 -4.195642772
95428667 0.504463951 0.896824806 0.500000000 0.500000000 0.000000000 0.000000000 0.865721703 -0.061921377 0.496680677 -4.653073579 0.067709818 0.997684777 0.006362548 0.688189999 -0.495924741 0.028121963 0.867910028 -4.162806172
95462033 0.504463951 0.896824806 0.500000000 0.500000000 0.000000000 0.000000000 0.861134470 -0.063027732 0.504455030 -4.692194345 0.068994477 0.997593403 0.006863898 0.685135756 -0.503673673 0.028893875 0.863410652 -4.128067361
95495400 0.504463951 0.896824806 0.500000000 0.500000000 0.000000000 0.000000000 0.856348515 -0.064336017 0.512374938 -4.731123239 0.070281602 0.997496784 0.007786134 0.678780689 -0.511593282 0.029342886 0.858726561 -4.091624765
95528767 0.504463951 0.896824806 0.500000000 0.500000000 0.000000000 0.000000000 0.851519227 -0.065640777 0.520198345 -4.769124745 0.071512900 0.997400880 0.008795795 0.671389057 -0.519423664 0.029711107 0.854000151 -4.055860446
95562133 0.504463951 0.896824806 0.500000000 0.500000000 0.000000000 0.000000000 0.846795619 -0.066787831 0.527708769 -4.804545478 0.072630063 0.997312009 0.009674814 0.664885361 -0.526936471 0.030134935 0.849370241 -4.021046817
95595500 0.504463951 0.896824806 0.500000000 0.500000000 0.000000000 0.000000000 0.842071772 -0.067906708 0.535073638 -4.838007828 0.073796861 0.997218847 0.010420242 0.659867149 -0.534293115 0.030712163 0.844741166 -3.986064361
95628867 0.504463951 0.896824806 0.500000000 0.500000000 0.000000000 0.000000000 0.837331474 -0.068957567 0.542329073 -4.869974126 0.074807279 0.997134149 0.011287344 0.654217372 -0.541553199 0.031118916 0.840090334 -3.951815379
95662233 0.504463951 0.896824806 0.500000000 0.500000000 0.000000000 0.000000000 0.832491457 -0.069940224 0.549605668 -4.902144261 0.075791240 0.997050524 0.012078444 0.648505421 -0.548829377 0.031600092 0.835336924 -3.916674875
95695600 0.504463951 0.896824806 0.500000000 0.500000000 0.000000000 0.000000000 0.827658832 -0.071136191 0.556705058 -4.931862375 0.077148840 0.996938825 0.012691663 0.643881554 -0.555903733 0.032444783 0.830613256 -3.880763463
95728967 0.504463951 0.896824806 0.500000000 0.500000000 0.000000000 0.000000000 0.822516799 -0.072369710 0.564117670 -4.963361727 0.078411900 0.996828914 0.013552344 0.637901673 -0.563309610 0.033086509 0.825583160 -3.843329652
95762333 0.504463951 0.896824806 0.500000000 0.500000000 0.000000000 0.000000000 0.817328453 -0.073553950 0.571457803 -4.994629290 0.079663381 0.996718526 0.014351774 0.633557762 -0.570638180 0.033794146 0.820505977 -3.805335877
95795700 0.504463951 0.896824806 0.500000000 0.500000000 0.000000000 0.000000000 0.812415719 -0.074828900 0.578257143 -5.022109775 0.080851525 0.996607602 0.015373783 0.627928844 -0.577445865 0.034263067 0.815709710 -3.770122575
95829067 0.504463951 0.896824806 0.500000000 0.500000000 0.000000000 0.000000000 0.807443976 -0.075866900 0.585045695 -5.049817720 0.081904516 0.996508777 0.016184585 0.623961534 -0.584231019 0.034849741 0.810838819 -3.735905353
95862433 0.504463951 0.896824806 0.500000000 0.500000000 0.000000000 0.000000000 0.802491248 -0.076949768 0.591681063 -5.076604073 0.082943529 0.996407688 0.017090097 0.619049280 -0.590870678 0.035361461 0.805990934 -3.701856744
95895800 0.504463951 0.896824806 0.500000000 0.500000000 0.000000000 0.000000000 0.797626376 -0.077921383 0.598097324 -5.101420057 0.083899125 0.996313214 0.017913379 0.614912272 -0.597288132 0.035891660 0.801223278 -3.669708533
95929167 0.504463951 0.896824806 0.500000000 0.500000000 0.000000000 0.000000000 0.792781115 -0.078942448 0.604372561 -5.124244358 0.084900178 0.996212900 0.018757015 0.610382295 -0.603564501 0.036441132 0.796481013 -3.638610963
95962533 0.504463951 0.896824806 0.500000000 0.500000000 0.000000000 0.000000000 0.787773669 -0.079834275 0.610769331 -5.147715970 0.085853733 0.996117532 0.019468905 0.606366252 -0.609952271 0.037099734 0.791569233 -3.605690405
