https://www.youtube.com/watch?v=T2QB8po9xik
222488933 0.490364120 0.871758434 0.500000000 0.500000000 0.000000000 0.000000000 0.997558594 0.013380027 -0.068540834 0.113950777 -0.015134396 0.999569356 -0.025140950 0.009855839 0.068174936 0.026116895 0.997331500 -0.390962463
222522300 0.490364120 0.871758434 0.500000000 0.500000000 0.000000000 0.000000000 0.997357249 0.013488890 -0.071390465 0.119891594 -0.015378484 0.999544024 -0.025985295 0.010981087 0.071007401 0.027014500 0.997109890 -0.400589202
222555667 0.490364120 0.871758434 0.500000000 0.500000000 0.000000000 0.000000000 0.997140944 0.013562679 -0.074336857 0.126639610 -0.015574606 0.999526083 -0.026552463 0.011299074 0.073941499 0.027634315 0.996879637 -0.410387084
222589033 0.490364120 0.871758434 0.500000000 0.500000000 0.000000000 0.000000000 0.996912897 0.013595342 -0.077329628 0.133449980 -0.015740661 0.999506056 -0.027200988 0.012026897 0.076921627 0.028334234 0.996634483 -0.420791486
222622400 0.490364120 0.871758434 0.500000000 0.500000000 0.000000000 0.000000000 0.996668339 0.013552893 -0.080427185 0.140720304 -0.015826501 0.999490976 -0.027699305 0.012404775 0.080010846 0.028879900 0.996375561 -0.429900398
222655767 0.490364120 0.871758434 0.500000000 0.500000000 0.000000000 0.000000000 0.996438146 0.013778847 -0.083193570 0.146963386 -0.016184026 0.999468267 -0.028305795 0.013105288 0.082759313 0.029551381 0.996131301 -0.439487927
222689133 0.490364120 0.871758434 0.500000000 0.500000000 0.000000000 0.000000000 0.996184707 0.013824815 -0.086167738 0.153802211 -0.016364845 0.999450028 -0.028841369 0.013341760 0.085721619 0.030141452 0.995863080 -0.448548293
222722500 0.490364120 0.871758434 0.500000000 0.500000000 0.000000000 0.000000000 0.995942056 0.014063523 -0.088890843 0.160063299 -0.016735246 0.999428153 -0.029382722 0.013520115 0.088426784 0.030751102 0.995607913 -0.457315367
222755867 0.490364120 0.871758434 0.500000000 0.500000000 0.000000000 0.000000000 0.995693326 0.014039081 -0.091639265 0.166414311 -0.016843619 0.999410868 -0.029902769 0.014097204 0.091165468 0.031317525 0.995343208 -0.466098954
222789233 0.490364120 0.871758434 0.500000000 0.500000000 0.000000000 0.000000000 0.995455682 0.014210531 -0.094159484 0.172171343 -0.017159043 0.999385059 -0.030578710 0.015069379 0.093667045 0.032055438 0.995087385 -0.475602388
222822600 0.490364120 0.871758434 0.500000000 0.500000000 0.000000000 0.000000000 0.995196164 0.014218446 -0.096862972 0.178182763 -0.017274797 0.999376655 -0.030788125 0.014593394 0.096364833 0.032313511 0.994821429 -0.484330446
222855967 0.490364120 0.871758434 0.500000000 0.500000000 0.000000000 0.000000000 0.994944394 0.014376523 -0.099392794 0.184168098 -0.017515432 0.999372661 -0.030780673 0.013294759 0.098887920 0.032365967 0.994572103 -0.492630814
222889333 0.490364120 0.871758434 0.500000000 0.500000000 0.000000000 0.000000000 0.994681239 0.014410214 -0.101988137 0.190325383 -0.017661100 0.999361992 -0.031044258 0.013395361 0.101475708 0.032680362 0.994301081 -0.500591042
222922700 0.490364120 0.871758434 0.500000000 0.500000000 0.000000000 0.000000000 0.994450331 0.014307774 -0.104229853 0.195247368 -0.017661527 0.999353230 -0.031324908 0.013219738 0.103714243 0.032991923 0.994059801 -0.508361175
222956067 0.490364120 0.871758434 0.500000000 0.500000000 0.000000000 0.000000000 0.994210005 0.014091664 -0.106526531 0.200709425 -0.017545963 0.999347866 -0.031559244 0.013330890 0.106012337 0.033245627 0.993808866 -0.517473910
222989433 0.490364120 0.871758434 0.500000000 0.500000000 0.000000000 0.000000000 0.993936956 0.014074569 -0.109047018 0.206347754 -0.017628971 0.999341965 -0.031699903 0.013051786 0.108529098 0.033430092 0.993530989 -0.527247017
223022800 0.490364120 0.871758434 0.500000000 0.500000000 0.000000000 0.000000000 0.993674457 0.014169076 -0.111401550 0.211997424 -0.017826088 0.999332070 -0.031900059 0.012802957 0.110875152 0.033684131 0.993263364 -0.537846255
223056167 0.490364120 0.871758434 0.500000000 0.500000000 0.000000000 0.000000000 0.993381381 0.014189702 -0.113982677 0.218249158 -0.017929211 0.999331832 -0.031849783 0.011875223 0.113454580 0.033682600 0.992972076 -0.548432117
223089533 0.490364120 0.871758434 0.500000000 0.500000000 0.000000000 0.000000000 0.993065298 0.014216118 -0.116701625 0.225164893 -0.018071746 0.999322951 -0.032046936 0.011941656 0.116167031 0.033933703 0.992649853 -0.559249560
223122900 0.490364120 0.871758434 0.500000000 0.500000000 0.000000000 0.000000000 0.992765188 0.014294766 -0.119218186 0.231460592 -0.018261263 0.999313176 -0.032245070 0.011962542 0.118675366 0.034188859 0.992344320 -0.570161195
223156267 0.490364120 0.871758434 0.500000000 0.500000000 0.000000000 0.000000000 0.992486417 0.014279345 -0.121518575 0.236664277 -0.018325739 0.999311924 -0.032246333 0.011305418 0.120974503 0.034230962 0.992065251 -0.581362500
223189633 0.490364120 0.871758434 0.500000000 0.500000000 0.000000000 0.000000000 0.992179692 0.014345229 -0.123990551 0.242891025 -0.018539315 0.999292016 -0.032738466 0.012983378 0.123433121 0.034781143 0.991743207 -0.593967700
223223000 0.490364120 0.871758434 0.500000000 0.500000000 0.000000000 0.000000000 0.991858304 0.014558064 -0.126511469 0.249410836 -0.018870793 0.999278545 -0.032958210 0.013247206 0.125940397 0.035077244 0.991417468 -0.604288334
223256367 0.490364120 0.871758434 0.500000000 0.500000000 0.000000000 0.000000000 0.991536379 0.014662865 -0.128998280 0.256016892 -0.019076213 0.999271870 -0.033043630 0.013400574 0.128419831 0.035224762 0.991094112 -0.616162980
223289733 0.490364120 0.871758434 0.500000000 0.500000000 0.000000000 0.000000000 0.991231501 0.014780595 -0.131307334 0.261807667 -0.019300848 0.999261737 -0.033219218 0.013826162 0.130719393 0.035462279 0.990785003 -0.628333911
223323100 0.490364120 0.871758434 0.500000000 0.500000000 0.000000000 0.000000000 0.990897954 0.015025753 -0.133774072 0.268144878 -0.019657183 0.999249816 -0.033368070 0.014112058 0.133172348 0.035693973 0.990449905 -0.639292683
223356467 0.490364120 0.871758434 0.500000000 0.500000000 0.000000000 0.000000000 0.990587592 0.015133505 -0.136040956 0.273900696 -0.019861694 0.999242485 -0.033465713 0.014380772 0.135431454 0.035852723 0.990137815 -0.650884218
223389833 0.490364120 0.871758434 0.500000000 0.500000000 0.000000000 0.000000000 0.990273654 0.015383038 -0.138280407 0.279608947 -0.020244097 0.999222994 -0.033816148 0.015672125 0.137652770 0.036286604 0.989815652 -0.662630054
223423200 0.490364120 0.871758434 0.500000000 0.500000000 0.000000000 0.000000000 0.989950120 0.015437093 -0.140572026 0.285737340 -0.020419070 0.999210894 -0.034067590 0.016404540 0.139935210 0.036595564 0.989484131 -0.673734249
223456567 0.490364120 0.871758434 0.500000000 0.500000000 0.000000000 0.000000000 0.989630640 0.015736111 -0.142770961 0.291567558 -0.020813802 0.999200225 -0.034141757 0.016666009 0.142119527 0.036759336 0.989166737 -0.685118569
223489933 0.490364120 0.871758434 0.500000000 0.500000000 0.000000000 0.000000000 0.989309609 0.015840977 -0.144967645 0.297179819 -0.021084324 0.999175191 -0.034704372 0.018803883 0.144298330 0.037389912 0.988827586 -0.696059495
223523300 0.490364120 0.871758434 0.500000000 0.500000000 0.000000000 0.000000000 0.989015102 0.015912931 -0.146955401 0.302305497 -0.021253238 0.999166846 -0.034841184 0.019125652 0.146278530 0.037581738 0.988529325 -0.707050606
223556667 0.490364120 0.871758434 0.500000000 0.500000000 0.000000000 0.000000000 0.988739729 0.016117854 -0.148774728 0.306746935 -0.021544201 0.999157369 -0.034934256 0.019759745 0.148086295 0.037746120 0.988253832 -0.719253475
223590033 0.490364120 0.871758434 0.500000000 0.500000000 0.000000000 0.000000000 0.988424897 0.016247557 -0.150838330 0.312063368 -0.021782404 0.999145865 -0.035114355 0.020276486 0.150138974 0.037993524 0.987934589 -0.729332292
223623400 0.490364120 0.871758434 0.500000000 0.500000000 0.000000000 0.000000000 0.988136113 0.016192170 -0.152724892 0.316917588 -0.021821575 0.999140024 -0.035255812 0.020975670 0.152022690 0.038170237 0.987639666 -0.740309578
223656767 0.490364120 0.871758434 0.500000000 0.500000000 0.000000000 0.000000000 0.987832963 0.016309548 -0.154661000 0.321899943 -0.021997731 0.999140322 -0.035138506 0.020543558 0.153954953 0.038113166 0.987342536 -0.750558062
223690133 0.490364120 0.871758434 0.500000000 0.500000000 0.000000000 0.000000000 0.987521529 0.016537238 -0.156613529 0.327137592 -0.022320427 0.999129593 -0.035239987 0.020996617 0.155894443 0.038295928 0.987031102 -0.760711866
223723500 0.490364120 0.871758434 0.500000000 0.500000000 0.000000000 0.000000000 0.987224758 0.016564874 -0.158470631 0.331705387 -0.022460029 0.999117911 -0.035481863 0.022123393 0.157743096 0.038587827 0.986725926 -0.771103632
223756867 0.490364120 0.871758434 0.500000000 0.500000000 0.000000000 0.000000000 0.986960948 0.016582496 -0.160103336 0.335981445 -0.022562310 0.999111235 -0.035604253 0.022878668 0.159370631 0.038752310 0.986457944 -0.782046283
223790233 0.490364120 0.871758434 0.500000000 0.500000000 0.000000000 0.000000000 0.986660063 0.016702060 -0.161935076 0.340692115 -0.022763820 0.999105036 -0.035650343 0.023310363 0.161194712 0.038861029 0.986157238 -0.792690620
223823600 0.490364120 0.871758434 0.500000000 0.500000000 0.000000000 0.000000000 0.986371815 0.016766185 -0.163675010 0.345060731 -0.022935087 0.999093115 -0.035873190 0.024351551 0.162925124 0.039138205 0.985861838 -0.801992513
223856967 0.490364120 0.871758434 0.500000000 0.500000000 0.000000000 0.000000000 0.986072421 0.016803015 -0.165465608 0.350088865 -0.023037503 0.999092281 -0.035831515 0.024431595 0.164713338 0.039144386 0.985564411 -0.811977537
223890333 0.490364120 0.871758434 0.500000000 0.500000000 0.000000000 0.000000000 0.985769451 0.017022114 -0.167238921 0.354999831 -0.023362527 0.999078035 -0.036018208 0.025597331 0.166471615 0.039412770 0.985258281 -0.822191681
223923700 0.490364120 0.871758434 0.500000000 0.500000000 0.000000000 0.000000000 0.985500693 0.016989866 -0.168818593 0.359170342 -0.023381472 0.999080181 -0.035945203 0.025604242 0.168052614 0.039371248 0.984991491 -0.831590428
223957067 0.490364120 0.871758434 0.500000000 0.500000000 0.000000000 0.000000000 0.985234320 0.016891399 -0.170376092 0.363357934 -0.023371847 0.999074757 -0.036102347 0.026792085 0.169608638 0.039551273 0.984717548 -0.841653621
223990433 0.490364120 0.871758434 0.500000000 0.500000000 0.000000000 0.000000000 0.984979391 0.016985843 -0.171834335 0.367224872 -0.023572095 0.999060631 -0.036361422 0.028401575 0.171055287 0.039865747 0.984454572 -0.851915041
224023800 0.490364120 0.871758434 0.500000000 0.500000000 0.000000000 0.000000000 0.984680772 0.016941866 -0.173541650 0.372064553 -0.023570050 0.999066412 -0.036204141 0.028191759 0.172766268 0.039739907 0.984160841 -0.860737810
224057167 0.490364120 0.871758434 0.500000000 0.500000000 0.000000000 0.000000000 0.984422803 0.016970471 -0.174996406 0.375901886 -0.023653876 0.999065459 -0.036176767 0.028648608 0.174218923 0.039752580 0.983904183 -0.870137842
224090533 0.490364120 0.871758434 0.500000000 0.500000000 0.000000000 0.000000000 0.984176457 0.016845943 -0.176388413 0.379811253 -0.023578227 0.999068499 -0.036141183 0.029093113 0.175615266 0.039728228 0.983656943 -0.880116957
224123900 0.490364120 0.871758434 0.500000000 0.500000000 0.000000000 0.000000000 0.983874738 0.016861843 -0.178062230 0.384864523 -0.023677757 0.999063194 -0.036222734 0.029772340 0.177284643 0.039854746 0.983352304 -0.888511780
224157267 0.490364120 0.871758434 0.500000000 0.500000000 0.000000000 0.000000000 0.983585596 0.016829329 -0.179655701 0.389545311 -0.023707110 0.999063134 -0.036204863 0.030430096 0.178878099 0.039869700 0.983063102 -0.897513713
224190633 0.490364120 0.871758434 0.500000000 0.500000000 0.000000000 0.000000000 0.983304024 0.016887547 -0.181184992 0.394167574 -0.023784619 0.999070108 -0.035961416 0.030332546 0.180409208 0.039670419 0.982791305 -0.906898781
224224000 0.490364120 0.871758434 0.500000000 0.500000000 0.000000000 0.000000000 0.982970774 0.016879138 -0.182985187 0.400033627 -0.023823069 0.999074399 -0.035816383 0.030496722 0.182211265 0.039565727 0.982463062 -0.914752596
224257367 0.490364120 0.871758434 0.500000000 0.500000000 0.000000000 0.000000000 0.982706189 0.016688397 -0.184418052 0.404279808 -0.023623142 0.999091506 -0.035470355 0.030115329 0.183658570 0.039213471 0.982207656 -0.923562694
224290733 0.490364120 0.871758434 0.500000000 0.500000000 0.000000000 0.000000000 0.982406378 0.016665345 -0.186010718 0.409620611 -0.023615077 0.999100924 -0.035208944 0.030032938 0.185256705 0.038982145 0.981916666 -0.932673270
224324100 0.490364120 0.871758434 0.500000000 0.500000000 0.000000000 0.000000000 0.982091606 0.016683387 -0.187663972 0.415148973 -0.023655526 0.999108195 -0.034974128 0.030201642 0.186913133 0.038787089 0.981610417 -0.940837812
224357467 0.490364120 0.871758434 0.500000000 0.500000000 0.000000000 0.000000000 0.981784165 0.016553834 -0.189277261 0.420705199 -0.023606226 0.999106169 -0.035065927 0.031326109 0.188527599 0.038895290 0.981297374 -0.949158416
224390833 0.490364120 0.871758434 0.500000000 0.500000000 0.000000000 0.000000000 0.981505752 0.016582094 -0.190713212 0.425536104 -0.023630779 0.999116778 -0.034744821 0.031039010 0.189968631 0.038608942 0.981030703 -0.958412770
224424200 0.490364120 0.871758434 0.500000000 0.500000000 0.000000000 0.000000000 0.981226027 0.016535373 -0.192150995 0.430763286 -0.023665752 0.999111533 -0.034872416 0.032378106 0.191403657 0.038765121 0.980745614 -0.967742888
224457567 0.490364120 0.871758434 0.500000000 0.500000000 0.000000000 0.000000000 0.980911970 0.016658524 -0.193737477 0.436408144 -0.023815257 0.999114990 -0.034670059 0.032462765 0.192988470 0.038622182 0.980440617 -0.975828630
224490933 0.490364120 0.871758434 0.500000000 0.500000000 0.000000000 0.000000000 0.980623007 0.016671365 -0.195193648 0.441771920 -0.023868388 0.999116957 -0.034577183 0.033112189 0.194444835 0.038566139 0.980154991 -0.984969180
224524300 0.490364120 0.871758434 0.500000000 0.500000000 0.000000000 0.000000000 0.980320096 0.016467076 -0.196726605 0.447548844 -0.023667226 0.999131143 -0.034304913 0.032927115 0.195990786 0.038285770 0.979858041 -0.993337206
224557667 0.490364120 0.871758434 0.500000000 0.500000000 0.000000000 0.000000000 0.979982316 0.016132334 -0.198429808 0.454016332 -0.023318248 0.999152124 -0.033930462 0.032603294 0.197714195 0.037878286 0.979527593 -1.001684465
224591033 0.490364120 0.871758434 0.500000000 0.500000000 0.000000000 0.000000000 0.979636669 0.016051779 -0.200135857 0.460673464 -0.023238551 0.999164760 -0.033611998 0.032604219 0.199429154 0.037578411 0.979191422 -1.009630313
224624400 0.490364120 0.871758434 0.500000000 0.500000000 0.000000000 0.000000000 0.979297221 0.015782960 -0.201811537 0.467132703 -0.022944286 0.999185503 -0.033195190 0.032111373 0.201123238 0.037138376 0.978861690 -1.017224359
224657767 0.490364120 0.871758434 0.500000000 0.500000000 0.000000000 0.000000000 0.978946149 0.015566872 -0.203524306 0.473837992 -0.022738008 0.999198496 -0.032943919 0.032459913 0.202848345 0.036878061 0.978515506 -1.024202840
224691133 0.490364120 0.871758434 0.500000000 0.500000000 0.000000000 0.000000000 0.978548527 0.015479504 -0.205434069 0.481652127 -0.022651013 0.999211669 -0.032603227 0.032402453 0.204767436 0.036557131 0.978127718 -1.031158405
224724500 0.490364120 0.871758434 0.500000000 0.500000000 0.000000000 0.000000000 0.978195012 0.014995738 -0.207146481 0.488458531 -0.022158811 0.999232471 -0.032302797 0.032319503 0.206503078 0.036188554 0.977776468 -1.038150363
224757867 0.490364120 0.871758434 0.500000000 0.500000000 0.000000000 0.000000000 0.977807462 0.014836654 -0.208979577 0.496047827 -0.022046443 0.999237835 -0.032212861 0.033188107 0.208342358 0.036105230 0.977389336 -1.044657478
224791233 0.490364120 0.871758434 0.500000000 0.500000000 0.000000000 0.000000000 0.977467954 0.014837505 -0.210561782 0.502741572 -0.022033572 0.999249101 -0.031870674 0.033159405 0.209930778 0.035791989 0.977060914 -1.051688163
224824600 0.490364120 0.871758434 0.500000000 0.500000000 0.000000000 0.000000000 0.977100909 0.014770657 -0.212263227 0.510023288 -0.021928936 0.999266028 -0.031408962 0.032728056 0.211643502 0.035344433 0.976707637 -1.058198698
224857967 0.490364120 0.871758434 0.500000000 0.500000000 0.000000000 0.000000000 0.976690710 0.014763827 -0.214143038 0.518236205 -0.021985056 0.999265730 -0.031379092 0.033957714 0.213522524 0.035355616 0.976298153 -1.063905827
224891333 0.490364120 0.871758434 0.500000000 0.500000000 0.000000000 0.000000000 0.976329088 0.014569803 -0.215799108 0.525500628 -0.021743337 0.999285817 -0.030904921 0.033521466 0.215194717 0.034865566 0.975948572 -1.070961816
224924700 0.490364120 0.871758434 0.500000000 0.500000000 0.000000000 0.000000000 0.975967050 0.014355658 -0.217444733 0.532855098 -0.021446081 0.999311268 -0.030283084 0.032602945 0.216860235 0.034218632 0.975602746 -1.077152582
224958067 0.490364120 0.871758434 0.500000000 0.500000000 0.000000000 0.000000000 0.975665808 0.014155633 -0.218805432 0.539507778 -0.021185523 0.999330878 -0.029815672 0.032102173 0.218236953 0.033725638 0.975312889 -1.083839170
224991433 0.490364120 0.871758434 0.500000000 0.500000000 0.000000000 0.000000000 0.975382924 0.013719326 -0.220090657 0.545874795 -0.020642715 0.999360740 -0.029187953 0.031129726 0.219549522 0.033012699 0.975042641 -1.090735418
225024800 0.490364120 0.871758434 0.500000000 0.500000000 0.000000000 0.000000000 0.975092053 0.013241280 -0.221405044 0.552449993 -0.019970488 0.999403298 -0.028182222 0.028389098 0.220899761 0.031901825 0.974774599 -1.097528737
225058167 0.490364120 0.871758434 0.500000000 0.500000000 0.000000000 0.000000000 0.974845886 0.013000890 -0.222500518 0.558256431 -0.019580051 0.999433100 -0.027388753 0.026778197 0.222018301 0.031056385 0.974547803 -1.104340490
225091533 0.490364120 0.871758434 0.500000000 0.500000000 0.000000000 0.000000000 0.974629581 0.012815367 -0.223456815 0.563646634 -0.019272218 0.999456644 -0.026738359 0.025590742 0.222992733 0.030366503 0.974346995 -1.111486783
225124900 0.490364120 0.871758434 0.500000000 0.500000000 0.000000000 0.000000000 0.974446356 0.012628243 -0.224265009 0.568566705 -0.019002162 0.999473870 -0.026285816 0.025112722 0.223815069 0.029875640 0.974173605 -1.118412029
225158267 0.490364120 0.871758434 0.500000000 0.500000000 0.000000000 0.000000000 0.974226117 0.012624064 -0.225220144 0.574359573 -0.018956553 0.999482810 -0.025976516 0.025190686 0.224775732 0.029576398 0.973961532 -1.125355698
225191633 0.490364120 0.871758434 0.500000000 0.500000000 0.000000000 0.000000000 0.974065661 0.012580604 -0.225915521 0.578979767 -0.018810857 0.999499202 -0.025446266 0.024303903 0.225482240 0.029035999 0.973814487 -1.132911338
225225000 0.490364120 0.871758434 0.500000000 0.500000000 0.000000000 0.000000000 0.973905742 0.012446180 -0.226611286 0.583929728 -0.018521776 0.999523222 -0.024704065 0.022817755 0.226195768 0.028256675 0.973671913 -1.141020185
225258367 0.490364120 0.871758434 0.500000000 0.500000000 0.000000000 0.000000000 0.973754823 0.012604532 -0.227250248 0.588424965 -0.018586054 0.999534309 -0.024200629 0.022122606 0.226839378 0.027789164 0.973535657 -1.148838500
225291733 0.490364120 0.871758434 0.500000000 0.500000000 0.000000000 0.000000000 0.973573267 0.012752606 -0.228018686 0.593672082 -0.018723942 0.999535561 -0.024043852 0.022663318 0.227606148 0.027677860 0.973359823 -1.156375618
225325100 0.490364120 0.871758434 0.500000000 0.500000000 0.000000000 0.000000000 0.973509312 0.012886988 -0.228283852 0.596944706 -0.018761681 0.999545813 -0.023582643 0.022042421 0.227876261 0.027240911 0.973308980 -1.164627555
225358467 0.490364120 0.871758434 0.500000000 0.500000000 0.000000000 0.000000000 0.973375082 0.013175652 -0.228839248 0.601534199 -0.019031852 0.999544919 -0.023402775 0.022586170 0.228426769 0.027134912 0.973182857 -1.173024005
225391833 0.490364120 0.871758434 0.500000000 0.500000000 0.000000000 0.000000000 0.973288417 0.013360220 -0.229196757 0.605302296 -0.019114912 0.999554873 -0.022906298 0.021678175 0.228788704 0.026675509 0.973110557 -1.181239410
225425200 0.490364120 0.871758434 0.500000000 0.500000000 0.000000000 0.000000000 0.973183751 0.013596831 -0.229626790 0.609465553 -0.019328820 0.999554753 -0.022731308 0.021893505 0.229215473 0.026560156 0.973013282 -1.189472430
225458567 0.490364120 0.871758434 0.500000000 0.500000000 0.000000000 0.000000000 0.973131061 0.013902187 -0.229831859 0.612791412 -0.019541221 0.999560833 -0.022277532 0.021265668 0.229421213 0.026170153 0.972975373 -1.197881818
225491933 0.490364120 0.871758434 0.500000000 0.500000000 0.000000000 0.000000000 0.973052561 0.014250133 -0.230142623 0.616846389 -0.019891920 0.999555349 -0.022212693 0.022042618 0.229723766 0.026192097 0.972903371 -1.206476624
225525300 0.490364120 0.871758434 0.500000000 0.500000000 0.000000000 0.000000000 0.973032713 0.014386511 -0.230218187 0.619660831 -0.019932527 0.999563992 -0.021782650 0.021328105 0.229804426 0.025784060 0.972895205 -1.215162841
225558667 0.490364120 0.871758434 0.500000000 0.500000000 0.000000000 0.000000000 0.972976625 0.014646893 -0.230438620 0.623480917 -0.020122321 0.999567866 -0.021428628 0.020993614 0.230025172 0.025486514 0.972850919 -1.223677919
225592033 0.490364120 0.871758434 0.500000000 0.500000000 0.000000000 0.000000000 0.972955048 0.014931129 -0.230511501 0.626496106 -0.020331949 0.999571204 -0.021072028 0.020706816 0.230098039 0.025188884 0.972841442 -1.232740795
225625400 0.490364120 0.871758434 0.500000000 0.500000000 0.000000000 0.000000000 0.972922385 0.015197601 -0.230631858 0.629824634 -0.020501120 0.999577224 -0.020616502 0.019798458 0.230221033 0.024786467 0.972822666 -1.241800763
225658767 0.490364120 0.871758434 0.500000000 0.500000000 0.000000000 0.000000000 0.972894967 0.015164223 -0.230749696 0.633286814 -0.020314222 0.999594390 -0.019958990 0.018099227 0.230353445 0.024105502 0.972808421 -1.250692068
225692133 0.490364120 0.871758434 0.500000000 0.500000000 0.000000000 0.000000000 0.972853363 0.015631000 -0.230893821 0.636876681 -0.020718250 0.999592721 -0.019624546 0.017974600 0.230493039 0.023875523 0.972781003 -1.259098841
225725500 0.490364120 0.871758434 0.500000000 0.500000000 0.000000000 0.000000000 0.972800016 0.015664088 -0.231116265 0.640729993 -0.020647543 0.999603212 -0.019159442 0.017028184 0.230724439 0.023410289 0.972737491 -1.267824762
225758867 0.490364120 0.871758434 0.500000000 0.500000000 0.000000000 0.000000000 0.972786188 0.015777303 -0.231166750 0.644014353 -0.020650366 0.999612331 -0.018675722 0.016040055 0.230782479 0.022941163 0.972734869 -1.276279624
225792233 0.490364120 0.871758434 0.500000000 0.500000000 0.000000000 0.000000000 0.972747147 0.015928473 -0.231320620 0.647683908 -0.020709226 0.999618888 -0.018253619 0.015264004 0.230941713 0.022546628 0.972706318 -1.285081686
225825600 0.490364120 0.871758434 0.500000000 0.500000000 0.000000000 0.000000000 0.972753584 0.016178126 -0.231276378 0.650597666 -0.020864451 0.999623299 -0.017831210 0.014451953 0.230900779 0.022170829 0.972724676 -1.293616469
225858967 0.490364120 0.871758434 0.500000000 0.500000000 0.000000000 0.000000000 0.972763360 0.016112458 -0.231239751 0.653602712 -0.020702774 0.999633610 -0.017437937 0.013528535 0.230874047 0.021750290 0.972740531 -1.302039311
225892333 0.490364120 0.871758434 0.500000000 0.500000000 0.000000000 0.000000000 0.972776532 0.016428584 -0.231162116 0.656499130 -0.020934626 0.999635398 -0.017053481 0.012928585 0.230797678 0.021428518 0.972765803 -1.311029416
225925700 0.490364120 0.871758434 0.500000000 0.500000000 0.000000000 0.000000000 0.972791672 0.016698293 -0.231079042 0.659519481 -0.021144768 0.999635637 -0.016778871 0.012502773 0.230714664 0.021208458 0.972790301 -1.319495435
225959067 0.490364120 0.871758434 0.500000000 0.500000000 0.000000000 0.000000000 0.972803354 0.016951108 -0.231011346 0.662575055 -0.021330981 0.999636710 -0.016474947 0.012094711 0.230648160 0.020954583 0.972811580 -1.328023319
225992433 0.490364120 0.871758434 0.500000000 0.500000000 0.000000000 0.000000000 0.972834468 0.017333688 -0.230852067 0.665278287 -0.021661261 0.999633729 -0.016224600 0.011887616 0.230486289 0.020784397 0.972853601 -1.336877989
226025800 0.490364120 0.871758434 0.500000000 0.500000000 0.000000000 0.000000000 0.972886920 0.017486693 -0.230619356 0.667711667 -0.021727975 0.999638081 -0.015863797 0.010992188 0.230258480 0.020444572 0.972914696 -1.345721825
226059167 0.490364120 0.871758434 0.500000000 0.500000000 0.000000000 0.000000000 0.972914696 0.017967695 -0.230465189 0.670706798 -0.022220494 0.999627113 -0.015870722 0.011656647 0.230094105 0.020561909 0.972951114 -1.354333977
226092533 0.490364120 0.871758434 0.500000000 0.500000000 0.000000000 0.000000000 0.972945333 0.018247522 -0.230313823 0.673705874 -0.022459902 0.999624729 -0.015681133 0.011466127 0.229941249 0.020429710 0.972990036 -1.362930854
226125900 0.490364120 0.871758434 0.500000000 0.500000000 0.000000000 0.000000000 0.972996354 0.018643934 -0.230066299 0.676303906 -0.022827469 0.999618709 -0.015535602 0.011444951 0.229688928 0.020367917 0.973050952 -1.371701120
226159267 0.490364120 0.871758434 0.500000000 0.500000000 0.000000000 0.000000000 0.973010480 0.018932354 -0.229983017 0.679620508 -0.023105077 0.999613464 -0.015463955 0.011715888 0.229601353 0.020360366 0.973071754 -1.379996235
226192633 0.490364120 0.871758434 0.500000000 0.500000000 0.000000000 0.000000000 0.973050117 0.019230792 -0.229790434 0.682435793 -0.023361241 0.999610484 -0.015267638 0.011522208 0.229407325 0.020224366 0.973120391 -1.388953732
226226000 0.490364120 0.871758434 0.500000000 0.500000000 0.000000000 0.000000000 0.973076522 0.019708384 -0.229638204 0.685385794 -0.023861624 0.999597847 -0.015322924 0.012283724 0.229243875 0.020389918 0.973155439 -1.397330090
226259367 0.490364120 0.871758434 0.500000000 0.500000000 0.000000000 0.000000000 0.973093510 0.020010926 -0.229539976 0.688612579 -0.024153294 0.999591947 -0.015250738 0.012492783 0.229141131 0.020384541 0.973179758 -1.405843519
