https://www.youtube.com/watch?v=LKClUDn9LJM
68903000 0.498682673 0.886547026 0.500000000 0.500000000 0.000000000 0.000000000 0.991235018 0.015584253 -0.131188139 0.171636962 -0.015017950 0.999873161 0.005305037 0.022638872 0.131254166 -0.003288362 0.991343319 -0.853285760
68936000 0.498682673 0.886547026 0.500000000 0.500000000 0.000000000 0.000000000 0.990674853 0.016020035 -0.135302097 0.176929658 -0.015447486 0.999866724 0.005280515 0.026674071 0.135368660 -0.003141196 0.990790308 -0.874149213
68969000 0.498682673 0.886547026 0.500000000 0.500000000 0.000000000 0.000000000 0.990092337 0.016368896 -0.139460295 0.181983935 -0.015749263 0.999860585 0.005545584 0.029905295 0.139531627 -0.003294243 0.990212142 -0.894621862
69003000 0.498682673 0.886547026 0.500000000 0.500000000 0.000000000 0.000000000 0.989469826 0.016633939 -0.143780485 0.186862288 -0.015966522 0.999855757 0.005794581 0.033242940 0.143856138 -0.003437888 0.989592612 -0.913757162
69036000 0.498682673 0.886547026 0.500000000 0.500000000 0.000000000 0.000000000 0.988838673 0.017001171 -0.148016945 0.191979017 -0.016317636 0.999849856 0.005831154 0.037048294 0.148093849 -0.003350784 0.988967657 -0.932555008
69069000 0.498682673 0.886547026 0.500000000 0.500000000 0.000000000 0.000000000 0.988112926 0.017451545 -0.152736187 0.199282016 -0.016742945 0.999842286 0.005924416 0.040308881 0.152815491 -0.003296738 0.988249242 -0.951544166
69103000 0.498682673 0.886547026 0.500000000 0.500000000 0.000000000 0.000000000 0.987464011 0.018113572 -0.156801715 0.205485791 -0.017370345 0.999830484 0.006109057 0.042932942 0.156885788 -0.003308774 0.987611234 -0.970262740
69136000 0.498682673 0.886547026 0.500000000 0.500000000 0.000000000 0.000000000 0.986804783 0.018509956 -0.160853028 0.212135522 -0.017720867 0.999822855 0.006338965 0.045540788 0.160941869 -0.003404866 0.986958027 -0.989485994
69170000 0.498682673 0.886547026 0.500000000 0.500000000 0.000000000 0.000000000 0.986091435 0.018816153 -0.165135264 0.218770927 -0.017971566 0.999816656 0.006607294 0.047140507 0.165229306 -0.003547657 0.986248791 -1.008323291
69203000 0.498682673 0.886547026 0.500000000 0.500000000 0.000000000 0.000000000 0.985319495 0.019177789 -0.169640064 0.226244596 -0.018279148 0.999809384 0.006857654 0.048090024 0.169739246 -0.003656104 0.985482216 -1.027586074
69236000 0.498682673 0.886547026 0.500000000 0.500000000 0.000000000 0.000000000 0.984505355 0.019593775 -0.174256414 0.235064603 -0.018623600 0.999800622 0.007201083 0.048464068 0.174362779 -0.003844223 0.984673977 -1.047623406
69270000 0.498682673 0.886547026 0.500000000 0.500000000 0.000000000 0.000000000 0.983713508 0.019832436 -0.178645939 0.242968370 -0.018843893 0.999796331 0.007228848 0.048921084 0.178752929 -0.003744730 0.983886898 -1.068068504
69303000 0.498682673 0.886547026 0.500000000 0.500000000 0.000000000 0.000000000 0.982851923 0.020215997 -0.183285072 0.251830250 -0.019209744 0.999789059 0.007264092 0.048264465 0.183393270 -0.003618667 0.983032942 -1.088640218
69336000 0.498682673 0.886547026 0.500000000 0.500000000 0.000000000 0.000000000 0.981947958 0.020789599 -0.188005388 0.261526499 -0.019727755 0.999777138 0.007517531 0.047068015 0.188119769 -0.003672900 0.982139230 -1.109997448
69370000 0.498682673 0.886547026 0.500000000 0.500000000 0.000000000 0.000000000 0.981002867 0.021294741 -0.192820802 0.272517453 -0.020138595 0.999765575 0.007954164 0.046118171 0.192944989 -0.003919918 0.981201768 -1.131862722
69403000 0.498682673 0.886547026 0.500000000 0.500000000 0.000000000 0.000000000 0.980104566 0.021671928 -0.197295085 0.283384388 -0.020515405 0.999758303 0.007904137 0.046645555 0.197418705 -0.003699292 0.980312288 -1.153309203
69437000 0.498682673 0.886547026 0.500000000 0.500000000 0.000000000 0.000000000 0.979175210 0.022030896 -0.201818183 0.294936528 -0.020852784 0.999750853 0.007962011 0.046145020 0.201943323 -0.003587733 0.979390621 -1.175435772
69470000 0.498682673 0.886547026 0.500000000 0.500000000 0.000000000 0.000000000 0.978124976 0.022264471 -0.206823051 0.308316890 -0.021059951 0.999746025 0.008024015 0.047440254 0.206949160 -0.003492807 0.978345454 -1.197898926
69503000 0.498682673 0.886547026 0.500000000 0.500000000 0.000000000 0.000000000 0.977010429 0.022996608 -0.211947516 0.321682753 -0.021710388 0.999729037 0.008394068 0.049145988 0.212083116 -0.003599630 0.977244973 -1.219301077
69537000 0.498682673 0.886547026 0.500000000 0.500000000 0.000000000 0.000000000 0.975877166 0.023986794 -0.216998696 0.336122109 -0.022652812 0.999706089 0.008633153 0.051964826 0.217142016 -0.003509265 0.976133704 -1.240499427
69570000 0.498682673 0.886547026 0.500000000 0.500000000 0.000000000 0.000000000 0.974770427 0.024391767 -0.221873015 0.350428287 -0.023090303 0.999697626 0.008458201 0.056264159 0.222012237 -0.003121689 0.975038886 -1.261990539
69603000 0.498682673 0.886547026 0.500000000 0.500000000 0.000000000 0.000000000 0.973655581 0.024891349 -0.226661026 0.365450343 -0.023530608 0.999685228 0.008703774 0.058577629 0.226806343 -0.003141006 0.973934829 -1.284056582
69637000 0.498682673 0.886547026 0.500000000 0.500000000 0.000000000 0.000000000 0.972621620 0.025300061 -0.231013104 0.378657223 -0.023933718 0.999675572 0.008715528 0.063685775 0.231158659 -0.002947909 0.972911596 -1.305354634
69670000 0.498682673 0.886547026 0.500000000 0.500000000 0.000000000 0.000000000 0.971458495 0.025605327 -0.235823512 0.392788963 -0.024102403 0.999666691 0.009253982 0.066161888 0.235981867 -0.003305947 0.971751809 -1.326766935
69703000 0.498682673 0.886547026 0.500000000 0.500000000 0.000000000 0.000000000 0.970220506 0.026017485 -0.240822062 0.406927227 -0.024489766 0.999656498 0.009335002 0.069619633 0.240982205 -0.003159335 0.970524371 -1.346881471
69737000 0.498682673 0.886547026 0.500000000 0.500000000 0.000000000 0.000000000 0.968965590 0.026410356 -0.245780781 0.420932097 -0.024841923 0.999646425 0.009480200 0.072852358 0.245944262 -0.003080320 0.969279051 -1.366882001
69770000 0.498682673 0.886547026 0.500000000 0.500000000 0.000000000 0.000000000 0.967656553 0.027015718 -0.250820547 0.435291237 -0.025290437 0.999629140 0.010099815 0.073692002 0.251000375 -0.003429791 0.967980921 -1.387172808
69804000 0.498682673 0.886547026 0.500000000 0.500000000 0.000000000 0.000000000 0.966250241 0.027747862 -0.256106377 0.450125179 -0.025999265 0.999609828 0.010211526 0.076758735 0.256289780 -0.003208313 0.966594696 -1.406005164
69837000 0.498682673 0.886547026 0.500000000 0.500000000 0.000000000 0.000000000 0.964904368 0.028205445 -0.261082500 0.463811624 -0.026450923 0.999597728 0.010232357 0.079514206 0.261266083 -0.002967373 0.965262234 -1.423973196
69870000 0.498682673 0.886547026 0.500000000 0.500000000 0.000000000 0.000000000 0.963570893 0.028794952 -0.265898496 0.477048643 -0.026999254 0.999581277 0.010406980 0.081742249 0.266086817 -0.002848803 0.963944852 -1.442949165
69904000 0.498682673 0.886547026 0.500000000 0.500000000 0.000000000 0.000000000 0.962219536 0.029459316 -0.270676494 0.490054691 -0.027546911 0.999561489 0.010862497 0.083113012 0.270877808 -0.002995805 0.962609053 -1.460628237
69937000 0.498682673 0.886547026 0.500000000 0.500000000 0.000000000 0.000000000 0.960881233 0.030098299 -0.275320351 0.502496892 -0.028037906 0.999541640 0.011417261 0.083727662 0.275537789 -0.003251227 0.961284757 -1.479978770
69970000 0.498682673 0.886547026 0.500000000 0.500000000 0.000000000 0.000000000 0.959476888 0.030604316 -0.280120432 0.515690137 -0.028480267 0.999526441 0.011650940 0.085177627 0.280344367 -0.003200904 0.959894180 -1.498753640
70004000 0.498682673 0.886547026 0.500000000 0.500000000 0.000000000 0.000000000 0.958072424 0.031292278 -0.284812212 0.528451031 -0.029077768 0.999505103 0.012001535 0.085756604 0.285046816 -0.003216636 0.958508193 -1.518352686
70037000 0.498682673 0.886547026 0.500000000 0.500000000 0.000000000 0.000000000 0.956695020 0.031994201 -0.289328635 0.540357631 -0.029695459 0.999482930 0.012332558 0.085671664 0.289573580 -0.003206750 0.957150400 -1.538304190
70070000 0.498682673 0.886547026 0.500000000 0.500000000 0.000000000 0.000000000 0.955242574 0.032597840 -0.294022173 0.552443745 -0.030343814 0.999464750 0.012225918 0.087738870 0.294263333 -0.002756964 0.955720425 -1.558364826
70104000 0.498682673 0.886547026 0.500000000 0.500000000 0.000000000 0.000000000 0.953758717 0.033143368 -0.298740387 0.564959259 -0.030798925 0.999446750 0.012553670 0.088618413 0.298991203 -0.002772290 0.954251826 -1.578714953
70137000 0.498682673 0.886547026 0.500000000 0.500000000 0.000000000 0.000000000 0.952389181 0.033875164 -0.302997231 0.576200069 -0.031443007 0.999422252 0.012903129 0.089822498 0.303259283 -0.002761656 0.952904105 -1.600080372
70171000 0.498682673 0.886547026 0.500000000 0.500000000 0.000000000 0.000000000 0.950987697 0.034370448 -0.307312697 0.587617619 -0.031948816 0.999406159 0.012909017 0.091624379 0.307573885 -0.002458039 0.951521039 -1.621221095
70204000 0.498682673 0.886547026 0.500000000 0.500000000 0.000000000 0.000000000 0.949581206 0.034829587 -0.311580598 0.598834917 -0.032465596 0.999391258 0.012772514 0.093894798 0.311835796 -0.002012889 0.950133860 -1.643593906
70237000 0.498682673 0.886547026 0.500000000 0.500000000 0.000000000 0.000000000 0.948116958 0.035417803 -0.315942734 0.610209584 -0.032991610 0.999370754 0.013026434 0.096163977 0.316205293 -0.001927123 0.948688865 -1.665473167
70271000 0.498682673 0.886547026 0.500000000 0.500000000 0.000000000 0.000000000 0.946717501 0.035861544 -0.320062399 0.621330221 -0.033359937 0.999354959 0.013297334 0.099646509 0.320332795 -0.001911558 0.947303116 -1.688596439
70304000 0.498682673 0.886547026 0.500000000 0.500000000 0.000000000 0.000000000 0.945422411 0.036323845 -0.323816299 0.631773390 -0.033796739 0.999338567 0.013426203 0.103706967 0.324089795 -0.001749499 0.946024716 -1.711231551
70337000 0.498682673 0.886547026 0.500000000 0.500000000 0.000000000 0.000000000 0.944141865 0.036922753 -0.327464193 0.641062498 -0.034391850 0.999316990 0.013518265 0.108291727 0.327739656 -0.001501061 0.944766879 -1.733498029
70371000 0.498682673 0.886547026 0.500000000 0.500000000 0.000000000 0.000000000 0.942856908 0.037341692 -0.331098914 0.651036891 -0.034764562 0.999301553 0.013704678 0.113876961 0.331379414 -0.001411041 0.943496525 -1.755905152
70404000 0.498682673 0.886547026 0.500000000 0.500000000 0.000000000 0.000000000 0.941640854 0.037899625 -0.334478796 0.659905341 -0.035224386 0.999280512 0.014062571 0.118562496 0.334771097 -0.001460081 0.942298353 -1.777394811
70438000 0.498682673 0.886547026 0.500000000 0.500000000 0.000000000 0.000000000 0.940348327 0.038498182 -0.338027894 0.669480032 -0.035743069 0.999257624 0.014373562 0.121928121 0.338330328 -0.001434002 0.941026330 -1.799406658
70471000 0.498682673 0.886547026 0.500000000 0.500000000 0.000000000 0.000000000 0.939195395 0.039184820 -0.341140121 0.677040630 -0.036364626 0.999231040 0.014660254 0.125702375 0.341452271 -0.001363410 0.939898133 -1.820038889
70504000 0.498682673 0.886547026 0.500000000 0.500000000 0.000000000 0.000000000 0.937889516 0.039676286 -0.344657838 0.686354578 -0.036862276 0.999211967 0.014716846 0.129323202 0.344970167 -0.001097902 0.938612998 -1.840307733
70538000 0.498682673 0.886547026 0.500000000 0.500000000 0.000000000 0.000000000 0.936493039 0.040146660 -0.348380625 0.696341408 -0.037325829 0.999193430 0.014808224 0.132373968 0.348694146 -0.000864202 0.937236190 -1.859777396
70571000 0.498682673 0.886547026 0.500000000 0.500000000 0.000000000 0.000000000 0.934910655 0.040703926 -0.352541208 0.707823005 -0.037949435 0.999171197 0.014724121 0.136042226 0.352848351 -0.000386998 0.935680449 -1.878156073
70604000 0.498682673 0.886547026 0.500000000 0.500000000 0.000000000 0.000000000 0.933583736 0.041452598 -0.355953813 0.717251960 -0.038579553 0.999140382 0.015169726 0.137697070 0.356276631 -0.000429671 0.934380412 -1.896629536
70638000 0.498682673 0.886547026 0.500000000 0.500000000 0.000000000 0.000000000 0.932256520 0.041621778 -0.359395891 0.727634601 -0.038598068 0.999133229 0.015588382 0.140025766 0.359733194 -0.000660384 0.933054984 -1.916490193
70671000 0.498682673 0.886547026 0.500000000 0.500000000 0.000000000 0.000000000 0.930955350 0.042257749 -0.362679452 0.736875717 -0.039020326 0.999106288 0.016250705 0.140862623 0.363042027 -0.000976810 0.931772232 -1.935009048
70704000 0.498682673 0.886547026 0.500000000 0.500000000 0.000000000 0.000000000 0.929778278 0.042808939 -0.365622431 0.745881530 -0.039485164 0.999082804 0.016566895 0.142024973 0.365996301 -0.000966877 0.930615783 -1.954880717
70738000 0.498682673 0.886547026 0.500000000 0.500000000 0.000000000 0.000000000 0.928506076 0.043136187 -0.368803114 0.754376404 -0.039862372 0.999069035 0.016495453 0.144404512 0.369171321 -0.000614761 0.929361165 -1.974290170
70771000 0.498682673 0.886547026 0.500000000 0.500000000 0.000000000 0.000000000 0.927196622 0.043196525 -0.372075975 0.763161334 -0.039879512 0.999066412 0.016609650 0.145311344 0.372446090 -0.000562203 0.928053677 -1.994046228
70805000 0.498682673 0.886547026 0.500000000 0.500000000 0.000000000 0.000000000 0.925842226 0.043368563 -0.375413626 0.772767919 -0.039947961 0.999058962 0.016894013 0.145224590 0.375793010 -0.000644183 0.926703393 -2.014936731
70838000 0.498682673 0.886547026 0.500000000 0.500000000 0.000000000 0.000000000 0.924553812 0.043624926 -0.378546000 0.781502543 -0.040150635 0.999047816 0.017070487 0.145110028 0.378930271 -0.000583721 0.925425053 -2.035349412
70871000 0.498682673 0.886547026 0.500000000 0.500000000 0.000000000 0.000000000 0.923292279 0.044221867 -0.381543964 0.789717840 -0.040756211 0.999021709 0.017163709 0.144764108 0.381929725 -0.000296832 0.924191296 -2.056377691
70905000 0.498682673 0.886547026 0.500000000 0.500000000 0.000000000 0.000000000 0.921975672 0.044406608 -0.384693205 0.798786414 -0.040909335 0.999013543 0.017274512 0.144626372 0.385080844 -0.000189136 0.922882855 -2.077818703
70938000 0.498682673 0.886547026 0.500000000 0.500000000 0.000000000 0.000000000 0.920668721 0.044274863 -0.387825787 0.809009853 -0.040809032 0.999019384 0.017172262 0.145273031 0.388205796 0.000016830 0.921572745 -2.100060900
70971000 0.498682673 0.886547026 0.500000000 0.500000000 0.000000000 0.000000000 0.919350445 0.044719703 -0.390889943 0.818312384 -0.041173998 0.998999596 0.017451540 0.144172948 0.391279310 0.000050422 0.920271993 -2.121887363
71004000 0.498682673 0.886547026 0.500000000 0.500000000 0.000000000 0.000000000 0.917882562 0.045283545 -0.394260079 0.829076707 -0.041745517 0.998974085 0.017550867 0.144462302 0.394650370 0.000348957 0.918831289 -2.143150017
71037000 0.498682673 0.886547026 0.500000000 0.500000000 0.000000000 0.000000000 0.916640043 0.045510460 -0.397114336 0.838662705 -0.041999646 0.998963654 0.017538367 0.145529147 0.397500962 0.000602291 0.917601526 -2.165090148
71071000 0.498682673 0.886547026 0.500000000 0.500000000 0.000000000 0.000000000 0.915200174 0.045698691 -0.400400072 0.850610144 -0.042151317 0.998955011 0.017667435 0.146887866 0.400789052 0.000708151 0.916170120 -2.187341095
71104000 0.498682673 0.886547026 0.500000000 0.500000000 0.000000000 0.000000000 0.913888395 0.046418063 -0.403303117 0.860411912 -0.042698342 0.998921931 0.018215843 0.146621192 0.403713852 0.000573126 0.914885104 -2.208596189
71137000 0.498682673 0.886547026 0.500000000 0.500000000 0.000000000 0.000000000 0.912771106 0.046720095 -0.405790746 0.868858282 -0.043082941 0.998907566 0.018098474 0.148543527 0.406193018 0.000962895 0.913786829 -2.230044574
71171000 0.498682673 0.886547026 0.500000000 0.500000000 0.000000000 0.000000000 0.911382735 0.047364224 -0.408825308 0.879794361 -0.043795906 0.998876691 0.018091315 0.149748914 0.409222960 0.001416762 0.912433326 -2.251317572
71204000 0.498682673 0.886547026 0.500000000 0.500000000 0.000000000 0.000000000 0.910020471 0.048193634 -0.411752522 0.891693746 -0.044434242 0.998837173 0.018704258 0.149017677 0.412175179 0.001274654 0.911103725 -2.272777062
71238000 0.498682673 0.886547026 0.500000000 0.500000000 0.000000000 0.000000000 0.908900142 0.048385371 -0.414197266 0.900588514 -0.044366404 0.998828411 0.019324249 0.148850967 0.414647013 0.000812630 0.909981966 -2.293721974
71271000 0.498682673 0.886547026 0.500000000 0.500000000 0.000000000 0.000000000 0.907527864 0.048431132 -0.417190105 0.911817426 -0.044291772 0.998826265 0.019603226 0.149298568 0.417649865 0.000687615 0.908607781 -2.314006203
71304000 0.498682673 0.886547026 0.500000000 0.500000000 0.000000000 0.000000000 0.906251073 0.048521873 -0.419945985 0.922533905 -0.044367440 0.998821795 0.019661253 0.149672263 0.420405209 0.000813896 0.907336116 -2.334599969
71338000 0.498682673 0.886547026 0.500000000 0.500000000 0.000000000 0.000000000 0.904966056 0.048623499 -0.422696352 0.933342690 -0.044429500 0.998816788 0.019774903 0.150376620 0.423157752 0.000884573 0.906055570 -2.354986085
71371000 0.498682673 0.886547026 0.500000000 0.500000000 0.000000000 0.000000000 0.903725743 0.049037080 -0.425294191 0.943616429 -0.044702448 0.998796642 0.020172669 0.150172686 0.425771594 0.000781130 0.904830337 -2.374831352
71404000 0.498682673 0.886547026 0.500000000 0.500000000 0.000000000 0.000000000 0.902626693 0.049463104 -0.427572787 0.951931560 -0.044987172 0.998775721 0.020571766 0.149412846 0.428066850 0.000666666 0.903746843 -2.394873906
71438000 0.498682673 0.886547026 0.500000000 0.500000000 0.000000000 0.000000000 0.901563764 0.049731627 -0.429778427 0.960456785 -0.045302179 0.998762190 0.020539111 0.150115116 0.430267900 0.000952581 0.902700722 -2.415032349
71471000 0.498682673 0.886547026 0.500000000 0.500000000 0.000000000 0.000000000 0.900422156 0.049863145 -0.432150006 0.971437356 -0.045458898 0.998755395 0.020522704 0.150562529 0.432635486 0.001165965 0.901568174 -2.436301898
71505000 0.498682673 0.886547026 0.500000000 0.500000000 0.000000000 0.000000000 0.899369001 0.050042987 -0.434316754 0.980396477 -0.045539442 0.998746455 0.020776290 0.149838769 0.434812039 0.001092992 0.900520563 -2.457004345
71538000 0.498682673 0.886547026 0.500000000 0.500000000 0.000000000 0.000000000 0.898432076 0.050948791 -0.436146826 0.987411681 -0.045949794 0.998701215 0.022010602 0.143424305 0.436701804 0.000265827 0.899606287 -2.477868505
71571000 0.498682673 0.886547026 0.500000000 0.500000000 0.000000000 0.000000000 0.897427440 0.051028110 -0.438201010 0.995835563 -0.046122115 0.998697042 0.021840136 0.143118481 0.438744515 0.000610819 0.898611665 -2.499028467
71605000 0.498682673 0.886547026 0.500000000 0.500000000 0.000000000 0.000000000 0.896391451 0.051050488 -0.440313816 1.003917389 -0.046258807 0.998695552 0.021616168 0.142720564 0.440842956 0.000991843 0.897583723 -2.520175946
71638000 0.498682673 0.886547026 0.500000000 0.500000000 0.000000000 0.000000000 0.895525694 0.051402710 -0.442031115 1.009056431 -0.046473440 0.998677611 0.021981664 0.139231658 0.442576498 0.000857562 0.896730363 -2.541120661
71671000 0.498682673 0.886547026 0.500000000 0.500000000 0.000000000 0.000000000 0.894567251 0.051312540 -0.443978012 1.015881442 -0.046331864 0.998682320 0.022068568 0.137252698 0.444525361 0.000828510 0.895765901 -2.563500022
71705000 0.498682673 0.886547026 0.500000000 0.500000000 0.000000000 0.000000000 0.893546402 0.051531043 -0.446003795 1.022696432 -0.046544656 0.998670936 0.022136007 0.135071554 0.446551710 0.000979543 0.894757271 -2.586127927
71738000 0.498682673 0.886547026 0.500000000 0.500000000 0.000000000 0.000000000 0.892601788 0.050905932 -0.447962791 1.029743865 -0.046148784 0.998702407 0.021536140 0.135682617 0.448477834 0.001449743 0.893792808 -2.609692683
71771000 0.498682673 0.886547026 0.500000000 0.500000000 0.000000000 0.000000000 0.891750693 0.050837293 -0.449662358 1.035134189 -0.045994114 0.998706043 0.021696791 0.133675855 0.450183511 0.001333691 0.892935038 -2.633613451
71805000 0.498682673 0.886547026 0.500000000 0.500000000 0.000000000 0.000000000 0.890827000 0.051198028 -0.451448828 1.040673181 -0.046202082 0.998687804 0.022090623 0.132336275 0.451987445 0.001178953 0.892023504 -2.657343031
71838000 0.498682673 0.886547026 0.500000000 0.500000000 0.000000000 0.000000000 0.889901340 0.051455267 -0.453241616 1.046596357 -0.046435013 0.998674452 0.022205552 0.132287307 0.453783423 0.001285531 0.891111076 -2.680907872
71872000 0.498682673 0.886547026 0.500000000 0.500000000 0.000000000 0.000000000 0.889159739 0.051582653 -0.454680264 1.050335011 -0.046561006 0.998667777 0.022243680 0.131604745 0.455221891 0.001392185 0.890376925 -2.704044881
71905000 0.498682673 0.886547026 0.500000000 0.500000000 0.000000000 0.000000000 0.888409615 0.051621094 -0.456139892 1.055256437 -0.046722915 0.998665214 0.022017594 0.133200367 0.456667602 0.001751542 0.889635682 -2.727376028
71938000 0.498682673 0.886547026 0.500000000 0.500000000 0.000000000 0.000000000 0.887720168 0.051432166 -0.457501531 1.059390005 -0.046574678 0.998674750 0.021898780 0.133931293 0.458021522 0.001867998 0.888939142 -2.750859307
71972000 0.498682673 0.886547026 0.500000000 0.500000000 0.000000000 0.000000000 0.887109399 0.051729295 -0.458651245 1.062088777 -0.046782166 0.998659492 0.022149842 0.133460910 0.459182203 0.001807364 0.888340294 -2.773994265
72005000 0.498682673 0.886547026 0.500000000 0.500000000 0.000000000 0.000000000 0.886400163 0.051866099 -0.460005105 1.066230440 -0.046877746 0.998652399 0.022268804 0.133009611 0.460540205 0.001824933 0.887636960 -2.796945418
72038000 0.498682673 0.886547026 0.500000000 0.500000000 0.000000000 0.000000000 0.885735273 0.052143004 -0.461252779 1.071915019 -0.047234084 0.998637378 0.022189690 0.132872939 0.461781293 0.002132664 0.886991262 -2.820755305
72072000 0.498682673 0.886547026 0.500000000 0.500000000 0.000000000 0.000000000 0.885311782 0.052322049 -0.462044835 1.075073594 -0.047667008 0.998626411 0.021751173 0.134665445 0.462548256 0.002767725 0.886589766 -2.843788647
72105000 0.498682673 0.886547026 0.500000000 0.500000000 0.000000000 0.000000000 0.884816945 0.052181780 -0.463007569 1.078720422 -0.047719840 0.998632491 0.021354074 0.136109668 0.463488668 0.003200201 0.886097074 -2.866863050
72138000 0.498682673 0.886547026 0.500000000 0.500000000 0.000000000 0.000000000 0.884448886 0.052329045 -0.463693738 1.081893189 -0.047845647 0.998624682 0.021436667 0.136108399 0.464177758 0.003226090 0.885736167 -2.889725152
72172000 0.498682673 0.886547026 0.500000000 0.500000000 0.000000000 0.000000000 0.883993983 0.052347824 -0.464558244 1.086132574 -0.047963403 0.998622835 0.021259701 0.137564238 0.465031356 0.003488348 0.885287344 -2.912919378
72205000 0.498682673 0.886547026 0.500000000 0.500000000 0.000000000 0.000000000 0.883561790 0.052391566 -0.465374827 1.089776378 -0.048162788 0.998619080 0.020981845 0.138873637 0.465831459 0.003874993 0.884864986 -2.934893773
72239000 0.498682673 0.886547026 0.500000000 0.500000000 0.000000000 0.000000000 0.882996261 0.052181624 -0.466470510 1.095933988 -0.048230376 0.998627603 0.020414511 0.141745068 0.466895580 0.004472112 0.884301126 -2.958180787
72272000 0.498682673 0.886547026 0.500000000 0.500000000 0.000000000 0.000000000 0.882370472 0.052049924 -0.467667788 1.101982651 -0.048231222 0.998633027 0.020144578 0.143252778 0.468077034 0.004781206 0.883674741 -2.981149754
72305000 0.498682673 0.886547026 0.500000000 0.500000000 0.000000000 0.000000000 0.881995618 0.052458476 -0.468328774 1.105457742 -0.048614901 0.998611271 0.020300897 0.141944487 0.468743354 0.004862455 0.883321047 -3.004854783
72339000 0.498682673 0.886547026 0.500000000 0.500000000 0.000000000 0.000000000 0.881801367 0.052280236 -0.468714327 1.108228720 -0.048682641 0.998618066 0.019797917 0.143226710 0.469101638 0.005360421 0.883127928 -3.028976764
72372000 0.498682673 0.886547026 0.500000000 0.500000000 0.000000000 0.000000000 0.881538153 0.052556265 -0.469178379 1.110674281 -0.049139887 0.998600900 0.019532124 0.143144118 0.469548494 0.005837061 0.882887363 -3.052037810
72405000 0.498682673 0.886547026 0.500000000 0.500000000 0.000000000 0.000000000 0.881030321 0.052417159 -0.470146805 1.115886096 -0.049234230 0.998605132 0.019073181 0.143819979 0.470490754 0.006343264 0.882382095 -3.075447273
72439000 0.498682673 0.886547026 0.500000000 0.500000000 0.000000000 0.000000000 0.880446255 0.052448589 -0.471236169 1.121395556 -0.049370293 0.998601675 0.018902112 0.142925007 0.471568614 0.006622774 0.881804526 -3.100187761
72472000 0.498682673 0.886547026 0.500000000 0.500000000 0.000000000 0.000000000 0.880030751 0.052377075 -0.472019583 1.126656649 -0.049299102 0.998605311 0.018896032 0.142112098 0.472350985 0.006641052 0.881385505 -3.125375149
72506000 0.498682673 0.886547026 0.500000000 0.500000000 0.000000000 0.000000000 0.879749656 0.052515473 -0.472527921 1.129535171 -0.049505699 0.998596668 0.018811915 0.141547697 0.472852737 0.006843048 0.881114900 -3.150466437
72539000 0.498682673 0.886547026 0.500000000 0.500000000 0.000000000 0.000000000 0.879350722 0.052475847 -0.473274380 1.134975375 -0.049845282 0.998592794 0.018108990 0.144922823 0.473558664 0.007666342 0.880728900 -3.176114400
72572000 0.498682673 0.886547026 0.500000000 0.500000000 0.000000000 0.000000000 0.878893375 0.052152641 -0.474158764 1.140973950 -0.049965773 0.998602450 0.017220331 0.148714736 0.474394202 0.008556874 0.880270958 -3.201936489
72606000 0.498682673 0.886547026 0.500000000 0.500000000 0.000000000 0.000000000 0.878142297 0.052318972 -0.475529999 1.148669082 -0.050255805 0.998590648 0.017061980 0.150844254 0.475752473 0.008915296 0.879534006 -3.225572089
72639000 0.498682673 0.886547026 0.500000000 0.500000000 0.000000000 0.000000000 0.877755880 0.052451827 -0.476228267 1.153820090 -0.050400011 0.998582900 0.017089682 0.152296428 0.476449788 0.009001342 0.879155576 -3.249878127
72672000 0.498682673 0.886547026 0.500000000 0.500000000 0.000000000 0.000000000 0.877509356 0.052528895 -0.476673961 1.157515515 -0.050561413 0.998576880 0.016963437 0.153925267 0.476886660 0.009215734 0.878916502 -3.274140309
72706000 0.498682673 0.886547026 0.500000000 0.500000000 0.000000000 0.000000000 0.877151966 0.052389182 -0.477346629 1.162941919 -0.050800752 0.998576701 0.016245287 0.159607170 0.477518290 0.009999981 0.878564894 -3.297497386
72739000 0.498682673 0.886547026 0.500000000 0.500000000 0.000000000 0.000000000 0.876872778 0.052440725 -0.477853656 1.166554247 -0.050845142 0.998573780 0.016283672 0.161106747 0.478026062 0.010017829 0.878288507 -3.319821661
72772000 0.498682673 0.886547026 0.500000000 0.500000000 0.000000000 0.000000000 0.876512349 0.052413382 -0.478517473 1.170432896 -0.050773416 0.998575985 0.016373942 0.162307898 0.478694260 0.009944005 0.877925336 -3.341375323
72806000 0.498682673 0.886547026 0.500000000 0.500000000 0.000000000 0.000000000 0.875840187 0.052319672 -0.479756832 1.177357508 -0.050709572 0.998580039 0.016324721 0.163117489 0.479929686 0.010030418 0.877249599 -3.363355497
72839000 0.498682673 0.886547026 0.500000000 0.500000000 0.000000000 0.000000000 0.875214040 0.052413069 -0.480887949 1.184928889 -0.050949708 0.998571277 0.016108295 0.165099494 0.481045187 0.010402894 0.876634061 -3.385169473
72873000 0.498682673 0.886547026 0.500000000 0.500000000 0.000000000 0.000000000 0.874952137 0.052652542 -0.481338143 1.189044232 -0.051284976 0.998555779 0.016006624 0.166162976 0.481485784 0.010680386 0.876388848 -3.408425858
72906000 0.498682673 0.886547026 0.500000000 0.500000000 0.000000000 0.000000000 0.874718666 0.053171959 -0.481705248 1.192189848 -0.051999956 0.998522162 0.015793988 0.168226990 0.481833190 0.011233356 0.876190960 -3.430675766
72939000 0.498682673 0.886547026 0.500000000 0.500000000 0.000000000 0.000000000 0.874323666 0.053278826 -0.482410043 1.197171577 -0.052084256 0.998516381 0.015881268 0.166887713 0.482540458 0.011240598 0.875801563 -3.453361976
72973000 0.498682673 0.886547026 0.500000000 0.500000000 0.000000000 0.000000000 0.873943806 0.053332139 -0.483092070 1.202186301 -0.052290671 0.998509467 0.015635820 0.167820009 0.483205914 0.011596381 0.875429928 -3.475290258
73006000 0.498682673 0.886547026 0.500000000 0.500000000 0.000000000 0.000000000 0.873643458 0.053504556 -0.483615905 1.205845435 -0.052639563 0.998495221 0.015375486 0.168038514 0.483710796 0.012024637 0.875145257 -3.497922477
73039000 0.498682673 0.886547026 0.500000000 0.500000000 0.000000000 0.000000000 0.873355865 0.053541370 -0.484131068 1.209103168 -0.052743204 0.998491228 0.015278920 0.166689384 0.484218687 0.012190691 0.874862075 -3.520978543
73073000 0.498682673 0.886547026 0.500000000 0.500000000 0.000000000 0.000000000 0.873029232 0.053655203 -0.484707206 1.213749403 -0.053043231 0.998479724 0.014989132 0.166986699 0.484774560 0.012624485 0.874548018 -3.544407015
73106000 0.498682673 0.886547026 0.500000000 0.500000000 0.000000000 0.000000000 0.872789800 0.053459179 -0.485159874 1.216745568 -0.053145718 0.998482764 0.014413863 0.167611775 0.485194296 0.013203897 0.874306679 -3.567946273
73139000 0.498682673 0.886547026 0.500000000 0.500000000 0.000000000 0.000000000 0.872516692 0.053317770 -0.485666424 1.219086467 -0.053236339 0.998484135 0.013975338 0.166966031 0.485675335 0.013661387 0.874032497 -3.591612314
73173000 0.498682673 0.886547026 0.500000000 0.500000000 0.000000000 0.000000000 0.872306466 0.053184956 -0.486058414 1.220817004 -0.053289887 0.998486221 0.013618385 0.165810763 0.486046910 0.014022592 0.873820186 -3.615639579
73206000 0.498682673 0.886547026 0.500000000 0.500000000 0.000000000 0.000000000 0.872110069 0.052846562 -0.486447603 1.222189386 -0.053146288 0.998499572 0.013193312 0.164562774 0.486414939 0.014346864 0.873610139 -3.640294600
73240000 0.498682673 0.886547026 0.500000000 0.500000000 0.000000000 0.000000000 0.871769667 0.052705046 -0.487072706 1.225347012 -0.053350415 0.998496890 0.012557772 0.165690459 0.487002432 0.015038047 0.873271108 -3.664564782
73273000 0.498682673 0.886547026 0.500000000 0.500000000 0.000000000 0.000000000 0.871448696 0.052801490 -0.487636358 1.228242208 -0.053657085 0.998484552 0.012226482 0.165860780 0.487542957 0.015510394 0.872961223 -3.689059356
73306000 0.498682673 0.886547026 0.500000000 0.500000000 0.000000000 0.000000000 0.871363938 0.052912176 -0.487775743 1.229287062 -0.053920977 0.998473287 0.011986242 0.164998788 0.487665236 0.015856966 0.872886658 -3.714721201
73340000 0.498682673 0.886547026 0.500000000 0.500000000 0.000000000 0.000000000 0.871441007 0.052881103 -0.487641424 1.227645106 -0.054212697 0.998464406 0.011395114 0.166534224 0.487495184 0.016506186 0.872969627 -3.740605057
73373000 0.498682673 0.886547026 0.500000000 0.500000000 0.000000000 0.000000000 0.871165097 0.052901465 -0.488131911 1.230004176 -0.054602470 0.998450220 0.010758792 0.169647815 0.487944573 0.017280525 0.872703552 -3.766092163
73406000 0.498682673 0.886547026 0.500000000 0.500000000 0.000000000 0.000000000 0.871091723 0.052993897 -0.488252848 1.229938790 -0.054740883 0.998443186 0.010705657 0.169136854 0.488060057 0.017401781 0.872636557 -3.790779883
73440000 0.498682673 0.886547026 0.500000000 0.500000000 0.000000000 0.000000000 0.871304750 0.052983750 -0.487873703 1.227475642 -0.054924116 0.998436987 0.010341389 0.171244236 0.487659067 0.017785529 0.872852981 -3.815884225
73473000 0.498682673 0.886547026 0.500000000 0.500000000 0.000000000 0.000000000 0.871254981 0.052912001 -0.487970352 1.228629483 -0.055021666 0.998434842 0.010023728 0.172238161 0.487736970 0.018115720 0.872802675 -3.840566294
73507000 0.498682673 0.886547026 0.500000000 0.500000000 0.000000000 0.000000000 0.871232510 0.052787006 -0.488023996 1.229603694 -0.055253141 0.998428524 0.009355518 0.175566586 0.487750947 0.018814027 0.872780085 -3.864901991
73540000 0.498682673 0.886547026 0.500000000 0.500000000 0.000000000 0.000000000 0.871397018 0.052687973 -0.487740904 1.226889941 -0.055362690 0.998426259 0.008943627 0.177543905 0.487444550 0.019209199 0.872942626 -3.887962187
73573000 0.498682673 0.886547026 0.500000000 0.500000000 0.000000000 0.000000000 0.871372104 0.052976541 -0.487754166 1.227166397 -0.055790439 0.998403966 0.008770315 0.178666080 0.487440318 0.019569810 0.872936964 -3.911540666
73607000 0.498682673 0.886547026 0.500000000 0.500000000 0.000000000 0.000000000 0.871283710 0.052932803 -0.487916797 1.228527360 -0.055857245 0.998401999 0.008568484 0.179692242 0.487590671 0.019788107 0.872848094 -3.934839259
73640000 0.498682673 0.886547026 0.500000000 0.500000000 0.000000000 0.000000000 0.871388137 0.052847631 -0.487739474 1.228416925 -0.055844706 0.998404086 0.008407923 0.181118318 0.487405419 0.019911103 0.872948766 -3.958557379
73673000 0.498682673 0.886547026 0.500000000 0.500000000 0.000000000 0.000000000 0.871304750 0.052816056 -0.487891912 1.231464642 -0.055940732 0.998400569 0.008178361 0.182796402 0.487543523 0.020167189 0.872865736 -3.983033542
73707000 0.498682673 0.886547026 0.500000000 0.500000000 0.000000000 0.000000000 0.871340692 0.052244928 -0.487889171 1.230485035 -0.055652034 0.998421907 0.007523420 0.185817438 0.487512290 0.020596562 0.872873187 -4.003917576
73740000 0.498682673 0.886547026 0.500000000 0.500000000 0.000000000 0.000000000 0.871056974 0.052192889 -0.488401145 1.236998683 -0.055734165 0.998418987 0.007294697 0.187278987 0.488009721 0.020866534 0.872588754 -4.028184112
73773000 0.498682673 0.886547026 0.500000000 0.500000000 0.000000000 0.000000000 0.871205866 0.052506041 -0.488101900 1.235537744 -0.056061998 0.998400331 0.007335575 0.188395234 0.487706274 0.020973174 0.872755826 -4.049968741
73807000 0.498682673 0.886547026 0.500000000 0.500000000 0.000000000 0.000000000 0.871417940 0.052160971 -0.487760156 1.235558870 -0.055911496 0.998412013 0.006880139 0.190273082 0.487344474 0.021275925 0.872950554 -4.073347571
73840000 0.498682673 0.886547026 0.500000000 0.500000000 0.000000000 0.000000000 0.871522188 0.052111223 -0.487579167 1.236314369 -0.056209762 0.998399496 0.006234399 0.193656736 0.487123698 0.021973293 0.873056531 -4.097736866
73874000 0.498682673 0.886547026 0.500000000 0.500000000 0.000000000 0.000000000 0.871602297 0.051898405 -0.487458706 1.236897688 -0.056152511 0.998404801 0.005893751 0.195374779 0.486986995 0.022235023 0.873126149 -4.122675401
73907000 0.498682673 0.886547026 0.500000000 0.500000000 0.000000000 0.000000000 0.871557832 0.051730555 -0.487556040 1.239694840 -0.056007311 0.998413444 0.005814455 0.195489645 0.487083286 0.022239069 0.873072326 -4.145778317
73940000 0.498682673 0.886547026 0.500000000 0.500000000 0.000000000 0.000000000 0.871708751 0.051283948 -0.487333328 1.240621635 -0.055725042 0.998431623 0.005391602 0.197248665 0.486845493 0.022456763 0.873199403 -4.171452296
73974000 0.498682673 0.886547026 0.500000000 0.500000000 0.000000000 0.000000000 0.871969938 0.051662244 -0.486825854 1.239400547 -0.056300592 0.998400807 0.005109017 0.199021728 0.486311257 0.022953674 0.873484135 -4.196259900
74007000 0.498682673 0.886547026 0.500000000 0.500000000 0.000000000 0.000000000 0.871947110 0.050890286 -0.486948073 1.242186220 -0.055813074 0.998431504 0.004403784 0.203364015 0.486408412 0.023338202 0.873419821 -4.221058184
74040000 0.498682673 0.886547026 0.500000000 0.500000000 0.000000000 0.000000000 0.871930420 0.051021006 -0.486964285 1.243032890 -0.055982292 0.998422205 0.004369606 0.204409863 0.486418903 0.023451384 0.873410940 -4.245527323
74074000 0.498682673 0.886547026 0.500000000 0.500000000 0.000000000 0.000000000 0.871965051 0.051526576 -0.486848980 1.244562061 -0.056670923 0.998384237 0.004166091 0.208215661 0.486277014 0.023957497 0.873476207 -4.270744509
74107000 0.498682673 0.886547026 0.500000000 0.500000000 0.000000000 0.000000000 0.871758699 0.051426556 -0.487229019 1.247892783 -0.056870330 0.998374999 0.003624141 0.213085767 0.486623645 0.024549499 0.873266697 -4.294905935
74140000 0.498682673 0.886547026 0.500000000 0.500000000 0.000000000 0.000000000 0.871866345 0.051563993 -0.487021744 1.248689014 -0.057033602 0.998365760 0.003601576 0.214522297 0.486411542 0.024636511 0.873382390 -4.319973262
74174000 0.498682673 0.886547026 0.500000000 0.500000000 0.000000000 0.000000000 0.872019470 0.051458765 -0.486758739 1.249725293 -0.057173647 0.998359382 0.003118187 0.220139859 0.486120611 0.025110653 0.873530865 -4.344160435
74207000 0.498682673 0.886547026 0.500000000 0.500000000 0.000000000 0.000000000 0.872074664 0.051467478 -0.486658931 1.250956712 -0.057433460 0.998345792 0.002663211 0.226151311 0.485990971 0.025627987 0.873588026 -4.367889298
74241000 0.498682673 0.886547026 0.500000000 0.500000000 0.000000000 0.000000000 0.872205973 0.051155571 -0.486456424 1.252376042 -0.057299253 0.998354495 0.002250242 0.230599017 0.485771090 0.025910914 0.873701930 -4.391303445
74274000 0.498682673 0.886547026 0.500000000 0.500000000 0.000000000 0.000000000 0.872277379 0.052083094 -0.486229867 1.252123307 -0.058058914 0.998309314 0.002779668 0.231174288 0.485552579 0.025805335 0.873826504 -4.414515310
74307000 0.498682673 0.886547026 0.500000000 0.500000000 0.000000000 0.000000000 0.872175336 0.051345039 -0.486491352 1.255484073 -0.057489581 0.998343468 0.002300115 0.234928246 0.485803574 0.025962083 0.873682380 -4.437611597
74341000 0.498682673 0.886547026 0.500000000 0.500000000 0.000000000 0.000000000 0.872189403 0.051941764 -0.486402810 1.255566099 -0.058226883 0.998300970 0.002197031 0.238961092 0.485690504 0.026405493 0.873731911 -4.458784253
74374000 0.498682673 0.886547026 0.500000000 0.500000000 0.000000000 0.000000000 0.872263849 0.051826254 -0.486281604 1.255765326 -0.058165714 0.998304784 0.002061667 0.240562673 0.485564113 0.026486598 0.873799741 -4.482573436
74407000 0.498682673 0.886547026 0.500000000 0.500000000 0.000000000 0.000000000 0.872645557 0.051630855 -0.485617071 1.251892445 -0.058032617 0.998312950 0.001857115 0.243959403 0.484893709 0.026561026 0.874169648 -4.508042845
74441000 0.498682673 0.886547026 0.500000000 0.500000000 0.000000000 0.000000000 0.872655034 0.051589191 -0.485604465 1.252678528 -0.058130395 0.998307705 0.001594110 0.246026389 0.484864950 0.026837273 0.874177158 -4.527820335
74474000 0.498682673 0.886547026 0.500000000 0.500000000 0.000000000 0.000000000 0.872523248 0.051283065 -0.485873729 1.254849281 -0.058188621 0.998305202 0.000875187 0.253361725 0.485095143 0.027508700 0.874028563 -4.548996590
74508000 0.498682673 0.886547026 0.500000000 0.500000000 0.000000000 0.000000000 0.872499108 0.051667843 -0.485876262 1.255076642 -0.058545567 0.998284221 0.001025439 0.251524749 0.485095590 0.027551208 0.874027014 -4.570845212
74541000 0.498682673 0.886547026 0.500000000 0.500000000 0.000000000 0.000000000 0.872422099 0.051441234 -0.486038566 1.255676301 -0.058470394 0.998288870 0.000704364 0.253677628 0.485243142 0.027804364 0.873937070 -4.593758653
74574000 0.498682673 0.886547026 0.500000000 0.500000000 0.000000000 0.000000000 0.872704446 0.051494438 -0.485525817 1.252694128 -0.058720194 0.998274446 0.000329970 0.256950249 0.484705001 0.028222205 0.874222279 -4.617083107
74608000 0.498682673 0.886547026 0.500000000 0.500000000 0.000000000 0.000000000 0.873030603 0.051326454 -0.484956861 1.249484625 -0.058773942 0.998271286 -0.000152022 0.258339260 0.484110713 0.028635548 0.874538064 -4.642298427
74641000 0.498682673 0.886547026 0.500000000 0.500000000 0.000000000 0.000000000 0.873203635 0.051691528 -0.484606475 1.246478191 -0.059201162 0.998246074 -0.000193567 0.258421395 0.483746499 0.028858291 0.874732256 -4.665160522
74674000 0.498682673 0.886547026 0.500000000 0.500000000 0.000000000 0.000000000 0.873424232 0.051002361 -0.484281808 1.244031498 -0.058612071 0.998280644 -0.000575144 0.258641648 0.483419836 0.028887104 0.874911904 -4.689465023
74708000 0.498682673 0.886547026 0.500000000 0.500000000 0.000000000 0.000000000 0.873756468 0.050260525 -0.483759731 1.240722203 -0.058057938 0.998312533 -0.001142691 0.260689762 0.482885987 0.029084528 0.875200093 -4.714025998
74741000 0.498682673 0.886547026 0.500000000 0.500000000 0.000000000 0.000000000 0.874182403 0.049953200 -0.483021528 1.233733753 -0.058009870 0.998314500 -0.001743617 0.263622863 0.482120275 0.029544255 0.875606716 -4.740255313
74774000 0.498682673 0.886547026 0.500000000 0.500000000 0.000000000 0.000000000 0.874656439 0.050202288 -0.482136726 1.227848731 -0.058334075 0.998295367 -0.001878231 0.263812961 0.481220543 0.029767806 0.876093984 -4.767731054
74808000 0.498682673 0.886547026 0.500000000 0.500000000 0.000000000 0.000000000 0.875303149 0.050382689 -0.480942845 1.218148236 -0.058492683 0.998286068 -0.001876505 0.263837579 0.480024010 0.029774148 0.876749933 -4.795101895
74841000 0.498682673 0.886547026 0.500000000 0.500000000 0.000000000 0.000000000 0.875715315 0.050170485 -0.480214179 1.211940186 -0.058442451 0.998288155 -0.002278870 0.265185470 0.479277790 0.030060535 0.877148330 -4.823135219
74875000 0.498682673 0.886547026 0.500000000 0.500000000 0.000000000 0.000000000 0.876242697 0.050123952 -0.479256034 1.204552697 -0.058640487 0.998275220 -0.002808100 0.270644286 0.478288680 0.030564385 0.877670646 -4.847406070
74908000 0.498682673 0.886547026 0.500000000 0.500000000 0.000000000 0.000000000 0.877160609 0.050294194 -0.477556020 1.192576904 -0.058798328 0.998265743 -0.002865853 0.273095775 0.476583689 0.030593308 0.878596663 -4.875874683
74941000 0.498682673 0.886547026 0.500000000 0.500000000 0.000000000 0.000000000 0.878102362 0.050193734 -0.475832820 1.179012146 -0.058700256 0.998271108 -0.003021815 0.274991236 0.474858463 0.030584970 0.879530549 -4.903013270
74975000 0.498682673 0.886547026 0.500000000 0.500000000 0.000000000 0.000000000 0.879227400 0.050098952 -0.473760784 1.162654614 -0.058966666 0.998252451 -0.003870537 0.283995616 0.472738951 0.031339176 0.880645096 -4.928211992
75008000 0.498682673 0.886547026 0.500000000 0.500000000 0.000000000 0.000000000 0.880240142 0.050044559 -0.471882194 1.147530866 -0.059095018 0.998242795 -0.004368009 0.291451005 0.470834404 0.031730782 0.881650805 -4.955356013
75041000 0.498682673 0.886547026 0.500000000 0.500000000 0.000000000 0.000000000 0.881160140 0.049660534 -0.470202804 1.133611241 -0.058648322 0.998268664 -0.004474678 0.295875546 0.469166487 0.031519514 0.882547081 -4.981547262
75075000 0.498682673 0.886547026 0.500000000 0.500000000 0.000000000 0.000000000 0.882425725 0.049250688 -0.467866689 1.115365841 -0.058188073 0.998294771 -0.004659331 0.299310706 0.466839373 0.031335775 0.883786798 -5.007480434
75108000 0.498682673 0.886547026 0.500000000 0.500000000 0.000000000 0.000000000 0.883614719 0.048882902 -0.465655923 1.099114427 -0.058128349 0.998293936 -0.005505276 0.307421691 0.464592367 0.031932354 0.884948730 -5.033791221
75141000 0.498682673 0.886547026 0.500000000 0.500000000 0.000000000 0.000000000 0.884764254 0.048158258 -0.463543981 1.084345041 -0.057353787 0.998337328 -0.005752190 0.307512232 0.462496251 0.031675335 0.886055231 -5.056999920
75175000 0.498682673 0.886547026 0.500000000 0.500000000 0.000000000 0.000000000 0.886312842 0.047982655 -0.460594475 1.063692637 -0.056964468 0.998360455 -0.005610911 0.309832321 0.459570080 0.031210542 0.887592971 -5.083884486
75208000 0.498682673 0.886547026 0.500000000 0.500000000 0.000000000 0.000000000 0.887926042 0.047743134 -0.457501888 1.042715098 -0.056650568 0.998377442 -0.005761388 0.313044642 0.456484497 0.031033428 0.889189959 -5.109030559
75242000 0.498682673 0.886547026 0.500000000 0.500000000 0.000000000 0.000000000 0.889492214 0.047304396 -0.454495251 1.022994596 -0.056366887 0.998389602 -0.006402025 0.318222164 0.453460485 0.031313036 0.890726149 -5.133610040
75275000 0.498682673 0.886547026 0.500000000 0.500000000 0.000000000 0.000000000 0.891223431 0.046724930 -0.451151341 1.000087409 -0.055894714 0.998412013 -0.007013048 0.324211265 0.450107247 0.031467166 0.892419875 -5.156581132
75308000 0.498682673 0.886547026 0.500000000 0.500000000 0.000000000 0.000000000 0.893169701 0.046048310 -0.447356105 0.973311577 -0.055221699 0.998446107 -0.007478589 0.328937978 0.446316570 0.031383414 0.894324660 -5.181322130
75342000 0.498682673 0.886547026 0.500000000 0.500000000 0.000000000 0.000000000 0.894965351 0.045234431 -0.443836540 0.950004451 -0.054370247 0.998489797 -0.007870841 0.330822351 0.442810237 0.031175632 0.896073222 -5.206205048
75375000 0.498682673 0.886547026 0.500000000 0.500000000 0.000000000 0.000000000 0.896623611 0.044737648 -0.440527737 0.928658533 -0.053847410 0.998515546 -0.008193851 0.332575587 0.439507216 0.031068077 0.897701621 -5.232870578
75408000 0.498682673 0.886547026 0.500000000 0.500000000 0.000000000 0.000000000 0.898471057 0.044647392 -0.436756611 0.903620031 -0.053573005 0.998530805 -0.008132680 0.332185189 0.435751826 0.030705342 0.899542928 -5.260394432
75442000 0.498682673 0.886547026 0.500000000 0.500000000 0.000000000 0.000000000 0.900491416 0.044027641 -0.432639360 0.876738264 -0.052888300 0.998564601 -0.008462047 0.332874558 0.431645781 0.030501561 0.901527345 -5.287481635
75475000 0.498682673 0.886547026 0.500000000 0.500000000 0.000000000 0.000000000 0.902551174 0.043321297 -0.428397745 0.848482221 -0.052345753 0.998585701 -0.009301390 0.337285104 0.427388906 0.030819781 0.903542399 -5.315249683
75509000 0.498682673 0.886547026 0.500000000 0.500000000 0.000000000 0.000000000 0.904525697 0.042609453 -0.424284935 0.821204101 -0.051857155 0.998601735 -0.010267279 0.344361227 0.423254192 0.031289227 0.905470550 -5.341673282
75542000 0.498682673 0.886547026 0.500000000 0.500000000 0.000000000 0.000000000 0.906478941 0.041745599 -0.420182377 0.793288254 -0.051062495 0.998635471 -0.010943906 0.350024160 0.419152170 0.031375978 0.907373667 -5.368207360
75575000 0.498682673 0.886547026 0.500000000 0.500000000 0.000000000 0.000000000 0.908478975 0.041224673 -0.415892333 0.766164047 -0.050567716 0.998654783 -0.011470499 0.354956245 0.414859980 0.031451434 0.909341514 -5.395638401
75609000 0.498682673 0.886547026 0.500000000 0.500000000 0.000000000 0.000000000 0.910598993 0.040646490 -0.411287487 0.735132079 -0.050000306 0.998677075 -0.012005012 0.357791678 0.410255402 0.031496249 0.911426604 -5.424823066
75642000 0.498682673 0.886547026 0.500000000 0.500000000 0.000000000 0.000000000 0.912528992 0.040017601 -0.407049596 0.708604778 -0.049442519 0.998696744 -0.012657633 0.363161258 0.406012595 0.031676017 0.913318336 -5.453219019
75675000 0.498682673 0.886547026 0.500000000 0.500000000 0.000000000 0.000000000 0.914645195 0.039362796 -0.402336568 0.677815756 -0.048695549 0.998729169 -0.012990060 0.367698175 0.401313961 0.031473298 0.915399671 -5.480874665
75709000 0.498682673 0.886547026 0.500000000 0.500000000 0.000000000 0.000000000 0.917044401 0.038625587 -0.396910161 0.642305840 -0.047905833 0.998760760 -0.013489326 0.373910945 0.395897269 0.031384621 0.917758346 -5.508929445
75742000 0.498682673 0.886547026 0.500000000 0.500000000 0.000000000 0.000000000 0.919317126 0.037833139 -0.391694665 0.608427474 -0.047203463 0.998782694 -0.014316928 0.381423674 0.390676200 0.031651139 0.919983864 -5.537676562
75775000 0.498682673 0.886547026 0.500000000 0.500000000 0.000000000 0.000000000 0.921552360 0.036801364 -0.386505961 0.575520591 -0.046373166 0.998804450 -0.015466610 0.393208939 0.385474682 0.032176796 0.922157228 -5.563183607
75809000 0.498682673 0.886547026 0.500000000 0.500000000 0.000000000 0.000000000 0.923831165 0.036110360 -0.381093144 0.539828857 -0.045525797 0.998839498 -0.015717145 0.398989608 0.380083352 0.031869557 0.924403012 -5.588892124
75842000 0.498682673 0.886547026 0.500000000 0.500000000 0.000000000 0.000000000 0.925944865 0.035311233 -0.376004338 0.507481524 -0.044609345 0.998875618 -0.016048390 0.405721877 0.375014871 0.031633232 0.926478922 -5.614666553
75876000 0.498682673 0.886547026 0.500000000 0.500000000 0.000000000 0.000000000 0.928259313 0.034580745 -0.370322526 0.470896598 -0.043847423 0.998899817 -0.016631665 0.411681098 0.369339973 0.031676188 0.928754330 -5.638268233
75909000 0.498682673 0.886547026 0.500000000 0.500000000 0.000000000 0.000000000 0.930764019 0.034079354 -0.364028752 0.428660036 -0.043272063 0.998916566 -0.017124051 0.416656908 0.363050789 0.031690724 0.931230307 -5.661089281
75942000 0.498682673 0.886547026 0.500000000 0.500000000 0.000000000 0.000000000 0.933072329 0.033325210 -0.358141631 0.391060988 -0.042556148 0.998933315 -0.017921129 0.426534944 0.357162386 0.031962838 0.933495283 -5.684042470
75976000 0.498682673 0.886547026 0.500000000 0.500000000 0.000000000 0.000000000 0.935299814 0.031909984 -0.352414608 0.354205026 -0.041050673 0.998985946 -0.018492592 0.431139797 0.351467133 0.031762972 0.935661256 -5.707626802
76009000 0.498682673 0.886547026 0.500000000 0.500000000 0.000000000 0.000000000 0.937445819 0.031178601 -0.346732199 0.317972608 -0.040222574 0.999011695 -0.018915744 0.434324514 0.345799744 0.031678949 0.937773407 -5.730047718
76042000 0.498682673 0.886547026 0.500000000 0.500000000 0.000000000 0.000000000 0.939700842 0.030383408 -0.340645283 0.277919747 -0.039342664 0.999036968 -0.019422509 0.437756955 0.339727134 0.031653240 0.939991236 -5.752353956
76076000 0.498682673 0.886547026 0.500000000 0.500000000 0.000000000 0.000000000 0.941908538 0.029655339 -0.334557772 0.238052405 -0.038460568 0.999065459 -0.019723691 0.440270745 0.333660185 0.031445194 0.942168832 -5.775519643
76109000 0.498682673 0.886547026 0.500000000 0.500000000 0.000000000 0.000000000 0.943991303 0.028683309 -0.328721225 0.200085950 -0.037462275 0.999089718 -0.020402892 0.446250928 0.327836782 0.031574797 0.944206595 -5.796547522
76143000 0.498682673 0.886547026 0.500000000 0.500000000 0.000000000 0.000000000 0.946120381 0.027872033 -0.322613329 0.159620798 -0.036430117 0.999125540 -0.020518731 0.444128114 0.321759313 0.031166032 0.946308434 -5.819888819
76176000 0.498682673 0.886547026 0.500000000 0.500000000 0.000000000 0.000000000 0.948198915 0.027335832 -0.316498935 0.120173446 -0.036046010 0.999114573 -0.021697253 0.455567065 0.315625578 0.031981837 0.948344707 -5.841430463
76209000 0.498682673 0.886547026 0.500000000 0.500000000 0.000000000 0.000000000 0.950335562 0.027017444 -0.310052276 0.076458309 -0.035611134 0.999121547 -0.022089230 0.458109308 0.309183121 0.032033492 0.950462878 -5.863527779
76243000 0.498682673 0.886547026 0.500000000 0.500000000 0.000000000 0.000000000 0.952289879 0.026164640 -0.304071397 0.036060109 -0.034682222 0.999141812 -0.022643831 0.460985956 0.303217977 0.032109365 0.952380121 -5.885779147
76276000 0.498682673 0.886547026 0.500000000 0.500000000 0.000000000 0.000000000 0.954234540 0.025400737 -0.297978640 -0.005096615 -0.033825744 0.999159575 -0.023150321 0.464311635 0.297140181 0.032170184 0.954291761 -5.907242101
76310000 0.498682673 0.886547026 0.500000000 0.500000000 0.000000000 0.000000000 0.956297398 0.024525562 -0.291365415 -0.050575241 -0.032774542 0.999187291 -0.023463931 0.464852162 0.290553153 0.031987865 0.956324041 -5.929354938
76343000 0.498682673 0.886547026 0.500000000 0.500000000 0.000000000 0.000000000 0.958249032 0.023635998 -0.284956306 -0.094428678 -0.031870715 0.999196649 -0.024295203 0.470077747 0.284153134 0.032362618 0.958232582 -5.951476716
76376000 0.498682673 0.886547026 0.500000000 0.500000000 0.000000000 0.000000000 0.960157454 0.022792334 -0.278528482 -0.138814794 -0.030940128 0.999211252 -0.024891669 0.473531686 0.277741462 0.032517631 0.960105360 -5.973122183
76410000 0.498682673 0.886547026 0.500000000 0.500000000 0.000000000 0.000000000 0.962076485 0.021969162 -0.271893620 -0.184885329 -0.030052995 0.999220371 -0.025602834 0.479688321 0.271119148 0.032803103 0.961986661 -5.994565537
76443000 0.498682673 0.886547026 0.500000000 0.500000000 0.000000000 0.000000000 0.964062214 0.020983735 -0.264846534 -0.233774230 -0.028935580 0.999238968 -0.026158297 0.483928447 0.264096081 0.032881714 0.963935733 -6.015573646
76476000 0.498682673 0.886547026 0.500000000 0.500000000 0.000000000 0.000000000 0.965888381 0.020039745 -0.258182198 -0.280286062 -0.027923640 0.999247909 -0.026905211 0.490553174 0.257448852 0.033196818 0.965721548 -6.036253699
76510000 0.498682673 0.886547026 0.500000000 0.500000000 0.000000000 0.000000000 0.967665255 0.019076370 -0.251515567 -0.327502225 -0.026881270 0.999256670 -0.027632011 0.496824912 0.250801474 0.033499595 0.967458725 -6.056089772
76543000 0.498682673 0.886547026 0.500000000 0.500000000 0.000000000 0.000000000 0.969471216 0.018154802 -0.244532198 -0.377394156 -0.025869066 0.999262631 -0.028372126 0.503420588 0.243836790 0.033831779 0.969226003 -6.074759163
76577000 0.498682673 0.886547026 0.500000000 0.500000000 0.000000000 0.000000000 0.971336067 0.017312907 -0.237079084 -0.430931265 -0.024921644 0.999264777 -0.029134225 0.509957859 0.236400381 0.034207527 0.971053421 -6.092105543
76610000 0.498682673 0.886547026 0.500000000 0.500000000 0.000000000 0.000000000 0.973067462 0.016289650 -0.229944333 -0.481318996 -0.023783110 0.999271274 -0.029854143 0.517045588 0.229290456 0.034518886 0.972745776 -6.108989782
76643000 0.498682673 0.886547026 0.500000000 0.500000000 0.000000000 0.000000000 0.974831462 0.015605415 -0.222396329 -0.535042688 -0.022880623 0.999282777 -0.030173734 0.521520536 0.221765935 0.034502871 0.974489331 -6.124296106
76677000 0.498682673 0.886547026 0.500000000 0.500000000 0.000000000 0.000000000 0.976566136 0.014502848 -0.214728445 -0.589602805 -0.021598626 0.999294162 -0.030735910 0.526645665 0.214131117 0.034653489 0.976190031 -6.139277644
76710000 0.498682673 0.886547026 0.500000000 0.500000000 0.000000000 0.000000000 0.978189468 0.013340940 -0.207285866 -0.642365435 -0.020328367 0.999293327 -0.031615671 0.533803464 0.206717610 0.035139900 0.977769434 -6.154020982
76743000 0.498682673 0.886547026 0.500000000 0.500000000 0.000000000 0.000000000 0.979678512 0.012244093 -0.200200096 -0.692902997 -0.019056100 0.999301851 -0.032134380 0.538946511 0.199666888 0.035296395 0.979227901 -6.168587539
76777000 0.498682673 0.886547026 0.500000000 0.500000000 0.000000000 0.000000000 0.981161356 0.011465869 -0.192849427 -0.744823628 -0.017993856 0.999321640 -0.032132763 0.541162337 0.192350179 0.034997534 0.980702102 -6.182100212
76810000 0.498682673 0.886547026 0.500000000 0.500000000 0.000000000 0.000000000 0.982686937 0.010646998 -0.184967756 -0.800319961 -0.016962288 0.999324739 -0.032593839 0.546151216 0.184495836 0.035167016 0.982203960 -6.194589467
76843000 0.498682673 0.886547026 0.500000000 0.500000000 0.000000000 0.000000000 0.984049380 0.009626390 -0.177634805 -0.851781157 -0.015858449 0.999306262 -0.033697139 0.554915808 0.177187189 0.035976663 0.983519375 -6.207477948
76877000 0.498682673 0.886547026 0.500000000 0.500000000 0.000000000 0.000000000 0.985294998 0.008782383 -0.170635998 -0.900564619 -0.014828458 0.999305308 -0.034190465 0.559124363 0.170217186 0.036217961 0.984740734 -6.220828561
76910000 0.498682673 0.886547026 0.500000000 0.500000000 0.000000000 0.000000000 0.986504614 0.007995187 -0.163538039 -0.950833175 -0.013790088 0.999315381 -0.034330066 0.561982142 0.163151607 0.036121972 0.985939503 -6.232994649
76944000 0.498682673 0.886547026 0.500000000 0.500000000 0.000000000 0.000000000 0.987676859 0.007042592 -0.156348228 -1.001258635 -0.012617894 0.999318242 -0.034695696 0.565190760 0.155997291 0.036240924 0.987092435 -6.244926628
76977000 0.498682673 0.886547026 0.500000000 0.500000000 0.000000000 0.000000000 0.988789678 0.006025228 -0.149193302 -1.052089674 -0.011443175 0.999304771 -0.035483196 0.570281495 0.148875788 0.036792662 0.988171160 -6.256813248
77010000 0.498682673 0.886547026 0.500000000 0.500000000 0.000000000 0.000000000 0.989764392 0.005128465 -0.142618850 -1.098218460 -0.010376773 0.999294996 -0.036080159 0.573878737 0.142333269 0.037190780 0.989119828 -6.269507433
77044000 0.498682673 0.886547026 0.500000000 0.500000000 0.000000000 0.000000000 0.990690768 0.004161173 -0.136067763 -1.144286572 -0.009189012 0.999297082 -0.036343805 0.575681995 0.135820881 0.037255801 0.990032673 -6.282438206
77077000 0.498682673 0.886547026 0.500000000 0.500000000 0.000000000 0.000000000 0.991581202 0.003350276 -0.129442975 -1.191299159 -0.008142864 0.999300003 -0.036513221 0.576296805 0.129230037 0.037259862 0.990914404 -6.295017224
77110000 0.498682673 0.886547026 0.500000000 0.500000000 0.000000000 0.000000000 0.992439568 0.002524821 -0.122708172 -1.238843346 -0.007123427 0.999287963 -0.037051719 0.579260427 0.122527249 0.037645694 0.991750896 -6.307527623
77144000 0.498682673 0.886547026 0.500000000 0.500000000 0.000000000 0.000000000 0.993255317 0.001535384 -0.115937330 -1.285168972 -0.005946066 0.999271154 -0.037707414 0.583077364 0.115794934 0.038142461 0.992540538 -6.321123953
77177000 0.498682673 0.886547026 0.500000000 0.500000000 0.000000000 0.000000000 0.993988931 0.000644486 -0.109478556 -1.330916083 -0.004852628 0.999259233 -0.038175970 0.586140178 0.109372854 0.038477749 0.993255794 -6.334024846
77210000 0.498682673 0.886547026 0.500000000 0.500000000 0.000000000 0.000000000 0.994686663 -0.000128440 -0.102948546 -1.376936605 -0.003846878 0.999254465 -0.038415138 0.588026875 0.102876723 0.038607057 0.993944585 -6.347209726
77244000 0.498682673 0.886547026 0.500000000 0.500000000 0.000000000 0.000000000 0.995311201 -0.001100962 -0.096717902 -1.420824353 -0.002668838 0.999241889 -0.038839255 0.591556961 0.096687347 0.038915269 0.994553745 -6.360656456
77277000 0.498682673 0.886547026 0.500000000 0.500000000 0.000000000 0.000000000 0.995894909 -0.001905032 -0.090496786 -1.464338677 -0.001668393 0.999222338 -0.039394703 0.596256552 0.090501457 0.039383970 0.995117247 -6.372867198
77311000 0.498682673 0.886547026 0.500000000 0.500000000 0.000000000 0.000000000 0.996498525 -0.002700732 -0.083566904 -1.512391087 -0.000633504 0.999205589 -0.039846785 0.599730937 0.083608136 0.039760202 0.995705187 -6.384522305
77344000 0.498682673 0.886547026 0.500000000 0.500000000 0.000000000 0.000000000 0.997041464 -0.003504949 -0.076785430 -1.560395819 0.000383305 0.999174118 -0.040631186 0.606648515 0.076864421 0.040481545 0.996219397 -6.394593024
77377000 0.498682673 0.886547026 0.500000000 0.500000000 0.000000000 0.000000000 0.997508883 -0.004400015 -0.070403889 -1.605923263 0.001488484 0.999143481 -0.041353837 0.613143515 0.070525542 0.041146021 0.996661007 -6.405425116
77411000 0.498682673 0.886547026 0.500000000 0.500000000 0.000000000 0.000000000 0.997908831 -0.005245031 -0.064423710 -1.648590438 0.002568959 0.999133050 -0.041551426 0.615562926 0.064585797 0.041299034 0.997057199 -6.416220029
77444000 0.498682673 0.886547026 0.500000000 0.500000000 0.000000000 0.000000000 0.998296261 -0.005993536 -0.058040455 -1.693893519 0.003566574 0.999118447 -0.041828673 0.618705207 0.058239989 0.041550402 0.997437537 -6.425287223
77477000 0.498682673 0.886547026 0.500000000 0.500000000 0.000000000 0.000000000 0.998652160 -0.006710251 -0.051467109 -1.741297920 0.004531891 0.999093592 -0.042325798 0.622775996 0.051704478 0.042035509 0.997777343 -6.433360578
77511000 0.498682673 0.886547026 0.500000000 0.500000000 0.000000000 0.000000000 0.998941660 -0.007451228 -0.045387544 -1.785322970 0.005497594 0.999059200 -0.043017149 0.628956694 0.045665376 0.042722099 0.998042822 -6.441438883
77544000 0.498682673 0.886547026 0.500000000 0.500000000 0.000000000 0.000000000 0.999179602 -0.008143105 -0.039671786 -1.826799468 0.006422488 0.999041140 -0.043307297 0.632224624 0.039986402 0.043016974 0.998273849 -6.450126590
77578000 0.498682673 0.886547026 0.500000000 0.500000000 0.000000000 0.000000000 0.999384582 -0.008822466 -0.033950061 -1.868387686 0.007349401 0.999036312 -0.043271974 0.633519633 0.034299109 0.042995833 0.998486340 -6.458290245
77611000 0.498682673 0.886547026 0.500000000 0.500000000 0.000000000 0.000000000 0.999550581 -0.009492642 -0.028435608 -1.908859086 0.008254349 0.999025762 -0.043352507 0.634559827 0.028819434 0.043098304 0.998655081 -6.466586726
77644000 0.498682673 0.886547026 0.500000000 0.500000000 0.000000000 0.000000000 0.999679148 -0.010106766 -0.023225548 -1.947524094 0.009076209 0.998987794 -0.044056602 0.639674897 0.023647308 0.043831669 0.998759031 -6.474864154
77678000 0.498682673 0.886547026 0.500000000 0.500000000 0.000000000 0.000000000 0.999775410 -0.010700341 -0.018292096 -1.984301169 0.009870460 0.998943985 -0.044871721 0.645989885 0.018752921 0.044681091 0.998825252 -6.482606903
77711000 0.498682673 0.886547026 0.500000000 0.500000000 0.000000000 0.000000000 0.999852359 -0.011293990 -0.012949214 -2.023917496 0.010699620 0.998925865 -0.045085117 0.647869870 0.013444495 0.044939909 0.998899221 -6.490275860
77744000 0.498682673 0.886547026 0.500000000 0.500000000 0.000000000 0.000000000 0.999901056 -0.011908816 -0.007488978 -2.065373055 0.011560288 0.998921156 -0.044975974 0.646709300 0.008016509 0.044884950 0.998960018 -6.497984822
77778000 0.498682673 0.886547026 0.500000000 0.500000000 0.000000000 0.000000000 0.999917746 -0.012528298 -0.002757194 -2.101722473 0.012390690 0.998897910 -0.045270845 0.648262100 0.003321323 0.045232955 0.998970926 -6.506667844
77811000 0.498682673 0.886547026 0.500000000 0.500000000 0.000000000 0.000000000 0.999913633 -0.013008928 0.001862914 -2.137875022 0.013080385 0.998873293 -0.045618955 0.650045941 -0.001267361 0.045639385 0.998957157 -6.515791610
77844000 0.498682673 0.886547026 0.500000000 0.500000000 0.000000000 0.000000000 0.999884725 -0.013578977 0.006789832 -2.176194284 0.013875620 0.998857021 -0.045739546 0.649985726 -0.006160975 0.045828488 0.998930335 -6.524413706
77878000 0.498682673 0.886547026 0.500000000 0.500000000 0.000000000 0.000000000 0.999829412 -0.014063501 0.011975375 -2.216975770 0.014599170 0.998840034 -0.045885101 0.648954541 -0.011316178 0.046052102 0.998874962 -6.532368539
77911000 0.498682673 0.886547026 0.500000000 0.500000000 0.000000000 0.000000000 0.999752223 -0.014573164 0.016827283 -2.255684221 0.015341958 0.998800457 -0.046500292 0.651423653 -0.016129442 0.046746932 0.998776555 -6.541681084
77945000 0.498682673 0.886547026 0.500000000 0.500000000 0.000000000 0.000000000 0.999659717 -0.015122930 0.021255365 -2.291920092 0.016104294 0.998775184 -0.046783835 0.651546857 -0.020521823 0.047110219 0.998678863 -6.551647138
77978000 0.498682673 0.886547026 0.500000000 0.500000000 0.000000000 0.000000000 0.999535859 -0.015741013 0.026082166 -2.330410118 0.016951550 0.998757601 -0.046860617 0.650264541 -0.025312128 0.047281001 0.998560846 -6.560632164
78011000 0.498682673 0.886547026 0.500000000 0.500000000 0.000000000 0.000000000 0.999376297 -0.016172735 0.031392679 -2.373344748 0.017645597 0.998728573 -0.047221825 0.650850144 -0.030589057 0.047746316 0.998391032 -6.568476299
78045000 0.498682673 0.886547026 0.500000000 0.500000000 0.000000000 0.000000000 0.999200463 -0.016756397 0.036299359 -2.414385340 0.018486947 0.998682201 -0.047875538 0.654753039 -0.035449304 0.048508324 0.998193502 -6.575862367
78078000 0.498682673 0.886547026 0.500000000 0.500000000 0.000000000 0.000000000 0.998996854 -0.017235778 0.041330241 -2.456466812 0.019214930 0.998663604 -0.047977220 0.655017107 -0.040448084 0.048723251 0.997992992 -6.583961480
78111000 0.498682673 0.886547026 0.500000000 0.500000000 0.000000000 0.000000000 0.998766720 -0.017607966 0.046422575 -2.499467795 0.019835055 0.998652399 -0.047958452 0.654570014 -0.045515563 0.048820101 0.997769952 -6.591274581
78145000 0.498682673 0.886547026 0.500000000 0.500000000 0.000000000 0.000000000 0.998502374 -0.018128108 0.051617105 -2.543301300 0.020627938 0.998619020 -0.048316784 0.656914350 -0.050669931 0.049309179 0.997497439 -6.596724401
78178000 0.498682673 0.886547026 0.500000000 0.500000000 0.000000000 0.000000000 0.998198032 -0.018635405 0.057038229 -2.588992246 0.021432878 0.998576939 -0.048833411 0.660327411 -0.056047030 0.049967911 0.997177005 -6.601816402
