https://www.youtube.com/watch?v=PVH8K0yQceg
105972533 0.483044184 0.858745207 0.500000000 0.500000000 0.000000000 0.000000000 0.946174681 0.014564524 -0.323328614 0.205513111 -0.016607760 0.999855757 -0.003561140 -0.003534965 0.323230118 0.008739225 0.946280062 -0.605722970
106005900 0.483044184 0.858745207 0.500000000 0.500000000 0.000000000 0.000000000 0.944359541 0.015044909 -0.328570783 0.211724891 -0.017035011 0.999849856 -0.003178993 -0.003523977 0.328473628 0.008599319 0.944473982 -0.615959156
106039267 0.483044184 0.858745207 0.500000000 0.500000000 0.000000000 0.000000000 0.942655504 0.015780758 -0.333393961 0.217001226 -0.017729962 0.999838889 -0.002804580 -0.003609201 0.333296001 0.008554815 0.942783415 -0.626527019
106072633 0.483044184 0.858745207 0.500000000 0.500000000 0.000000000 0.000000000 0.940955222 0.016772181 -0.338115245 0.222531179 -0.018920725 0.999816298 -0.003059478 -0.001266205 0.338001817 0.009276218 0.941099763 -0.636862830
106106000 0.483044184 0.858745207 0.500000000 0.500000000 0.000000000 0.000000000 0.939178169 0.017239783 -0.342997223 0.228998439 -0.019179761 0.999813497 -0.002264295 -0.003556282 0.342894226 0.008705182 0.939333677 -0.647402372
106139367 0.483044184 0.858745207 0.500000000 0.500000000 0.000000000 0.000000000 0.937606514 0.018494923 -0.347205967 0.233026925 -0.020566290 0.999785900 -0.002281426 -0.002064975 0.347089440 0.009279819 0.937786102 -0.658002440
106172733 0.483044184 0.858745207 0.500000000 0.500000000 0.000000000 0.000000000 0.935935557 0.019560443 -0.351627707 0.237480847 -0.021694485 0.999762356 -0.002129651 -0.001796295 0.351502508 0.009621599 0.936137497 -0.669047867
106206100 0.483044184 0.858745207 0.500000000 0.500000000 0.000000000 0.000000000 0.934132874 0.020608881 -0.356330037 0.242959314 -0.023000536 0.999732375 -0.002475768 0.000355829 0.356183648 0.010508479 0.934356868 -0.679921252
106239467 0.483044184 0.858745207 0.500000000 0.500000000 0.000000000 0.000000000 0.932500184 0.021482587 -0.360530078 0.246571112 -0.023697115 0.999717712 -0.001722579 -0.001862367 0.360391289 0.010149828 0.932745993 -0.691424790
106272833 0.483044184 0.858745207 0.500000000 0.500000000 0.000000000 0.000000000 0.930642903 0.022477433 -0.365237594 0.252090565 -0.025046762 0.999683619 -0.002297873 0.000734621 0.365070403 0.011286519 0.930911481 -0.702475484
106306200 0.483044184 0.858745207 0.500000000 0.500000000 0.000000000 0.000000000 0.929096103 0.023200940 -0.369109929 0.254680854 -0.025696125 0.999668121 -0.001844792 -0.000495841 0.368944645 0.011198684 0.929383934 -0.713800264
106339567 0.483044184 0.858745207 0.500000000 0.500000000 0.000000000 0.000000000 0.927167892 0.024138356 -0.373867631 0.259936204 -0.026786510 0.999639392 -0.001888213 0.000550627 0.373687238 0.011765299 0.927480161 -0.725156230
106372933 0.483044184 0.858745207 0.500000000 0.500000000 0.000000000 0.000000000 0.925457537 0.024797970 -0.378038824 0.263409422 -0.027517213 0.999619722 -0.001792070 0.000681655 0.377850622 0.012061060 0.925787985 -0.736709241
106406300 0.483044184 0.858745207 0.500000000 0.500000000 0.000000000 0.000000000 0.923612595 0.025302541 -0.382491291 0.268067399 -0.028095393 0.999603748 -0.001717017 0.000855105 0.382296264 0.012332100 0.923957527 -0.748219904
106439667 0.483044184 0.858745207 0.500000000 0.500000000 0.000000000 0.000000000 0.921788692 0.026469817 -0.386788011 0.271274196 -0.029456131 0.999564469 -0.001794367 0.002383965 0.386572063 0.013047306 0.922166884 -0.760146804
106473033 0.483044184 0.858745207 0.500000000 0.500000000 0.000000000 0.000000000 0.919997573 0.027156761 -0.390982062 0.274489885 -0.030218199 0.999541938 -0.001678720 0.002533961 0.390757352 0.013359192 0.920396745 -0.772509158
106506400 0.483044184 0.858745207 0.500000000 0.500000000 0.000000000 0.000000000 0.918247402 0.028038830 -0.395013303 0.277128379 -0.031156918 0.999513388 -0.001479880 0.002993553 0.394779623 0.013666294 0.918674231 -0.784738705
106539767 0.483044184 0.858745207 0.500000000 0.500000000 0.000000000 0.000000000 0.916365921 0.028836794 -0.399301797 0.280404501 -0.032170668 0.999481022 -0.001648567 0.004847024 0.399047047 0.014356497 0.916818082 -0.797735575
106573133 0.483044184 0.858745207 0.500000000 0.500000000 0.000000000 0.000000000 0.914497018 0.029328959 -0.403528273 0.283511808 -0.032800321 0.999460518 -0.001691727 0.005829177 0.403260946 0.014782936 0.914965630 -0.810686394
106606500 0.483044184 0.858745207 0.500000000 0.500000000 0.000000000 0.000000000 0.912602246 0.030035535 -0.407743841 0.286442983 -0.033591900 0.999434412 -0.001563470 0.007303344 0.407466263 0.015123716 0.913094997 -0.823076686
106639867 0.483044184 0.858745207 0.500000000 0.500000000 0.000000000 0.000000000 0.910860240 0.030714018 -0.411570549 0.287944822 -0.034314387 0.999410152 -0.001359931 0.008649064 0.411286026 0.015361498 0.911376894 -0.835893637
106673233 0.483044184 0.858745207 0.500000000 0.500000000 0.000000000 0.000000000 0.908970594 0.031512693 -0.415667444 0.290130088 -0.035256702 0.999377429 -0.001333358 0.010685983 0.415366620 0.015867045 0.909515679 -0.848603141
106706600 0.483044184 0.858745207 0.500000000 0.500000000 0.000000000 0.000000000 0.907056093 0.032100655 -0.419784248 0.292425031 -0.035926685 0.999353707 -0.001209211 0.012653747 0.419474125 0.016178278 0.907623112 -0.861156822
106739967 0.483044184 0.858745207 0.500000000 0.500000000 0.000000000 0.000000000 0.905204058 0.032553975 -0.423728526 0.294485125 -0.036377329 0.999337673 -0.000935724 0.013971641 0.423417419 0.016261132 0.905788779 -0.873338504
106773333 0.483044184 0.858745207 0.500000000 0.500000000 0.000000000 0.000000000 0.903288484 0.033164725 -0.427749991 0.296319363 -0.036921985 0.999318004 -0.000488827 0.014695371 0.427442074 0.016234931 0.903896928 -0.885114403
106806700 0.483044184 0.858745207 0.500000000 0.500000000 0.000000000 0.000000000 0.901423812 0.033705723 -0.431623727 0.297749639 -0.037446391 0.999298632 -0.000169095 0.015704173 0.431315303 0.016315177 0.902053714 -0.897002140
106840067 0.483044184 0.858745207 0.500000000 0.500000000 0.000000000 0.000000000 0.899468958 0.034248464 -0.435640454 0.299964973 -0.037878364 0.999282300 0.000352288 0.016132644 0.435339868 0.016184475 0.900120676 -0.908481162
106873433 0.483044184 0.858745207 0.500000000 0.500000000 0.000000000 0.000000000 0.897604585 0.034661382 -0.439436704 0.300887665 -0.038287967 0.999266565 0.000611027 0.017245191 0.439135581 0.016276678 0.898273349 -0.920035046
106906800 0.483044184 0.858745207 0.500000000 0.500000000 0.000000000 0.000000000 0.895591855 0.035222281 -0.443480074 0.302642655 -0.038791306 0.999246836 0.001025013 0.017713778 0.443182170 0.016285179 0.896283627 -0.931000429
106940167 0.483044184 0.858745207 0.500000000 0.500000000 0.000000000 0.000000000 0.893456697 0.035727035 -0.447726160 0.304696887 -0.039292533 0.999226868 0.001325006 0.018397012 0.447427362 0.016408460 0.894169748 -0.942467403
106973533 0.483044184 0.858745207 0.500000000 0.500000000 0.000000000 0.000000000 0.891347170 0.036189187 -0.451874495 0.306177673 -0.039587364 0.999214232 0.001935639 0.018191907 0.451589495 0.016163195 0.892079413 -0.952858032
107006900 0.483044184 0.858745207 0.500000000 0.500000000 0.000000000 0.000000000 0.889140368 0.036999084 -0.456136405 0.307303888 -0.040597416 0.999173760 0.001911077 0.020420398 0.455830246 0.016818745 0.889907837 -0.964389849
107040267 0.483044184 0.858745207 0.500000000 0.500000000 0.000000000 0.000000000 0.886882484 0.037541758 -0.460467279 0.308897717 -0.041110102 0.999152005 0.002280493 0.020885224 0.460162431 0.016907329 0.887673736 -0.975632272
107073633 0.483044184 0.858745207 0.500000000 0.500000000 0.000000000 0.000000000 0.884611070 0.038300648 -0.464754075 0.310176349 -0.041880954 0.999119163 0.002621944 0.021847803 0.464445114 0.017144943 0.885435939 -0.987043536
107107000 0.483044184 0.858745207 0.500000000 0.500000000 0.000000000 0.000000000 0.882218659 0.038718093 -0.469245285 0.312818518 -0.042523608 0.999092340 0.002488742 0.023838841 0.468915731 0.017758388 0.883064389 -0.998839442
107140367 0.483044184 0.858745207 0.500000000 0.500000000 0.000000000 0.000000000 0.879910469 0.039322339 -0.473509580 0.314086110 -0.043149799 0.999064744 0.002782631 0.024906600 0.473176152 0.017983377 0.880784273 -1.010854530
107173733 0.483044184 0.858745207 0.500000000 0.500000000 0.000000000 0.000000000 0.877691805 0.039875489 -0.477563649 0.315158239 -0.043694239 0.999040127 0.003114012 0.025820564 0.477229416 0.018133637 0.878591657 -1.022625588
107207100 0.483044184 0.858745207 0.500000000 0.500000000 0.000000000 0.000000000 0.875265956 0.040154040 -0.481972188 0.317644587 -0.044067468 0.999023438 0.003203652 0.026857964 0.481630147 0.018435245 0.876180649 -1.035175338
107240467 0.483044184 0.858745207 0.500000000 0.500000000 0.000000000 0.000000000 0.872953594 0.040707886 -0.486101687 0.319118156 -0.044638779 0.998997092 0.003496131 0.027665163 0.485756487 0.018647026 0.873895288 -1.048831801
107273833 0.483044184 0.858745207 0.500000000 0.500000000 0.000000000 0.000000000 0.870528758 0.040814765 -0.490422130 0.322216305 -0.044781867 0.998990119 0.003649191 0.027746166 0.490075797 0.018785294 0.871477365 -1.062369413
107307200 0.483044184 0.858745207 0.500000000 0.500000000 0.000000000 0.000000000 0.867957890 0.041241169 -0.494922519 0.325749969 -0.045063775 0.998975217 0.004213689 0.026684540 0.494589120 0.018645771 0.868926883 -1.076350620
107340567 0.483044184 0.858745207 0.500000000 0.500000000 0.000000000 0.000000000 0.865769684 0.041848179 -0.498689890 0.327441732 -0.045827039 0.998940289 0.004267521 0.027586558 0.498339981 0.019158790 0.866769969 -1.090962315
107373933 0.483044184 0.858745207 0.500000000 0.500000000 0.000000000 0.000000000 0.863441169 0.042154260 -0.502685130 0.331463427 -0.046332903 0.998917282 0.004183301 0.028038444 0.502317190 0.019678826 0.864459455 -1.105773849
107407300 0.483044184 0.858745207 0.500000000 0.500000000 0.000000000 0.000000000 0.861296058 0.043023258 -0.506278694 0.334444291 -0.047236633 0.998873472 0.004523333 0.027651828 0.505902946 0.020018971 0.862358093 -1.121218503
107440667 0.483044184 0.858745207 0.500000000 0.500000000 0.000000000 0.000000000 0.859202683 0.044045135 -0.509736001 0.337180338 -0.048369545 0.998818099 0.004774699 0.027988666 0.509343863 0.020553265 0.860317647 -1.137347560
107474033 0.483044184 0.858745207 0.500000000 0.500000000 0.000000000 0.000000000 0.857251883 0.044785652 -0.512945890 0.339599618 -0.049115855 0.998779953 0.005120140 0.028107687 0.512549341 0.020804524 0.858405709 -1.152712684
107507400 0.483044184 0.858745207 0.500000000 0.500000000 0.000000000 0.000000000 0.855276823 0.045427136 -0.516176283 0.342006646 -0.049757626 0.998746455 0.005450942 0.028207329 0.515776813 0.021021640 0.856465042 -1.168876230
107540767 0.483044184 0.858745207 0.500000000 0.500000000 0.000000000 0.000000000 0.853196859 0.045942549 -0.519561708 0.345039581 -0.050212990 0.998721361 0.005855393 0.028321041 0.519166410 0.021092946 0.854412854 -1.184337021
107574133 0.483044184 0.858745207 0.500000000 0.500000000 0.000000000 0.000000000 0.851212561 0.046823554 -0.522728145 0.347167582 -0.051072538 0.998675168 0.006289942 0.029415696 0.522330105 0.021342976 0.852476239 -1.199719057
107607500 0.483044184 0.858745207 0.500000000 0.500000000 0.000000000 0.000000000 0.849293053 0.047226582 -0.525805056 0.349410130 -0.051296618 0.998660028 0.006841771 0.029004786 0.525423586 0.021161353 0.850577593 -1.215240681
107640867 0.483044184 0.858745207 0.500000000 0.500000000 0.000000000 0.000000000 0.847093344 0.047505170 -0.529316664 0.353369846 -0.051583961 0.998643637 0.007073847 0.029096417 0.528934717 0.021312041 0.848394871 -1.231101813
107674233 0.483044184 0.858745207 0.500000000 0.500000000 0.000000000 0.000000000 0.845055401 0.047946956 -0.532524586 0.356297078 -0.052076366 0.998616636 0.007273302 0.030183096 0.532136619 0.021585602 0.846383274 -1.246086963
107707600 0.483044184 0.858745207 0.500000000 0.500000000 0.000000000 0.000000000 0.842957914 0.048318911 -0.535805285 0.359438998 -0.052143201 0.998607397 0.008019886 0.029946472 0.535446644 0.021178177 0.844303489 -1.260812467
107740967 0.483044184 0.858745207 0.500000000 0.500000000 0.000000000 0.000000000 0.840959430 0.048921704 -0.538882077 0.361530104 -0.052493364 0.998583078 0.008735850 0.029867253 0.538545847 0.020941237 0.842335939 -1.275850662
107774333 0.483044184 0.858745207 0.500000000 0.500000000 0.000000000 0.000000000 0.838812590 0.048883814 -0.542221129 0.365524109 -0.052250154 0.998591661 0.009197135 0.029253691 0.541907132 0.020616466 0.840185463 -1.290838494
107807700 0.483044184 0.858745207 0.500000000 0.500000000 0.000000000 0.000000000 0.836582959 0.049101241 -0.545635462 0.369824416 -0.052285969 0.998585105 0.009695513 0.029600536 0.545339465 0.020417977 0.837966561 -1.306670607
107841067 0.483044184 0.858745207 0.500000000 0.500000000 0.000000000 0.000000000 0.834616661 0.049329706 -0.548617899 0.372621827 -0.052342758 0.998577476 0.010158977 0.030196557 0.548338652 0.020237323 0.836011469 -1.323755395
107874433 0.483044184 0.858745207 0.500000000 0.500000000 0.000000000 0.000000000 0.832501650 0.049231801 -0.551830769 0.376865207 -0.052081879 0.998587430 0.010517731 0.030549549 0.551569104 0.019984355 0.833889782 -1.340776365
107907800 0.483044184 0.858745207 0.500000000 0.500000000 0.000000000 0.000000000 0.830435097 0.049125407 -0.554945230 0.381070283 -0.051948968 0.998592854 0.010660569 0.031650869 0.554688036 0.019975923 0.831818581 -1.358181282
107941167 0.483044184 0.858745207 0.500000000 0.500000000 0.000000000 0.000000000 0.828495383 0.049019188 -0.557846308 0.384917175 -0.051940583 0.998593807 0.010608167 0.033016013 0.557581842 0.020186042 0.829876482 -1.376578992
107974533 0.483044184 0.858745207 0.500000000 0.500000000 0.000000000 0.000000000 0.826719582 0.048960231 -0.560479820 0.388595935 -0.051943414 0.998593628 0.010613656 0.033621654 0.560211241 0.020338718 0.828100085 -1.394818300
108007900 0.483044184 0.858745207 0.500000000 0.500000000 0.000000000 0.000000000 0.825017095 0.048956562 -0.562983155 0.392292608 -0.052207068 0.998582840 0.010329722 0.034520362 0.562691033 0.020869503 0.826403797 -1.414064392
108041267 0.483044184 0.858745207 0.500000000 0.500000000 0.000000000 0.000000000 0.823499799 0.049095828 -0.565188169 0.395191942 -0.052662067 0.998562217 0.010010893 0.035992457 0.564867020 0.021520007 0.824901283 -1.433651338
108074633 0.483044184 0.858745207 0.500000000 0.500000000 0.000000000 0.000000000 0.822092175 0.049099699 -0.567233324 0.397885278 -0.053068858 0.998545468 0.009521283 0.037588061 0.566875756 0.022275051 0.823502064 -1.453123840
108108000 0.483044184 0.858745207 0.500000000 0.500000000 0.000000000 0.000000000 0.820685565 0.049410500 -0.569239676 0.400157503 -0.053699452 0.998514295 0.009252211 0.039305911 0.568851113 0.022974705 0.822119534 -1.473109836
108141367 0.483044184 0.858745207 0.500000000 0.500000000 0.000000000 0.000000000 0.819166839 0.049233865 -0.571438313 0.403715848 -0.053720236 0.998515248 0.009020974 0.040222734 0.571034014 0.023308117 0.820595443 -1.492699886
108174733 0.483044184 0.858745207 0.500000000 0.500000000 0.000000000 0.000000000 0.817883730 0.049191874 -0.573276877 0.406368880 -0.053882059 0.998508453 0.008807682 0.042349189 0.572855055 0.023685679 0.819314361 -1.512104640
108208100 0.483044184 0.858745207 0.500000000 0.500000000 0.000000000 0.000000000 0.816497028 0.049020063 -0.575264871 0.409039686 -0.054059368 0.998502731 0.008356772 0.044515172 0.574813187 0.024275176 0.817924500 -1.531636551
108241467 0.483044184 0.858745207 0.500000000 0.500000000 0.000000000 0.000000000 0.815133929 0.048933409 -0.577202082 0.411325529 -0.054094538 0.998501658 0.008256727 0.045915846 0.576741278 0.024493139 0.816559613 -1.550602444
108274833 0.483044184 0.858745207 0.500000000 0.500000000 0.000000000 0.000000000 0.813704073 0.048745118 -0.579231858 0.414091092 -0.053963684 0.998509049 0.008221182 0.047096168 0.578769028 0.024567876 0.815121353 -1.568492246
108308200 0.483044184 0.858745207 0.500000000 0.500000000 0.000000000 0.000000000 0.812252343 0.048419829 -0.581293046 0.416878922 -0.053716801 0.998523235 0.008114194 0.048035507 0.580827534 0.024634430 0.813653827 -1.585722129
108341567 0.483044184 0.858745207 0.500000000 0.500000000 0.000000000 0.000000000 0.810860336 0.048078164 -0.583261549 0.419387379 -0.053476311 0.998537362 0.007965595 0.049243253 0.582791448 0.024731692 0.812245369 -1.602879893
108374933 0.483044184 0.858745207 0.500000000 0.500000000 0.000000000 0.000000000 0.809624434 0.047890149 -0.584991336 0.421260555 -0.053233057 0.998549521 0.008071744 0.049714591 0.584529340 0.024605796 0.810999393 -1.619270701
108408300 0.483044184 0.858745207 0.500000000 0.500000000 0.000000000 0.000000000 0.808423519 0.047739659 -0.586662054 0.423420889 -0.053055603 0.998558342 0.008146831 0.050144523 0.586205184 0.024539620 0.809790850 -1.635591604
108441667 0.483044184 0.858745207 0.500000000 0.500000000 0.000000000 0.000000000 0.807245135 0.047877558 -0.588271260 0.425914843 -0.053317301 0.998544753 0.008104681 0.051490523 0.587803185 0.024822572 0.808623075 -1.652381917
108475033 0.483044184 0.858745207 0.500000000 0.500000000 0.000000000 0.000000000 0.806589365 0.048210472 -0.589142919 0.425966664 -0.053321123 0.998539448 0.008710629 0.050131043 0.588702321 0.024387859 0.807981908 -1.668808360
108508400 0.483044184 0.858745207 0.500000000 0.500000000 0.000000000 0.000000000 0.805696428 0.048323590 -0.590354204 0.428391865 -0.053620037 0.998524785 0.008555591 0.051424670 0.589896679 0.024761602 0.807098985 -1.685586438
108541767 0.483044184 0.858745207 0.500000000 0.500000000 0.000000000 0.000000000 0.804923117 0.048491489 -0.591394424 0.430080835 -0.053745177 0.998516560 0.008723146 0.051405920 0.590940118 0.024763135 0.806335270 -1.702853090
108575133 0.483044184 0.858745207 0.500000000 0.500000000 0.000000000 0.000000000 0.804117978 0.048499633 -0.592487991 0.432251408 -0.053792898 0.998513937 0.008728828 0.051541355 0.592030883 0.024852637 0.805531979 -1.720184164
