https://www.youtube.com/watch?v=fpMtpGdivdg
180880700 0.486619939 0.865102092 0.500000000 0.500000000 0.000000000 0.000000000 0.999987662 -0.002472680 -0.004308010 -0.008396317 0.002502739 0.999972463 0.006986055 -0.012714298 0.004290618 -0.006996751 0.999966323 -0.361782708
180914067 0.486619939 0.865102092 0.500000000 0.500000000 0.000000000 0.000000000 0.999986827 -0.002419256 -0.004521533 -0.009087320 0.002453540 0.999968171 0.007592245 -0.015234722 0.004503021 -0.007603239 0.999960959 -0.375468479
180947433 0.486619939 0.865102092 0.500000000 0.500000000 0.000000000 0.000000000 0.999985874 -0.002226465 -0.004831506 -0.008991630 0.002264366 0.999966621 0.007853438 -0.016271611 0.004813859 -0.007864268 0.999957502 -0.389004585
180980800 0.486619939 0.865102092 0.500000000 0.500000000 0.000000000 0.000000000 0.999985576 -0.002229941 -0.004882389 -0.009627142 0.002270086 0.999963522 0.008232305 -0.017811775 0.004863853 -0.008243270 0.999954224 -0.402435450
181014167 0.486619939 0.865102092 0.500000000 0.500000000 0.000000000 0.000000000 0.999987483 -0.002147874 -0.004521613 -0.011080160 0.002184527 0.999964654 0.008116798 -0.018540615 0.004504020 -0.008126574 0.999956846 -0.416616023
181047533 0.486619939 0.865102092 0.500000000 0.500000000 0.000000000 0.000000000 0.999987304 -0.002208704 -0.004528476 -0.011442595 0.002247000 0.999961615 0.008469126 -0.020173385 0.004509597 -0.008479194 0.999953866 -0.430750437
181080900 0.486619939 0.865102092 0.500000000 0.500000000 0.000000000 0.000000000 0.999987245 -0.002254469 -0.004523234 -0.012035838 0.002294822 0.999957442 0.008936032 -0.021688791 0.004502896 -0.008946298 0.999949813 -0.444812735
181114267 0.486619939 0.865102092 0.500000000 0.500000000 0.000000000 0.000000000 0.999986529 -0.002359074 -0.004624628 -0.012561149 0.002400185 0.999957502 0.008904274 -0.021792161 0.004603425 -0.008915254 0.999949634 -0.459144660
181147633 0.486619939 0.865102092 0.500000000 0.500000000 0.000000000 0.000000000 0.999985039 -0.002303041 -0.004960100 -0.012878070 0.002348447 0.999955237 0.009168068 -0.022763315 0.004938763 -0.009179580 0.999945700 -0.473081874
181181000 0.486619939 0.865102092 0.500000000 0.500000000 0.000000000 0.000000000 0.999984860 -0.002239608 -0.005020855 -0.013308389 0.002286165 0.999954283 0.009286233 -0.022917418 0.004999827 -0.009297571 0.999944270 -0.487455680
181214367 0.486619939 0.865102092 0.500000000 0.500000000 0.000000000 0.000000000 0.999985576 -0.002282786 -0.004860108 -0.013984611 0.002329173 0.999951601 0.009560236 -0.023638570 0.004838049 -0.009571418 0.999942482 -0.501491524
181247733 0.486619939 0.865102092 0.500000000 0.500000000 0.000000000 0.000000000 0.999983728 -0.002304354 -0.005215075 -0.013528007 0.002356586 0.999946892 0.010031731 -0.024475098 0.005191681 -0.010043858 0.999936104 -0.515624075
181281100 0.486619939 0.865102092 0.500000000 0.500000000 0.000000000 0.000000000 0.999982893 -0.002270765 -0.005392309 -0.012715179 0.002327020 0.999942720 0.010449099 -0.024812931 0.005368272 -0.010461468 0.999930859 -0.528941027
181314467 0.486619939 0.865102092 0.500000000 0.500000000 0.000000000 0.000000000 0.999984145 -0.002321771 -0.005135919 -0.013967490 0.002375017 0.999943256 0.010385792 -0.024372354 0.005111514 -0.010397824 0.999932885 -0.543543098
181347833 0.486619939 0.865102092 0.500000000 0.500000000 0.000000000 0.000000000 0.999983311 -0.002243019 -0.005325625 -0.013730797 0.002300866 0.999938130 0.010880925 -0.025483365 0.005300889 -0.010892997 0.999926627 -0.557328941
181381200 0.486619939 0.865102092 0.500000000 0.500000000 0.000000000 0.000000000 0.999985099 -0.002304662 -0.004943222 -0.014987884 0.002360162 0.999933898 0.011251226 -0.025747659 0.004916965 -0.011262725 0.999924481 -0.571424168
181414567 0.486619939 0.865102092 0.500000000 0.500000000 0.000000000 0.000000000 0.999985635 -0.002324522 -0.004831099 -0.015996059 0.002379355 0.999932468 0.011375562 -0.025272021 0.004804330 -0.011386894 0.999923646 -0.584976680
181447933 0.486619939 0.865102092 0.500000000 0.500000000 0.000000000 0.000000000 0.999985218 -0.002280486 -0.004940624 -0.016440009 0.002338698 0.999927521 0.011808832 -0.025929689 0.004913337 -0.011820211 0.999918044 -0.598397127
181481300 0.486619939 0.865102092 0.500000000 0.500000000 0.000000000 0.000000000 0.999983668 -0.002222668 -0.005270251 -0.016137958 0.002286022 0.999924839 0.012045581 -0.025822369 0.005243082 -0.012057432 0.999913573 -0.611446756
181514667 0.486619939 0.865102092 0.500000000 0.500000000 0.000000000 0.000000000 0.999984503 -0.002261359 -0.005088415 -0.017555967 0.002326205 0.999915719 0.012774357 -0.026752657 0.005059099 -0.012785995 0.999905467 -0.625102209
181548033 0.486619939 0.865102092 0.500000000 0.500000000 0.000000000 0.000000000 0.999983072 -0.002194740 -0.005383211 -0.017733133 0.002263428 0.999915659 0.012787064 -0.025857401 0.005354693 -0.012799032 0.999903738 -0.638454090
181581400 0.486619939 0.865102092 0.500000000 0.500000000 0.000000000 0.000000000 0.999983490 -0.002202668 -0.005309560 -0.018476251 0.002272647 0.999910176 0.013209925 -0.026736787 0.005279986 -0.013221773 0.999898672 -0.651825722
181614767 0.486619939 0.865102092 0.500000000 0.500000000 0.000000000 0.000000000 0.999983430 -0.002247581 -0.005303563 -0.018434613 0.002318957 0.999906301 0.013490515 -0.026819986 0.005272745 -0.013502590 0.999894917 -0.665313102
181648133 0.486619939 0.865102092 0.500000000 0.500000000 0.000000000 0.000000000 0.999982893 -0.002405743 -0.005332642 -0.019370136 0.002478806 0.999902546 0.013736935 -0.027129211 0.005299075 -0.013749919 0.999891400 -0.678799618
181681500 0.486619939 0.865102092 0.500000000 0.500000000 0.000000000 0.000000000 0.999982059 -0.002326519 -0.005516721 -0.019813117 0.002404017 0.999897957 0.014082997 -0.027426452 0.005483394 -0.014096008 0.999885619 -0.692186543
181714867 0.486619939 0.865102092 0.500000000 0.500000000 0.000000000 0.000000000 0.999980986 -0.002383585 -0.005689501 -0.019699138 0.002466685 0.999889731 0.014643859 -0.028597598 0.005653969 -0.014657615 0.999876559 -0.705467868
181748233 0.486619939 0.865102092 0.500000000 0.500000000 0.000000000 0.000000000 0.999980211 -0.002363780 -0.005835085 -0.020072903 0.002449580 0.999888361 0.014741086 -0.028549225 0.005799589 -0.014755088 0.999874294 -0.719094957
181781600 0.486619939 0.865102092 0.500000000 0.500000000 0.000000000 0.000000000 0.999977529 -0.002552885 -0.006200725 -0.019244287 0.002646896 0.999880970 0.015200754 -0.029786563 0.006161181 -0.015216825 0.999865234 -0.732885162
181814967 0.486619939 0.865102092 0.500000000 0.500000000 0.000000000 0.000000000 0.999977410 -0.002620736 -0.006185613 -0.019548790 0.002715383 0.999878585 0.015342596 -0.029902178 0.006144653 -0.015359046 0.999863148 -0.746863971
181848333 0.486619939 0.865102092 0.500000000 0.500000000 0.000000000 0.000000000 0.999976814 -0.002588253 -0.006296347 -0.019389780 0.002683644 0.999881029 0.015189241 -0.029181180 0.006256284 -0.015205786 0.999864817 -0.761540901
181881700 0.486619939 0.865102092 0.500000000 0.500000000 0.000000000 0.000000000 0.999976993 -0.002633469 -0.006246654 -0.018694755 0.002730558 0.999874830 0.015585231 -0.030684962 0.006204829 -0.015601929 0.999859035 -0.775994670
181915067 0.486619939 0.865102092 0.500000000 0.500000000 0.000000000 0.000000000 0.999977887 -0.002586345 -0.006122002 -0.018206613 0.002682990 0.999871075 0.015831195 -0.031476047 0.006080268 -0.015847271 0.999855936 -0.790634083
181948433 0.486619939 0.865102092 0.500000000 0.500000000 0.000000000 0.000000000 0.999979019 -0.002519109 -0.005963667 -0.018470960 0.002612823 0.999872386 0.015758863 -0.031177359 0.005923208 -0.015774114 0.999858022 -0.805781370
181981800 0.486619939 0.865102092 0.500000000 0.500000000 0.000000000 0.000000000 0.999978364 -0.002624044 -0.006037055 -0.017185631 0.002720475 0.999867976 0.016020805 -0.032654030 0.005994219 -0.016036881 0.999853432 -0.820587429
182015167 0.486619939 0.865102092 0.500000000 0.500000000 0.000000000 0.000000000 0.999978423 -0.002816058 -0.005936223 -0.017053104 0.002909078 0.999872208 0.015719848 -0.032742321 0.005891196 -0.015736777 0.999858797 -0.836053562
182048533 0.486619939 0.865102092 0.500000000 0.500000000 0.000000000 0.000000000 0.999978364 -0.002811040 -0.005948823 -0.017109744 0.002905591 0.999868631 0.015945597 -0.033000663 0.005903218 -0.015962537 0.999855161 -0.851546488
182081900 0.486619939 0.865102092 0.500000000 0.500000000 0.000000000 0.000000000 0.999977291 -0.002733548 -0.006155368 -0.016713365 0.002834212 0.999861419 0.016404964 -0.032985597 0.006109671 -0.016422037 0.999846458 -0.867110512
182115267 0.486619939 0.865102092 0.500000000 0.500000000 0.000000000 0.000000000 0.999973774 -0.002721482 -0.006707345 -0.015581601 0.002834153 0.999854088 0.016846254 -0.033207277 0.006660520 -0.016864823 0.999835610 -0.882386150
182148633 0.486619939 0.865102092 0.500000000 0.500000000 0.000000000 0.000000000 0.999974608 -0.002658437 -0.006609553 -0.015677912 0.002771426 0.999849200 0.017144963 -0.033810352 0.006562977 -0.017162846 0.999831140 -0.897909408
182182000 0.486619939 0.865102092 0.500000000 0.500000000 0.000000000 0.000000000 0.999975085 -0.002657632 -0.006541306 -0.015372918 0.002768920 0.999850571 0.017063290 -0.033524741 0.006494981 -0.017080976 0.999832988 -0.913504700
182215367 0.486619939 0.865102092 0.500000000 0.500000000 0.000000000 0.000000000 0.999975145 -0.002765862 -0.006484798 -0.015167037 0.002879309 0.999841809 0.017550820 -0.034181510 0.006435229 -0.017569056 0.999824941 -0.928563797
182248733 0.486619939 0.865102092 0.500000000 0.500000000 0.000000000 0.000000000 0.999976456 -0.002730509 -0.006296538 -0.015023723 0.002844655 0.999830484 0.018191198 -0.034922782 0.006245799 -0.018208681 0.999814689 -0.943414299
182282100 0.486619939 0.865102092 0.500000000 0.500000000 0.000000000 0.000000000 0.999975324 -0.002974472 -0.006365906 -0.014427214 0.003091172 0.999825895 0.018401334 -0.035589416 0.006310063 -0.018420557 0.999810398 -0.958325413
182315467 0.486619939 0.865102092 0.500000000 0.500000000 0.000000000 0.000000000 0.999974906 -0.003145141 -0.006346684 -0.015058619 0.003262934 0.999821007 0.018635474 -0.035828051 0.006286937 -0.018655716 0.999806225 -0.973305867
182348833 0.486619939 0.865102092 0.500000000 0.500000000 0.000000000 0.000000000 0.999973595 -0.003016028 -0.006612766 -0.014176479 0.003141402 0.999813974 0.019031588 -0.036415574 0.006554136 -0.019051859 0.999796987 -0.987616796
182382200 0.486619939 0.865102092 0.500000000 0.500000000 0.000000000 0.000000000 0.999974549 -0.003003934 -0.006472480 -0.014713621 0.003127522 0.999811351 0.019169632 -0.036585763 0.006413675 -0.019189386 0.999795318 -1.001886996
182415567 0.486619939 0.865102092 0.500000000 0.500000000 0.000000000 0.000000000 0.999975085 -0.003019644 -0.006383224 -0.015298801 0.003142713 0.999807656 0.019358706 -0.037030831 0.006323540 -0.019378284 0.999792218 -1.016094993
182448933 0.486619939 0.865102092 0.500000000 0.500000000 0.000000000 0.000000000 0.999971449 -0.003064982 -0.006903524 -0.014545240 0.003203356 0.999792397 0.020122945 -0.039005052 0.006840414 -0.020144485 0.999773681 -1.029755136
182482300 0.486619939 0.865102092 0.500000000 0.500000000 0.000000000 0.000000000 0.999971211 -0.002883953 -0.007019546 -0.013734859 0.003026742 0.999786973 0.020416826 -0.040027327 0.006959170 -0.020437485 0.999766886 -1.042913353
182515667 0.486619939 0.865102092 0.500000000 0.500000000 0.000000000 0.000000000 0.999972999 -0.002940896 -0.006732073 -0.014008312 0.003079350 0.999782026 0.020649156 -0.041131458 0.006669878 -0.020669328 0.999764144 -1.056117343
182549033 0.486619939 0.865102092 0.500000000 0.500000000 0.000000000 0.000000000 0.999974012 -0.002927826 -0.006585901 -0.014127294 0.003065150 0.999776065 0.020938735 -0.042480671 0.006523121 -0.020958379 0.999759078 -1.069322009
182582400 0.486619939 0.865102092 0.500000000 0.500000000 0.000000000 0.000000000 0.999971628 -0.002950170 -0.006928277 -0.013374545 0.003093828 0.999778509 0.020816606 -0.042953276 0.006865331 -0.020837450 0.999759316 -1.082815065
182615767 0.486619939 0.865102092 0.500000000 0.500000000 0.000000000 0.000000000 0.999972165 -0.002885963 -0.006879903 -0.013894769 0.003031722 0.999769151 0.021270717 -0.045494755 0.006816929 -0.021290984 0.999750078 -1.096040845
182649133 0.486619939 0.865102092 0.500000000 0.500000000 0.000000000 0.000000000 0.999973357 -0.002817801 -0.006733899 -0.014273611 0.002963061 0.999760985 0.021659732 -0.047541320 0.006671256 -0.021679107 0.999742746 -1.109847518
182682500 0.486619939 0.865102092 0.500000000 0.500000000 0.000000000 0.000000000 0.999971867 -0.002737484 -0.006985644 -0.013643037 0.002890074 0.999755383 0.021927591 -0.049276282 0.006923909 -0.021947162 0.999735177 -1.123597857
182715867 0.486619939 0.865102092 0.500000000 0.500000000 0.000000000 0.000000000 0.999971211 -0.002730165 -0.007080114 -0.013557528 0.002886215 0.999751031 0.022124959 -0.051060105 0.007017947 -0.022144757 0.999730170 -1.137571095
182749233 0.486619939 0.865102092 0.500000000 0.500000000 0.000000000 0.000000000 0.999971747 -0.002694412 -0.007021626 -0.013553615 0.002849685 0.999749541 0.022198157 -0.052621896 0.006960057 -0.022217540 0.999728918 -1.151798300
182782600 0.486619939 0.865102092 0.500000000 0.500000000 0.000000000 0.000000000 0.999972284 -0.002616573 -0.006966562 -0.013691908 0.002772985 0.999742150 0.022537680 -0.054828385 0.006905794 -0.022556376 0.999721706 -1.166105185
182815967 0.486619939 0.865102092 0.500000000 0.500000000 0.000000000 0.000000000 0.999971807 -0.002319747 -0.007144507 -0.013088259 0.002481617 0.999738514 0.022731723 -0.055977859 0.007089906 -0.022748813 0.999716043 -1.181076036
182849333 0.486619939 0.865102092 0.500000000 0.500000000 0.000000000 0.000000000 0.999972045 -0.002501266 -0.007046317 -0.013263069 0.002664508 0.999726057 0.023253595 -0.058236726 0.006986223 -0.023271721 0.999704778 -1.196014305
182882700 0.486619939 0.865102092 0.500000000 0.500000000 0.000000000 0.000000000 0.999973595 -0.002221445 -0.006921207 -0.013118884 0.002382688 0.999723911 0.023376441 -0.059229349 0.006867366 -0.023392314 0.999702752 -1.211096696
182916067 0.486619939 0.865102092 0.500000000 0.500000000 0.000000000 0.000000000 0.999972403 -0.002474928 -0.007005826 -0.013172650 0.002638886 0.999720573 0.023491474 -0.061223993 0.006945728 -0.023509312 0.999699473 -1.226579687
182949433 0.486619939 0.865102092 0.500000000 0.500000000 0.000000000 0.000000000 0.999970913 -0.002292162 -0.007275740 -0.012451195 0.002462605 0.999720693 0.023504283 -0.061913665 0.007219832 -0.023521516 0.999697268 -1.242205533
182982800 0.486619939 0.865102092 0.500000000 0.500000000 0.000000000 0.000000000 0.999973416 -0.001978603 -0.007019387 -0.013783301 0.002144321 0.999717295 0.023680218 -0.062738624 0.006970548 -0.023694640 0.999694943 -1.257538799
183016167 0.486619939 0.865102092 0.500000000 0.500000000 0.000000000 0.000000000 0.999971807 -0.002624530 -0.007038924 -0.014706034 0.002796501 0.999695063 0.024533898 -0.066587142 0.006972388 -0.024552889 0.999674201 -1.272718471
183049533 0.486619939 0.865102092 0.500000000 0.500000000 0.000000000 0.000000000 0.999970138 -0.002309988 -0.007377204 -0.013187958 0.002489391 0.999699116 0.024402700 -0.066443075 0.007318615 -0.024420336 0.999674976 -1.287864206
183082900 0.486619939 0.865102092 0.500000000 0.500000000 0.000000000 0.000000000 0.999972165 -0.002293796 -0.007098695 -0.014550608 0.002463698 0.999708474 0.024018727 -0.066449712 0.007041531 -0.024035549 0.999686301 -1.303576730
183116267 0.486619939 0.865102092 0.500000000 0.500000000 0.000000000 0.000000000 0.999972641 -0.002524072 -0.006952119 -0.015395406 0.002691530 0.999703884 0.024184257 -0.067624394 0.006889017 -0.024202308 0.999683321 -1.319475576
183149633 0.486619939 0.865102092 0.500000000 0.500000000 0.000000000 0.000000000 0.999970317 -0.001890276 -0.007466684 -0.013761620 0.002073056 0.999696493 0.024547895 -0.067861032 0.007418015 -0.024562646 0.999670744 -1.334816456
183183000 0.486619939 0.865102092 0.500000000 0.500000000 0.000000000 0.000000000 0.999966979 -0.001887450 -0.007905860 -0.013077088 0.002082350 0.999692321 0.024717368 -0.067916936 0.007856774 -0.024733014 0.999663234 -1.350530229
183216367 0.486619939 0.865102092 0.500000000 0.500000000 0.000000000 0.000000000 0.999965608 -0.001593062 -0.008138759 -0.013468514 0.001797123 0.999682665 0.025127305 -0.068725536 0.008096146 -0.025141068 0.999651134 -1.366257885
183249733 0.486619939 0.865102092 0.500000000 0.500000000 0.000000000 0.000000000 0.999967873 -0.001164627 -0.007929073 -0.014189616 0.001363272 0.999684155 0.025093628 -0.068132930 0.007897344 -0.025103632 0.999653637 -1.381181870
183283100 0.486619939 0.865102092 0.500000000 0.500000000 0.000000000 0.000000000 0.999965549 -0.001009287 -0.008237995 -0.013129157 0.001220692 0.999669015 0.025697574 -0.070101350 0.008209332 -0.025706746 0.999635816 -1.394764507
183316467 0.486619939 0.865102092 0.500000000 0.500000000 0.000000000 0.000000000 0.999965370 -0.000730328 -0.008293697 -0.012815258 0.000945242 0.999663115 0.025938595 -0.070703516 0.008271959 -0.025945535 0.999629140 -1.409762291
183349833 0.486619939 0.865102092 0.500000000 0.500000000 0.000000000 0.000000000 0.999966145 -0.001432969 -0.008101747 -0.013297889 0.001639475 0.999672472 0.025540160 -0.068986497 0.008062495 -0.025552578 0.999640942 -1.424786390
183383200 0.486619939 0.865102092 0.500000000 0.500000000 0.000000000 0.000000000 0.999966919 -0.001369011 -0.008014305 -0.013300649 0.001574671 0.999668181 0.025711749 -0.069126742 0.007976446 -0.025723519 0.999637246 -1.440629807
183416567 0.486619939 0.865102092 0.500000000 0.500000000 0.000000000 0.000000000 0.999968171 -0.001067048 -0.007907104 -0.013665279 0.001272751 0.999659657 0.026055835 -0.069724573 0.007876610 -0.026065070 0.999629200 -1.455141348
183449933 0.486619939 0.865102092 0.500000000 0.500000000 0.000000000 0.000000000 0.999966502 -0.001267666 -0.008083412 -0.012557456 0.001480865 0.999649763 0.026423652 -0.070681015 0.008047084 -0.026434738 0.999618173 -1.470914051
183483300 0.486619939 0.865102092 0.500000000 0.500000000 0.000000000 0.000000000 0.999969780 -0.001087336 -0.007699845 -0.013811717 0.001288488 0.999656737 0.026167547 -0.069932553 0.007668749 -0.026176678 0.999627888 -1.485203817
183516667 0.486619939 0.865102092 0.500000000 0.500000000 0.000000000 0.000000000 0.999967873 -0.001244127 -0.007917967 -0.013355779 0.001455976 0.999639571 0.026806237 -0.072656583 0.007881762 -0.026816905 0.999609292 -1.498833717
183550033 0.486619939 0.865102092 0.500000000 0.500000000 0.000000000 0.000000000 0.999964118 -0.001448357 -0.008344668 -0.011989021 0.001673866 0.999631822 0.027080951 -0.073164837 0.008302373 -0.027093949 0.999598384 -1.514200670
183583400 0.486619939 0.865102092 0.500000000 0.500000000 0.000000000 0.000000000 0.999965370 -0.002004260 -0.008077734 -0.013304176 0.002226612 0.999616206 0.027612118 -0.075689996 0.008019293 -0.027629148 0.999586046 -1.527016933
183616767 0.486619939 0.865102092 0.500000000 0.500000000 0.000000000 0.000000000 0.999964058 -0.002466312 -0.008110871 -0.013673682 0.002691224 0.999608874 0.027836727 -0.075663968 0.008039044 -0.027857555 0.999579549 -1.542238318
183650133 0.486619939 0.865102092 0.500000000 0.500000000 0.000000000 0.000000000 0.999964178 -0.001626120 -0.008303290 -0.012289684 0.001856548 0.999611259 0.027819440 -0.075923788 0.008254824 -0.027833859 0.999578476 -1.558716597
183683500 0.486619939 0.865102092 0.500000000 0.500000000 0.000000000 0.000000000 0.999963880 -0.001911323 -0.008278968 -0.011842928 0.002140384 0.999612629 0.027747981 -0.075870169 0.008222725 -0.027764700 0.999580681 -1.574267542
183716867 0.486619939 0.865102092 0.500000000 0.500000000 0.000000000 0.000000000 0.999961615 -0.002172846 -0.008486566 -0.010516730 0.002408932 0.999607563 0.027908446 -0.076574894 0.008422595 -0.027927818 0.999574482 -1.591435527
183750233 0.486619939 0.865102092 0.500000000 0.500000000 0.000000000 0.000000000 0.999961436 -0.002217835 -0.008501019 -0.009731492 0.002453571 0.999609888 0.027821004 -0.075833864 0.008436001 -0.027840788 0.999576747 -1.607117688
183783600 0.486619939 0.865102092 0.500000000 0.500000000 0.000000000 0.000000000 0.999964714 -0.001683181 -0.008227302 -0.010540442 0.001913423 0.999604464 0.028057905 -0.077222719 0.008176821 -0.028072657 0.999572456 -1.621353528
183816967 0.486619939 0.865102092 0.500000000 0.500000000 0.000000000 0.000000000 0.999964893 -0.001684024 -0.008208408 -0.010248899 0.001913830 0.999604166 0.028069474 -0.077049995 0.008157889 -0.028084198 0.999572277 -1.638376935
183850333 0.486619939 0.865102092 0.500000000 0.500000000 0.000000000 0.000000000 0.999966264 -0.001732370 -0.008025992 -0.009924494 0.001957415 0.999602735 0.028117051 -0.077118616 0.007974095 -0.028131813 0.999572396 -1.657282100
183883700 0.486619939 0.865102092 0.500000000 0.500000000 0.000000000 0.000000000 0.999963641 -0.001908545 -0.008313293 -0.008743440 0.002142485 0.999599338 0.028223194 -0.077341695 0.008256096 -0.028239978 0.999567091 -1.672889633
183917067 0.486619939 0.865102092 0.500000000 0.500000000 0.000000000 0.000000000 0.999962926 -0.001543546 -0.008474788 -0.008137670 0.001785171 0.999589980 0.028577920 -0.077075824 0.008427202 -0.028591989 0.999555647 -1.689499735
183950433 0.486619939 0.865102092 0.500000000 0.500000000 0.000000000 0.000000000 0.999961197 -0.001471207 -0.008685052 -0.007590791 0.001720663 0.999584138 0.028785199 -0.077165700 0.008639092 -0.028799025 0.999547899 -1.704705164
183983800 0.486619939 0.865102092 0.500000000 0.500000000 0.000000000 0.000000000 0.999961019 -0.001548610 -0.008691163 -0.008218016 0.001798714 0.999582350 0.028843125 -0.077341115 0.008642866 -0.028857633 0.999546170 -1.720359649
184017167 0.486619939 0.865102092 0.500000000 0.500000000 0.000000000 0.000000000 0.999959528 -0.001851152 -0.008805050 -0.007639995 0.002102944 0.999586642 0.028673513 -0.075826178 0.008748331 -0.028690867 0.999550045 -1.737558967
184050533 0.486619939 0.865102092 0.500000000 0.500000000 0.000000000 0.000000000 0.999958694 -0.001959723 -0.008873139 -0.007800739 0.002218367 0.999570131 0.029233778 -0.077009476 0.008812034 -0.029252255 0.999533236 -1.752481570
184083900 0.486619939 0.865102092 0.500000000 0.500000000 0.000000000 0.000000000 0.999960721 -0.001245452 -0.008773896 -0.007895150 0.001502234 0.999568939 0.029321121 -0.076710490 0.008733596 -0.029333152 0.999531507 -1.768632413
184117267 0.486619939 0.865102092 0.500000000 0.500000000 0.000000000 0.000000000 0.999960959 -0.000967008 -0.008785566 -0.007391648 0.001224124 0.999569714 0.029307729 -0.076422255 0.008753445 -0.029317338 0.999531806 -1.784225846
184150633 0.486619939 0.865102092 0.500000000 0.500000000 0.000000000 0.000000000 0.999959230 -0.001219866 -0.008947780 -0.006864867 0.001483663 0.999562681 0.029534673 -0.076788680 0.008907839 -0.029546745 0.999523699 -1.799942727
184184000 0.486619939 0.865102092 0.500000000 0.500000000 0.000000000 0.000000000 0.999960005 -0.000833458 -0.008904002 -0.007478312 0.001100099 0.999549806 0.029983388 -0.078827576 0.008875003 -0.029991986 0.999510765 -1.812838395
184217367 0.486619939 0.865102092 0.500000000 0.500000000 0.000000000 0.000000000 0.999961734 -0.000948321 -0.008697295 -0.007774350 0.001206397 0.999557674 0.029716022 -0.078220889 0.008665267 -0.029725378 0.999520540 -1.828133975
184250733 0.486619939 0.865102092 0.500000000 0.500000000 0.000000000 0.000000000 0.999960840 -0.000776306 -0.008817969 -0.007348413 0.001038574 0.999556005 0.029776881 -0.078645834 0.008790938 -0.029784871 0.999517679 -1.842888281
184284100 0.486619939 0.865102092 0.500000000 0.500000000 0.000000000 0.000000000 0.999960721 -0.001386262 -0.008752554 -0.008722960 0.001649283 0.999545097 0.030115405 -0.080235214 0.008706825 -0.030128658 0.999508083 -1.858435156
184317467 0.486619939 0.865102092 0.500000000 0.500000000 0.000000000 0.000000000 0.999961197 -0.001671254 -0.008646088 -0.009619888 0.001931702 0.999541938 0.030203074 -0.081327495 0.008591650 -0.030218605 0.999506414 -1.873471900
184350833 0.486619939 0.865102092 0.500000000 0.500000000 0.000000000 0.000000000 0.999960244 -0.002425624 -0.008581092 -0.010467494 0.002683966 0.999539554 0.030223647 -0.082674274 0.008503829 -0.030245477 0.999506354 -1.887954907
184384200 0.486619939 0.865102092 0.500000000 0.500000000 0.000000000 0.000000000 0.999959052 -0.002733915 -0.008628763 -0.011542257 0.002996681 0.999527574 0.030587770 -0.085449036 0.008541062 -0.030612374 0.999494851 -1.903404028
184417567 0.486619939 0.865102092 0.500000000 0.500000000 0.000000000 0.000000000 0.999958396 -0.002739472 -0.008700713 -0.011494044 0.003003560 0.999530673 0.030485850 -0.085917602 0.008613113 -0.030510714 0.999497354 -1.918374122
184450933 0.486619939 0.865102092 0.500000000 0.500000000 0.000000000 0.000000000 0.999957204 -0.002408811 -0.008929887 -0.011179732 0.002678824 0.999535739 0.030349335 -0.085868859 0.008852636 -0.030371958 0.999499440 -1.931895678
184484300 0.486619939 0.865102092 0.500000000 0.500000000 0.000000000 0.000000000 0.999952018 -0.003162354 -0.009272038 -0.010669794 0.003445091 0.999524593 0.030637817 -0.088967543 0.009170743 -0.030668290 0.999487519 -1.947811037
184517667 0.486619939 0.865102092 0.500000000 0.500000000 0.000000000 0.000000000 0.999954879 -0.002272729 -0.009222217 -0.011202457 0.002554532 0.999526560 0.030661162 -0.090837691 0.009148167 -0.030683337 0.999487281 -1.962318587
184551033 0.486619939 0.865102092 0.500000000 0.500000000 0.000000000 0.000000000 0.999957800 -0.002140079 -0.008935675 -0.012631661 0.002416321 0.999515891 0.031019060 -0.094440219 0.008864965 -0.031039340 0.999478877 -1.977303210
184584400 0.486619939 0.865102092 0.500000000 0.500000000 0.000000000 0.000000000 0.999956787 -0.002106965 -0.009052034 -0.012898883 0.002389108 0.999508083 0.031272069 -0.096813591 0.008981692 -0.031292345 0.999469936 -1.992205782
184617767 0.486619939 0.865102092 0.500000000 0.500000000 0.000000000 0.000000000 0.999951482 -0.002115557 -0.009619342 -0.010811027 0.002415657 0.999507308 0.031293746 -0.098022035 0.009548399 -0.031315468 0.999463916 -2.007418754
184651133 0.486619939 0.865102092 0.500000000 0.500000000 0.000000000 0.000000000 0.999955237 -0.001962807 -0.009253557 -0.013046607 0.002253394 0.999501288 0.031497605 -0.100787146 0.009187118 -0.031517047 0.999460995 -2.021126427
184684500 0.486619939 0.865102092 0.500000000 0.500000000 0.000000000 0.000000000 0.999958098 -0.002101631 -0.008913159 -0.014994554 0.002381176 0.999501884 0.031469494 -0.101527302 0.008842582 -0.031489398 0.999464989 -2.037919311
184717867 0.486619939 0.865102092 0.500000000 0.500000000 0.000000000 0.000000000 0.999958158 -0.002217948 -0.008877099 -0.015693956 0.002494982 0.999506295 0.031319313 -0.101277356 0.008803252 -0.031340152 0.999469995 -2.053554319
184751233 0.486619939 0.865102092 0.500000000 0.500000000 0.000000000 0.000000000 0.999954045 -0.002964227 -0.009116553 -0.015988198 0.003252966 0.999488235 0.031821899 -0.104811734 0.009017560 -0.031850092 0.999451995 -2.069406482
184784600 0.486619939 0.865102092 0.500000000 0.500000000 0.000000000 0.000000000 0.999953628 -0.002817997 -0.009208661 -0.016981452 0.003108505 0.999493003 0.031686757 -0.105683200 0.009114699 -0.031713914 0.999455452 -2.085358520
184817967 0.486619939 0.865102092 0.500000000 0.500000000 0.000000000 0.000000000 0.999952555 -0.002626250 -0.009382541 -0.017237552 0.002926314 0.999480009 0.032111965 -0.107982440 0.009293328 -0.032137897 0.999440253 -2.099127762
184851333 0.486619939 0.865102092 0.500000000 0.500000000 0.000000000 0.000000000 0.999950886 -0.002745494 -0.009522843 -0.018209808 0.003056261 0.999458134 0.032774255 -0.112813498 0.009427701 -0.032801751 0.999417424 -2.114352473
184884700 0.486619939 0.865102092 0.500000000 0.500000000 0.000000000 0.000000000 0.999951065 -0.003045464 -0.009414736 -0.019160090 0.003344069 0.999486566 0.031865511 -0.109384296 0.009312857 -0.031895433 0.999447823 -2.129687865
184918067 0.486619939 0.865102092 0.500000000 0.500000000 0.000000000 0.000000000 0.999950409 -0.003594023 -0.009289525 -0.020755945 0.003887227 0.999488592 0.031739965 -0.109868024 0.009170701 -0.031774502 0.999453008 -2.144459858
184951433 0.486619939 0.865102092 0.500000000 0.500000000 0.000000000 0.000000000 0.999948502 -0.003150811 -0.009646982 -0.020409360 0.003460083 0.999475062 0.032211825 -0.111856033 0.009540425 -0.032243546 0.999434531 -2.158984749
184984800 0.486619939 0.865102092 0.500000000 0.500000000 0.000000000 0.000000000 0.999947608 -0.003372472 -0.009663961 -0.021670631 0.003686157 0.999460757 0.032627478 -0.113528937 0.009548715 -0.032661390 0.999420881 -2.172729480
185018167 0.486619939 0.865102092 0.500000000 0.500000000 0.000000000 0.000000000 0.999946117 -0.003738393 -0.009686060 -0.022393609 0.004051864 0.999461949 0.032548215 -0.112979087 0.009559170 -0.032585707 0.999423206 -2.187785515
185051533 0.486619939 0.865102092 0.500000000 0.500000000 0.000000000 0.000000000 0.999949694 -0.003154337 -0.009522173 -0.023746984 0.003464023 0.999459743 0.032683268 -0.114095073 0.009413934 -0.032714609 0.999420404 -2.201695277
185084900 0.486619939 0.865102092 0.500000000 0.500000000 0.000000000 0.000000000 0.999947369 -0.003319697 -0.009709730 -0.023884613 0.003637224 0.999453068 0.032869231 -0.114812139 0.009595303 -0.032902818 0.999412477 -2.215597811
185118267 0.486619939 0.865102092 0.500000000 0.500000000 0.000000000 0.000000000 0.999943137 -0.004097678 -0.009847234 -0.024496885 0.004420856 0.999444783 0.033024691 -0.115420089 0.009706441 -0.033066344 0.999406040 -2.228288127
185151633 0.486619939 0.865102092 0.500000000 0.500000000 0.000000000 0.000000000 0.999943614 -0.003680205 -0.009958494 -0.025179452 0.004009862 0.999437749 0.033288252 -0.116865874 0.009830387 -0.033326309 0.999396205 -2.242964172
185185000 0.486619939 0.865102092 0.500000000 0.500000000 0.000000000 0.000000000 0.999943733 -0.003999761 -0.009824928 -0.026924334 0.004325175 0.999435186 0.033326466 -0.117064258 0.009686080 -0.033367082 0.999396205 -2.255587814
185218367 0.486619939 0.865102092 0.500000000 0.500000000 0.000000000 0.000000000 0.999946535 -0.003554366 -0.009710356 -0.027994201 0.003874672 0.999442279 0.033168860 -0.116682713 0.009587046 -0.033204708 0.999402583 -2.269139049
185251733 0.486619939 0.865102092 0.500000000 0.500000000 0.000000000 0.000000000 0.999946952 -0.004025117 -0.009480993 -0.030195885 0.004341765 0.999425352 0.033617884 -0.119891554 0.009340229 -0.033657268 0.999389768 -2.281379325
185285100 0.486619939 0.865102092 0.500000000 0.500000000 0.000000000 0.000000000 0.999944925 -0.003445842 -0.009915450 -0.029954782 0.003777547 0.999427140 0.033631448 -0.120400621 0.009793880 -0.033667050 0.999385118 -2.294005702
185318467 0.486619939 0.865102092 0.500000000 0.500000000 0.000000000 0.000000000 0.999945939 -0.003901554 -0.009636858 -0.031478508 0.004226403 0.999415576 0.033921946 -0.122393122 0.009498877 -0.033960842 0.999378026 -2.307616816
185351833 0.486619939 0.865102092 0.500000000 0.500000000 0.000000000 0.000000000 0.999946892 -0.003764052 -0.009596202 -0.032818827 0.004088905 0.999411404 0.034060422 -0.123156395 0.009462348 -0.034097850 0.999373674 -2.320481102
185385200 0.486619939 0.865102092 0.500000000 0.500000000 0.000000000 0.000000000 0.999945045 -0.004179800 -0.009615125 -0.034002346 0.004507110 0.999402285 0.034275275 -0.124651909 0.009466114 -0.034316726 0.999366164 -2.334139411
185418567 0.486619939 0.865102092 0.500000000 0.500000000 0.000000000 0.000000000 0.999945402 -0.004103810 -0.009607730 -0.034665813 0.004432745 0.999395907 0.034469388 -0.126705867 0.009460471 -0.034510098 0.999359548 -2.346067931
185451933 0.486619939 0.865102092 0.500000000 0.500000000 0.000000000 0.000000000 0.999946415 -0.003858192 -0.009603681 -0.035119815 0.004185890 0.999401450 0.034339208 -0.127378836 0.009465446 -0.034377571 0.999364078 -2.359691145
185485300 0.486619939 0.865102092 0.500000000 0.500000000 0.000000000 0.000000000 0.999948561 -0.003989554 -0.009325498 -0.036423480 0.004304176 0.999413729 0.033964895 -0.127282760 0.009184526 -0.034003284 0.999379516 -2.372351188
185518667 0.486619939 0.865102092 0.500000000 0.500000000 0.000000000 0.000000000 0.999952912 -0.003975439 -0.008853353 -0.038500789 0.004271665 0.999423027 0.033695534 -0.127247774 0.008714290 -0.033731762 0.999392927 -2.386793407
185552033 0.486619939 0.865102092 0.500000000 0.500000000 0.000000000 0.000000000 0.999955118 -0.003874729 -0.008649195 -0.039169151 0.004164894 0.999420404 0.033786170 -0.128821859 0.008513270 -0.033820674 0.999391675 -2.400233797
185585400 0.486619939 0.865102092 0.500000000 0.500000000 0.000000000 0.000000000 0.999959767 -0.003300077 -0.008342355 -0.040243176 0.003582099 0.999414742 0.034020372 -0.131077580 0.008225203 -0.034048885 0.999386311 -2.412978940
185618767 0.486619939 0.865102092 0.500000000 0.500000000 0.000000000 0.000000000 0.999962449 -0.003495282 -0.007929677 -0.041518694 0.003760842 0.999424040 0.033725489 -0.130918942 0.007807230 -0.033754043 0.999399662 -2.427163142
185652133 0.486619939 0.865102092 0.500000000 0.500000000 0.000000000 0.000000000 0.999967933 -0.003243460 -0.007320861 -0.043577238 0.003488458 0.999425769 0.033704832 -0.131881011 0.007207337 -0.033729289 0.999405026 -2.440826308
185685500 0.486619939 0.865102092 0.500000000 0.500000000 0.000000000 0.000000000 0.999971867 -0.002937572 -0.006904548 -0.044892368 0.003169321 0.999423683 0.033796899 -0.133375927 0.006801289 -0.033817831 0.999404848 -2.454149275
185718867 0.486619939 0.865102092 0.500000000 0.500000000 0.000000000 0.000000000 0.999976456 -0.002997803 -0.006170642 -0.047333724 0.003204593 0.999424160 0.033779494 -0.134528322 0.006065824 -0.033798471 0.999410272 -2.467548993
185752233 0.486619939 0.865102092 0.500000000 0.500000000 0.000000000 0.000000000 0.999980152 -0.003080333 -0.005500787 -0.049613853 0.003264818 0.999421597 0.033850171 -0.135886761 0.005393336 -0.033867456 0.999411762 -2.480593114
185785600 0.486619939 0.865102092 0.500000000 0.500000000 0.000000000 0.000000000 0.999983907 -0.002801775 -0.004930323 -0.051229015 0.002967114 0.999422371 0.033853583 -0.136654682 0.004832625 -0.033867668 0.999414623 -2.493674676
185818967 0.486619939 0.865102092 0.500000000 0.500000000 0.000000000 0.000000000 0.999985933 -0.002884991 -0.004446827 -0.053156014 0.003033409 0.999426067 0.033739008 -0.137303547 0.004346938 -0.033752020 0.999420762 -2.507203615
185852333 0.486619939 0.865102092 0.500000000 0.500000000 0.000000000 0.000000000 0.999986887 -0.003063959 -0.004104625 -0.054831935 0.003201925 0.999415398 0.034038294 -0.139854880 0.003997933 -0.034050990 0.999412119 -2.520107911
185885700 0.486619939 0.865102092 0.500000000 0.500000000 0.000000000 0.000000000 0.999989152 -0.002955581 -0.003600580 -0.056738396 0.003076310 0.999417126 0.033999477 -0.140647968 0.003497993 -0.034010187 0.999415338 -2.533545540
185919067 0.486619939 0.865102092 0.500000000 0.500000000 0.000000000 0.000000000 0.999992192 -0.002799950 -0.002794140 -0.059908529 0.002893391 0.999417067 0.034017671 -0.141308773 0.002697263 -0.034025490 0.999417305 -2.546653670
185952433 0.486619939 0.865102092 0.500000000 0.500000000 0.000000000 0.000000000 0.999992967 -0.003138686 -0.002063688 -0.062759752 0.003207334 0.999411643 0.034148782 -0.142882777 0.001955291 -0.034155160 0.999414623 -2.559219230
185985800 0.486619939 0.865102092 0.500000000 0.500000000 0.000000000 0.000000000 0.999993145 -0.003429021 -0.001406080 -0.065503793 0.003475473 0.999399185 0.034484360 -0.145141576 0.001286988 -0.034489010 0.999404252 -2.572066392
186019167 0.486619939 0.865102092 0.500000000 0.500000000 0.000000000 0.000000000 0.999995589 -0.002896515 -0.000681718 -0.068880010 0.002918076 0.999414265 0.034097116 -0.143778670 0.000582555 -0.034098953 0.999418318 -2.585029849
186052533 0.486619939 0.865102092 0.500000000 0.500000000 0.000000000 0.000000000 0.999994457 -0.003322624 -0.000284807 -0.070495502 0.003330432 0.999407172 0.034267224 -0.145396105 0.000170781 -0.034267984 0.999412656 -2.597612106
186085900 0.486619939 0.865102092 0.500000000 0.500000000 0.000000000 0.000000000 0.999994516 -0.003278912 0.000496419 -0.073629283 0.003259889 0.999402463 0.034409933 -0.146656521 -0.000608950 -0.034408122 0.999407709 -2.610646133
186119267 0.486619939 0.865102092 0.500000000 0.500000000 0.000000000 0.000000000 0.999992430 -0.003565762 0.001540828 -0.077793450 0.003510637 0.999401689 0.034408741 -0.147251862 -0.001662600 -0.034403071 0.999406636 -2.622402860
186152633 0.486619939 0.865102092 0.500000000 0.500000000 0.000000000 0.000000000 0.999991477 -0.003393746 0.002355357 -0.080683544 0.003311114 0.999408126 0.034241397 -0.147491518 -0.002470170 -0.034233306 0.999410808 -2.634045976
186186000 0.486619939 0.865102092 0.500000000 0.500000000 0.000000000 0.000000000 0.999988258 -0.003779660 0.003031316 -0.083694772 0.003673350 0.999403417 0.034340668 -0.148759678 -0.003159304 -0.034329128 0.999405563 -2.646320016
186219367 0.486619939 0.865102092 0.500000000 0.500000000 0.000000000 0.000000000 0.999983788 -0.004026176 0.004031766 -0.087594237 0.003884300 0.999393702 0.034599934 -0.150634061 -0.004168627 -0.034583710 0.999393106 -2.658047742
186252733 0.486619939 0.865102092 0.500000000 0.500000000 0.000000000 0.000000000 0.999978006 -0.004057853 0.005240858 -0.091905940 0.003874824 0.999398112 0.034473587 -0.150990047 -0.005377592 -0.034452520 0.999391854 -2.670351929
186286100 0.486619939 0.865102092 0.500000000 0.500000000 0.000000000 0.000000000 0.999970198 -0.004688315 0.006134574 -0.095567405 0.004471031 0.999378502 0.034966424 -0.154432226 -0.006294695 -0.034937952 0.999369681 -2.681548560
186319467 0.486619939 0.865102092 0.500000000 0.500000000 0.000000000 0.000000000 0.999965370 -0.004638442 0.006913542 -0.098537250 0.004395379 0.999385774 0.034767423 -0.154008521 -0.007070562 -0.034735829 0.999371529 -2.694626724
186352833 0.486619939 0.865102092 0.500000000 0.500000000 0.000000000 0.000000000 0.999959826 -0.004269897 0.007877686 -0.102328859 0.003994881 0.999393165 0.034602150 -0.153973278 -0.008020653 -0.034569290 0.999370098 -2.707297967
186386200 0.486619939 0.865102092 0.500000000 0.500000000 0.000000000 0.000000000 0.999951005 -0.004086117 0.009018782 -0.106445779 0.003769161 0.999384224 0.034885481 -0.156514821 -0.009155774 -0.034849778 0.999350607 -2.719431365
186419567 0.486619939 0.865102092 0.500000000 0.500000000 0.000000000 0.000000000 0.999939620 -0.004318818 0.010103820 -0.110579572 0.003965177 0.999387741 0.034762770 -0.157218814 -0.010247768 -0.034720607 0.999344528 -2.732034855
186452933 0.486619939 0.865102092 0.500000000 0.500000000 0.000000000 0.000000000 0.999926388 -0.004140947 0.011402659 -0.115009046 0.003743978 0.999393642 0.034617707 -0.157951580 -0.011539094 -0.034572467 0.999335587 -2.744729174
186486300 0.486619939 0.865102092 0.500000000 0.500000000 0.000000000 0.000000000 0.999909520 -0.004454894 0.012691813 -0.119814808 0.004013991 0.999394715 0.034555245 -0.159615328 -0.012838070 -0.034501173 0.999322176 -2.756949307
186519667 0.486619939 0.865102092 0.500000000 0.500000000 0.000000000 0.000000000 0.999892950 -0.004351504 0.013969449 -0.124219754 0.003868508 0.999400020 0.034417924 -0.159840124 -0.014110838 -0.034360196 0.999309897 -2.770194232
186553033 0.486619939 0.865102092 0.500000000 0.500000000 0.000000000 0.000000000 0.999867678 -0.004858704 0.015522936 -0.129703793 0.004318431 0.999390125 0.034650747 -0.161887631 -0.015681827 -0.034579128 0.999278903 -2.782257243
186586400 0.486619939 0.865102092 0.500000000 0.500000000 0.000000000 0.000000000 0.999848723 -0.004612194 0.016770491 -0.133452349 0.004031584 0.999396861 0.034491424 -0.162374622 -0.016919458 -0.034418594 0.999264300 -2.795102385
186619767 0.486619939 0.865102092 0.500000000 0.500000000 0.000000000 0.000000000 0.999820173 -0.004251838 0.018479431 -0.139370998 0.003615186 0.999403358 0.034349795 -0.162082058 -0.018614456 -0.034276813 0.999239028 -2.808652818
186653133 0.486619939 0.865102092 0.500000000 0.500000000 0.000000000 0.000000000 0.999786973 -0.004473805 0.020148350 -0.144711699 0.003776443 0.999396980 0.034517430 -0.163287954 -0.020290622 -0.034433987 0.999201000 -2.820898647
186686500 0.486619939 0.865102092 0.500000000 0.500000000 0.000000000 0.000000000 0.999746323 -0.004957343 0.021969667 -0.150742690 0.004187400 0.999380171 0.034954194 -0.165833372 -0.022129327 -0.034853332 0.999147415 -2.833421565
186719867 0.486619939 0.865102092 0.500000000 0.500000000 0.000000000 0.000000000 0.999709427 -0.004435195 0.023693474 -0.155927062 0.003609258 0.999388158 0.034789000 -0.165340350 -0.023833273 -0.034693375 0.999113798 -2.845981729
186753233 0.486619939 0.865102092 0.500000000 0.500000000 0.000000000 0.000000000 0.999654055 -0.004920789 0.025837781 -0.163351321 0.004017812 0.999383271 0.034884270 -0.166348455 -0.025993505 -0.034768391 0.999057293 -2.858073619
186786600 0.486619939 0.865102092 0.500000000 0.500000000 0.000000000 0.000000000 0.999607623 -0.004930254 0.027573252 -0.169143589 0.003964095 0.999379992 0.034985252 -0.167427970 -0.027728641 -0.034862220 0.999007404 -2.869658211
186819967 0.486619939 0.865102092 0.500000000 0.500000000 0.000000000 0.000000000 0.999548376 -0.004983185 0.029633721 -0.176198698 0.003943455 0.999378085 0.035041567 -0.168217568 -0.029789910 -0.034908883 0.998946428 -2.881187531
186853333 0.486619939 0.865102092 0.500000000 0.500000000 0.000000000 0.000000000 0.999495685 -0.004899143 0.031374410 -0.181177179 0.003788617 0.999367535 0.035358030 -0.170166469 -0.031527791 -0.035221335 0.998882115 -2.892028905
186886700 0.486619939 0.865102092 0.500000000 0.500000000 0.000000000 0.000000000 0.999420464 -0.004961303 0.033676803 -0.188867340 0.003775502 0.999373734 0.035183925 -0.170271140 -0.033830270 -0.035036389 0.998813272 -2.903266413
186920067 0.486619939 0.865102092 0.500000000 0.500000000 0.000000000 0.000000000 0.999355197 -0.005276946 0.035514798 -0.194524392 0.004031372 0.999377310 0.035052642 -0.170588890 -0.035677653 -0.034886867 0.998754203 -2.914611430
186953433 0.486619939 0.865102092 0.500000000 0.500000000 0.000000000 0.000000000 0.999287546 -0.005358574 0.037359491 -0.200537145 0.004053850 0.999382138 0.034912184 -0.170616524 -0.037523489 -0.034735862 0.998691857 -2.925342913
186986800 0.486619939 0.865102092 0.500000000 0.500000000 0.000000000 0.000000000 0.999203444 -0.005019305 0.039588641 -0.207768420 0.003639255 0.999385774 0.034855083 -0.171077652 -0.039739270 -0.034683246 0.998607934 -2.936761546
187020167 0.486619939 0.865102092 0.500000000 0.500000000 0.000000000 0.000000000 0.999119520 -0.004899845 0.041667573 -0.214055898 0.003446907 0.999385893 0.034870390 -0.171833965 -0.041812845 -0.034696061 0.998522818 -2.947383858
187053533 0.486619939 0.865102092 0.500000000 0.500000000 0.000000000 0.000000000 0.999025762 -0.004843235 0.043864656 -0.221145875 0.003318018 0.999389589 0.034777284 -0.171807319 -0.044006314 -0.034597859 0.998431981 -2.957600478
187086900 0.486619939 0.865102092 0.500000000 0.500000000 0.000000000 0.000000000 0.998910487 -0.005038905 0.046394523 -0.229377905 0.003419598 0.999384403 0.034916438 -0.172781332 -0.046541899 -0.034719747 0.998312771 -2.967651651
187120267 0.486619939 0.865102092 0.500000000 0.500000000 0.000000000 0.000000000 0.998811662 -0.005218580 0.048456673 -0.235335723 0.003514560 0.999374628 0.035184693 -0.174882086 -0.048609987 -0.034972578 0.998205364 -2.977869100
187153633 0.486619939 0.865102092 0.500000000 0.500000000 0.000000000 0.000000000 0.998698294 -0.005074397 0.050753914 -0.242676739 0.003299656 0.999382198 0.034990419 -0.174515948 -0.050900113 -0.034777399 0.998098075 -2.987770437
187187000 0.486619939 0.865102092 0.500000000 0.500000000 0.000000000 0.000000000 0.998580813 -0.004921094 0.053029623 -0.249859347 0.003058063 0.999377131 0.035155930 -0.176006249 -0.053169597 -0.034943867 0.997973919 -2.997739515
187220367 0.486619939 0.865102092 0.500000000 0.500000000 0.000000000 0.000000000 0.998449147 -0.005389923 0.055410005 -0.257109612 0.003438848 0.999372721 0.035246842 -0.177407319 -0.055565227 -0.035001632 0.997841358 -3.008374100
187253733 0.486619939 0.865102092 0.500000000 0.500000000 0.000000000 0.000000000 0.998300135 -0.005664636 0.058006234 -0.265244981 0.003621082 0.999371111 0.035274599 -0.178015844 -0.058169570 -0.035004593 0.997692823 -3.019403647
187287100 0.486619939 0.865102092 0.500000000 0.500000000 0.000000000 0.000000000 0.998158574 -0.005913049 0.060369644 -0.273270873 0.003787118 0.999370694 0.035269119 -0.178758243 -0.060540199 -0.034975547 0.997552812 -3.029417222
187320467 0.486619939 0.865102092 0.500000000 0.500000000 0.000000000 0.000000000 0.998026371 -0.005902745 0.062518127 -0.279914928 0.003712998 0.999377489 0.035084236 -0.178497514 -0.062686302 -0.034782864 0.997426987 -3.040026958
187353833 0.486619939 0.865102092 0.500000000 0.500000000 0.000000000 0.000000000 0.997878969 -0.006129077 0.064807184 -0.286988520 0.003847077 0.999370098 0.035278484 -0.180076571 -0.064982593 -0.034954339 0.997274041 -3.051238499
187387200 0.486619939 0.865102092 0.500000000 0.500000000 0.000000000 0.000000000 0.997715831 -0.005837204 0.067297816 -0.294745256 0.003463647 0.999369621 0.035332330 -0.180761184 -0.067461632 -0.035018530 0.997107148 -3.062169900
187420567 0.486619939 0.865102092 0.500000000 0.500000000 0.000000000 0.000000000 0.997544169 -0.005688092 0.069808446 -0.302750495 0.003241772 0.999378324 0.035106711 -0.180041684 -0.069964737 -0.034794193 0.996942461 -3.072919366
187453933 0.486619939 0.865102092 0.500000000 0.500000000 0.000000000 0.000000000 0.997391224 -0.005714544 0.071958825 -0.308893178 0.003194678 0.999379218 0.035084683 -0.179874573 -0.072114654 -0.034763269 0.996790349 -3.083639615
187487300 0.486619939 0.865102092 0.500000000 0.500000000 0.000000000 0.000000000 0.997198343 -0.005471333 0.074602544 -0.317499561 0.002858282 0.999380112 0.035088185 -0.180012599 -0.074748278 -0.034776643 0.996595860 -3.094393761
187520667 0.486619939 0.865102092 0.500000000 0.500000000 0.000000000 0.000000000 0.996990263 -0.005796356 0.077309795 -0.326086600 0.003100525 0.999384403 0.034945045 -0.179225755 -0.077464759 -0.034600168 0.996394515 -3.105190725
187554033 0.486619939 0.865102092 0.500000000 0.500000000 0.000000000 0.000000000 0.996798337 -0.005563866 0.079762615 -0.334007293 0.002776751 0.999383092 0.035011049 -0.180110562 -0.079908207 -0.034677476 0.996198833 -3.115647478
187587400 0.486619939 0.865102092 0.500000000 0.500000000 0.000000000 0.000000000 0.996592462 -0.005702949 0.082285538 -0.342266746 0.002839874 0.999387860 0.034869570 -0.179455548 -0.082434028 -0.034517072 0.995998621 -3.126687316
187620767 0.486619939 0.865102092 0.500000000 0.500000000 0.000000000 0.000000000 0.996386945 -0.005720437 0.084737167 -0.350466115 0.002756775 0.999381721 0.035050560 -0.180320556 -0.084885284 -0.034690317 0.995786667 -3.137249444
187654133 0.486619939 0.865102092 0.500000000 0.500000000 0.000000000 0.000000000 0.996175647 -0.005782350 0.087181710 -0.358487762 0.002737723 0.999383509 0.035001978 -0.179223620 -0.087330356 -0.034629438 0.995577335 -3.147316062
187687500 0.486619939 0.865102092 0.500000000 0.500000000 0.000000000 0.000000000 0.995976090 -0.005809334 0.089430556 -0.366145320 0.002685345 0.999383271 0.035012778 -0.178758808 -0.089578800 -0.034631737 0.995377481 -3.158206831
187720867 0.486619939 0.865102092 0.500000000 0.500000000 0.000000000 0.000000000 0.995771766 -0.005577025 0.091692142 -0.373159275 0.002375508 0.999384880 0.034988075 -0.177465287 -0.091830872 -0.034622323 0.995172560 -3.167254879
187754233 0.486619939 0.865102092 0.500000000 0.500000000 0.000000000 0.000000000 0.995525002 -0.005385412 0.094345070 -0.382406372 0.002037117 0.999365807 0.035550296 -0.179124431 -0.094476692 -0.035199016 0.994904637 -3.177595597
187787600 0.486619939 0.865102092 0.500000000 0.500000000 0.000000000 0.000000000 0.995266259 -0.005570101 0.097025834 -0.391597050 0.002102751 0.999356687 0.035802014 -0.179581273 -0.097162835 -0.035428517 0.994637728 -3.187008055
187820967 0.486619939 0.865102092 0.500000000 0.500000000 0.000000000 0.000000000 0.995011806 -0.005766474 0.099590637 -0.400455819 0.002247017 0.999370158 0.035415318 -0.177563381 -0.099732131 -0.035014875 0.994398057 -3.196204620
187854333 0.486619939 0.865102092 0.500000000 0.500000000 0.000000000 0.000000000 0.994785905 -0.006184730 0.101797394 -0.408132963 0.002581741 0.999366760 0.035487488 -0.176730255 -0.101952411 -0.035039641 0.994171977 -3.204565813
187887700 0.486619939 0.865102092 0.500000000 0.500000000 0.000000000 0.000000000 0.994551897 -0.006666974 0.104029052 -0.416397861 0.002931054 0.999346614 0.036023904 -0.178007859 -0.104201257 -0.035522725 0.993921638 -3.212911511
187921067 0.486619939 0.865102092 0.500000000 0.500000000 0.000000000 0.000000000 0.994307458 -0.006498700 0.106350727 -0.424809039 0.002690055 0.999351203 0.035916455 -0.176556496 -0.106515132 -0.035425909 0.993679821 -3.220349677
187954433 0.486619939 0.865102092 0.500000000 0.500000000 0.000000000 0.000000000 0.994047105 -0.006482391 0.108758174 -0.433924837 0.002618386 0.999361515 0.035633668 -0.175194800 -0.108919725 -0.035136774 0.993429363 -3.227827039
187987800 0.486619939 0.865102092 0.500000000 0.500000000 0.000000000 0.000000000 0.993786573 -0.006708203 0.111100145 -0.442716307 0.002753433 0.999358356 0.035711691 -0.175933651 -0.111268416 -0.035183892 0.993167400 -3.235278750
188021167 0.486619939 0.865102092 0.500000000 0.500000000 0.000000000 0.000000000 0.993538558 -0.006828019 0.113289699 -0.450638185 0.002761642 0.999347568 0.036011800 -0.176938514 -0.113461673 -0.035466246 0.992909133 -3.242685053
188054533 0.486619939 0.865102092 0.500000000 0.500000000 0.000000000 0.000000000 0.993291020 -0.006667443 0.115449138 -0.458683023 0.002518001 0.999346793 0.036050335 -0.177091940 -0.115614086 -0.035517771 0.992658973 -3.249735504
188087900 0.486619939 0.865102092 0.500000000 0.500000000 0.000000000 0.000000000 0.993035257 -0.006809138 0.117620386 -0.466582146 0.002567445 0.999342144 0.036176506 -0.178383104 -0.117789336 -0.035622563 0.992399454 -3.256686664
188121267 0.486619939 0.865102092 0.500000000 0.500000000 0.000000000 0.000000000 0.992731214 -0.006697085 0.120166101 -0.476340639 0.002370454 0.999344945 0.036112301 -0.179085410 -0.120329231 -0.035564959 0.992096782 -3.263732130
188154633 0.486619939 0.865102092 0.500000000 0.500000000 0.000000000 0.000000000 0.992464364 -0.006464460 0.122363217 -0.484453064 0.002059482 0.999346375 0.036091506 -0.179537330 -0.122516543 -0.035567529 0.991828918 -3.270628961
188188000 0.486619939 0.865102092 0.500000000 0.500000000 0.000000000 0.000000000 0.992172480 -0.006735576 0.124693461 -0.493107825 0.002207636 0.999334335 0.036415193 -0.181653678 -0.124855734 -0.035854876 0.991526842 -3.277029939
188221367 0.486619939 0.865102092 0.500000000 0.500000000 0.000000000 0.000000000 0.991880238 -0.006725085 0.126997575 -0.501359793 0.002116614 0.999335468 0.036388002 -0.182373527 -0.127157897 -0.035823736 0.991235375 -3.282761571
188254733 0.486619939 0.865102092 0.500000000 0.500000000 0.000000000 0.000000000 0.991593540 -0.006447203 0.129231170 -0.509784252 0.001781678 0.999343514 0.036185313 -0.182504559 -0.129379630 -0.035650875 0.990954041 -3.289378597
188288100 0.486619939 0.865102092 0.500000000 0.500000000 0.000000000 0.000000000 0.991296589 -0.006380589 0.131492823 -0.518072757 0.001604352 0.999336123 0.036397155 -0.184375229 -0.131637752 -0.035869416 0.990648746 -3.295278641
188321467 0.486619939 0.865102092 0.500000000 0.500000000 0.000000000 0.000000000 0.990971029 -0.006387847 0.133923873 -0.527237441 0.001520853 0.999335706 0.036412340 -0.185530952 -0.134067506 -0.035879895 0.990322411 -3.301491163
188354833 0.486619939 0.865102092 0.500000000 0.500000000 0.000000000 0.000000000 0.990657568 -0.006394459 0.136222810 -0.535751977 0.001451124 0.999337792 0.036357038 -0.186603797 -0.136365101 -0.035819702 0.990010858 -3.307391014
188388200 0.486619939 0.865102092 0.500000000 0.500000000 0.000000000 0.000000000 0.990349054 -0.006411771 0.138447300 -0.544185785 0.001390936 0.999338806 0.036331654 -0.187707528 -0.138588712 -0.035788447 0.989703178 -3.313610142
188421567 0.486619939 0.865102092 0.500000000 0.500000000 0.000000000 0.000000000 0.990018964 -0.006188445 0.140798122 -0.553039477 0.001076693 0.999338448 0.036352791 -0.189121566 -0.140929937 -0.035838354 0.989370704 -3.319162403
188454933 0.486619939 0.865102092 0.500000000 0.500000000 0.000000000 0.000000000 0.989640355 -0.006256020 0.143432379 -0.562954018 0.001042278 0.999336898 0.036396187 -0.190664530 -0.143564954 -0.035869639 0.988990605 -3.324644261
188488300 0.486619939 0.865102092 0.500000000 0.500000000 0.000000000 0.000000000 0.989323258 -0.006381906 0.145597771 -0.571496085 0.001125204 0.999345422 0.036158096 -0.190307678 -0.145733222 -0.035608221 0.988682926 -3.330570702
188521667 0.486619939 0.865102092 0.500000000 0.500000000 0.000000000 0.000000000 0.988994896 -0.006401333 0.147810951 -0.579648050 0.001036405 0.999338806 0.036344409 -0.192718717 -0.147945866 -0.035791244 0.988347590 -3.336077941
188555033 0.486619939 0.865102092 0.500000000 0.500000000 0.000000000 0.000000000 0.988628328 -0.006785179 0.150226653 -0.588989207 0.001285832 0.999326468 0.036673915 -0.195940337 -0.150374308 -0.036063705 0.987971127 -3.341694240
188588400 0.486619939 0.865102092 0.500000000 0.500000000 0.000000000 0.000000000 0.988296866 -0.006510634 0.152403682 -0.597260269 0.000979341 0.999338984 0.036340661 -0.195482207 -0.152539551 -0.035766106 0.987649977 -3.347660246
188621767 0.486619939 0.865102092 0.500000000 0.500000000 0.000000000 0.000000000 0.987934947 -0.006330260 0.154740006 -0.605616920 0.000707361 0.999338269 0.036365800 -0.197083898 -0.154867828 -0.035817590 0.987285674 -3.353026864
188655133 0.486619939 0.865102092 0.500000000 0.500000000 0.000000000 0.000000000 0.987495899 -0.006242717 0.157520980 -0.616314176 0.000480669 0.999330223 0.036591168 -0.199762308 -0.157643899 -0.036057912 0.986837506 -3.358585371
188688500 0.486619939 0.865102092 0.500000000 0.500000000 0.000000000 0.000000000 0.987083256 -0.006302565 0.160084248 -0.625194403 0.000449284 0.999330878 0.036573663 -0.200691067 -0.160207629 -0.036029328 0.986425579 -3.363133950
188721867 0.486619939 0.865102092 0.500000000 0.500000000 0.000000000 0.000000000 0.986639380 -0.006363391 0.162795052 -0.634912203 0.000427166 0.999334514 0.036473453 -0.201554078 -0.162918821 -0.035916604 0.985985518 -3.368815799
188755233 0.486619939 0.865102092 0.500000000 0.500000000 0.000000000 0.000000000 0.986252606 -0.006460850 0.165118247 -0.642304278 0.000438125 0.999334097 0.036485642 -0.202652147 -0.165244028 -0.035911717 0.985598683 -3.373587253
188788600 0.486619939 0.865102092 0.500000000 0.500000000 0.000000000 0.000000000 0.985834122 -0.006493413 0.167597562 -0.650592709 0.000379874 0.999334157 0.036483802 -0.203398016 -0.167722881 -0.035903312 0.985180199 -3.378903300
188821967 0.486619939 0.865102092 0.500000000 0.500000000 0.000000000 0.000000000 0.985351503 -0.006541200 0.170410141 -0.660470645 0.000329603 0.999335289 0.036453683 -0.204185921 -0.170535326 -0.035863522 0.984698713 -3.384278639
188855333 0.486619939 0.865102092 0.500000000 0.500000000 0.000000000 0.000000000 0.984840631 -0.006664944 0.173333660 -0.670954027 0.000332936 0.999332368 0.036534194 -0.205948635 -0.173461437 -0.035922647 0.984185278 -3.389844219
188888700 0.486619939 0.865102092 0.500000000 0.500000000 0.000000000 0.000000000 0.984340429 -0.006617823 0.176153779 -0.681006965 0.000227467 0.999341905 0.036272645 -0.205020775 -0.176277891 -0.035664558 0.983694136 -3.394700587
188922067 0.486619939 0.865102092 0.500000000 0.500000000 0.000000000 0.000000000 0.983791530 -0.006597656 0.179194480 -0.692139628 0.000105020 0.999343932 0.036217690 -0.205496617 -0.179315865 -0.035611838 0.983146787 -3.400098377
188955433 0.486619939 0.865102092 0.500000000 0.500000000 0.000000000 0.000000000 0.983256042 -0.006532218 0.182112172 -0.702601194 -0.000003715 0.999356627 0.035866179 -0.204542744 -0.182229295 -0.035266314 0.982623398 -3.405538292
188988800 0.486619939 0.865102092 0.500000000 0.500000000 0.000000000 0.000000000 0.982674837 -0.006766909 0.185214296 -0.713941699 0.000115581 0.999355435 0.035898782 -0.205445511 -0.185337842 -0.035255425 0.982042253 -3.410409073
189022167 0.486619939 0.865102092 0.500000000 0.500000000 0.000000000 0.000000000 0.982095897 -0.007033040 0.188250199 -0.725152269 0.000219342 0.999344885 0.036191288 -0.207809752 -0.188381404 -0.035502024 0.981454074 -3.415471113
189055533 0.486619939 0.865102092 0.500000000 0.500000000 0.000000000 0.000000000 0.981486440 -0.007074800 0.191400781 -0.736601019 0.000159967 0.999347508 0.036118861 -0.208244688 -0.191531435 -0.035419557 0.980847180 -3.420585015
189088900 0.486619939 0.865102092 0.500000000 0.500000000 0.000000000 0.000000000 0.980848670 -0.007141998 0.194640413 -0.748192970 0.000134528 0.999352098 0.035991594 -0.208346939 -0.194771349 -0.035276122 0.980214119 -3.424983753
189122267 0.486619939 0.865102092 0.500000000 0.500000000 0.000000000 0.000000000 0.980192840 -0.007331515 0.197909638 -0.759546671 0.000203472 0.999351323 0.036012989 -0.209017148 -0.198045284 -0.035259403 0.979558468 -3.429456375
189155633 0.486619939 0.865102092 0.500000000 0.500000000 0.000000000 0.000000000 0.979543924 -0.007527341 0.201089770 -0.770904918 0.000295176 0.999352813 0.035970658 -0.209410449 -0.201230377 -0.035175480 0.978912175 -3.434381109
189189000 0.486619939 0.865102092 0.500000000 0.500000000 0.000000000 0.000000000 0.978836417 -0.007635584 0.204501823 -0.783163080 0.000295285 0.999355316 0.035900053 -0.209728778 -0.204644099 -0.035079893 0.978207648 -3.439202453
189222367 0.486619939 0.865102092 0.500000000 0.500000000 0.000000000 0.000000000 0.978103399 -0.007557396 0.207982317 -0.795907783 0.000121973 0.999361098 0.035739891 -0.209722401 -0.208119541 -0.034931943 0.977479398 -3.444268632
189255733 0.486619939 0.865102092 0.500000000 0.500000000 0.000000000 0.000000000 0.977383614 -0.007409474 0.211344123 -0.807569200 -0.000105490 0.999368787 0.035524532 -0.209225092 -0.211473942 -0.034743391 0.976765931 -3.448545703
189289100 0.486619939 0.865102092 0.500000000 0.500000000 0.000000000 0.000000000 0.976603448 -0.007512242 0.214916751 -0.820081970 -0.000182472 0.999360383 0.035761006 -0.211083803 -0.215047926 -0.034963541 0.975977421 -3.453337625
189322467 0.486619939 0.865102092 0.500000000 0.500000000 0.000000000 0.000000000 0.975826561 -0.007626221 0.218413219 -0.832376105 -0.000191571 0.999360740 0.035750061 -0.211694158 -0.218546227 -0.034927703 0.975201309 -3.458058442
189355833 0.486619939 0.865102092 0.500000000 0.500000000 0.000000000 0.000000000 0.974992573 -0.007652964 0.222105592 -0.845514922 -0.000262367 0.999366581 0.035586327 -0.211915409 -0.222237244 -0.034754679 0.974372983 -3.462677118
189389200 0.486619939 0.865102092 0.500000000 0.500000000 0.000000000 0.000000000 0.974179864 -0.007856842 0.225636587 -0.858060986 -0.000226654 0.999359787 0.035777062 -0.213855294 -0.225773230 -0.034904435 0.973554373 -3.467462804
189422567 0.486619939 0.865102092 0.500000000 0.500000000 0.000000000 0.000000000 0.973325431 -0.007906295 0.229292527 -0.871488086 -0.000275596 0.999365032 0.035629243 -0.214096966 -0.229428634 -0.034742042 0.972705245 -3.472483934
189455933 0.486619939 0.865102092 0.500000000 0.500000000 0.000000000 0.000000000 0.972498715 -0.007985059 0.232771337 -0.883986898 -0.000334773 0.999363184 0.035681114 -0.215438025 -0.232908025 -0.034777761 0.971876740 -3.477601836
189489300 0.486619939 0.865102092 0.500000000 0.500000000 0.000000000 0.000000000 0.971618831 -0.007787239 0.236423686 -0.896932349 -0.000635060 0.999368548 0.035526719 -0.215400353 -0.236551046 -0.034668572 0.971000373 -3.482110151
189522667 0.486619939 0.865102092 0.500000000 0.500000000 0.000000000 0.000000000 0.970673025 -0.008019093 0.240269706 -0.911478908 -0.000641190 0.999353588 0.035944171 -0.218391209 -0.240402639 -0.035044096 0.970040441 -3.486592385
189556033 0.486619939 0.865102092 0.500000000 0.500000000 0.000000000 0.000000000 0.969841719 -0.008123873 0.243600085 -0.923792270 -0.000693535 0.999348342 0.036088649 -0.219632012 -0.243734524 -0.035169225 0.969204128 -3.490787030
189589400 0.486619939 0.865102092 0.500000000 0.500000000 0.000000000 0.000000000 0.968943477 -0.008174464 0.247147143 -0.936723410 -0.000748113 0.999351978 0.035986844 -0.220191819 -0.247281164 -0.035054114 0.968309462 -3.494993331
189622767 0.486619939 0.865102092 0.500000000 0.500000000 0.000000000 0.000000000 0.967960715 -0.008221429 0.250966936 -0.951214988 -0.000790028 0.999359190 0.035785098 -0.220508506 -0.251100332 -0.034836840 0.967333972 -3.498902554
189656133 0.486619939 0.865102092 0.500000000 0.500000000 0.000000000 0.000000000 0.967045724 -0.008177579 0.254471302 -0.964358449 -0.000806995 0.999380589 0.035182413 -0.218490006 -0.254601389 -0.034228358 0.966440141 -3.502874871
189689500 0.486619939 0.865102092 0.500000000 0.500000000 0.000000000 0.000000000 0.966011405 -0.008190826 0.258369654 -0.979214930 -0.000834516 0.999393821 0.034802895 -0.217776030 -0.258498102 -0.033835609 0.965418994 -3.506352658
189722867 0.486619939 0.865102092 0.500000000 0.500000000 0.000000000 0.000000000 0.964939594 -0.008085418 0.262347519 -0.994116233 -0.001090510 0.999393284 0.034811795 -0.218734195 -0.262469798 -0.033877373 0.964345336 -3.509526722
189756233 0.486619939 0.865102092 0.500000000 0.500000000 0.000000000 0.000000000 0.963915527 -0.008010072 0.266087860 -1.007190839 -0.001266968 0.999397874 0.034674630 -0.218563533 -0.266205370 -0.033760536 0.963324904 -3.512174370
189789600 0.486619939 0.865102092 0.500000000 0.500000000 0.000000000 0.000000000 0.962840319 -0.008416729 0.269940138 -1.020794604 -0.001001372 0.999396145 0.034732915 -0.220193101 -0.270069450 -0.033712562 0.962250471 -3.515172842
189822967 0.486619939 0.865102092 0.500000000 0.500000000 0.000000000 0.000000000 0.961695790 -0.008322007 0.273992658 -1.035593763 -0.001234179 0.999397457 0.034686688 -0.220801320 -0.274116218 -0.033696197 0.961106062 -3.517930723
189856333 0.486619939 0.865102092 0.500000000 0.500000000 0.000000000 0.000000000 0.960552692 -0.008323180 0.277973443 -1.049671977 -0.001362075 0.999399245 0.034631096 -0.221274823 -0.278094709 -0.033643615 0.959964275 -3.520530715
189889700 0.486619939 0.865102092 0.500000000 0.500000000 0.000000000 0.000000000 0.959396541 -0.008499869 0.281932652 -1.063914182 -0.001325492 0.999398947 0.034641013 -0.222463207 -0.282057643 -0.033608168 0.958808601 -3.523466510
189923067 0.486619939 0.865102092 0.500000000 0.500000000 0.000000000 0.000000000 0.958204448 -0.008483415 0.285958439 -1.078811989 -0.001455344 0.999402761 0.034525529 -0.222643445 -0.286080539 -0.033498682 0.957619846 -3.526519522
189956433 0.486619939 0.865102092 0.500000000 0.500000000 0.000000000 0.000000000 0.957017958 -0.008570353 0.289901912 -1.092850892 -0.001589654 0.999393284 0.034792732 -0.224812410 -0.290024221 -0.033758115 0.956423700 -3.529262717
189989800 0.486619939 0.865102092 0.500000000 0.500000000 0.000000000 0.000000000 0.955746889 -0.008587630 0.294064820 -1.108213707 -0.001671727 0.999399185 0.034618963 -0.224736608 -0.294185460 -0.033578560 0.955158293 -3.531971849
190023167 0.486619939 0.865102092 0.500000000 0.500000000 0.000000000 0.000000000 0.954545140 -0.008774274 0.297937274 -1.122911864 -0.001675244 0.999392927 0.034799419 -0.226723575 -0.298061728 -0.033716734 0.953950942 -3.535254763
190056533 0.486619939 0.865102092 0.500000000 0.500000000 0.000000000 0.000000000 0.953389287 -0.008738749 0.301616490 -1.136288121 -0.001751142 0.999403477 0.034491003 -0.226059311 -0.301737964 -0.033411525 0.952805281 -3.538272285
190089900 0.486619939 0.865102092 0.500000000 0.500000000 0.000000000 0.000000000 0.952070594 -0.008866103 0.305749923 -1.152270369 -0.001736950 0.999406993 0.034389362 -0.226932371 -0.305873513 -0.033272173 0.951490581 -3.541045089
190123267 0.486619939 0.865102092 0.500000000 0.500000000 0.000000000 0.000000000 0.950940847 -0.009007061 0.309241563 -1.165515922 -0.001716580 0.999407113 0.034387637 -0.228051101 -0.309367925 -0.033231445 0.950361609 -3.544559543
190156633 0.486619939 0.865102092 0.500000000 0.500000000 0.000000000 0.000000000 0.949725211 -0.009085063 0.312952906 -1.180303393 -0.001777723 0.999406278 0.034407787 -0.229151875 -0.313079685 -0.033234287 0.949145198 -3.548147478
