https://www.youtube.com/watch?v=AEeiAxj0v6k
34801433 0.533837514 0.949044418 0.500000000 0.500000000 0.000000000 0.000000000 0.998714626 0.002551348 -0.050622486 0.035585468 -0.002642729 0.999994993 -0.001738278 0.019887200 0.050617799 0.001869826 0.998716354 -0.238520590
34834800 0.533837514 0.949044418 0.500000000 0.500000000 0.000000000 0.000000000 0.998587430 0.002530572 -0.053073119 0.035824530 -0.002621469 0.999995232 -0.001643136 0.020380748 0.053068705 0.001779944 0.998589277 -0.248288814
34868167 0.533837514 0.949044418 0.500000000 0.500000000 0.000000000 0.000000000 0.998452365 0.002520081 -0.055555958 0.036367071 -0.002614542 0.999995232 -0.001627672 0.020760552 0.055551592 0.001770406 0.998454273 -0.257868634
34901533 0.533837514 0.949044418 0.500000000 0.500000000 0.000000000 0.000000000 0.998309195 0.002512881 -0.058073100 0.037019118 -0.002612394 0.999995232 -0.001637711 0.021096599 0.058068708 0.001786652 0.998310983 -0.267883115
34934900 0.533837514 0.949044418 0.500000000 0.500000000 0.000000000 0.000000000 0.998164058 0.002789780 -0.060504064 0.037538590 -0.002889154 0.999994636 -0.001555027 0.021551159 0.060499400 0.001726978 0.998166740 -0.277631989
34968267 0.533837514 0.949044418 0.500000000 0.500000000 0.000000000 0.000000000 0.998015344 0.002829083 -0.062908061 0.037781480 -0.002927836 0.999994636 -0.001477672 0.021458795 0.062903546 0.001658924 0.998018205 -0.287676889
35001633 0.533837514 0.949044418 0.500000000 0.500000000 0.000000000 0.000000000 0.997852802 0.002975791 -0.065428756 0.037977063 -0.003080728 0.999994099 -0.001503002 0.021662421 0.065423906 0.001701343 0.997856140 -0.297685522
35035000 0.533837514 0.949044418 0.500000000 0.500000000 0.000000000 0.000000000 0.997672141 0.002887637 -0.068132140 0.038327379 -0.002998028 0.999994338 -0.001518064 0.021808345 0.068127371 0.001718792 0.997675180 -0.307973670
35068367 0.533837514 0.949044418 0.500000000 0.500000000 0.000000000 0.000000000 0.997475326 0.002805633 -0.070958130 0.038490992 -0.002919861 0.999994576 -0.001506131 0.021894948 0.070953526 0.001709517 0.997478187 -0.318353057
35101733 0.533837514 0.949044418 0.500000000 0.500000000 0.000000000 0.000000000 0.997255564 0.002702302 -0.073986486 0.039424192 -0.002822703 0.999994874 -0.001522821 0.022162658 0.073981993 0.001727484 0.997258067 -0.328651189
35135100 0.533837514 0.949044418 0.500000000 0.500000000 0.000000000 0.000000000 0.997026980 0.002685116 -0.077006318 0.040306994 -0.002807782 0.999994934 -0.001484709 0.022619432 0.077001944 0.001696511 0.997029483 -0.339343133
35168467 0.533837514 0.949044418 0.500000000 0.500000000 0.000000000 0.000000000 0.996792614 0.002753978 -0.079980262 0.041735457 -0.002879921 0.999994814 -0.001459366 0.023046890 0.079975829 0.001685022 0.996795356 -0.349961882
35201833 0.533837514 0.949044418 0.500000000 0.500000000 0.000000000 0.000000000 0.996563315 0.002888011 -0.082784325 0.043575856 -0.003023020 0.999994278 -0.001505548 0.023823937 0.082779504 0.001750633 0.996566355 -0.360529676
35235200 0.533837514 0.949044418 0.500000000 0.500000000 0.000000000 0.000000000 0.996358037 0.003031496 -0.085213982 0.044992236 -0.003170256 0.999993861 -0.001493095 0.024405716 0.085208930 0.001757808 0.996361554 -0.371588181
35268567 0.533837514 0.949044418 0.500000000 0.500000000 0.000000000 0.000000000 0.996158600 0.003135961 -0.087511219 0.046194898 -0.003282596 0.999993443 -0.001531750 0.025204568 0.087505840 0.001813130 0.996162355 -0.382540676
35301933 0.533837514 0.949044418 0.500000000 0.500000000 0.000000000 0.000000000 0.995963097 0.003222386 -0.089706041 0.047454444 -0.003380449 0.999992967 -0.001610145 0.026292763 0.089700222 0.001906892 0.995966971 -0.393406082
35335300 0.533837514 0.949044418 0.500000000 0.500000000 0.000000000 0.000000000 0.995767832 0.003347386 -0.091843382 0.048276667 -0.003498703 0.999992788 -0.001486607 0.027160622 0.091837741 0.001801648 0.995772362 -0.404408436
35368667 0.533837514 0.949044418 0.500000000 0.500000000 0.000000000 0.000000000 0.995559216 0.003231202 -0.094081931 0.049292201 -0.003378102 0.999993324 -0.001402187 0.027990980 0.094076768 0.001713778 0.995563447 -0.415039234
35402033 0.533837514 0.949044418 0.500000000 0.500000000 0.000000000 0.000000000 0.995340168 0.003120384 -0.096375324 0.050477461 -0.003274288 0.999993622 -0.001438817 0.028948033 0.096370213 0.001747673 0.995344043 -0.425069772
35435400 0.533837514 0.949044418 0.500000000 0.500000000 0.000000000 0.000000000 0.995107293 0.003097745 -0.098751344 0.051803211 -0.003271129 0.999993384 -0.001593891 0.030063738 0.098745756 0.001909121 0.995110869 -0.435258269
35468767 0.533837514 0.949044418 0.500000000 0.500000000 0.000000000 0.000000000 0.994867802 0.003127880 -0.101135030 0.053279995 -0.003314549 0.999993086 -0.001677751 0.031111679 0.101129085 0.002004357 0.994871318 -0.444742226
35502133 0.533837514 0.949044418 0.500000000 0.500000000 0.000000000 0.000000000 0.994623244 0.003060958 -0.103514656 0.055005458 -0.003260115 0.999993145 -0.001754815 0.031997424 0.103508577 0.002082849 0.994626403 -0.454629371
35535500 0.533837514 0.949044418 0.500000000 0.500000000 0.000000000 0.000000000 0.994388640 0.003136386 -0.105742060 0.056330652 -0.003341341 0.999992847 -0.001761149 0.032700405 0.105735779 0.002104587 0.994392037 -0.464147888
35568867 0.533837514 0.949044418 0.500000000 0.500000000 0.000000000 0.000000000 0.994142592 0.003041638 -0.108033605 0.058113021 -0.003262467 0.999992907 -0.001867390 0.033686337 0.108027160 0.002208908 0.994145513 -0.473778932
35602233 0.533837514 0.949044418 0.500000000 0.500000000 0.000000000 0.000000000 0.993892491 0.002934651 -0.110313557 0.059885749 -0.003152350 0.999993384 -0.001799102 0.034444884 0.110307552 0.002135861 0.993895233 -0.483417963
35635600 0.533837514 0.949044418 0.500000000 0.500000000 0.000000000 0.000000000 0.993637681 0.002973076 -0.112584785 0.061716277 -0.003175229 0.999993682 -0.001616294 0.034888757 0.112579264 0.001963493 0.993640780 -0.492925965
35668967 0.533837514 0.949044418 0.500000000 0.500000000 0.000000000 0.000000000 0.993368387 0.002857111 -0.114939392 0.063645796 -0.003060188 0.999994040 -0.001590403 0.035364923 0.114934161 0.001931592 0.993371248 -0.502279936
35702333 0.533837514 0.949044418 0.500000000 0.500000000 0.000000000 0.000000000 0.993079603 0.002829924 -0.117408872 0.065510619 -0.003055415 0.999993801 -0.001740610 0.036029847 0.117403224 0.002087297 0.993082106 -0.511753713
35735700 0.533837514 0.949044418 0.500000000 0.500000000 0.000000000 0.000000000 0.992752671 0.002893681 -0.120140485 0.067575111 -0.003136801 0.999993384 -0.001834566 0.036871300 0.120134383 0.002198127 0.992755234 -0.521225758
35769067 0.533837514 0.949044418 0.500000000 0.500000000 0.000000000 0.000000000 0.992371440 0.002814733 -0.123251989 0.070250532 -0.003049847 0.999993861 -0.001718953 0.037442627 0.123246402 0.002081739 0.992373943 -0.531059425
35802433 0.533837514 0.949044418 0.500000000 0.500000000 0.000000000 0.000000000 0.991973162 0.002976632 -0.126413584 0.072873352 -0.003214853 0.999993443 -0.001680480 0.038034359 0.126407743 0.002073393 0.991976202 -0.540764272
35835800 0.533837514 0.949044418 0.500000000 0.500000000 0.000000000 0.000000000 0.991524279 0.002824568 -0.129890829 0.076024630 -0.003061338 0.999993980 -0.001623210 0.038656461 0.129885465 0.002007092 0.991526961 -0.550522306
35869167 0.533837514 0.949044418 0.500000000 0.500000000 0.000000000 0.000000000 0.991024971 0.002793614 -0.133647710 0.079414986 -0.003045844 0.999993920 -0.001682865 0.039661076 0.133642197 0.002074831 0.991027474 -0.560215142
35902533 0.533837514 0.949044418 0.500000000 0.500000000 0.000000000 0.000000000 0.990496278 0.002915330 -0.137508512 0.083186276 -0.003179828 0.999993503 -0.001703867 0.040783709 0.137502655 0.002124927 0.990499139 -0.569913688
35935900 0.533837514 0.949044418 0.500000000 0.500000000 0.000000000 0.000000000 0.989938438 0.002824750 -0.141470537 0.087371109 -0.003088037 0.999993861 -0.001641572 0.041895219 0.141465038 0.002061922 0.989941120 -0.579357269
35969267 0.533837514 0.949044418 0.500000000 0.500000000 0.000000000 0.000000000 0.989351094 0.002924316 -0.145519108 0.091351529 -0.003182700 0.999993742 -0.001542823 0.043068373 0.145513684 0.001989537 0.989354253 -0.588540328
36002633 0.533837514 0.949044418 0.500000000 0.500000000 0.000000000 0.000000000 0.988708913 0.002937268 -0.149819940 0.095844642 -0.003207222 0.999993622 -0.001560273 0.044336259 0.149814412 0.002023161 0.988712072 -0.597684901
36036000 0.533837514 0.949044418 0.500000000 0.500000000 0.000000000 0.000000000 0.988004088 0.002870931 -0.154400900 0.100438027 -0.003156676 0.999993742 -0.001605536 0.045800153 0.154395327 0.002073670 0.988006949 -0.606663594
36069367 0.533837514 0.949044418 0.500000000 0.500000000 0.000000000 0.000000000 0.987194836 0.002865753 -0.159493431 0.105870704 -0.003157937 0.999993742 -0.001578523 0.047096355 0.159487918 0.002061980 0.987197697 -0.615354992
36102733 0.533837514 0.949044418 0.500000000 0.500000000 0.000000000 0.000000000 0.986326158 0.002777089 -0.164781526 0.111912677 -0.003071236 0.999994099 -0.001530315 0.048306633 0.164776310 0.002015472 0.986328900 -0.623839579
36136100 0.533837514 0.949044418 0.500000000 0.500000000 0.000000000 0.000000000 0.985453546 0.002811664 -0.169921651 0.117965309 -0.003104861 0.999994099 -0.001459786 0.049486907 0.169916555 0.001966134 0.985456467 -0.632084979
36169467 0.533837514 0.949044418 0.500000000 0.500000000 0.000000000 0.000000000 0.984548151 0.002949801 -0.175089374 0.124237679 -0.003250977 0.999993682 -0.001433332 0.050461355 0.175084054 0.001980396 0.984551489 -0.640564745
36202833 0.533837514 0.949044418 0.500000000 0.500000000 0.000000000 0.000000000 0.983603835 0.002954660 -0.180318356 0.130432408 -0.003268485 0.999993622 -0.001443304 0.051411745 0.180312946 0.002009007 0.983607233 -0.648898290
36236200 0.533837514 0.949044418 0.500000000 0.500000000 0.000000000 0.000000000 0.982632101 0.002936763 -0.185541213 0.136876071 -0.003277098 0.999993443 -0.001527626 0.052489017 0.185535520 0.002109131 0.982635319 -0.656954511
36269567 0.533837514 0.949044418 0.500000000 0.500000000 0.000000000 0.000000000 0.981628954 0.002828471 -0.190778792 0.143376174 -0.003146980 0.999994099 -0.001366566 0.053063173 0.190773815 0.001941837 0.981632113 -0.664819377
36302933 0.533837514 0.949044418 0.500000000 0.500000000 0.000000000 0.000000000 0.980565190 0.002843146 -0.196172878 0.149652955 -0.003145562 0.999994278 -0.001230031 0.053701048 0.196168259 0.001823199 0.980568528 -0.672282356
36336300 0.533837514 0.949044418 0.500000000 0.500000000 0.000000000 0.000000000 0.979424179 0.002884618 -0.201791748 0.156540327 -0.003207869 0.999994040 -0.001274898 0.054562957 0.201786876 0.001895987 0.979427636 -0.679762689
36369667 0.533837514 0.949044418 0.500000000 0.500000000 0.000000000 0.000000000 0.978251636 0.002998544 -0.207399905 0.163293526 -0.003317883 0.999993801 -0.001191891 0.055368944 0.207395047 0.001854098 0.978255510 -0.686851031
36403033 0.533837514 0.949044418 0.500000000 0.500000000 0.000000000 0.000000000 0.976986229 0.002860959 -0.213283226 0.170490244 -0.003119325 0.999994755 -0.000874860 0.055701603 0.213279605 0.001520026 0.976990044 -0.693431944
36436400 0.533837514 0.949044418 0.500000000 0.500000000 0.000000000 0.000000000 0.976394117 0.002762318 -0.215978816 0.173959252 -0.002982027 0.999995291 -0.000691402 0.055900444 0.215975896 0.001319135 0.976397812 -0.696429784
36469767 0.533837514 0.949044418 0.500000000 0.500000000 0.000000000 0.000000000 0.975103498 0.002748710 -0.221733093 0.181473522 -0.002974442 0.999995351 -0.000684118 0.056581318 0.221730173 0.001326618 0.975107133 -0.703037230
36503133 0.533837514 0.949044418 0.500000000 0.500000000 0.000000000 0.000000000 0.973818421 0.003041189 -0.227306828 0.188391156 -0.003247408 0.999994576 -0.000533258 0.057364349 0.227303982 0.001257455 0.973823071 -0.709363575
36536500 0.533837514 0.949044418 0.500000000 0.500000000 0.000000000 0.000000000 0.972453117 0.002910724 -0.233080253 0.195938492 -0.003074014 0.999995232 -0.000337327 0.057789830 0.233078152 0.001044526 0.972457469 -0.715939925
36569867 0.533837514 0.949044418 0.500000000 0.500000000 0.000000000 0.000000000 0.971073031 0.002996403 -0.238763779 0.203448975 -0.003172021 0.999994934 -0.000351290 0.058434860 0.238761514 0.001098492 0.971077621 -0.721892078
36603233 0.533837514 0.949044418 0.500000000 0.500000000 0.000000000 0.000000000 0.969628274 0.003043068 -0.244564354 0.211131160 -0.003160196 0.999994993 -0.000086532 0.058603576 0.244562864 0.000856775 0.969633043 -0.728389019
36669967 0.533837514 0.949044418 0.500000000 0.500000000 0.000000000 0.000000000 0.966554224 0.002986819 -0.256444961 0.227389996 -0.003007065 0.999995410 0.000313184 0.059289370 0.256444722 0.000468438 0.966558754 -0.739810964
36703333 0.533837514 0.949044418 0.500000000 0.500000000 0.000000000 0.000000000 0.964989364 0.003155358 -0.262270063 0.235599314 -0.003176982 0.999994874 0.000341587 0.059515983 0.262269795 0.000503600 0.964994431 -0.745337806
36736700 0.533837514 0.949044418 0.500000000 0.500000000 0.000000000 0.000000000 0.963300645 0.002948752 -0.268408567 0.244323037 -0.002966194 0.999995530 0.000340534 0.059980421 0.268408388 0.000468115 0.963305116 -0.750668470
36770067 0.533837514 0.949044418 0.500000000 0.500000000 0.000000000 0.000000000 0.961543441 0.003145903 -0.274634808 0.253697780 -0.003135287 0.999994993 0.000477625 0.060238266 0.274634928 0.000401802 0.961548507 -0.755619115
36803433 0.533837514 0.949044418 0.500000000 0.500000000 0.000000000 0.000000000 0.959826052 0.003300287 -0.280576199 0.262394335 -0.003260403 0.999994516 0.000608921 0.060709067 0.280576676 0.000330334 0.959831536 -0.761321854
36836800 0.533837514 0.949044418 0.500000000 0.500000000 0.000000000 0.000000000 0.957946002 0.003153919 -0.286931127 0.272045602 -0.003116831 0.999994993 0.000586019 0.061360850 0.286931515 0.000332941 0.957951009 -0.766346605
36870167 0.533837514 0.949044418 0.500000000 0.500000000 0.000000000 0.000000000 0.956032693 0.003183692 -0.293242812 0.282044063 -0.003066947 0.999994934 0.000857905 0.062015085 0.293244064 0.000079175 0.956037641 -0.770999835
36903533 0.533837514 0.949044418 0.500000000 0.500000000 0.000000000 0.000000000 0.954032540 0.003203788 -0.299685955 0.291875986 -0.003080586 0.999994874 0.000883567 0.063003178 0.299687237 0.000080256 0.954037488 -0.775269366
36936900 0.533837514 0.949044418 0.500000000 0.500000000 0.000000000 0.000000000 0.952062905 0.003439315 -0.305882901 0.301996646 -0.003233525 0.999994099 0.001179455 0.063455235 0.305885136 -0.000133835 0.952068388 -0.779563579
37003633 0.533837514 0.949044418 0.500000000 0.500000000 0.000000000 0.000000000 0.947943270 0.003823632 -0.318416238 0.322386104 -0.003547280 0.999992669 0.001447740 0.065194673 0.318419427 -0.000242863 0.947949886 -0.787660509
37037000 0.533837514 0.949044418 0.500000000 0.500000000 0.000000000 0.000000000 0.945913613 0.004029227 -0.324393570 0.331325574 -0.003739792 0.999991834 0.001515670 0.066578054 0.324397027 -0.000220528 0.945921004 -0.791509055
37070367 0.533837514 0.949044418 0.500000000 0.500000000 0.000000000 0.000000000 0.943663895 0.003965339 -0.330881834 0.341537020 -0.003634230 0.999992073 0.001619360 0.067708758 0.330885619 -0.000325631 0.943670809 -0.794678316
37103733 0.533837514 0.949044418 0.500000000 0.500000000 0.000000000 0.000000000 0.941384614 0.003843815 -0.337313294 0.351313735 -0.003553624 0.999992609 0.001477735 0.068762181 0.337316483 -0.000192433 0.941391289 -0.797673462
37137100 0.533837514 0.949044418 0.500000000 0.500000000 0.000000000 0.000000000 0.939064801 0.004061114 -0.343716145 0.360913456 -0.003679222 0.999991655 0.001763232 0.070052981 0.343720466 -0.000391181 0.939071953 -0.801163045
37170467 0.533837514 0.949044418 0.500000000 0.500000000 0.000000000 0.000000000 0.936621726 0.003766294 -0.350322038 0.371639087 -0.003349738 0.999992788 0.001795003 0.071212963 0.350326270 -0.000507752 0.936627567 -0.802608076
37203833 0.533837514 0.949044418 0.500000000 0.500000000 0.000000000 0.000000000 0.934135199 0.003824227 -0.356898814 0.382446467 -0.003408993 0.999992609 0.001792493 0.072443565 0.356903046 -0.000457765 0.934141338 -0.804684068
37237200 0.533837514 0.949044418 0.500000000 0.500000000 0.000000000 0.000000000 0.931692481 0.003743665 -0.363228679 0.393275386 -0.003369472 0.999992967 0.001663765 0.074086185 0.363232344 -0.000326229 0.931698561 -0.805251926
37270567 0.533837514 0.949044418 0.500000000 0.500000000 0.000000000 0.000000000 0.929152966 0.003655114 -0.369677454 0.404543755 -0.003134209 0.999993086 0.002009670 0.074836724 0.369682252 -0.000708645 0.929157972 -0.806288503
37303933 0.533837514 0.949044418 0.500000000 0.500000000 0.000000000 0.000000000 0.926676989 0.003781380 -0.375839680 0.415305867 -0.003193195 0.999992490 0.002187877 0.075460910 0.375845134 -0.000827325 0.926682115 -0.806538037
37337300 0.533837514 0.949044418 0.500000000 0.500000000 0.000000000 0.000000000 0.924076855 0.004037681 -0.382185429 0.425900490 -0.003477321 0.999991655 0.002156900 0.076862073 0.382190943 -0.000664160 0.924083114 -0.807254922
37404033 0.533837514 0.949044418 0.500000000 0.500000000 0.000000000 0.000000000 0.918531179 0.003832750 -0.395329922 0.447868206 -0.003213987 0.999992371 0.002227440 0.078349260 0.395335436 -0.000775388 0.918536484 -0.808490639
37437400 0.533837514 0.949044418 0.500000000 0.500000000 0.000000000 0.000000000 0.915704608 0.004103040 -0.401831061 0.458827073 -0.003457500 0.999991298 0.002331717 0.079082678 0.401837111 -0.000745833 0.915710866 -0.807913607
37470767 0.533837514 0.949044418 0.500000000 0.500000000 0.000000000 0.000000000 0.912647426 0.003715749 -0.408730805 0.471235991 -0.002873435 0.999992311 0.002674835 0.078854591 0.408737570 -0.001266720 0.912651062 -0.807488248
37504133 0.533837514 0.949044418 0.500000000 0.500000000 0.000000000 0.000000000 0.909618378 0.003870477 -0.415426850 0.483397476 -0.002936753 0.999991536 0.002886477 0.079680328 0.415434510 -0.001405586 0.909622014 -0.805783235
37537500 0.533837514 0.949044418 0.500000000 0.500000000 0.000000000 0.000000000 0.906571686 0.004000380 -0.422032893 0.495464292 -0.002973163 0.999990821 0.003092075 0.080075821 0.422041386 -0.001548415 0.906575263 -0.805369103
37570867 0.533837514 0.949044418 0.500000000 0.500000000 0.000000000 0.000000000 0.903542697 0.004175356 -0.428477705 0.508111562 -0.003070698 0.999989927 0.003269266 0.080914751 0.428487033 -0.001638196 0.903546453 -0.803165018
37604233 0.533837514 0.949044418 0.500000000 0.500000000 0.000000000 0.000000000 0.900583386 0.004955278 -0.434655070 0.519622007 -0.003994524 0.999987125 0.003123885 0.083566374 0.434664935 -0.001077079 0.900591612 -0.801675961
37637600 0.533837514 0.949044418 0.500000000 0.500000000 0.000000000 0.000000000 0.897616863 0.004698484 -0.440751463 0.532030829 -0.003468844 0.999987543 0.003595524 0.082747884 0.440762848 -0.001698505 0.897621989 -0.799899703
37670967 0.533837514 0.949044418 0.500000000 0.500000000 0.000000000 0.000000000 0.894563854 0.004676998 -0.446915686 0.544372548 -0.003387368 0.999987483 0.003684637 0.083613573 0.446927339 -0.001782275 0.894568503 -0.797664761
37704333 0.533837514 0.949044418 0.500000000 0.500000000 0.000000000 0.000000000 0.891459346 0.004680394 -0.453076571 0.556768769 -0.003210570 0.999986768 0.004013095 0.084305484 0.453089356 -0.002122877 0.891462564 -0.794524182
37737700 0.533837514 0.949044418 0.500000000 0.500000000 0.000000000 0.000000000 0.888364077 0.004890566 -0.459113657 0.568435187 -0.003416251 0.999985993 0.004041750 0.085546061 0.459126979 -0.002022099 0.888368368 -0.793649196
37771067 0.533837514 0.949044418 0.500000000 0.500000000 0.000000000 0.000000000 0.885228872 0.004969425 -0.465129167 0.580572518 -0.003117713 0.999983847 0.004750196 0.085387257 0.465145260 -0.002754872 0.885230064 -0.790742605
37804433 0.533837514 0.949044418 0.500000000 0.500000000 0.000000000 0.000000000 0.881932020 0.004769232 -0.471352518 0.593361539 -0.002933216 0.999984980 0.004629791 0.086630642 0.471367508 -0.002700582 0.881932735 -0.786660721
37837800 0.533837514 0.949044418 0.500000000 0.500000000 0.000000000 0.000000000 0.878736436 0.005005360 -0.477281064 0.605146473 -0.003117045 0.999983847 0.004748182 0.087561519 0.477297127 -0.002684694 0.878737867 -0.784706110
37871167 0.533837514 0.949044418 0.500000000 0.500000000 0.000000000 0.000000000 0.875499606 0.005008737 -0.483192831 0.617353405 -0.002914974 0.999982834 0.005084082 0.088291581 0.483209997 -0.003042618 0.875499189 -0.780140072
37904533 0.533837514 0.949044418 0.500000000 0.500000000 0.000000000 0.000000000 0.872210801 0.004904103 -0.489105612 0.629618931 -0.002528013 0.999981582 0.005518342 0.088045401 0.489123672 -0.003576692 0.872207105 -0.775560068
37937900 0.533837514 0.949044418 0.500000000 0.500000000 0.000000000 0.000000000 0.869103611 0.005529146 -0.494599164 0.639760555 -0.003253411 0.999979794 0.005461966 0.089507018 0.494619370 -0.003137880 0.869104028 -0.773130148
37971267 0.533837514 0.949044418 0.500000000 0.500000000 0.000000000 0.000000000 0.865660071 0.005384224 -0.500603318 0.651794264 -0.002988505 0.999979913 0.005587431 0.090375377 0.500623345 -0.003340760 0.865658760 -0.768123084
38004633 0.533837514 0.949044418 0.500000000 0.500000000 0.000000000 0.000000000 0.862302661 0.005624485 -0.506362081 0.663032973 -0.003106569 0.999978244 0.005817102 0.091344541 0.506383777 -0.003443054 0.862301350 -0.763148636
38038000 0.533837514 0.949044418 0.500000000 0.500000000 0.000000000 0.000000000 0.858979642 0.005557748 -0.511979640 0.673815258 -0.002850372 0.999977469 0.006072921 0.091693382 0.512001872 -0.003757183 0.858976126 -0.757905005
38071367 0.533837514 0.949044418 0.500000000 0.500000000 0.000000000 0.000000000 0.855553985 0.005838239 -0.517680645 0.684351910 -0.003103274 0.999976277 0.006148737 0.092626708 0.517704248 -0.003654072 0.855551839 -0.752876613
38104733 0.533837514 0.949044418 0.500000000 0.500000000 0.000000000 0.000000000 0.851998568 0.005732627 -0.523512721 0.695292447 -0.002839877 0.999975920 0.006328248 0.092855187 0.523536444 -0.003904947 0.851994336 -0.747518463
38138100 0.533837514 0.949044418 0.500000000 0.500000000 0.000000000 0.000000000 0.848422110 0.006126428 -0.529284775 0.705977556 -0.003097727 0.999973357 0.006609078 0.093505271 0.529311121 -0.003967709 0.848418534 -0.741607734
38171467 0.533837514 0.949044418 0.500000000 0.500000000 0.000000000 0.000000000 0.844787717 0.006065301 -0.535067201 0.716235245 -0.002756748 0.999971807 0.006982792 0.093312677 0.535094500 -0.004423931 0.844780624 -0.735717387
38204833 0.533837514 0.949044418 0.500000000 0.500000000 0.000000000 0.000000000 0.841138244 0.006342561 -0.540782928 0.726230768 -0.003020087 0.999970734 0.007030668 0.094125455 0.540811718 -0.004280553 0.841132760 -0.730362910
38238200 0.533837514 0.949044418 0.500000000 0.500000000 0.000000000 0.000000000 0.837283611 0.006299770 -0.546732545 0.736919015 -0.002689619 0.999969006 0.007403257 0.094069862 0.546762168 -0.004728124 0.837274611 -0.723673510
38271567 0.533837514 0.949044418 0.500000000 0.500000000 0.000000000 0.000000000 0.833493114 0.006547656 -0.552491009 0.747621075 -0.002767676 0.999966741 0.007675416 0.094499124 0.552522898 -0.004868290 0.833483517 -0.717173254
38304933 0.533837514 0.949044418 0.500000000 0.500000000 0.000000000 0.000000000 0.829725683 0.006777299 -0.558130205 0.757543397 -0.002644140 0.999962807 0.008211588 0.094016338 0.558165133 -0.005337591 0.829712749 -0.710381162
38338300 0.533837514 0.949044418 0.500000000 0.500000000 0.000000000 0.000000000 0.825830996 0.006910296 -0.563875377 0.767689678 -0.002840900 0.999963224 0.008093879 0.095367898 0.563910604 -0.005082262 0.825820208 -0.702153139
38371667 0.533837514 0.949044418 0.500000000 0.500000000 0.000000000 0.000000000 0.821931481 0.007132027 -0.569541752 0.777465131 -0.002846341 0.999960542 0.008414218 0.095187394 0.569579244 -0.005294801 0.821919382 -0.695170349
38405033 0.533837514 0.949044418 0.500000000 0.500000000 0.000000000 0.000000000 0.817924678 0.007131963 -0.575281084 0.787532676 -0.002839726 0.999961019 0.008359397 0.095997395 0.575318277 -0.005203717 0.817913055 -0.686769709
38438400 0.533837514 0.949044418 0.500000000 0.500000000 0.000000000 0.000000000 0.813983262 0.007551498 -0.580839217 0.797517560 -0.002942233 0.999956250 0.008877222 0.095418011 0.580880880 -0.005516946 0.813969910 -0.679332089
38471767 0.533837514 0.949044418 0.500000000 0.500000000 0.000000000 0.000000000 0.809775233 0.007336963 -0.586694300 0.807926224 -0.002611725 0.999956965 0.008900269 0.095766676 0.586734354 -0.005674933 0.809759557 -0.670607764
38505133 0.533837514 0.949044418 0.500000000 0.500000000 0.000000000 0.000000000 0.805759251 0.007880887 -0.592190802 0.817769614 -0.003122400 0.999954104 0.009058942 0.096217454 0.592235029 -0.005450270 0.805746853 -0.662380325
38538500 0.533837514 0.949044418 0.500000000 0.500000000 0.000000000 0.000000000 0.801559269 0.007469393 -0.597868681 0.828106599 -0.002589700 0.999955952 0.009020820 0.096168178 0.597909749 -0.005682421 0.801543295 -0.653374056
38571867 0.533837514 0.949044418 0.500000000 0.500000000 0.000000000 0.000000000 0.797353566 0.007886806 -0.603460968 0.838592653 -0.002913068 0.999953270 0.009219639 0.096823154 0.603505492 -0.005593389 0.797339261 -0.644334322
38605233 0.533837514 0.949044418 0.500000000 0.500000000 0.000000000 0.000000000 0.793065310 0.007706109 -0.609087884 0.849169414 -0.002571618 0.999953449 0.009302909 0.097064267 0.609131157 -0.005811472 0.793048203 -0.634704199
38638600 0.533837514 0.949044418 0.500000000 0.500000000 0.000000000 0.000000000 0.788847983 0.007961550 -0.614536822 0.859545586 -0.002643413 0.999950767 0.009561521 0.096671374 0.614582717 -0.005918112 0.788830221 -0.624876113
38671967 0.533837514 0.949044418 0.500000000 0.500000000 0.000000000 0.000000000 0.784457147 0.007954489 -0.620131969 0.870217891 -0.002452392 0.999949694 0.009724209 0.096276393 0.620178163 -0.006107418 0.784437239 -0.615663449
38705333 0.533837514 0.949044418 0.500000000 0.500000000 0.000000000 0.000000000 0.780038774 0.007907282 -0.625681221 0.880977781 -0.002319107 0.999949813 0.009746004 0.096137074 0.625726879 -0.006151239 0.780017972 -0.605476120
38738700 0.533837514 0.949044418 0.500000000 0.500000000 0.000000000 0.000000000 0.775744081 0.008241489 -0.630993843 0.891462000 -0.002574825 0.999947727 0.009894949 0.095995161 0.631042421 -0.006051249 0.775724769 -0.595893796
38772067 0.533837514 0.949044418 0.500000000 0.500000000 0.000000000 0.000000000 0.771360695 0.008250452 -0.636344731 0.901823733 -0.002518159 0.999947727 0.009912254 0.096048391 0.636393249 -0.006043506 0.771341145 -0.584127065
38805433 0.533837514 0.949044418 0.500000000 0.500000000 0.000000000 0.000000000 0.766926408 0.008493531 -0.641678810 0.912149943 -0.002497589 0.999944329 0.010250596 0.095479155 0.641730189 -0.006258803 0.766904950 -0.574715070
38838800 0.533837514 0.949044418 0.500000000 0.500000000 0.000000000 0.000000000 0.762535334 0.008717938 -0.646887779 0.922088882 -0.002612304 0.999942541 0.010396644 0.095257059 0.646941245 -0.006237941 0.762514293 -0.563353922
38872167 0.533837514 0.949044418 0.500000000 0.500000000 0.000000000 0.000000000 0.758010626 0.008499057 -0.652186871 0.932247114 -0.002106566 0.999941766 0.010582493 0.094460702 0.652238846 -0.006647767 0.757984400 -0.553308242
38905533 0.533837514 0.949044418 0.500000000 0.500000000 0.000000000 0.000000000 0.753619313 0.008526428 -0.657255828 0.941914147 -0.002224218 0.999943197 0.010421711 0.094574691 0.657307386 -0.006392122 0.753595471 -0.542650941
38938900 0.533837514 0.949044418 0.500000000 0.500000000 0.000000000 0.000000000 0.749059856 0.008556511 -0.662447095 0.951903086 -0.002075475 0.999942005 0.010568936 0.094575318 0.662499070 -0.006541873 0.749034166 -0.532182223
38972267 0.533837514 0.949044418 0.500000000 0.500000000 0.000000000 0.000000000 0.744643927 0.008611222 -0.667406380 0.961039229 -0.002002950 0.999941111 0.010667008 0.094403568 0.667458951 -0.006606341 0.744617283 -0.521227831
39005633 0.533837514 0.949044418 0.500000000 0.500000000 0.000000000 0.000000000 0.740013123 0.008666082 -0.672536552 0.970834258 -0.001811394 0.999939024 0.010891748 0.093936722 0.672589958 -0.006841808 0.739983737 -0.510528169
39039000 0.533837514 0.949044418 0.500000000 0.500000000 0.000000000 0.000000000 0.735684574 0.008795509 -0.677267194 0.979371323 -0.001972739 0.999939263 0.010843079 0.093576889 0.677321434 -0.006641014 0.735657275 -0.499514840
39072367 0.533837514 0.949044418 0.500000000 0.500000000 0.000000000 0.000000000 0.731221974 0.009104697 -0.682078838 0.988213775 -0.002281476 0.999937952 0.010901771 0.093525515 0.682135820 -0.006415467 0.731197357 -0.489496244
39105733 0.533837514 0.949044418 0.500000000 0.500000000 0.000000000 0.000000000 0.727032006 0.009131278 -0.686542869 0.996470850 -0.002151474 0.999936938 0.011021179 0.093271909 0.686600208 -0.006535670 0.727005780 -0.478304698
39139100 0.533837514 0.949044418 0.500000000 0.500000000 0.000000000 0.000000000 0.722660542 0.008981513 -0.691144764 1.004951481 -0.001795051 0.999936581 0.011117398 0.092836073 0.691200793 -0.006793464 0.722630799 -0.467874971
39172467 0.533837514 0.949044418 0.500000000 0.500000000 0.000000000 0.000000000 0.718590677 0.008986874 -0.695375204 1.012616870 -0.001876947 0.999937892 0.010983364 0.092590813 0.695430756 -0.006587360 0.718562901 -0.457548640
39205833 0.533837514 0.949044418 0.500000000 0.500000000 0.000000000 0.000000000 0.714391410 0.009004391 -0.699688375 1.020411477 -0.001881339 0.999938309 0.010947478 0.092495714 0.699743807 -0.006504433 0.714364290 -0.448117567
39239200 0.533837514 0.949044418 0.500000000 0.500000000 0.000000000 0.000000000 0.710226893 0.009377582 -0.703910351 1.027953718 -0.002271082 0.999936581 0.011029820 0.092330801 0.703969181 -0.006235037 0.710203171 -0.438375808
39272567 0.533837514 0.949044418 0.500000000 0.500000000 0.000000000 0.000000000 0.705995619 0.009337974 -0.708154619 1.035586236 -0.002019854 0.999935567 0.011171803 0.091652756 0.708213329 -0.006456874 0.705968976 -0.428458347
39305933 0.533837514 0.949044418 0.500000000 0.500000000 0.000000000 0.000000000 0.701859176 0.009490382 -0.712252498 1.042456642 -0.002133678 0.999934793 0.011221051 0.091276329 0.712312520 -0.006355880 0.701833665 -0.418403463
39339300 0.533837514 0.949044418 0.500000000 0.500000000 0.000000000 0.000000000 0.697688341 0.009757786 -0.716334999 1.049844974 -0.002340602 0.999932945 0.011341232 0.090562499 0.716397583 -0.006235990 0.697664380 -0.408839839
39372667 0.533837514 0.949044418 0.500000000 0.500000000 0.000000000 0.000000000 0.693712652 0.009980620 -0.720182717 1.056712744 -0.002615729 0.999932289 0.011337928 0.090463940 0.720247090 -0.005981462 0.693691790 -0.398782750
39406033 0.533837514 0.949044418 0.500000000 0.500000000 0.000000000 0.000000000 0.689523578 0.010084013 -0.724193037 1.063751429 -0.002555132 0.999930739 0.011490708 0.090215272 0.724258721 -0.006072706 0.689501584 -0.388914536
39439400 0.533837514 0.949044418 0.500000000 0.500000000 0.000000000 0.000000000 0.685625851 0.010025769 -0.727885067 1.070412448 -0.002677535 0.999933124 0.011250831 0.090481147 0.727949202 -0.005764923 0.685606837 -0.378194222
39472767 0.533837514 0.949044418 0.500000000 0.500000000 0.000000000 0.000000000 0.681579530 0.009864465 -0.731677532 1.077434811 -0.002281724 0.999932945 0.011355586 0.089809026 0.731740475 -0.006070249 0.681556344 -0.368818970
39506133 0.533837514 0.949044418 0.500000000 0.500000000 0.000000000 0.000000000 0.677500248 0.009852290 -0.735456526 1.084330740 -0.002515330 0.999935448 0.011078177 0.090212445 0.735518217 -0.005655552 0.677481294 -0.358459228
39539500 0.533837514 0.949044418 0.500000000 0.500000000 0.000000000 0.000000000 0.673384368 0.010016788 -0.739224732 1.091745654 -0.002719611 0.999935031 0.011072131 0.090412436 0.739287555 -0.005445396 0.673367798 -0.348171011
39572867 0.533837514 0.949044418 0.500000000 0.500000000 0.000000000 0.000000000 0.669443667 0.009803317 -0.742798150 1.098665138 -0.002549354 0.999937356 0.010899399 0.090537115 0.742858410 -0.005402879 0.669426739 -0.337938462
39606233 0.533837514 0.949044418 0.500000000 0.500000000 0.000000000 0.000000000 0.665528655 0.010107412 -0.746303856 1.106139134 -0.002657554 0.999934077 0.011172483 0.090256160 0.746367574 -0.005452264 0.665511608 -0.328524044
39639600 0.533837514 0.949044418 0.500000000 0.500000000 0.000000000 0.000000000 0.661685765 0.009885198 -0.749716103 1.113091833 -0.002470534 0.999936402 0.011003968 0.090115145 0.749777198 -0.005428970 0.661668122 -0.317927965
39672967 0.533837514 0.949044418 0.500000000 0.500000000 0.000000000 0.000000000 0.657607794 0.009842161 -0.753296137 1.120855296 -0.002592226 0.999938309 0.010801709 0.090660553 0.753355980 -0.005150575 0.657592714 -0.308043554
39706333 0.533837514 0.949044418 0.500000000 0.500000000 0.000000000 0.000000000 0.653817534 0.009749016 -0.756589472 1.128043369 -0.002516654 0.999939501 0.010709895 0.090823855 0.756648064 -0.005098244 0.653802514 -0.297765311
39739700 0.533837514 0.949044418 0.500000000 0.500000000 0.000000000 0.000000000 0.649774432 0.009732641 -0.760064781 1.135368384 -0.002338290 0.999938905 0.010805245 0.090648937 0.760123491 -0.005243720 0.649757504 -0.287812753
39773067 0.533837514 0.949044418 0.500000000 0.500000000 0.000000000 0.000000000 0.645867646 0.009784272 -0.763386667 1.142307167 -0.002373019 0.999938786 0.010808436 0.090186633 0.763445675 -0.005169289 0.645851374 -0.277798824
39806433 0.533837514 0.949044418 0.500000000 0.500000000 0.000000000 0.000000000 0.641785502 0.009837992 -0.766821086 1.149541917 -0.002654812 0.999940217 0.010606886 0.090465968 0.766879559 -0.004771580 0.641773283 -0.267976217
39839800 0.533837514 0.949044418 0.500000000 0.500000000 0.000000000 0.000000000 0.637675703 0.009641599 -0.770244598 1.156379875 -0.002363228 0.999941468 0.010560362 0.090412918 0.770301342 -0.004913822 0.637661159 -0.257410398
39873167 0.533837514 0.949044418 0.500000000 0.500000000 0.000000000 0.000000000 0.633209646 0.009513813 -0.773921847 1.163531985 -0.002286893 0.999943078 0.010421192 0.090688638 0.773976982 -0.004828923 0.633195341 -0.246613339
39906533 0.533837514 0.949044418 0.500000000 0.500000000 0.000000000 0.000000000 0.628988802 0.009666213 -0.777354240 1.170514795 -0.002517869 0.999942780 0.010396739 0.090302163 0.777410269 -0.004582156 0.628977180 -0.235677386
39939900 0.533837514 0.949044418 0.500000000 0.500000000 0.000000000 0.000000000 0.624646187 0.009635102 -0.780848444 1.177305707 -0.002480154 0.999943316 0.010354552 0.089850710 0.780903995 -0.004531307 0.624634683 -0.225003596
39973267 0.533837514 0.949044418 0.500000000 0.500000000 0.000000000 0.000000000 0.620318055 0.009332599 -0.784294844 1.183787638 -0.002165168 0.999945760 0.010186221 0.089925672 0.784347415 -0.004620566 0.620304585 -0.213702552
40006633 0.533837514 0.949044418 0.500000000 0.500000000 0.000000000 0.000000000 0.616085112 0.009366031 -0.787623942 1.190570801 -0.002072481 0.999945104 0.010269739 0.089315679 0.787676871 -0.004694698 0.616070688 -0.204228539
40040000 0.533837514 0.949044418 0.500000000 0.500000000 0.000000000 0.000000000 0.611921012 0.009311129 -0.790864050 1.196354405 -0.002020260 0.999945819 0.010209574 0.088727676 0.790916264 -0.004649702 0.611906707 -0.193546800
40073367 0.533837514 0.949044418 0.500000000 0.500000000 0.000000000 0.000000000 0.607596636 0.009461222 -0.794189394 1.202651765 -0.002393688 0.999946296 0.010081119 0.089103161 0.794242144 -0.004224213 0.607586682 -0.182688792
40106733 0.533837514 0.949044418 0.500000000 0.500000000 0.000000000 0.000000000 0.603317618 0.009233085 -0.797447562 1.208208852 -0.002092298 0.999947846 0.009994742 0.088625704 0.797498226 -0.004361507 0.603305519 -0.171890425
40140100 0.533837514 0.949044418 0.500000000 0.500000000 0.000000000 0.000000000 0.598852992 0.009217589 -0.800805926 1.214665365 -0.002086506 0.999948323 0.009949480 0.088447725 0.800856292 -0.004287389 0.598841250 -0.161655336
40173467 0.533837514 0.949044418 0.500000000 0.500000000 0.000000000 0.000000000 0.594734251 0.009354440 -0.803867936 1.219718648 -0.002289464 0.999947965 0.009942343 0.088444492 0.803919077 -0.004072625 0.594724715 -0.151533325
40206833 0.533837514 0.949044418 0.500000000 0.500000000 0.000000000 0.000000000 0.590473890 0.009449326 -0.807001412 1.225198531 -0.002275512 0.999946952 0.010043594 0.088217266 0.807053566 -0.004094138 0.590464056 -0.140865581
40240200 0.533837514 0.949044418 0.500000000 0.500000000 0.000000000 0.000000000 0.586422324 0.009532019 -0.809949338 1.230134255 -0.002398547 0.999946833 0.010031429 0.088327432 0.810001910 -0.003939953 0.586414039 -0.130940607
40273567 0.533837514 0.949044418 0.500000000 0.500000000 0.000000000 0.000000000 0.582205236 0.009582531 -0.812985420 1.235018358 -0.002512458 0.999946952 0.009986964 0.088196219 0.813037992 -0.003771871 0.582198441 -0.121032848
40306933 0.533837514 0.949044418 0.500000000 0.500000000 0.000000000 0.000000000 0.578347981 0.009717385 -0.815732300 1.239509530 -0.002670404 0.999946237 0.010018532 0.087639327 0.815785825 -0.003615862 0.578342795 -0.112529669
40340300 0.533837514 0.949044418 0.500000000 0.500000000 0.000000000 0.000000000 0.574344814 0.009862071 -0.818554103 1.244118479 -0.002727523 0.999944925 0.010133709 0.087505084 0.818608940 -0.003587618 0.574340105 -0.102953682
40373667 0.533837514 0.949044418 0.500000000 0.500000000 0.000000000 0.000000000 0.570783794 0.010161657 -0.821037471 1.247361617 -0.003180559 0.999943256 0.010164784 0.087544133 0.821094215 -0.003190537 0.570783734 -0.094066627
40407033 0.533837514 0.949044418 0.500000000 0.500000000 0.000000000 0.000000000 0.566973329 0.010299460 -0.823671758 1.251754076 -0.003540883 0.999943078 0.010066252 0.087645399 0.823728561 -0.002790771 0.566977501 -0.086042809
40440400 0.533837514 0.949044418 0.500000000 0.500000000 0.000000000 0.000000000 0.563517630 0.010517457 -0.826037049 1.254934696 -0.003780986 0.999941289 0.010152313 0.087729235 0.826095343 -0.002597773 0.563524365 -0.077792352
40473767 0.533837514 0.949044418 0.500000000 0.500000000 0.000000000 0.000000000 0.559783995 0.010348322 -0.828573942 1.258950307 -0.003718334 0.999943316 0.009976504 0.087688686 0.828630209 -0.002503773 0.559790790 -0.068998866
40507133 0.533837514 0.949044418 0.500000000 0.500000000 0.000000000 0.000000000 0.556384802 0.010345072 -0.830860376 1.261882591 -0.003742211 0.999943554 0.009944365 0.087878847 0.830916345 -0.002423639 0.556392133 -0.060239877
40540500 0.533837514 0.949044418 0.500000000 0.500000000 0.000000000 0.000000000 0.552643001 0.010261429 -0.833354890 1.265152411 -0.003892879 0.999945045 0.009731139 0.088174699 0.833409011 -0.002133696 0.552652597 -0.051490477
40573867 0.533837514 0.949044418 0.500000000 0.500000000 0.000000000 0.000000000 0.549475431 0.010611246 -0.835442483 1.267826836 -0.004365766 0.999942183 0.009829224 0.088091416 0.835498452 -0.001753571 0.549489975 -0.044078736
40607233 0.533837514 0.949044418 0.500000000 0.500000000 0.000000000 0.000000000 0.545987129 0.010656363 -0.837725759 1.270882042 -0.004481786 0.999941945 0.009798848 0.088391215 0.837781549 -0.001595537 0.546003222 -0.035836940
40640600 0.533837514 0.949044418 0.500000000 0.500000000 0.000000000 0.000000000 0.542907596 0.010830212 -0.839722633 1.273278149 -0.004528025 0.999940038 0.009969083 0.088099540 0.839780271 -0.001610005 0.542924047 -0.028363263
40673967 0.533837514 0.949044418 0.500000000 0.500000000 0.000000000 0.000000000 0.539590597 0.010860203 -0.841857493 1.275761233 -0.004615161 0.999939919 0.009941412 0.088370507 0.841914892 -0.001478984 0.539608300 -0.020506457
40707333 0.533837514 0.949044418 0.500000000 0.500000000 0.000000000 0.000000000 0.536578536 0.010964655 -0.843779147 1.277941808 -0.004888488 0.999939203 0.009885207 0.088559893 0.843836188 -0.001179386 0.536599517 -0.012961379
40740700 0.533837514 0.949044418 0.500000000 0.500000000 0.000000000 0.000000000 0.533489704 0.010988556 -0.845735192 1.280217520 -0.005061525 0.999939203 0.009799303 0.088730791 0.845791399 -0.000947117 0.533512890 -0.005958230
40774067 0.533837514 0.949044418 0.500000000 0.500000000 0.000000000 0.000000000 0.530725300 0.011051254 -0.847471833 1.282080005 -0.005216814 0.999938667 0.009772455 0.088705053 0.847527862 -0.000765386 0.530750394 0.000496809
40807433 0.533837514 0.949044418 0.500000000 0.500000000 0.000000000 0.000000000 0.527844548 0.011113620 -0.849268258 1.284068178 -0.005406076 0.999938071 0.009725272 0.088593714 0.849323750 -0.000542223 0.527871966 0.007297155
40840800 0.533837514 0.949044418 0.500000000 0.500000000 0.000000000 0.000000000 0.525323272 0.011281033 -0.850827932 1.285812278 -0.005778950 0.999936342 0.009689972 0.089131822 0.850883067 -0.000173476 0.525355041 0.014199717
40874167 0.533837514 0.949044418 0.500000000 0.500000000 0.000000000 0.000000000 0.522805274 0.011185447 -0.852378726 1.287982687 -0.005625270 0.999937415 0.009671552 0.088925508 0.852433562 -0.000261478 0.522835493 0.020424703
40907533 0.533837514 0.949044418 0.500000000 0.500000000 0.000000000 0.000000000 0.520645499 0.011141697 -0.853700221 1.289761051 -0.005741260 0.999937952 0.009548837 0.088747062 0.853753626 -0.000070245 0.520677149 0.026645598
40940900 0.533837514 0.949044418 0.500000000 0.500000000 0.000000000 0.000000000 0.518479764 0.011300295 -0.855015218 1.292136992 -0.006163266 0.999936104 0.009478244 0.088598556 0.855067670 0.000355409 0.518516243 0.032167578
40974267 0.533837514 0.949044418 0.500000000 0.500000000 0.000000000 0.000000000 0.516814411 0.011663772 -0.856018007 1.293943663 -0.006725632 0.999931633 0.009564134 0.088745823 0.856071055 0.000814379 0.516857564 0.037281219
41007633 0.533837514 0.949044418 0.500000000 0.500000000 0.000000000 0.000000000 0.515012681 0.011647354 -0.857103407 1.295933841 -0.006714742 0.999931812 0.009553553 0.088607716 0.857156277 0.000835027 0.515055776 0.042143162
41041000 0.533837514 0.949044418 0.500000000 0.500000000 0.000000000 0.000000000 0.513291538 0.011704836 -0.858134508 1.297498153 -0.006915770 0.999930918 0.009502266 0.088495089 0.858186424 0.001057228 0.513337076 0.047556693
41074367 0.533837514 0.949044418 0.500000000 0.500000000 0.000000000 0.000000000 0.511424184 0.011637252 -0.859249592 1.299666677 -0.007066245 0.999931455 0.009336757 0.088617704 0.859299362 0.001296624 0.511471391 0.052601195
41107733 0.533837514 0.949044418 0.500000000 0.500000000 0.000000000 0.000000000 0.509913981 0.011776390 -0.860144794 1.301299754 -0.007352286 0.999929428 0.009331598 0.088447729 0.860193968 0.001565718 0.509964585 0.057206005
41141100 0.533837514 0.949044418 0.500000000 0.500000000 0.000000000 0.000000000 0.508306861 0.011794264 -0.861095250 1.303007361 -0.007370339 0.999929190 0.009345116 0.088439735 0.861144483 0.001596377 0.508357763 0.061554789
41174467 0.533837514 0.949044418 0.500000000 0.500000000 0.000000000 0.000000000 0.506644070 0.011555861 -0.862077832 1.304298575 -0.007177899 0.999932051 0.009185291 0.088517909 0.862125456 0.001534234 0.506692588 0.066552760
41207833 0.533837514 0.949044418 0.500000000 0.500000000 0.000000000 0.000000000 0.505005181 0.011739854 -0.863036454 1.306149264 -0.007573071 0.999929249 0.009170623 0.088849682 0.863083065 0.001904624 0.505058408 0.071085708
41241200 0.533837514 0.949044418 0.500000000 0.500000000 0.000000000 0.000000000 0.503560305 0.011762764 -0.863879979 1.307132430 -0.007693024 0.999928713 0.009130926 0.089092132 0.863925815 0.002047878 0.503614902 0.075442594
41274567 0.533837514 0.949044418 0.500000000 0.500000000 0.000000000 0.000000000 0.501820505 0.011698965 -0.864892662 1.309025209 -0.007796386 0.999929070 0.009001982 0.089328563 0.864936650 0.002225658 0.501876116 0.079959714
41307933 0.533837514 0.949044418 0.500000000 0.500000000 0.000000000 0.000000000 0.500603020 0.011869256 -0.865595639 1.309953804 -0.008073371 0.999926507 0.009042133 0.089580723 0.865639329 0.002461756 0.500662029 0.083795658
41341300 0.533837514 0.949044418 0.500000000 0.500000000 0.000000000 0.000000000 0.499099076 0.011691692 -0.866466045 1.311261152 -0.007851964 0.999928951 0.008969715 0.089729265 0.866509318 0.002326683 0.499155432 0.087483033
41374667 0.533837514 0.949044418 0.500000000 0.500000000 0.000000000 0.000000000 0.497657955 0.011746971 -0.867293835 1.312402657 -0.007945101 0.999928057 0.008984479 0.089994688 0.867336988 0.002419540 0.497715473 0.092211205
41408033 0.533837514 0.949044418 0.500000000 0.500000000 0.000000000 0.000000000 0.496368229 0.011792897 -0.868031979 1.313797594 -0.007960517 0.999927521 0.009032726 0.089769033 0.868075609 0.002426425 0.496426105 0.095578634
41441400 0.533837514 0.949044418 0.500000000 0.500000000 0.000000000 0.000000000 0.495238662 0.011805059 -0.868676722 1.314210981 -0.007951052 0.999927402 0.009055765 0.089990277 0.868720591 0.002422129 0.495296568 0.099189134
41474767 0.533837514 0.949044418 0.500000000 0.500000000 0.000000000 0.000000000 0.493703842 0.011648857 -0.869552076 1.315362548 -0.007990439 0.999928832 0.008858719 0.090313461 0.869593382 0.002574519 0.493761808 0.103088530
41508133 0.533837514 0.949044418 0.500000000 0.500000000 0.000000000 0.000000000 0.492384851 0.011696583 -0.870298982 1.316024492 -0.008210125 0.999927640 0.008793754 0.090494410 0.870338857 0.002815353 0.492445260 0.106692717
41541500 0.533837514 0.949044418 0.500000000 0.500000000 0.000000000 0.000000000 0.490789711 0.011598663 -0.871200860 1.317292049 -0.008151064 0.999928772 0.008720582 0.090601982 0.871239960 0.002821242 0.490849286 0.110560977
41574867 0.533837514 0.949044418 0.500000000 0.500000000 0.000000000 0.000000000 0.489607871 0.011523267 -0.871866584 1.317827218 -0.008086778 0.999929667 0.008674615 0.090650484 0.871905267 0.002803432 0.489666611 0.114259961
41608233 0.533837514 0.949044418 0.500000000 0.500000000 0.000000000 0.000000000 0.488186240 0.011441236 -0.872664452 1.319034253 -0.008150907 0.999930203 0.008549995 0.090776922 0.872701406 0.002939017 0.488245457 0.118147522
41641600 0.533837514 0.949044418 0.500000000 0.500000000 0.000000000 0.000000000 0.487134069 0.011401789 -0.873252749 1.319670195 -0.008204628 0.999930382 0.008478922 0.090981667 0.873288691 0.003034342 0.487193704 0.121532245
41674967 0.533837514 0.949044418 0.500000000 0.500000000 0.000000000 0.000000000 0.485806823 0.011365444 -0.873992324 1.320863660 -0.008315925 0.999930322 0.008380760 0.090999291 0.874026656 0.003196624 0.485867500 0.124884301
