https://www.youtube.com/watch?v=CJ7Ys3avqSY
184418000 0.516675803 0.918534764 0.500000000 0.500000000 0.000000000 0.000000000 0.999974966 -0.005278626 0.004713390 -0.172707276 0.005278476 0.999986053 0.000044300 -0.003162365 -0.004713558 -0.000019419 0.999988914 -0.014327156
184451000 0.516675803 0.918534764 0.500000000 0.500000000 0.000000000 0.000000000 0.999973595 -0.005385694 0.004875732 -0.178659806 0.005386449 0.999985456 -0.000141760 -0.003504253 -0.004874898 0.000168019 0.999988079 -0.015033207
184485000 0.516675803 0.918534764 0.500000000 0.500000000 0.000000000 0.000000000 0.999973476 -0.005281142 0.005014962 -0.184110307 0.005281257 0.999986053 -0.000009516 -0.004331664 -0.005014841 0.000036001 0.999987423 -0.015870722
184518000 0.516675803 0.918534764 0.500000000 0.500000000 0.000000000 0.000000000 0.999972999 -0.005330738 0.005055005 -0.189845517 0.005331866 0.999985754 -0.000209863 -0.003800209 -0.005053814 0.000236810 0.999987185 -0.016279129
184551000 0.516675803 0.918534764 0.500000000 0.500000000 0.000000000 0.000000000 0.999972165 -0.005450625 0.005097296 -0.195528172 0.005452000 0.999985099 -0.000255648 -0.003788619 -0.005095826 0.000283431 0.999986947 -0.016124414
184585000 0.516675803 0.918534764 0.500000000 0.500000000 0.000000000 0.000000000 0.999971509 -0.005599658 0.005063947 -0.201361179 0.005600547 0.999984324 -0.000161317 -0.004690013 -0.005062964 0.000189674 0.999987185 -0.016159227
184618000 0.516675803 0.918534764 0.500000000 0.500000000 0.000000000 0.000000000 0.999972105 -0.005410218 0.005144539 -0.206710369 0.005411041 0.999985337 -0.000145933 -0.005025122 -0.005143674 0.000173766 0.999986768 -0.016801201
184651000 0.516675803 0.918534764 0.500000000 0.500000000 0.000000000 0.000000000 0.999969304 -0.005724870 0.005354823 -0.212645597 0.005723385 0.999983549 0.000292587 -0.005384907 -0.005356410 -0.000261931 0.999985635 -0.017097375
184685000 0.516675803 0.918534764 0.500000000 0.500000000 0.000000000 0.000000000 0.999969184 -0.005811337 0.005281922 -0.218803808 0.005810920 0.999983132 0.000094384 -0.005685090 -0.005282382 -0.000063688 0.999986053 -0.017114226
184718000 0.516675803 0.918534764 0.500000000 0.500000000 0.000000000 0.000000000 0.999968708 -0.005822283 0.005353013 -0.224310517 0.005823851 0.999983013 -0.000277417 -0.005377477 -0.005351306 0.000308583 0.999985635 -0.017749082
184752000 0.516675803 0.918534764 0.500000000 0.500000000 0.000000000 0.000000000 0.999966979 -0.005961901 0.005519786 -0.230340968 0.005959421 0.999982119 0.000465620 -0.006533935 -0.005522463 -0.000432710 0.999984682 -0.018331581
184785000 0.516675803 0.918534764 0.500000000 0.500000000 0.000000000 0.000000000 0.999966085 -0.006108720 0.005525185 -0.236634220 0.006107685 0.999981344 0.000204116 -0.006203127 -0.005526329 -0.000170363 0.999984741 -0.018436309
184818000 0.516675803 0.918534764 0.500000000 0.500000000 0.000000000 0.000000000 0.999967337 -0.006049994 0.005364082 -0.242293525 0.006046866 0.999981523 0.000599131 -0.007686056 -0.005367608 -0.000566676 0.999985456 -0.018686953
184852000 0.516675803 0.918534764 0.500000000 0.500000000 0.000000000 0.000000000 0.999966204 -0.006068282 0.005543650 -0.248845286 0.006064040 0.999981284 0.000781603 -0.008215451 -0.005548289 -0.000747960 0.999984324 -0.019283370
184885000 0.516675803 0.918534764 0.500000000 0.500000000 0.000000000 0.000000000 0.999965310 -0.006166864 0.005597344 -0.255103771 0.006162708 0.999980748 0.000759436 -0.007838917 -0.005601919 -0.000724915 0.999984026 -0.019659231
184918000 0.516675803 0.918534764 0.500000000 0.500000000 0.000000000 0.000000000 0.999962211 -0.006501696 0.005772875 -0.261855811 0.006500078 0.999978840 0.000298966 -0.008034002 -0.005774696 -0.000261431 0.999983311 -0.019508265
184952000 0.516675803 0.918534764 0.500000000 0.500000000 0.000000000 0.000000000 0.999962449 -0.006478390 0.005753117 -0.267718314 0.006475276 0.999978900 0.000559739 -0.008640620 -0.005756622 -0.000522465 0.999983311 -0.020435524
184985000 0.516675803 0.918534764 0.500000000 0.500000000 0.000000000 0.000000000 0.999960780 -0.006598182 0.005912776 -0.274660271 0.006595343 0.999978125 0.000499676 -0.008199900 -0.005915944 -0.000460660 0.999982417 -0.020332168
185019000 0.516675803 0.918534764 0.500000000 0.500000000 0.000000000 0.000000000 0.999960363 -0.006531751 0.006047337 -0.281006402 0.006530127 0.999978662 0.000288126 -0.008769996 -0.006049090 -0.000248625 0.999981701 -0.020837548
185052000 0.516675803 0.918534764 0.500000000 0.500000000 0.000000000 0.000000000 0.999959111 -0.006673138 0.006105873 -0.287226722 0.006671161 0.999977708 0.000344075 -0.009138120 -0.006108033 -0.000303328 0.999981284 -0.020895743
185085000 0.516675803 0.918534764 0.500000000 0.500000000 0.000000000 0.000000000 0.999958158 -0.006857278 0.006057824 -0.293330002 0.006854734 0.999976397 0.000440578 -0.008836676 -0.006060703 -0.000399035 0.999981582 -0.021389761
185119000 0.516675803 0.918534764 0.500000000 0.500000000 0.000000000 0.000000000 0.999958694 -0.006785130 0.006048997 -0.299030251 0.006783877 0.999976993 0.000227594 -0.009354648 -0.006050402 -0.000186549 0.999981701 -0.021539830
185152000 0.516675803 0.918534764 0.500000000 0.500000000 0.000000000 0.000000000 0.999956429 -0.007007648 0.006167525 -0.304724300 0.007006775 0.999975443 0.000163199 -0.009908823 -0.006168518 -0.000119977 0.999980986 -0.022214008
185185000 0.516675803 0.918534764 0.500000000 0.500000000 0.000000000 0.000000000 0.999954998 -0.007045669 0.006349631 -0.311119633 0.007044869 0.999975145 0.000148240 -0.009426101 -0.006350518 -0.000103501 0.999979854 -0.022804818
185219000 0.516675803 0.918534764 0.500000000 0.500000000 0.000000000 0.000000000 0.999951959 -0.007119140 0.006738980 -0.317038154 0.007120666 0.999974608 -0.000202546 -0.009377333 -0.006737368 0.000250522 0.999977291 -0.023065878
185252000 0.516675803 0.918534764 0.500000000 0.500000000 0.000000000 0.000000000 0.999951243 -0.007172856 0.006785082 -0.322861064 0.007174413 0.999974251 -0.000205314 -0.009864010 -0.006783435 0.000253983 0.999976933 -0.023268682
185285000 0.516675803 0.918534764 0.500000000 0.500000000 0.000000000 0.000000000 0.999951601 -0.007048906 0.006866395 -0.328537326 0.007052145 0.999975026 -0.000447662 -0.009408326 -0.006863068 0.000496063 0.999976337 -0.024125121
185319000 0.516675803 0.918534764 0.500000000 0.500000000 0.000000000 0.000000000 0.999948323 -0.007235514 0.007144464 -0.334254401 0.007241007 0.999973536 -0.000743411 -0.008892046 -0.007138895 0.000795106 0.999974191 -0.024145892
185352000 0.516675803 0.918534764 0.500000000 0.500000000 0.000000000 0.000000000 0.999950469 -0.007157514 0.006919156 -0.339013820 0.007159958 0.999974310 -0.000328490 -0.010538160 -0.006916627 0.000378015 0.999975979 -0.024930713
185386000 0.516675803 0.918534764 0.500000000 0.500000000 0.000000000 0.000000000 0.999951005 -0.006975516 0.007024943 -0.344305803 0.006975705 0.999975681 -0.000002447 -0.010809262 -0.007024756 0.000051451 0.999975324 -0.025554367
185419000 0.516675803 0.918534764 0.500000000 0.500000000 0.000000000 0.000000000 0.999946177 -0.007324482 0.007351999 -0.350129638 0.007328513 0.999972999 -0.000521411 -0.010598661 -0.007347981 0.000575262 0.999972820 -0.025597983
185452000 0.516675803 0.918534764 0.500000000 0.500000000 0.000000000 0.000000000 0.999947906 -0.007267795 0.007163350 -0.354326459 0.007269827 0.999973536 -0.000257722 -0.011478051 -0.007161288 0.000309785 0.999974310 -0.026377049
185486000 0.516675803 0.918534764 0.500000000 0.500000000 0.000000000 0.000000000 0.999941528 -0.007705944 0.007590021 -0.360425196 0.007709169 0.999970198 -0.000395796 -0.010943821 -0.007586745 0.000454286 0.999971092 -0.026373648
185519000 0.516675803 0.918534764 0.500000000 0.500000000 0.000000000 0.000000000 0.999944687 -0.007595808 0.007277155 -0.364889465 0.007600443 0.999970913 -0.000609434 -0.011320113 -0.007272315 0.000664710 0.999973357 -0.027002365
185552000 0.516675803 0.918534764 0.500000000 0.500000000 0.000000000 0.000000000 0.999943376 -0.007642923 0.007401174 -0.370249780 0.007646696 0.999970675 -0.000481614 -0.011887929 -0.007397276 0.000538181 0.999972522 -0.027603312
185586000 0.516675803 0.918534764 0.500000000 0.500000000 0.000000000 0.000000000 0.999938428 -0.008160575 0.007521462 -0.376377062 0.008164152 0.999966562 -0.000444871 -0.011943324 -0.007517580 0.000506250 0.999971628 -0.027803554
185619000 0.516675803 0.918534764 0.500000000 0.500000000 0.000000000 0.000000000 0.999937713 -0.008080751 0.007701772 -0.382023902 0.008088289 0.999966860 -0.000948159 -0.011932078 -0.007693855 0.001010394 0.999969900 -0.029025746
185652000 0.516675803 0.918534764 0.500000000 0.500000000 0.000000000 0.000000000 0.999937713 -0.008208988 0.007562713 -0.387281756 0.008213921 0.999966085 -0.000621304 -0.012135830 -0.007557356 0.000683385 0.999971211 -0.029467959
185686000 0.516675803 0.918534764 0.500000000 0.500000000 0.000000000 0.000000000 0.999935865 -0.008327642 0.007675135 -0.393434069 0.008333554 0.999965012 -0.000738593 -0.012218836 -0.007668715 0.000802506 0.999970257 -0.029748459
185719000 0.516675803 0.918534764 0.500000000 0.500000000 0.000000000 0.000000000 0.999936402 -0.008311058 0.007623324 -0.398510906 0.008316928 0.999965131 -0.000738474 -0.013194658 -0.007616920 0.000801829 0.999970675 -0.030898001
185753000 0.516675803 0.918534764 0.500000000 0.500000000 0.000000000 0.000000000 0.999932349 -0.008530837 0.007910588 -0.404044697 0.008534249 0.999963522 -0.000397604 -0.013899508 -0.007906907 0.000465088 0.999968648 -0.032051682
185786000 0.516675803 0.918534764 0.500000000 0.500000000 0.000000000 0.000000000 0.999936163 -0.008161714 0.007816510 -0.409709908 0.008161546 0.999966681 0.000053449 -0.014512029 -0.007816686 0.000010349 0.999969423 -0.032141716
185819000 0.516675803 0.918534764 0.500000000 0.500000000 0.000000000 0.000000000 0.999932528 -0.008337424 0.008086764 -0.415024551 0.008342908 0.999965012 -0.000644598 -0.014325967 -0.008081106 0.000712022 0.999967098 -0.032628140
185853000 0.516675803 0.918534764 0.500000000 0.500000000 0.000000000 0.000000000 0.999931633 -0.008434850 0.008098800 -0.419780117 0.008439012 0.999964297 -0.000479952 -0.014531068 -0.008094463 0.000548265 0.999967098 -0.034237197
185886000 0.516675803 0.918534764 0.500000000 0.500000000 0.000000000 0.000000000 0.999934018 -0.008542685 0.007680189 -0.424778978 0.008544954 0.999963462 -0.000262683 -0.015026276 -0.007677665 0.000328293 0.999970496 -0.034012061
185919000 0.516675803 0.918534764 0.500000000 0.500000000 0.000000000 0.000000000 0.999931931 -0.008414818 0.008079337 -0.430441440 0.008417895 0.999964535 -0.000346945 -0.015659678 -0.008076130 0.000414933 0.999967277 -0.034594517
185953000 0.516675803 0.918534764 0.500000000 0.500000000 0.000000000 0.000000000 0.999927104 -0.008762603 0.008306674 -0.435379227 0.008764628 0.999961555 -0.000207506 -0.016291442 -0.008304536 0.000280296 0.999965489 -0.035814898
185986000 0.516675803 0.918534764 0.500000000 0.500000000 0.000000000 0.000000000 0.999928296 -0.008573540 0.008357957 -0.441120932 0.008571688 0.999963224 0.000257319 -0.016703893 -0.008359856 -0.000185658 0.999965012 -0.036137560
186020000 0.516675803 0.918534764 0.500000000 0.500000000 0.000000000 0.000000000 0.999924064 -0.008927683 0.008491944 -0.446611818 0.008930730 0.999960065 -0.000320876 -0.015556882 -0.008488740 0.000396691 0.999963880 -0.036788056
186053000 0.516675803 0.918534764 0.500000000 0.500000000 0.000000000 0.000000000 0.999922037 -0.008907064 0.008748967 -0.451935741 0.008908757 0.999960303 -0.000154552 -0.016315224 -0.008747243 0.000232482 0.999961734 -0.037203328
186086000 0.516675803 0.918534764 0.500000000 0.500000000 0.000000000 0.000000000 0.999920189 -0.009018099 0.008847863 -0.456666746 0.009022164 0.999959230 -0.000419633 -0.016041141 -0.008843718 0.000499426 0.999960780 -0.038351200
186120000 0.516675803 0.918534764 0.500000000 0.500000000 0.000000000 0.000000000 0.999919772 -0.008983762 0.008927275 -0.462235505 0.008984364 0.999959648 -0.000027309 -0.016291488 -0.008926669 0.000107512 0.999960124 -0.038755834
186153000 0.516675803 0.918534764 0.500000000 0.500000000 0.000000000 0.000000000 0.999917090 -0.009027693 0.009184920 -0.467663938 0.009030081 0.999959230 -0.000218507 -0.016052118 -0.009182573 0.000301429 0.999957800 -0.039201997
186186000 0.516675803 0.918534764 0.500000000 0.500000000 0.000000000 0.000000000 0.999917328 -0.008734275 0.009436377 -0.473137409 0.008736703 0.999961793 -0.000216036 -0.016850439 -0.009434130 0.000298461 0.999955475 -0.039662317
186220000 0.516675803 0.918534764 0.500000000 0.500000000 0.000000000 0.000000000 0.999916017 -0.008928513 0.009392575 -0.477791192 0.008931167 0.999960065 -0.000240667 -0.016892091 -0.009390051 0.000324533 0.999955833 -0.040250983
186253000 0.516675803 0.918534764 0.500000000 0.500000000 0.000000000 0.000000000 0.999919951 -0.008776039 0.009116405 -0.482917649 0.008775568 0.999961495 0.000091723 -0.017310822 -0.009116859 -0.000011714 0.999958456 -0.040649197
186286000 0.516675803 0.918534764 0.500000000 0.500000000 0.000000000 0.000000000 0.999915779 -0.008859464 0.009483342 -0.489061141 0.008860409 0.999960721 -0.000057707 -0.017344408 -0.009482459 0.000141729 0.999955058 -0.040623398
186320000 0.516675803 0.918534764 0.500000000 0.500000000 0.000000000 0.000000000 0.999911427 -0.009142399 0.009675233 -0.494599833 0.009144812 0.999958158 -0.000205211 -0.017626845 -0.009672952 0.000293671 0.999953151 -0.040784221
186353000 0.516675803 0.918534764 0.500000000 0.500000000 0.000000000 0.000000000 0.999915719 -0.009009831 0.009347693 -0.499487931 0.009008583 0.999959409 0.000175586 -0.018566555 -0.009348895 -0.000091362 0.999956310 -0.041340880
186387000 0.516675803 0.918534764 0.500000000 0.500000000 0.000000000 0.000000000 0.999910593 -0.009457599 0.009453832 -0.505208737 0.009461693 0.999955177 -0.000388491 -0.017662442 -0.009449734 0.000477905 0.999955237 -0.041036336
186420000 0.516675803 0.918534764 0.500000000 0.500000000 0.000000000 0.000000000 0.999911726 -0.009486430 0.009303433 -0.510288423 0.009488102 0.999954998 -0.000135560 -0.018150727 -0.009301728 0.000223820 0.999956727 -0.041302949
186453000 0.516675803 0.918534764 0.500000000 0.500000000 0.000000000 0.000000000 0.999911785 -0.009525838 0.009255966 -0.515057963 0.009528941 0.999954581 -0.000291093 -0.018646511 -0.009252773 0.000379267 0.999957144 -0.041700975
186487000 0.516675803 0.918534764 0.500000000 0.500000000 0.000000000 0.000000000 0.999915361 -0.009339863 0.009060407 -0.519922575 0.009338897 0.999956369 0.000148920 -0.019411144 -0.009061403 -0.000064294 0.999958932 -0.042064938
186520000 0.516675803 0.918534764 0.500000000 0.500000000 0.000000000 0.000000000 0.999912381 -0.009730092 0.008974564 -0.525505308 0.009732821 0.999952614 -0.000260463 -0.018669085 -0.008971605 0.000347788 0.999959707 -0.042759813
186553000 0.516675803 0.918534764 0.500000000 0.500000000 0.000000000 0.000000000 0.999911189 -0.009697431 0.009144427 -0.530725121 0.009703569 0.999952734 -0.000627160 -0.018778625 -0.009137913 0.000715838 0.999957979 -0.042919459
186587000 0.516675803 0.918534764 0.500000000 0.500000000 0.000000000 0.000000000 0.999912977 -0.009693807 0.008947189 -0.535852196 0.009701543 0.999952614 -0.000821750 -0.018683112 -0.008938799 0.000908481 0.999959648 -0.043594486
186620000 0.516675803 0.918534764 0.500000000 0.500000000 0.000000000 0.000000000 0.999916613 -0.009531937 0.008712194 -0.541105866 0.009536461 0.999954402 -0.000477970 -0.019647649 -0.008707240 0.000561013 0.999961913 -0.043725621
186653000 0.516675803 0.918534764 0.500000000 0.500000000 0.000000000 0.000000000 0.999916017 -0.009463717 0.008855455 -0.547055831 0.009466852 0.999955118 -0.000312161 -0.020403433 -0.008852103 0.000395968 0.999960721 -0.043581596
186687000 0.516675803 0.918534764 0.500000000 0.500000000 0.000000000 0.000000000 0.999915779 -0.009423528 0.008922707 -0.552656555 0.009428254 0.999955416 -0.000487729 -0.020366641 -0.008917714 0.000571813 0.999960065 -0.043861063
186720000 0.516675803 0.918534764 0.500000000 0.500000000 0.000000000 0.000000000 0.999916375 -0.009440795 0.008838708 -0.557818540 0.009444316 0.999955356 -0.000356708 -0.021143490 -0.008834945 0.000440154 0.999960899 -0.043714532
186754000 0.516675803 0.918534764 0.500000000 0.500000000 0.000000000 0.000000000 0.999916553 -0.009395265 0.008868289 -0.563236548 0.009398364 0.999955773 -0.000307845 -0.021242358 -0.008865005 0.000391166 0.999960601 -0.044159585
186787000 0.516675803 0.918534764 0.500000000 0.500000000 0.000000000 0.000000000 0.999916375 -0.009473514 0.008803989 -0.568421117 0.009476365 0.999955058 -0.000282136 -0.021595902 -0.008800920 0.000365543 0.999961197 -0.044087203
186820000 0.516675803 0.918534764 0.500000000 0.500000000 0.000000000 0.000000000 0.999918282 -0.009502231 0.008550231 -0.572624663 0.009507228 0.999954641 -0.000543863 -0.021310740 -0.008544676 0.000625107 0.999963284 -0.045111800
186853000 0.516675803 0.918534764 0.500000000 0.500000000 0.000000000 0.000000000 0.999920726 -0.009096027 0.008707448 -0.578432211 0.009098027 0.999958575 -0.000190079 -0.022204623 -0.008705358 0.000269285 0.999962091 -0.044723780
186886000 0.516675803 0.918534764 0.500000000 0.500000000 0.000000000 0.000000000 0.999920487 -0.009343055 0.008472501 -0.583055412 0.009345179 0.999956310 -0.000211204 -0.022971813 -0.008470158 0.000290364 0.999964058 -0.045282431
186920000 0.516675803 0.918534764 0.500000000 0.500000000 0.000000000 0.000000000 0.999923706 -0.009075022 0.008383414 -0.587774098 0.009077404 0.999958754 -0.000246126 -0.023137884 -0.008380835 0.000322206 0.999964833 -0.046276806
186953000 0.516675803 0.918534764 0.500000000 0.500000000 0.000000000 0.000000000 0.999920547 -0.009340673 0.008463273 -0.593287189 0.009343639 0.999956310 -0.000310965 -0.023164739 -0.008459998 0.000390018 0.999964118 -0.046380493
186986000 0.516675803 0.918534764 0.500000000 0.500000000 0.000000000 0.000000000 0.999920845 -0.009409500 0.008350055 -0.598639921 0.009412738 0.999955654 -0.000348424 -0.023635500 -0.008346406 0.000426994 0.999965072 -0.046698676
187020000 0.516675803 0.918534764 0.500000000 0.500000000 0.000000000 0.000000000 0.999922872 -0.009283845 0.008247509 -0.602977852 0.009286342 0.999956846 -0.000264489 -0.023941660 -0.008244697 0.000341058 0.999965966 -0.047930509
187053000 0.516675803 0.918534764 0.500000000 0.500000000 0.000000000 0.000000000 0.999922037 -0.009504082 0.008098109 -0.608720496 0.009508087 0.999954700 -0.000456245 -0.023141564 -0.008093406 0.000533207 0.999967098 -0.048316893
187087000 0.516675803 0.918534764 0.500000000 0.500000000 0.000000000 0.000000000 0.999924958 -0.009193157 0.008097010 -0.614216406 0.009193365 0.999957740 0.000011564 -0.025039046 -0.008096774 0.000062876 0.999967217 -0.047945986
187120000 0.516675803 0.918534764 0.500000000 0.500000000 0.000000000 0.000000000 0.999925375 -0.009370830 0.007838899 -0.618494044 0.009373182 0.999956012 -0.000263414 -0.024667187 -0.007836087 0.000336870 0.999969244 -0.049074521
187153000 0.516675803 0.918534764 0.500000000 0.500000000 0.000000000 0.000000000 0.999926805 -0.009418820 0.007594688 -0.623689107 0.009418785 0.999955654 0.000040364 -0.024976109 -0.007594731 0.000031172 0.999971151 -0.049126558
187187000 0.516675803 0.918534764 0.500000000 0.500000000 0.000000000 0.000000000 0.999924779 -0.009570394 0.007671764 -0.629246499 0.009573463 0.999954104 -0.000363460 -0.024483442 -0.007667934 0.000436878 0.999970496 -0.048704191
187220000 0.516675803 0.918534764 0.500000000 0.500000000 0.000000000 0.000000000 0.999928236 -0.009263118 0.007600729 -0.634023203 0.009265305 0.999957025 -0.000252580 -0.025554745 -0.007598063 0.000322985 0.999971092 -0.049019041
187253000 0.516675803 0.918534764 0.500000000 0.500000000 0.000000000 0.000000000 0.999926865 -0.009496906 0.007484986 -0.638951248 0.009497077 0.999954879 0.000012620 -0.026035858 -0.007484768 0.000058466 0.999971986 -0.049063165
