https://www.youtube.com/watch?v=fUa2e52TXY0
71204000 0.500381377 0.889566889 0.500000000 0.500000000 0.000000000 0.000000000 0.999974489 -0.004834669 0.005252874 -0.085179990 0.004980738 0.999591053 -0.028159790 0.163805147 -0.005114583 0.028185235 0.999589622 -1.519589810
71237000 0.500381377 0.889566889 0.500000000 0.500000000 0.000000000 0.000000000 0.999972165 -0.004984979 0.005553766 -0.085546221 0.005140880 0.999582827 -0.028419873 0.166935296 -0.005409777 0.028447634 0.999580622 -1.542290545
71271000 0.500381377 0.889566889 0.500000000 0.500000000 0.000000000 0.000000000 0.999970734 -0.004745804 0.005998908 -0.087296719 0.004914074 0.999585867 -0.028353842 0.168253485 -0.005861862 0.028382493 0.999579966 -1.564920606
71304000 0.500381377 0.889566889 0.500000000 0.500000000 0.000000000 0.000000000 0.999969602 -0.004860869 0.006098021 -0.086788575 0.005034117 0.999574661 -0.028724561 0.171184778 -0.005955801 0.028754385 0.999568760 -1.585491696
71337000 0.500381377 0.889566889 0.500000000 0.500000000 0.000000000 0.000000000 0.999966502 -0.005014788 0.006466183 -0.089054721 0.005200092 0.999566853 -0.028966358 0.173286587 -0.006318123 0.028999014 0.999559462 -1.606334202
71371000 0.500381377 0.889566889 0.500000000 0.500000000 0.000000000 0.000000000 0.999965370 -0.005075846 0.006592803 -0.089481993 0.005266984 0.999556601 -0.029305672 0.176673262 -0.006441129 0.029339382 0.999548733 -1.625696478
71404000 0.500381377 0.889566889 0.500000000 0.500000000 0.000000000 0.000000000 0.999967694 -0.004840780 0.006417366 -0.088645172 0.005027788 0.999553561 -0.029452462 0.179369971 -0.006271928 0.029483775 0.999545574 -1.647665216
71437000 0.500381377 0.889566889 0.500000000 0.500000000 0.000000000 0.000000000 0.999967456 -0.004953322 0.006367853 -0.088649503 0.005138558 0.999554217 -0.029409740 0.180543402 -0.006219339 0.029441504 0.999547184 -1.668800234
71471000 0.500381377 0.889566889 0.500000000 0.500000000 0.000000000 0.000000000 0.999968410 -0.004942947 0.006225278 -0.087932175 0.005124517 0.999551713 -0.029496644 0.182537134 -0.006076687 0.029527614 0.999545515 -1.688675941
71504000 0.500381377 0.889566889 0.500000000 0.500000000 0.000000000 0.000000000 0.999968827 -0.005156714 0.005975759 -0.086944226 0.005329762 0.999556065 -0.029313551 0.183479203 -0.005821945 0.029344488 0.999552429 -1.709017917
71537000 0.500381377 0.889566889 0.500000000 0.500000000 0.000000000 0.000000000 0.999971867 -0.004880405 0.005694849 -0.085595067 0.005045408 0.999557078 -0.029328603 0.186190755 -0.005549191 0.029356511 0.999553621 -1.729413691
71571000 0.500381377 0.889566889 0.500000000 0.500000000 0.000000000 0.000000000 0.999975920 -0.004384985 0.005375096 -0.084355150 0.004540170 0.999563098 -0.029207166 0.187513058 -0.005244675 0.029230867 0.999558926 -1.750674462
71604000 0.500381377 0.889566889 0.500000000 0.500000000 0.000000000 0.000000000 0.999975622 -0.004527038 0.005320131 -0.083577483 0.004680700 0.999561608 -0.029234646 0.188785142 -0.005185452 0.029258834 0.999558389 -1.770821800
71638000 0.500381377 0.889566889 0.500000000 0.500000000 0.000000000 0.000000000 0.999974608 -0.004603008 0.005440516 -0.083952096 0.004762275 0.999549508 -0.029633150 0.191625830 -0.005301664 0.029658306 0.999546051 -1.791111000
71671000 0.500381377 0.889566889 0.500000000 0.500000000 0.000000000 0.000000000 0.999976277 -0.004374179 0.005324662 -0.083419607 0.004531186 0.999544382 -0.029840795 0.193401262 -0.005191707 0.029864212 0.999540508 -1.808564318
71704000 0.500381377 0.889566889 0.500000000 0.500000000 0.000000000 0.000000000 0.999975204 -0.004234937 0.005621650 -0.084804178 0.004405070 0.999521852 -0.030604597 0.198436641 -0.005489353 0.030628603 0.999515772 -1.826835768
71738000 0.500381377 0.889566889 0.500000000 0.500000000 0.000000000 0.000000000 0.999974310 -0.004334994 0.005706305 -0.085359908 0.004509474 0.999511480 -0.030927654 0.200900350 -0.005569445 0.030952593 0.999505341 -1.843582331
71771000 0.500381377 0.889566889 0.500000000 0.500000000 0.000000000 0.000000000 0.999971509 -0.004732848 0.005877119 -0.086742274 0.004913817 0.999502063 -0.031169241 0.203245104 -0.005726673 0.031197233 0.999496818 -1.861377697
71804000 0.500381377 0.889566889 0.500000000 0.500000000 0.000000000 0.000000000 0.999967813 -0.005182294 0.006121880 -0.088361449 0.005372187 0.999491811 -0.031420693 0.205313665 -0.005955937 0.031452570 0.999487519 -1.877363079
71838000 0.500381377 0.889566889 0.500000000 0.500000000 0.000000000 0.000000000 0.999966502 -0.005013558 0.006470193 -0.089866412 0.005217428 0.999477863 -0.031886742 0.208855146 -0.006306949 0.031919431 0.999470532 -1.893923418
71871000 0.500381377 0.889566889 0.500000000 0.500000000 0.000000000 0.000000000 0.999965727 -0.004823183 0.006729431 -0.092027779 0.005038777 0.999462366 -0.032397196 0.212169978 -0.006569555 0.032429993 0.999452412 -1.910785806
71905000 0.500381377 0.889566889 0.500000000 0.500000000 0.000000000 0.000000000 0.999967933 -0.004814517 0.006397361 -0.091390734 0.005024364 0.999436080 -0.033201292 0.216250861 -0.006233905 0.033232369 0.999428213 -1.925370817
71938000 0.500381377 0.889566889 0.500000000 0.500000000 0.000000000 0.000000000 0.999968410 -0.004885698 0.006268627 -0.091826927 0.005095558 0.999411881 -0.033910584 0.220068074 -0.006099263 0.033941455 0.999405205 -1.940140399
71971000 0.500381377 0.889566889 0.500000000 0.500000000 0.000000000 0.000000000 0.999968112 -0.004840525 0.006355915 -0.093092871 0.005057306 0.999390304 -0.034545843 0.223598448 -0.006184820 0.034576882 0.999382913 -1.953821288
72005000 0.500381377 0.889566889 0.500000000 0.500000000 0.000000000 0.000000000 0.999966323 -0.004583744 0.006803810 -0.095665385 0.004819632 0.999373317 -0.035068329 0.226700544 -0.006638802 0.035099939 0.999361753 -1.968436044
72038000 0.500381377 0.889566889 0.500000000 0.500000000 0.000000000 0.000000000 0.999961793 -0.004939980 0.007209481 -0.098041816 0.005192777 0.999356985 -0.035477538 0.229311935 -0.007029587 0.035513621 0.999344468 -1.982896772
72071000 0.500381377 0.889566889 0.500000000 0.500000000 0.000000000 0.000000000 0.999956489 -0.005054177 0.007843827 -0.101477875 0.005331480 0.999346733 -0.035744343 0.231470312 -0.007658045 0.035784606 0.999330163 -1.999332088
72105000 0.500381377 0.889566889 0.500000000 0.500000000 0.000000000 0.000000000 0.999949217 -0.005248586 0.008603437 -0.105555662 0.005553936 0.999341369 -0.035860550 0.233322572 -0.008409553 0.035906512 0.999319792 -2.014884415
72138000 0.500381377 0.889566889 0.500000000 0.500000000 0.000000000 0.000000000 0.999945521 -0.005212099 0.009043020 -0.108488458 0.005535533 0.999332190 -0.036117740 0.235112609 -0.008848731 0.036165830 0.999306619 -2.030427951
72171000 0.500381377 0.889566889 0.500000000 0.500000000 0.000000000 0.000000000 0.999944568 -0.005072711 0.009224571 -0.111146123 0.005405020 0.999324024 -0.036363631 0.237401761 -0.009033873 0.036411475 0.999296069 -2.046613243
72205000 0.500381377 0.889566889 0.500000000 0.500000000 0.000000000 0.000000000 0.999946117 -0.004735930 0.009239856 -0.112643185 0.005068869 0.999326289 -0.036348693 0.238789375 -0.009061486 0.036393568 0.999296427 -2.062282488
72238000 0.500381377 0.889566889 0.500000000 0.500000000 0.000000000 0.000000000 0.999948740 -0.004509508 0.009067212 -0.113205276 0.004837818 0.999321282 -0.036518689 0.240611157 -0.008896377 0.036560681 0.999291837 -2.077885171
72272000 0.500381377 0.889566889 0.500000000 0.500000000 0.000000000 0.000000000 0.999946892 -0.004500268 0.009272859 -0.115545374 0.004836391 0.999320090 -0.036550224 0.241536508 -0.009102069 0.036593132 0.999288797 -2.091433919
72305000 0.500381377 0.889566889 0.500000000 0.500000000 0.000000000 0.000000000 0.999945939 -0.004525393 0.009361243 -0.117235210 0.004867508 0.999308884 -0.036851887 0.244527478 -0.009188004 0.036895461 0.999276876 -2.105784498
72338000 0.500381377 0.889566889 0.500000000 0.500000000 0.000000000 0.000000000 0.999945700 -0.004581078 0.009362321 -0.118811825 0.004923976 0.999305487 -0.036936514 0.246253694 -0.009186610 0.036980610 0.999273777 -2.120287860
72372000 0.500381377 0.889566889 0.500000000 0.500000000 0.000000000 0.000000000 0.999942601 -0.004703016 0.009629731 -0.120990118 0.005056683 0.999301076 -0.037037801 0.248202551 -0.009448811 0.037084371 0.999267459 -2.133868375
72405000 0.500381377 0.889566889 0.500000000 0.500000000 0.000000000 0.000000000 0.999935448 -0.004664817 0.010358251 -0.124483698 0.005050499 0.999282897 -0.037525695 0.250835240 -0.010175773 0.037575588 0.999241948 -2.144624240
72438000 0.500381377 0.889566889 0.500000000 0.500000000 0.000000000 0.000000000 0.999928415 -0.004464077 0.011101034 -0.127570385 0.004881890 0.999269605 -0.037899576 0.253027676 -0.010923740 0.037951060 0.999219894 -2.154923747
72472000 0.500381377 0.889566889 0.500000000 0.500000000 0.000000000 0.000000000 0.999924898 -0.004426555 0.011429098 -0.129736680 0.004863034 0.999248743 -0.038449228 0.256225671 -0.011250313 0.038501922 0.999195218 -2.166479415
72505000 0.500381377 0.889566889 0.500000000 0.500000000 0.000000000 0.000000000 0.999922633 -0.004326181 0.011664338 -0.131289416 0.004775810 0.999235630 -0.038799107 0.258664529 -0.011487571 0.038851809 0.999178946 -2.178277344
72538000 0.500381377 0.889566889 0.500000000 0.500000000 0.000000000 0.000000000 0.999915838 -0.004501058 0.012168015 -0.133592552 0.004972837 0.999225914 -0.039024077 0.260354995 -0.011982947 0.039081302 0.999164164 -2.189527021
72572000 0.500381377 0.889566889 0.500000000 0.500000000 0.000000000 0.000000000 0.999901414 -0.005128039 0.013072861 -0.137223907 0.005634778 0.999222338 -0.039025232 0.261954423 -0.012862572 0.039095048 0.999152720 -2.199700251
72605000 0.500381377 0.889566889 0.500000000 0.500000000 0.000000000 0.000000000 0.999892294 -0.005509829 0.013601572 -0.139457150 0.006034659 0.999226749 -0.038851444 0.262166123 -0.013376990 0.038929339 0.999152422 -2.212475829
72639000 0.500381377 0.889566889 0.500000000 0.500000000 0.000000000 0.000000000 0.999877334 -0.005741791 0.014573018 -0.144490526 0.006309393 0.999211192 -0.039206535 0.264862225 -0.014336408 0.039293673 0.999124825 -2.227165935
72672000 0.500381377 0.889566889 0.500000000 0.500000000 0.000000000 0.000000000 0.999867260 -0.006049271 0.015126843 -0.147250325 0.006640605 0.999203324 -0.039352015 0.266273303 -0.014876741 0.039447244 0.999110878 -2.239657083
72705000 0.500381377 0.889566889 0.500000000 0.500000000 0.000000000 0.000000000 0.999868035 -0.005980965 0.015106014 -0.147882128 0.006571766 0.999203146 -0.039368425 0.267626820 -0.014858515 0.039462503 0.999110579 -2.251037492
72739000 0.500381377 0.889566889 0.500000000 0.500000000 0.000000000 0.000000000 0.999875247 -0.005952336 0.014629211 -0.146669123 0.006523551 0.999205649 -0.039313767 0.268816916 -0.014383581 0.039404299 0.999119818 -2.262715951
72772000 0.500381377 0.889566889 0.500000000 0.500000000 0.000000000 0.000000000 0.999883831 -0.005727344 0.014124339 -0.145958682 0.006277474 0.999211013 -0.039217371 0.269655286 -0.013888583 0.039301481 0.999130845 -2.273526735
72805000 0.500381377 0.889566889 0.500000000 0.500000000 0.000000000 0.000000000 0.999894679 -0.005720890 0.013340239 -0.143781427 0.006240031 0.999211729 -0.039204232 0.271311685 -0.013105441 0.039283346 0.999142170 -2.285012142
72839000 0.500381377 0.889566889 0.500000000 0.500000000 0.000000000 0.000000000 0.999909043 -0.005139127 0.012469999 -0.141456362 0.005623096 0.999219835 -0.039091181 0.271846246 -0.012259375 0.039157744 0.999157846 -2.295013476
72872000 0.500381377 0.889566889 0.500000000 0.500000000 0.000000000 0.000000000 0.999920011 -0.004909040 0.011658029 -0.139184094 0.005361539 0.999220669 -0.039105725 0.273198243 -0.011456972 0.039165102 0.999167085 -2.305319994
72906000 0.500381377 0.889566889 0.500000000 0.500000000 0.000000000 0.000000000 0.999927461 -0.004642430 0.011113158 -0.137440706 0.005074018 0.999221325 -0.039127883 0.274707139 -0.010922856 0.039181430 0.999172390 -2.316234370
72939000 0.500381377 0.889566889 0.500000000 0.500000000 0.000000000 0.000000000 0.999931097 -0.004759724 0.010729497 -0.136338378 0.005177530 0.999215841 -0.039254535 0.276523503 -0.010534243 0.039307382 0.999171615 -2.327347517
72972000 0.500381377 0.889566889 0.500000000 0.500000000 0.000000000 0.000000000 0.999933898 -0.004679810 0.010504656 -0.136066920 0.005088028 0.999219358 -0.039176352 0.277441305 -0.010313118 0.039227210 0.999177098 -2.337048498
73006000 0.500381377 0.889566889 0.500000000 0.500000000 0.000000000 0.000000000 0.999939859 -0.004595388 0.009957411 -0.133852893 0.004982626 0.999218166 -0.039220121 0.279265659 -0.009769395 0.039267376 0.999180973 -2.349164250
73039000 0.500381377 0.889566889 0.500000000 0.500000000 0.000000000 0.000000000 0.999939501 -0.004832048 0.009880550 -0.133772092 0.005217440 0.999211550 -0.039358765 0.281947193 -0.009682576 0.039407935 0.999176264 -2.365661963
73072000 0.500381377 0.889566889 0.500000000 0.500000000 0.000000000 0.000000000 0.999939024 -0.005279291 0.009699862 -0.133224454 0.005655970 0.999214351 -0.039225455 0.283534658 -0.009485159 0.039277926 0.999183297 -2.384134642
73106000 0.500381377 0.889566889 0.500000000 0.500000000 0.000000000 0.000000000 0.999940157 -0.005441849 0.009491142 -0.132435257 0.005810668 0.999211550 -0.039274767 0.285983780 -0.009269931 0.039327566 0.999183357 -2.400047583
73139000 0.500381377 0.889566889 0.500000000 0.500000000 0.000000000 0.000000000 0.999943316 -0.005479254 0.009131030 -0.131107917 0.005835494 0.999204278 -0.039455403 0.288557688 -0.008907579 0.039506450 0.999179602 -2.415663736
73172000 0.500381377 0.889566889 0.500000000 0.500000000 0.000000000 0.000000000 0.999946177 -0.005641940 0.008708619 -0.129042071 0.005982116 0.999199927 -0.039543424 0.291213701 -0.008478550 0.039593391 0.999179900 -2.431381928
73206000 0.500381377 0.889566889 0.500000000 0.500000000 0.000000000 0.000000000 0.999948502 -0.005561232 0.008485887 -0.128453733 0.005893182 0.999197900 -0.039607748 0.294183116 -0.008258813 0.039655719 0.999179244 -2.448168169
73239000 0.500381377 0.889566889 0.500000000 0.500000000 0.000000000 0.000000000 0.999953151 -0.005616695 0.007886423 -0.126024217 0.005925472 0.999194384 -0.039691571 0.296710874 -0.007657134 0.039736442 0.999180853 -2.465106202
73273000 0.500381377 0.889566889 0.500000000 0.500000000 0.000000000 0.000000000 0.999955773 -0.005746856 0.007444941 -0.125084728 0.006040983 0.999177158 -0.040106237 0.301394462 -0.007208330 0.040149435 0.999167681 -2.483544619
73306000 0.500381377 0.889566889 0.500000000 0.500000000 0.000000000 0.000000000 0.999959290 -0.005696439 0.006997012 -0.123705225 0.005973524 0.999172211 -0.040239695 0.305270530 -0.006761997 0.040279854 0.999165535 -2.504422135
73339000 0.500381377 0.889566889 0.500000000 0.500000000 0.000000000 0.000000000 0.999960005 -0.005794489 0.006815314 -0.124001632 0.006067533 0.999150991 -0.040749557 0.311011673 -0.006573404 0.040789280 0.999146163 -2.525314231
73373000 0.500381377 0.889566889 0.500000000 0.500000000 0.000000000 0.000000000 0.999960601 -0.005896382 0.006635744 -0.124251907 0.006163723 0.999139488 -0.041016042 0.315561335 -0.006388187 0.041055325 0.999136448 -2.546684401
73406000 0.500381377 0.889566889 0.500000000 0.500000000 0.000000000 0.000000000 0.999961615 -0.005896129 0.006482677 -0.124540380 0.006157108 0.999140024 -0.041003626 0.318755713 -0.006235339 0.041041967 0.999137938 -2.565440638
73439000 0.500381377 0.889566889 0.500000000 0.500000000 0.000000000 0.000000000 0.999961674 -0.006027119 0.006350484 -0.124965946 0.006283078 0.999135792 -0.041087843 0.321964522 -0.006097355 0.041126169 0.999135375 -2.583247960
73473000 0.500381377 0.889566889 0.500000000 0.500000000 0.000000000 0.000000000 0.999960661 -0.005990840 0.006537438 -0.127112401 0.006253752 0.999140978 -0.040965993 0.324422093 -0.006286402 0.041005269 0.999139130 -2.602177004
73506000 0.500381377 0.889566889 0.500000000 0.500000000 0.000000000 0.000000000 0.999960184 -0.005901265 0.006693637 -0.129138216 0.006168901 0.999152601 -0.040693939 0.326292774 -0.006447820 0.040733609 0.999149263 -2.620913628
73539000 0.500381377 0.889566889 0.500000000 0.500000000 0.000000000 0.000000000 0.999959528 -0.005789710 0.006882895 -0.131622237 0.006063474 0.999163449 -0.040442690 0.328270654 -0.006642986 0.040482789 0.999158144 -2.639234051
73573000 0.500381377 0.889566889 0.500000000 0.500000000 0.000000000 0.000000000 0.999960363 -0.005498509 0.007000034 -0.133610940 0.005774752 0.999180019 -0.040074471 0.329146306 -0.006773944 0.040113308 0.999172151 -2.657968601
73606000 0.500381377 0.889566889 0.500000000 0.500000000 0.000000000 0.000000000 0.999958992 -0.005438320 0.007239889 -0.136407344 0.005722578 0.999189734 -0.039839067 0.331004516 -0.007017365 0.039878868 0.999179900 -2.675722875
73640000 0.500381377 0.889566889 0.500000000 0.500000000 0.000000000 0.000000000 0.999960303 -0.005142286 0.007275557 -0.137975786 0.005424897 0.999209881 -0.039372679 0.331504655 -0.007067343 0.039410587 0.999198079 -2.693019119
73673000 0.500381377 0.889566889 0.500000000 0.500000000 0.000000000 0.000000000 0.999960363 -0.004854462 0.007461839 -0.140514516 0.005141139 0.999230146 -0.038892541 0.332133271 -0.007267293 0.038929366 0.999215543 -2.711291618
73706000 0.500381377 0.889566889 0.500000000 0.500000000 0.000000000 0.000000000 0.999958217 -0.004757653 0.007807544 -0.144276109 0.005053255 0.999253929 -0.038288571 0.331900166 -0.007619555 0.038326424 0.999236226 -2.729777610
73740000 0.500381377 0.889566889 0.500000000 0.500000000 0.000000000 0.000000000 0.999956727 -0.004563783 0.008108347 -0.148258865 0.004868126 0.999268889 -0.037920050 0.333027619 -0.007929360 0.037957881 0.999247909 -2.749368666
73773000 0.500381377 0.889566889 0.500000000 0.500000000 0.000000000 0.000000000 0.999953091 -0.004500151 0.008576482 -0.153505392 0.004816437 0.999295413 -0.037221633 0.332741840 -0.008402936 0.037261192 0.999270260 -2.768598904
73806000 0.500381377 0.889566889 0.500000000 0.500000000 0.000000000 0.000000000 0.999952018 -0.004452636 0.008723798 -0.156488036 0.004770637 0.999312103 -0.036776971 0.333790160 -0.008554042 0.036816824 0.999285400 -2.787755919
73840000 0.500381377 0.889566889 0.500000000 0.500000000 0.000000000 0.000000000 0.999950469 -0.004251603 0.008998228 -0.160279772 0.004575853 0.999329507 -0.036326565 0.334734205 -0.008837749 0.036365941 0.999299467 -2.806531810
73873000 0.500381377 0.889566889 0.500000000 0.500000000 0.000000000 0.000000000 0.999950230 -0.004199309 0.009047386 -0.162665326 0.004522570 0.999341190 -0.036010649 0.336301489 -0.008890205 0.036049772 0.999310434 -2.825188674
73907000 0.500381377 0.889566889 0.500000000 0.500000000 0.000000000 0.000000000 0.999947786 -0.004041354 0.009384898 -0.166831859 0.004373731 0.999354064 -0.035669930 0.337587542 -0.009234682 0.035709117 0.999319553 -2.843994371
73940000 0.500381377 0.889566889 0.500000000 0.500000000 0.000000000 0.000000000 0.999947846 -0.003966489 0.009414009 -0.168914267 0.004296616 0.999367177 -0.035310432 0.338949949 -0.009267992 0.035349037 0.999332070 -2.862071401
73973000 0.500381377 0.889566889 0.500000000 0.500000000 0.000000000 0.000000000 0.999946475 -0.003926881 0.009574492 -0.172195183 0.004259062 0.999380887 -0.034924440 0.340331260 -0.009431421 0.034963347 0.999344110 -2.880416258
74007000 0.500381377 0.889566889 0.500000000 0.500000000 0.000000000 0.000000000 0.999945462 -0.003941359 0.009673859 -0.174935807 0.004273803 0.999392509 -0.034588616 0.341581655 -0.009531656 0.034628075 0.999354839 -2.899100430
74040000 0.500381377 0.889566889 0.500000000 0.500000000 0.000000000 0.000000000 0.999944031 -0.003719725 0.009902381 -0.178482001 0.004054274 0.999414206 -0.033981878 0.341730443 -0.009770177 0.034020126 0.999373376 -2.917460322
74073000 0.500381377 0.889566889 0.500000000 0.500000000 0.000000000 0.000000000 0.999942958 -0.003867548 0.009954670 -0.180618954 0.004197664 0.999434650 -0.033357486 0.341803300 -0.009820031 0.033397369 0.999393880 -2.935051299
74107000 0.500381377 0.889566889 0.500000000 0.500000000 0.000000000 0.000000000 0.999942660 -0.003876606 0.009979981 -0.182603103 0.004203577 0.999448061 -0.032952871 0.342877468 -0.009846727 0.032992933 0.999407053 -2.953389708
74140000 0.500381377 0.889566889 0.500000000 0.500000000 0.000000000 0.000000000 0.999942183 -0.003882599 0.010029672 -0.184887389 0.004207353 0.999460816 -0.032563832 0.344113705 -0.009897832 0.032604147 0.999419332 -2.971793670
74173000 0.500381377 0.889566889 0.500000000 0.500000000 0.000000000 0.000000000 0.999941707 -0.003950388 0.010046890 -0.186667035 0.004272467 0.999471009 -0.032240786 0.345883545 -0.009914212 0.032281831 0.999429643 -2.989807487
74207000 0.500381377 0.889566889 0.500000000 0.500000000 0.000000000 0.000000000 0.999939144 -0.003869158 0.010329312 -0.190492487 0.004200445 0.999471128 -0.032245830 0.350082366 -0.010199085 0.032287255 0.999426603 -3.008592794
74240000 0.500381377 0.889566889 0.500000000 0.500000000 0.000000000 0.000000000 0.999937892 -0.004090600 0.010368255 -0.192549308 0.004420740 0.999477446 -0.032021075 0.352021690 -0.010231852 0.032064922 0.999433398 -3.026623769
74274000 0.500381377 0.889566889 0.500000000 0.500000000 0.000000000 0.000000000 0.999935865 -0.004258171 0.010496937 -0.195333836 0.004589910 0.999484181 -0.031784575 0.354100149 -0.010356178 0.031830717 0.999439597 -3.044960495
74307000 0.500381377 0.889566889 0.500000000 0.500000000 0.000000000 0.000000000 0.999931991 -0.004597621 0.010719988 -0.198754165 0.004929780 0.999502003 -0.031167267 0.353710005 -0.010571355 0.031217994 0.999456704 -3.062945040
74340000 0.500381377 0.889566889 0.500000000 0.500000000 0.000000000 0.000000000 0.999930143 -0.004916652 0.010750792 -0.200227288 0.005244789 0.999514580 -0.030710075 0.354348044 -0.010594582 0.030764313 0.999470532 -3.080656404
74374000 0.500381377 0.889566889 0.500000000 0.500000000 0.000000000 0.000000000 0.999929249 -0.005094984 0.010747949 -0.201625996 0.005418391 0.999526799 -0.030278780 0.355579398 -0.010588593 0.030334873 0.999483705 -3.098056191
74407000 0.500381377 0.889566889 0.500000000 0.500000000 0.000000000 0.000000000 0.999926031 -0.005356568 0.010917248 -0.204086597 0.005677506 0.999546230 -0.029581478 0.354804004 -0.010753839 0.029641273 0.999502778 -3.115522884
74440000 0.500381377 0.889566889 0.500000000 0.500000000 0.000000000 0.000000000 0.999924183 -0.005553080 0.010992563 -0.205880442 0.005867663 0.999568105 -0.028795434 0.353366205 -0.010827913 0.028857751 0.999524891 -3.132654211
74474000 0.500381377 0.889566889 0.500000000 0.500000000 0.000000000 0.000000000 0.999926925 -0.005402402 0.010813178 -0.206135006 0.005702287 0.999594510 -0.027897291 0.351137613 -0.010658081 0.027956912 0.999552310 -3.150730566
74507000 0.500381377 0.889566889 0.500000000 0.500000000 0.000000000 0.000000000 0.999930680 -0.005320698 0.010501951 -0.204942196 0.005606303 0.999610007 -0.027355975 0.351574839 -0.010352303 0.027412957 0.999570608 -3.169755330
74540000 0.500381377 0.889566889 0.500000000 0.500000000 0.000000000 0.000000000 0.999932826 -0.005324292 0.010293024 -0.204466575 0.005597247 0.999628484 -0.026674062 0.350808048 -0.010147179 0.026729884 0.999591172 -3.187702720
74574000 0.500381377 0.889566889 0.500000000 0.500000000 0.000000000 0.000000000 0.999935448 -0.005422552 0.009982703 -0.203541452 0.005683125 0.999638915 -0.026261898 0.351678184 -0.009836692 0.026316935 0.999605238 -3.207125660
74607000 0.500381377 0.889566889 0.500000000 0.500000000 0.000000000 0.000000000 0.999940336 -0.005516405 0.009430570 -0.201113642 0.005757710 0.999651730 -0.025754839 0.352164987 -0.009285212 0.025807600 0.999623835 -3.228295117
74641000 0.500381377 0.889566889 0.500000000 0.500000000 0.000000000 0.000000000 0.999944210 -0.005831068 0.008805918 -0.198235987 0.006051151 0.999664724 -0.025176316 0.351734032 -0.008656160 0.025228197 0.999644220 -3.249463450
74674000 0.500381377 0.889566889 0.500000000 0.500000000 0.000000000 0.000000000 0.999950767 -0.005744203 0.008091291 -0.194243707 0.005941591 0.999680042 -0.024586085 0.352084192 -0.007947475 0.024632949 0.999664962 -3.268551423
74707000 0.500381377 0.889566889 0.500000000 0.500000000 0.000000000 0.000000000 0.999948144 -0.005838008 0.008345071 -0.196662080 0.006038082 0.999689996 -0.024154458 0.353077774 -0.008201470 0.024203593 0.999673426 -3.286038239
74741000 0.500381377 0.889566889 0.500000000 0.500000000 0.000000000 0.000000000 0.999942064 -0.006116499 0.008858657 -0.201206782 0.006326051 0.999696195 -0.023823440 0.354896780 -0.008710249 0.023878099 0.999676943 -3.303180417
74774000 0.500381377 0.889566889 0.500000000 0.500000000 0.000000000 0.000000000 0.999939382 -0.006307382 0.009027303 -0.203197175 0.006517463 0.999704123 -0.023434630 0.356314994 -0.008876821 0.023492044 0.999684632 -3.319730064
74808000 0.500381377 0.889566889 0.500000000 0.500000000 0.000000000 0.000000000 0.999937296 -0.006385673 0.009199779 -0.205203908 0.006596051 0.999713182 -0.023021815 0.357840732 -0.009050132 0.023081053 0.999692619 -3.336028617
74841000 0.500381377 0.889566889 0.500000000 0.500000000 0.000000000 0.000000000 0.999936163 -0.006485917 0.009253791 -0.206377451 0.006693095 0.999723613 -0.022536047 0.358713389 -0.009105066 0.022596544 0.999703228 -3.352540480
74874000 0.500381377 0.889566889 0.500000000 0.500000000 0.000000000 0.000000000 0.999932766 -0.006616722 0.009523903 -0.208943805 0.006828539 0.999726176 -0.022382561 0.361632537 -0.009373196 0.022446090 0.999704123 -3.369199780
74908000 0.500381377 0.889566889 0.500000000 0.500000000 0.000000000 0.000000000 0.999926269 -0.006864341 0.010017663 -0.213390999 0.007086722 0.999725401 -0.022334954 0.365023021 -0.009861598 0.022404298 0.999700367 -3.386255693
74941000 0.500381377 0.889566889 0.500000000 0.500000000 0.000000000 0.000000000 0.999921918 -0.007209706 0.010204419 -0.215875814 0.007431986 0.999732196 -0.021915041 0.365794777 -0.010043686 0.021989170 0.999707758 -3.403001408
74975000 0.500381377 0.889566889 0.500000000 0.500000000 0.000000000 0.000000000 0.999921858 -0.007345998 0.010116410 -0.216291316 0.007559113 0.999746859 -0.021191690 0.364796430 -0.009958175 0.021266505 0.999724269 -3.420302384
75008000 0.500381377 0.889566889 0.500000000 0.500000000 0.000000000 0.000000000 0.999921322 -0.007314881 0.010190781 -0.217799100 0.007524148 0.999758422 -0.020650165 0.364965776 -0.010037266 0.020725217 0.999734819 -3.437824088
75041000 0.500381377 0.889566889 0.500000000 0.500000000 0.000000000 0.000000000 0.999918342 -0.007289001 0.010496597 -0.220772668 0.007498572 0.999770522 -0.020066617 0.364714237 -0.010347922 0.020143688 0.999743521 -3.454326696
75075000 0.500381377 0.889566889 0.500000000 0.500000000 0.000000000 0.000000000 0.999913216 -0.007368485 0.010921886 -0.224891719 0.007580842 0.999780536 -0.019531110 0.364832626 -0.010775574 0.019612212 0.999749601 -3.470868926
