https://www.youtube.com/watch?v=g0XZhb2etX8
240673000 0.479015963 0.851583897 0.500000000 0.500000000 0.000000000 0.000000000 0.924939454 0.020778308 -0.379546195 -0.061390142 -0.019213941 0.999784112 0.007909683 0.080958773 0.379628599 -0.000023399 0.925138950 0.071893949
240707000 0.479015963 0.851583897 0.500000000 0.500000000 0.000000000 0.000000000 0.920649946 0.021292517 -0.389807999 -0.065861633 -0.019689344 0.999773264 0.008108337 0.084235789 0.389892250 0.000210123 0.920860469 0.075730387
240740000 0.479015963 0.851583897 0.500000000 0.500000000 0.000000000 0.000000000 0.916340351 0.021783991 -0.399807155 -0.070384639 -0.020052142 0.999762654 0.008514686 0.087154456 0.399897754 0.000214640 0.916559756 0.079360099
240773000 0.479015963 0.851583897 0.500000000 0.500000000 0.000000000 0.000000000 0.911895454 0.022264441 -0.409818262 -0.075723562 -0.020465828 0.999752045 0.008775170 0.090069722 0.409912020 0.000385233 0.912124991 0.083077018
240807000 0.479015963 0.851583897 0.500000000 0.500000000 0.000000000 0.000000000 0.907225728 0.022599995 -0.420036584 -0.080277217 -0.020843152 0.999744296 0.008772502 0.093136040 0.420127422 0.000796247 0.907464802 0.086318256
240840000 0.479015963 0.851583897 0.500000000 0.500000000 0.000000000 0.000000000 0.902602553 0.022926120 -0.429863900 -0.085310927 -0.021167751 0.999736547 0.008872610 0.095969679 0.429954082 0.001090811 0.902850091 0.090079897
240874000 0.479015963 0.851583897 0.500000000 0.500000000 0.000000000 0.000000000 0.897952318 0.023436153 -0.439468265 -0.091021482 -0.021567771 0.999724627 0.009244965 0.098444923 0.439563930 0.001176814 0.898210526 0.093229435
240907000 0.479015963 0.851583897 0.500000000 0.500000000 0.000000000 0.000000000 0.893183947 0.023777185 -0.449062407 -0.096868570 -0.021895459 0.999716222 0.009383473 0.101431210 0.449158102 0.001451261 0.893451095 0.097102517
240940000 0.479015963 0.851583897 0.500000000 0.500000000 0.000000000 0.000000000 0.888111770 0.024103953 -0.458995104 -0.102462140 -0.022215296 0.999707937 0.009514803 0.104066711 0.459090382 0.001746504 0.888387859 0.100315998
240974000 0.479015963 0.851583897 0.500000000 0.500000000 0.000000000 0.000000000 0.883079588 0.024398003 -0.468588531 -0.107831720 -0.022531180 0.999700129 0.009590212 0.106008321 0.468682021 0.002088932 0.883364499 0.104100489
241007000 0.479015963 0.851583897 0.500000000 0.500000000 0.000000000 0.000000000 0.877919316 0.024847588 -0.478163391 -0.113507819 -0.022926163 0.999688566 0.009855475 0.107617323 0.478259385 0.002310140 0.878215611 0.107718642
241040000 0.479015963 0.851583897 0.500000000 0.500000000 0.000000000 0.000000000 0.872677326 0.025438895 -0.487634242 -0.119887903 -0.023585910 0.999672413 0.009941207 0.110117160 0.487727374 0.002825831 0.872991443 0.111321918
241074000 0.479015963 0.851583897 0.500000000 0.500000000 0.000000000 0.000000000 0.866989672 0.025843853 -0.497655511 -0.124430568 -0.024180746 0.999659717 0.009787098 0.113011383 0.497739106 0.003548368 0.867319524 0.114287459
241107000 0.479015963 0.851583897 0.500000000 0.500000000 0.000000000 0.000000000 0.861396015 0.026213421 -0.507257044 -0.130858788 -0.024508625 0.999649227 0.010039471 0.114638304 0.507342279 0.003784212 0.861736298 0.116905556
241140000 0.479015963 0.851583897 0.500000000 0.500000000 0.000000000 0.000000000 0.855939329 0.026705418 -0.516386151 -0.137907297 -0.024718234 0.999636948 0.010725331 0.115765840 0.516485095 0.003583922 0.856288671 0.119882358
241174000 0.479015963 0.851583897 0.500000000 0.500000000 0.000000000 0.000000000 0.850102007 0.026960902 -0.525927484 -0.144687111 -0.024971312 0.999628961 0.010881227 0.118299084 0.526025712 0.003882946 0.850459814 0.122002365
241207000 0.479015963 0.851583897 0.500000000 0.500000000 0.000000000 0.000000000 0.844053686 0.027383914 -0.535559118 -0.150858404 -0.025464615 0.999615431 0.010978960 0.120233760 0.535653770 0.004370974 0.844426394 0.124836345
241241000 0.479015963 0.851583897 0.500000000 0.500000000 0.000000000 0.000000000 0.837879717 0.027661612 -0.545153618 -0.157032726 -0.026007846 0.999603987 0.010747816 0.122134307 0.545234978 0.005172894 0.838267267 0.127007276
241274000 0.479015963 0.851583897 0.500000000 0.500000000 0.000000000 0.000000000 0.831770480 0.028107965 -0.554407656 -0.164577966 -0.026656795 0.999587536 0.010685347 0.123539228 0.554479301 0.005890974 0.832176626 0.128640275
241307000 0.479015963 0.851583897 0.500000000 0.500000000 0.000000000 0.000000000 0.825589418 0.028357245 -0.563558280 -0.171355664 -0.027063942 0.999576986 0.010649378 0.124916620 0.563621879 0.006460095 0.826007664 0.129639435
241341000 0.479015963 0.851583897 0.500000000 0.500000000 0.000000000 0.000000000 0.819194317 0.028744938 -0.572795272 -0.178291719 -0.027451416 0.999563694 0.010901541 0.125770198 0.572858751 0.006793562 0.819625974 0.130451228
241374000 0.479015963 0.851583897 0.500000000 0.500000000 0.000000000 0.000000000 0.812613130 0.028994860 -0.582081795 -0.185035889 -0.027782351 0.999553442 0.011004653 0.126495751 0.582140923 0.007229075 0.813055813 0.131510065
241407000 0.479015963 0.851583897 0.500000000 0.500000000 0.000000000 0.000000000 0.806207001 0.029365638 -0.590904295 -0.192585786 -0.028191628 0.999539673 0.011209655 0.126682193 0.590961516 0.007621252 0.806663752 0.132872368
241441000 0.479015963 0.851583897 0.500000000 0.500000000 0.000000000 0.000000000 0.799619079 0.029665248 -0.599774361 -0.199445638 -0.028703941 0.999525547 0.011169123 0.127012918 0.599821150 0.008284844 0.800091207 0.133387928
241474000 0.479015963 0.851583897 0.500000000 0.500000000 0.000000000 0.000000000 0.792923987 0.030179666 -0.608572662 -0.206868449 -0.029522495 0.999502480 0.011100656 0.127924290 0.608604908 0.009164607 0.793420494 0.133812793
241507000 0.479015963 0.851583897 0.500000000 0.500000000 0.000000000 0.000000000 0.786287308 0.030477984 -0.617108881 -0.214250125 -0.029942099 0.999488771 0.011212462 0.127938429 0.617135167 0.009661320 0.786797881 0.133835464
241541000 0.479015963 0.851583897 0.500000000 0.500000000 0.000000000 0.000000000 0.779636681 0.030749919 -0.625476658 -0.222068990 -0.030201679 0.999477744 0.011491274 0.127236601 0.625503361 0.009931426 0.780158281 0.133662176
241574000 0.479015963 0.851583897 0.500000000 0.500000000 0.000000000 0.000000000 0.772864819 0.031100845 -0.633808076 -0.229980398 -0.030612649 0.999462664 0.011714417 0.127212422 0.633831859 0.010348884 0.773401618 0.133362185
241608000 0.479015963 0.851583897 0.500000000 0.500000000 0.000000000 0.000000000 0.766117394 0.031461239 -0.641930163 -0.238360692 -0.031048071 0.999446690 0.011928660 0.126779486 0.641950309 0.010791940 0.766670287 0.132334961
241641000 0.479015963 0.851583897 0.500000000 0.500000000 0.000000000 0.000000000 0.759233475 0.031618405 -0.650049806 -0.245715312 -0.031404398 0.999435544 0.011933367 0.125985909 0.650060177 0.011354213 0.759797871 0.132114030
241674000 0.479015963 0.851583897 0.500000000 0.500000000 0.000000000 0.000000000 0.752301157 0.032024853 -0.658040583 -0.253997555 -0.032170031 0.999412060 0.011860168 0.126117803 0.658033490 0.012246768 0.752889037 0.131568964
241708000 0.479015963 0.851583897 0.500000000 0.500000000 0.000000000 0.000000000 0.745155692 0.032302797 -0.666107714 -0.262143776 -0.032723006 0.999394119 0.011859175 0.125672541 0.666087210 0.012960115 0.745761275 0.129811436
241741000 0.479015963 0.851583897 0.500000000 0.500000000 0.000000000 0.000000000 0.738107264 0.032661859 -0.673892379 -0.270386951 -0.033268608 0.999374449 0.011998395 0.125525728 0.673862696 0.013563358 0.738732100 0.127934975
241774000 0.479015963 0.851583897 0.500000000 0.500000000 0.000000000 0.000000000 0.731077313 0.032899655 -0.681500971 -0.278142739 -0.033493146 0.999363065 0.012314908 0.124890452 0.681472063 0.013822461 0.731713593 0.125848904
241808000 0.479015963 0.851583897 0.500000000 0.500000000 0.000000000 0.000000000 0.724104762 0.033123903 -0.688894093 -0.285746662 -0.033598863 0.999354243 0.012735507 0.123977378 0.688871086 0.013924217 0.724750102 0.123728266
241841000 0.479015963 0.851583897 0.500000000 0.500000000 0.000000000 0.000000000 0.717021525 0.033360880 -0.696252227 -0.293924023 -0.033897277 0.999341071 0.012974924 0.123419786 0.696226299 0.014297755 0.717679918 0.121403438
241875000 0.479015963 0.851583897 0.500000000 0.500000000 0.000000000 0.000000000 0.709788918 0.033693116 -0.703608155 -0.301993517 -0.034590438 0.999317527 0.012959223 0.124259319 0.703564644 0.015139800 0.710469961 0.118149021
241908000 0.479015963 0.851583897 0.500000000 0.500000000 0.000000000 0.000000000 0.702487588 0.033795461 -0.710893095 -0.309999596 -0.034814887 0.999307871 0.013103300 0.123148247 0.710843921 0.015544757 0.703177989 0.115132188
241941000 0.479015963 0.851583897 0.500000000 0.500000000 0.000000000 0.000000000 0.695247233 0.034134731 -0.717959642 -0.317822011 -0.035407636 0.999285460 0.013222581 0.123286300 0.717898011 0.016228292 0.695959091 0.111779774
241975000 0.479015963 0.851583897 0.500000000 0.500000000 0.000000000 0.000000000 0.687952578 0.034349281 -0.724942327 -0.325716189 -0.035842482 0.999268472 0.013333791 0.123186844 0.724870086 0.016810717 0.688680470 0.108919491
242008000 0.479015963 0.851583897 0.500000000 0.500000000 0.000000000 0.000000000 0.680579185 0.034683634 -0.731853127 -0.333270144 -0.036518328 0.999243200 0.013395816 0.123805976 0.731763899 0.017609140 0.681330681 0.105479465
242041000 0.479015963 0.851583897 0.500000000 0.500000000 0.000000000 0.000000000 0.673340857 0.034767900 -0.738514245 -0.341519939 -0.036724377 0.999233425 0.013558609 0.122957760 0.738419533 0.017991908 0.674101532 0.102090281
242075000 0.479015963 0.851583897 0.500000000 0.500000000 0.000000000 0.000000000 0.666026354 0.035153154 -0.745099425 -0.350196511 -0.037375830 0.999206901 0.013732378 0.123462949 0.744991243 0.018702585 0.666812003 0.097582813
242108000 0.479015963 0.851583897 0.500000000 0.500000000 0.000000000 0.000000000 0.658694446 0.035267454 -0.751583517 -0.358821598 -0.037475709 0.999198854 0.014042559 0.122133245 0.751476645 0.018916372 0.659488440 0.092994540
242141000 0.479015963 0.851583897 0.500000000 0.500000000 0.000000000 0.000000000 0.651181340 0.035395857 -0.758096278 -0.367524711 -0.037889581 0.999182343 0.014106293 0.122133963 0.757975757 0.019538196 0.651990056 0.088349969
242175000 0.479015963 0.851583897 0.500000000 0.500000000 0.000000000 0.000000000 0.643741369 0.035518531 -0.764418364 -0.376615088 -0.038184162 0.999168813 0.014270044 0.121377003 0.764289856 0.020002460 0.644562542 0.082793582
242208000 0.479015963 0.851583897 0.500000000 0.500000000 0.000000000 0.000000000 0.636280239 0.035691172 -0.770631969 -0.385695443 -0.038525868 0.999152899 0.014465648 0.120625640 0.770495474 0.020485058 0.637116253 0.076803633
242242000 0.479015963 0.851583897 0.500000000 0.500000000 0.000000000 0.000000000 0.628892422 0.035867050 -0.776664615 -0.394651343 -0.038996562 0.999133229 0.014563968 0.120511746 0.776513755 0.021128079 0.629745960 0.071026374
242275000 0.479015963 0.851583897 0.500000000 0.500000000 0.000000000 0.000000000 0.621580243 0.036060393 -0.782520056 -0.404245134 -0.039362036 0.999115765 0.014775139 0.119346917 0.782360971 0.021617649 0.622449994 0.064258276
242308000 0.479015963 0.851583897 0.500000000 0.500000000 0.000000000 0.000000000 0.613993883 0.036212452 -0.788479626 -0.413094149 -0.039904132 0.999093711 0.014811722 0.118472832 0.788301408 0.022369288 0.614882469 0.057882836
242342000 0.479015963 0.851583897 0.500000000 0.500000000 0.000000000 0.000000000 0.606573105 0.036498029 -0.794189513 -0.421949819 -0.040697828 0.999061465 0.014829666 0.118292422 0.793985367 0.023326511 0.607489169 0.050611083
242375000 0.479015963 0.851583897 0.500000000 0.500000000 0.000000000 0.000000000 0.599372983 0.036698185 -0.799628198 -0.430809843 -0.041158386 0.999040067 0.014999134 0.117312157 0.799411058 0.023921330 0.600308061 0.043084207
242408000 0.479015963 0.851583897 0.500000000 0.500000000 0.000000000 0.000000000 0.591972113 0.036602844 -0.805126846 -0.440003570 -0.041242100 0.999035180 0.015094955 0.115597437 0.804902554 0.024269329 0.592910528 0.035709644
242442000 0.479015963 0.851583897 0.500000000 0.500000000 0.000000000 0.000000000 0.584495425 0.036789287 -0.810562551 -0.448331956 -0.041574251 0.999017298 0.015363621 0.114428262 0.810331225 0.024718568 0.585450470 0.027698575
242475000 0.479015963 0.851583897 0.500000000 0.500000000 0.000000000 0.000000000 0.577182174 0.036974084 -0.815777957 -0.457578099 -0.042077694 0.998993993 0.015507151 0.113315474 0.815530598 0.025375603 0.578157306 0.019142517
242508000 0.479015963 0.851583897 0.500000000 0.500000000 0.000000000 0.000000000 0.569627643 0.037069988 -0.821066499 -0.465735851 -0.042566504 0.998972297 0.015571008 0.111791881 0.820799887 0.026080254 0.570620179 0.011537500
242542000 0.479015963 0.851583897 0.500000000 0.500000000 0.000000000 0.000000000 0.562496901 0.037230544 -0.825960755 -0.474690931 -0.043082483 0.998948336 0.015687946 0.110156979 0.825676203 0.026760019 0.563509345 0.002525402
242575000 0.479015963 0.851583897 0.500000000 0.500000000 0.000000000 0.000000000 0.555326700 0.037318069 -0.830794573 -0.483531250 -0.043597564 0.998925328 0.015728408 0.109216591 0.830488741 0.027486213 0.556356907 -0.005843251
242609000 0.479015963 0.851583897 0.500000000 0.500000000 0.000000000 0.000000000 0.548084259 0.037251685 -0.835593164 -0.493039206 -0.043828879 0.998914361 0.015784387 0.108013336 0.835274041 0.027971936 0.549121916 -0.014960844
242642000 0.479015963 0.851583897 0.500000000 0.500000000 0.000000000 0.000000000 0.540826201 0.037355140 -0.840304494 -0.502633337 -0.043855175 0.998906851 0.016180180 0.105702859 0.839990318 0.028101034 0.541873217 -0.024641275
242675000 0.479015963 0.851583897 0.500000000 0.500000000 0.000000000 0.000000000 0.533707976 0.037394989 -0.844841659 -0.511803400 -0.044011649 0.998896241 0.016410584 0.104211523 0.844522834 0.028424416 0.534764707 -0.034176100
242709000 0.479015963 0.851583897 0.500000000 0.500000000 0.000000000 0.000000000 0.526741683 0.037591282 -0.849193811 -0.521450427 -0.044420350 0.998873949 0.016663926 0.103076529 0.848863959 0.028943902 0.527818382 -0.043285571
242742000 0.479015963 0.851583897 0.500000000 0.500000000 0.000000000 0.000000000 0.519681036 0.037647631 -0.853530467 -0.531065794 -0.044861633 0.998852909 0.016743053 0.101653494 0.853181720 0.029589724 0.520773888 -0.052925884
242775000 0.479015963 0.851583897 0.500000000 0.500000000 0.000000000 0.000000000 0.512744129 0.037774719 -0.857710063 -0.541142735 -0.045384716 0.998827338 0.016858462 0.099922923 0.857341051 0.030282849 0.513857245 -0.063170891
242809000 0.479015963 0.851583897 0.500000000 0.500000000 0.000000000 0.000000000 0.505938232 0.037944090 -0.861734748 -0.551203713 -0.045949150 0.998799086 0.017001856 0.098539219 0.861344993 0.030994091 0.507074118 -0.073498096
242842000 0.479015963 0.851583897 0.500000000 0.500000000 0.000000000 0.000000000 0.499313325 0.038098190 -0.865583479 -0.561508857 -0.046331391 0.998777449 0.017234305 0.096232924 0.865181804 0.031498369 0.500468016 -0.084504115
242876000 0.479015963 0.851583897 0.500000000 0.500000000 0.000000000 0.000000000 0.492734015 0.038136598 -0.869343877 -0.570912521 -0.046861816 0.998752356 0.017252790 0.095232734 0.868917227 0.032237995 0.493906438 -0.094946066
242909000 0.479015963 0.851583897 0.500000000 0.500000000 0.000000000 0.000000000 0.486213475 0.038261034 -0.873002052 -0.580299647 -0.047203440 0.998732328 0.017481728 0.093338876 0.872564197 0.032708846 0.487403154 -0.105082929
242942000 0.479015963 0.851583897 0.500000000 0.500000000 0.000000000 0.000000000 0.479829520 0.038151216 -0.876531839 -0.589439705 -0.047314759 0.998725533 0.017568756 0.090587340 0.876084983 0.033042885 0.481023103 -0.116733453
242976000 0.479015963 0.851583897 0.500000000 0.500000000 0.000000000 0.000000000 0.473733813 0.038205497 -0.879838943 -0.599043869 -0.047591791 0.998709261 0.017742276 0.087955326 0.879381180 0.033467997 0.474940628 -0.128227603
243009000 0.479015963 0.851583897 0.500000000 0.500000000 0.000000000 0.000000000 0.467940301 0.038181651 -0.882934928 -0.608892451 -0.047710478 0.998700798 0.017902102 0.083916252 0.882471323 0.033748131 0.469154000 -0.140881767
243042000 0.479015963 0.851583897 0.500000000 0.500000000 0.000000000 0.000000000 0.462074518 0.038228560 -0.886016786 -0.617956997 -0.048281375 0.998673201 0.017909642 0.081141681 0.885525882 0.034502517 0.463307172 -0.152745135
243076000 0.479015963 0.851583897 0.500000000 0.500000000 0.000000000 0.000000000 0.456336409 0.038281456 -0.888983488 -0.627247872 -0.048892915 0.998643517 0.017905742 0.078500780 0.888463020 0.035293948 0.457589090 -0.164803897
243109000 0.479015963 0.851583897 0.500000000 0.500000000 0.000000000 0.000000000 0.450464278 0.038270436 -0.891973853 -0.635915240 -0.049388688 0.998619139 0.017903833 0.075687263 0.891427338 0.035988383 0.451732367 -0.176779139
243142000 0.479015963 0.851583897 0.500000000 0.500000000 0.000000000 0.000000000 0.444864810 0.038230255 -0.894781411 -0.644756853 -0.049664382 0.998604238 0.017974174 0.072381330 0.894219637 0.036442686 0.446142554 -0.189678890
243176000 0.479015963 0.851583897 0.500000000 0.500000000 0.000000000 0.000000000 0.439624459 0.038140059 -0.897371531 -0.653525660 -0.050016906 0.998587251 0.017938526 0.069866182 0.896787941 0.036997534 0.440911025 -0.202359392
243209000 0.479015963 0.851583897 0.500000000 0.500000000 0.000000000 0.000000000 0.434693426 0.038223639 -0.899766982 -0.662010355 -0.050419811 0.998564780 0.018062033 0.068146455 0.899165988 0.037514634 0.435996771 -0.215420794
243243000 0.479015963 0.851583897 0.500000000 0.500000000 0.000000000 0.000000000 0.429909527 0.038136195 -0.902066171 -0.670603924 -0.050696328 0.998550892 0.018054213 0.066810896 0.901447535 0.037969768 0.431219935 -0.228568531
243276000 0.479015963 0.851583897 0.500000000 0.500000000 0.000000000 0.000000000 0.424905688 0.038030092 -0.904438436 -0.678247259 -0.050500445 0.998557031 0.018262483 0.064795618 0.903827906 0.037914712 0.426213115 -0.242033413
243309000 0.479015963 0.851583897 0.500000000 0.500000000 0.000000000 0.000000000 0.420139819 0.037896220 -0.906667769 -0.685418166 -0.050121512 0.998571575 0.018511793 0.062572592 0.906074166 0.037666019 0.421439081 -0.255119073
243343000 0.479015963 0.851583897 0.500000000 0.500000000 0.000000000 0.000000000 0.415549904 0.037732840 -0.908787370 -0.692809725 -0.050068270 0.998573184 0.018566651 0.060148521 0.908191323 0.037786044 0.416846216 -0.268405828
243376000 0.479015963 0.851583897 0.500000000 0.500000000 0.000000000 0.000000000 0.410945594 0.037650496 -0.910882056 -0.699742450 -0.050571587 0.998549819 0.018458730 0.058658345 0.910256147 0.038479220 0.412253708 -0.282182947
243409000 0.479015963 0.851583897 0.500000000 0.500000000 0.000000000 0.000000000 0.406543761 0.037503839 -0.912861228 -0.706788006 -0.051066138 0.998527944 0.018280992 0.057129305 0.912203074 0.039184276 0.407860488 -0.296829362
243443000 0.479015963 0.851583897 0.500000000 0.500000000 0.000000000 0.000000000 0.402192622 0.037443217 -0.914789081 -0.713183524 -0.051409025 0.998510599 0.018267728 0.055905972 0.914110601 0.039681271 0.403518528 -0.311448550
243476000 0.479015963 0.851583897 0.500000000 0.500000000 0.000000000 0.000000000 0.397943407 0.037261277 -0.916652977 -0.719615678 -0.051294908 0.998515487 0.018320447 0.053312872 0.915974855 0.039729130 0.399263978 -0.326674870
243510000 0.479015963 0.851583897 0.500000000 0.500000000 0.000000000 0.000000000 0.393597692 0.037190568 -0.918530226 -0.725914732 -0.051185679 0.998517871 0.018495724 0.050148147 0.917856693 0.039735720 0.394917935 -0.342465062
243543000 0.479015963 0.851583897 0.500000000 0.500000000 0.000000000 0.000000000 0.389197022 0.037003271 -0.920410991 -0.731529368 -0.051327724 0.998511612 0.018439153 0.047149766 0.919723392 0.040066138 0.390517056 -0.358939800
243576000 0.479015963 0.851583897 0.500000000 0.500000000 0.000000000 0.000000000 0.384862304 0.037068963 -0.922229290 -0.736720267 -0.051594354 0.998494864 0.018603234 0.043329859 0.921530783 0.040422142 0.386195570 -0.375850354
243610000 0.479015963 0.851583897 0.500000000 0.500000000 0.000000000 0.000000000 0.380426943 0.036981661 -0.924071252 -0.742036308 -0.051705070 0.998487771 0.018673599 0.039199148 0.923364460 0.040675227 0.381763816 -0.393264068
243643000 0.479015963 0.851583897 0.500000000 0.500000000 0.000000000 0.000000000 0.376435161 0.036887407 -0.925708294 -0.747413626 -0.052006297 0.998472810 0.018638782 0.036084905 0.924982131 0.041126367 0.377778649 -0.411065424
243677000 0.479015963 0.851583897 0.500000000 0.500000000 0.000000000 0.000000000 0.372518092 0.036727987 -0.927297890 -0.752650930 -0.051938355 0.998475552 0.018682258 0.031935555 0.926570415 0.041202847 0.373857766 -0.428972462
243710000 0.479015963 0.851583897 0.500000000 0.500000000 0.000000000 0.000000000 0.368424326 0.036478631 -0.928941786 -0.757941376 -0.052087691 0.998470187 0.018550629 0.027772894 0.928197384 0.041551929 0.369760782 -0.447710756
243743000 0.479015963 0.851583897 0.500000000 0.500000000 0.000000000 0.000000000 0.364122093 0.036184944 -0.930648029 -0.762440648 -0.052453917 0.998455703 0.018298468 0.023386495 0.929872930 0.042153258 0.365457803 -0.467259947
243777000 0.479015963 0.851583897 0.500000000 0.500000000 0.000000000 0.000000000 0.360069305 0.035799481 -0.932238460 -0.766637843 -0.053086426 0.998430610 0.017837182 0.019932625 0.931413949 0.043066584 0.361404657 -0.486654569
243810000 0.479015963 0.851583897 0.500000000 0.500000000 0.000000000 0.000000000 0.356087357 0.035563022 -0.933775723 -0.770796935 -0.053544592 0.998410225 0.017605871 0.016465254 0.932917356 0.043729410 0.357425481 -0.506466113
243843000 0.479015963 0.851583897 0.500000000 0.500000000 0.000000000 0.000000000 0.352105916 0.035439104 -0.935288966 -0.774067376 -0.053939950 0.998390436 0.017523447 0.013658380 0.934404552 0.044279329 0.353450745 -0.526410674
243877000 0.479015963 0.851583897 0.500000000 0.500000000 0.000000000 0.000000000 0.348427743 0.035435423 -0.936665595 -0.777848882 -0.054307234 0.998369694 0.017568175 0.011000369 0.935761094 0.044746481 0.349784106 -0.546493991
243910000 0.479015963 0.851583897 0.500000000 0.500000000 0.000000000 0.000000000 0.344404042 0.035366844 -0.938155115 -0.780378991 -0.054585807 0.998354018 0.017597366 0.008429541 0.937233269 0.045149352 0.345767677 -0.567148836
243944000 0.479015963 0.851583897 0.500000000 0.500000000 0.000000000 0.000000000 0.340966344 0.035475463 -0.939405918 -0.782742957 -0.055094518 0.998324215 0.017703352 0.006699125 0.938459694 0.045719869 0.342349440 -0.587665944
243977000 0.479015963 0.851583897 0.500000000 0.500000000 0.000000000 0.000000000 0.337954402 0.035397876 -0.940496564 -0.785229105 -0.055171732 0.998319089 0.017748972 0.003586517 0.939543962 0.045890480 0.339339286 -0.608326202
244010000 0.479015963 0.851583897 0.500000000 0.500000000 0.000000000 0.000000000 0.334991693 0.035247687 -0.941561580 -0.787963323 -0.055385977 0.998308718 0.017666642 0.001091923 0.940591812 0.046231132 0.336377352 -0.629190288
244044000 0.479015963 0.851583897 0.500000000 0.500000000 0.000000000 0.000000000 0.331743777 0.034847654 -0.942725658 -0.789911729 -0.055193730 0.998322666 0.017480191 -0.002086525 0.941753507 0.046233602 0.333110690 -0.650438429
244077000 0.479015963 0.851583897 0.500000000 0.500000000 0.000000000 0.000000000 0.328601748 0.034565799 -0.943835855 -0.791871269 -0.054822132 0.998343229 0.017475372 -0.005394924 0.942876160 0.046000656 0.329952300 -0.671695604
244110000 0.479015963 0.851583897 0.500000000 0.500000000 0.000000000 0.000000000 0.325466573 0.034310471 -0.944930851 -0.793869129 -0.054633398 0.998354316 0.017432662 -0.008143174 0.943973899 0.045951031 0.326805443 -0.692622856
244144000 0.479015963 0.851583897 0.500000000 0.500000000 0.000000000 0.000000000 0.322446913 0.034269303 -0.945967019 -0.796147763 -0.054651264 0.998351455 0.017538326 -0.011170192 0.945008576 0.046043113 0.323788196 -0.713736388
244177000 0.479015963 0.851583897 0.500000000 0.500000000 0.000000000 0.000000000 0.319179833 0.034172848 -0.947077870 -0.797003779 -0.055165071 0.998325109 0.017430494 -0.013403442 0.946087241 0.046682153 0.320530385 -0.734755744
244210000 0.479015963 0.851583897 0.500000000 0.500000000 0.000000000 0.000000000 0.316327006 0.034181509 -0.948034227 -0.798470416 -0.055677496 0.998296916 0.017416038 -0.015526808 0.947014928 0.047275007 0.317691416 -0.755577712
244244000 0.479015963 0.851583897 0.500000000 0.500000000 0.000000000 0.000000000 0.313454121 0.034031518 -0.948993325 -0.799571916 -0.055712592 0.998295248 0.017397555 -0.017877866 0.947967649 0.047417544 0.314815760 -0.776552180
244277000 0.479015963 0.851583897 0.500000000 0.500000000 0.000000000 0.000000000 0.310816616 0.033911224 -0.949864745 -0.800523684 -0.055618070 0.998299778 0.017440952 -0.020616085 0.948841214 0.047408707 0.312174231 -0.797429535
244311000 0.479015963 0.851583897 0.500000000 0.500000000 0.000000000 0.000000000 0.308308810 0.033824865 -0.950684786 -0.801569907 -0.055573449 0.998301268 0.017496463 -0.024018465 0.949661672 0.047438517 0.309664845 -0.817918516
244344000 0.479015963 0.851583897 0.500000000 0.500000000 0.000000000 0.000000000 0.305594385 0.033614669 -0.951568246 -0.802043548 -0.055966057 0.998282909 0.017291496 -0.026849240 0.950515568 0.047971338 0.306950927 -0.838895338
244377000 0.479015963 0.851583897 0.500000000 0.500000000 0.000000000 0.000000000 0.303490967 0.033610277 -0.952241361 -0.803800639 -0.056360677 0.998261094 0.017271750 -0.029804841 0.951165974 0.048427146 0.304857492 -0.860149626
244411000 0.479015963 0.851583897 0.500000000 0.500000000 0.000000000 0.000000000 0.301113486 0.033414204 -0.953002691 -0.805067528 -0.056405909 0.998260140 0.017178848 -0.033515739 0.951918602 0.048582200 0.302474320 -0.881721986
244444000 0.479015963 0.851583897 0.500000000 0.500000000 0.000000000 0.000000000 0.298631340 0.033286173 -0.953787923 -0.806627369 -0.056515306 0.998254538 0.017143048 -0.036690103 0.952693760 0.048784167 0.299991250 -0.903760061
244477000 0.479015963 0.851583897 0.500000000 0.500000000 0.000000000 0.000000000 0.296672672 0.033275582 -0.954399288 -0.809131908 -0.056494180 0.998254001 0.017243518 -0.040261159 0.953306735 0.048802327 0.298034579 -0.925904006
244511000 0.479015963 0.851583897 0.500000000 0.500000000 0.000000000 0.000000000 0.294593096 0.033008896 -0.955052555 -0.812271783 -0.056018848 0.998281121 0.017223550 -0.045262526 0.953979433 0.048427004 0.295935839 -0.948752255
244544000 0.479015963 0.851583897 0.500000000 0.500000000 0.000000000 0.000000000 0.291837901 0.032868452 -0.955902874 -0.814470385 -0.056024175 0.998280883 0.017221384 -0.049426257 0.954825580 0.048527818 0.293177634 -0.972222223
244577000 0.479015963 0.851583897 0.500000000 0.500000000 0.000000000 0.000000000 0.289979964 0.033112857 -0.956459701 -0.818718194 -0.056394260 0.998255849 0.017462209 -0.052598074 0.955369711 0.048875146 0.291341573 -0.995682199
244611000 0.479015963 0.851583897 0.500000000 0.500000000 0.000000000 0.000000000 0.287971914 0.032975219 -0.957070947 -0.822263448 -0.056270983 0.998262823 0.017463146 -0.056736341 0.955984175 0.048826426 0.289327204 -1.019172771
244644000 0.479015963 0.851583897 0.500000000 0.500000000 0.000000000 0.000000000 0.285915583 0.033005875 -0.957686245 -0.826328967 -0.056461688 0.998250544 0.017547352 -0.059835526 0.956589937 0.049055517 0.287278950 -1.043006081
244678000 0.479015963 0.851583897 0.500000000 0.500000000 0.000000000 0.000000000 0.283820689 0.032885328 -0.958313286 -0.829738261 -0.056410164 0.998253465 0.017549084 -0.063372925 0.957216620 0.049077816 0.285180032 -1.066760864
244711000 0.479015963 0.851583897 0.500000000 0.500000000 0.000000000 0.000000000 0.282156587 0.032952752 -0.958802283 -0.834381950 -0.056810867 0.998229980 0.017589513 -0.065117769 0.957684815 0.049507391 0.283529222 -1.090280980
244744000 0.479015963 0.851583897 0.500000000 0.500000000 0.000000000 0.000000000 0.280302435 0.033089627 -0.959341228 -0.838081974 -0.057064120 0.998212576 0.017757259 -0.067338820 0.958214104 0.049766559 0.281689644 -1.114053504
244778000 0.479015963 0.851583897 0.500000000 0.500000000 0.000000000 0.000000000 0.278995752 0.033271670 -0.959715784 -0.843003829 -0.057601199 0.998179913 0.017860103 -0.068282466 0.958563209 0.050297886 0.280404449 -1.137559916
244811000 0.479015963 0.851583897 0.500000000 0.500000000 0.000000000 0.000000000 0.277816594 0.033435553 -0.960052073 -0.847346979 -0.057896312 0.998160183 0.018008901 -0.069827327 0.958887875 0.050580304 0.279241234 -1.161190436
244844000 0.479015963 0.851583897 0.500000000 0.500000000 0.000000000 0.000000000 0.276908904 0.033490777 -0.960312366 -0.852461194 -0.057869673 0.998159647 0.018123806 -0.071810619 0.959151983 0.050554320 0.278337389 -1.184098901
244878000 0.479015963 0.851583897 0.500000000 0.500000000 0.000000000 0.000000000 0.275858700 0.033462822 -0.960615516 -0.857743307 -0.057752125 0.998165309 0.018186260 -0.073319065 0.959461629 0.050460748 0.277285129 -1.207620514
244911000 0.479015963 0.851583897 0.500000000 0.500000000 0.000000000 0.000000000 0.275069714 0.033507396 -0.960840225 -0.863693327 -0.057601981 0.998171568 0.018318934 -0.074602928 0.959697187 0.050307315 0.276496857 -1.230628985
244945000 0.479015963 0.851583897 0.500000000 0.500000000 0.000000000 0.000000000 0.274289310 0.033610836 -0.961059690 -0.869872930 -0.057443555 0.998177052 0.018514371 -0.076060741 0.959930003 0.050128389 0.275720030 -1.253688734
244978000 0.479015963 0.851583897 0.500000000 0.500000000 0.000000000 0.000000000 0.273197919 0.033471629 -0.961375356 -0.875029668 -0.057294007 0.998186469 0.018471790 -0.077882934 0.960250139 0.050034594 0.274620175 -1.276772817
245011000 0.479015963 0.851583897 0.500000000 0.500000000 0.000000000 0.000000000 0.272211403 0.033555873 -0.961652219 -0.880569341 -0.057511307 0.998172462 0.018550692 -0.079084782 0.960517228 0.050256167 0.273643792 -1.299733267
245045000 0.479015963 0.851583897 0.500000000 0.500000000 0.000000000 0.000000000 0.271583587 0.033490922 -0.961831987 -0.886593951 -0.057667606 0.998164892 0.018472966 -0.080529918 0.960685611 0.050449595 0.273016542 -1.322908185
245078000 0.479015963 0.851583897 0.500000000 0.500000000 0.000000000 0.000000000 0.270743459 0.033426948 -0.962071002 -0.892265586 -0.057932150 0.998151362 0.018377440 -0.081415808 0.960906804 0.050759271 0.272179455 -1.346169718
245111000 0.479015963 0.851583897 0.500000000 0.500000000 0.000000000 0.000000000 0.269956380 0.033477467 -0.962290406 -0.897695605 -0.057987403 0.998146653 0.018457372 -0.082998561 0.961124897 0.050818037 0.271397322 -1.369212655
245145000 0.479015963 0.851583897 0.500000000 0.500000000 0.000000000 0.000000000 0.269046038 0.033325344 -0.962550581 -0.902263789 -0.057845864 0.998156130 0.018389367 -0.084747739 0.961388648 0.050731983 0.270477682 -1.392685028
245178000 0.479015963 0.851583897 0.500000000 0.500000000 0.000000000 0.000000000 0.268333822 0.033285655 -0.962750733 -0.906576520 -0.057885174 0.998154104 0.018376160 -0.085900109 0.961585283 0.050798051 0.269765258 -1.415557465
245211000 0.479015963 0.851583897 0.500000000 0.500000000 0.000000000 0.000000000 0.267947972 0.033305116 -0.962857544 -0.911476317 -0.057755414 0.998160183 0.018453814 -0.087894413 0.961700678 0.050665576 0.269378543 -1.438132301
245245000 0.479015963 0.851583897 0.500000000 0.500000000 0.000000000 0.000000000 0.267858148 0.033360463 -0.962880611 -0.917378631 -0.057926260 0.998150051 0.018468255 -0.089566482 0.961715400 0.050829198 0.269295067 -1.460640359
245278000 0.479015963 0.851583897 0.500000000 0.500000000 0.000000000 0.000000000 0.267427951 0.033229407 -0.963004708 -0.922627302 -0.058381952 0.998127878 0.018228605 -0.090356320 0.961807609 0.051347256 0.268867284 -1.483550175
245312000 0.479015963 0.851583897 0.500000000 0.500000000 0.000000000 0.000000000 0.267180324 0.033132166 -0.963076830 -0.928265511 -0.058351304 0.998131096 0.018150084 -0.092820938 0.961878240 0.051347442 0.268614292 -1.506443581
245345000 0.479015963 0.851583897 0.500000000 0.500000000 0.000000000 0.000000000 0.266557872 0.032912776 -0.963256776 -0.932968908 -0.058218598 0.998141646 0.017994149 -0.095780951 0.962058961 0.051282976 0.267978668 -1.529922939
245378000 0.479015963 0.851583897 0.500000000 0.500000000 0.000000000 0.000000000 0.265949488 0.032888431 -0.963425756 -0.937958599 -0.058220658 0.998141408 0.018001959 -0.098475226 0.962227225 0.051303670 0.267369986 -1.553845090
245412000 0.479015963 0.851583897 0.500000000 0.500000000 0.000000000 0.000000000 0.265598983 0.032746967 -0.963527262 -0.942982740 -0.058237512 0.998142779 0.017870098 -0.100758631 0.962323010 0.051367152 0.267012805 -1.577594947
245445000 0.479015963 0.851583897 0.500000000 0.500000000 0.000000000 0.000000000 0.265178978 0.032718088 -0.963643968 -0.948281491 -0.058444999 0.998131812 0.017805934 -0.102179741 0.962426245 0.051598407 0.266595781 -1.601731330
245478000 0.479015963 0.851583897 0.500000000 0.500000000 0.000000000 0.000000000 0.264589369 0.032778230 -0.963803947 -0.952925127 -0.058562268 0.998123825 0.017868550 -0.103228322 0.962581396 0.051714715 0.266012520 -1.626641783
245512000 0.479015963 0.851583897 0.500000000 0.500000000 0.000000000 0.000000000 0.264177233 0.032754496 -0.963917792 -0.957839990 -0.058574263 0.998123229 0.017863594 -0.103550668 0.962693870 0.051741619 0.265599996 -1.651357922
245545000 0.479015963 0.851583897 0.500000000 0.500000000 0.000000000 0.000000000 0.264080584 0.032762270 -0.963944018 -0.963914175 -0.058416139 0.998131454 0.017920630 -0.103857302 0.962729990 0.051577397 0.265500993 -1.676032625
245578000 0.479015963 0.851583897 0.500000000 0.500000000 0.000000000 0.000000000 0.263228297 0.032654189 -0.964180768 -0.967810749 -0.057971504 0.998156369 0.017978212 -0.104909884 0.962990224 0.051162638 0.264636010 -1.701414024
245612000 0.479015963 0.851583897 0.500000000 0.500000000 0.000000000 0.000000000 0.262682766 0.032970287 -0.964318812 -0.972017180 -0.058575533 0.998117626 0.018169759 -0.102851538 0.963102639 0.051712606 0.264119565 -1.726014301
245645000 0.479015963 0.851583897 0.500000000 0.500000000 0.000000000 0.000000000 0.262563437 0.033128567 -0.964345872 -0.976990538 -0.058983017 0.998092532 0.018228512 -0.101203000 0.963110268 0.052093890 0.264016628 -1.750019443
245679000 0.479015963 0.851583897 0.500000000 0.500000000 0.000000000 0.000000000 0.261850655 0.033116601 -0.964540064 -0.980666029 -0.059179720 0.998081386 0.018202268 -0.100195843 0.963292241 0.052314933 0.263308108 -1.774233093
245712000 0.479015963 0.851583897 0.500000000 0.500000000 0.000000000 0.000000000 0.261233181 0.033083215 -0.964708626 -0.983994677 -0.059202328 0.998080134 0.018196257 -0.099322496 0.963458538 0.052359533 0.262690276 -1.798178307
245745000 0.479015963 0.851583897 0.500000000 0.500000000 0.000000000 0.000000000 0.260935694 0.033080716 -0.964789212 -0.988234163 -0.058874574 0.998097658 0.018299650 -0.099355130 0.963559210 0.052026525 0.262386918 -1.821216227
245779000 0.479015963 0.851583897 0.500000000 0.500000000 0.000000000 0.000000000 0.260344774 0.032941449 -0.964953601 -0.992247672 -0.058796760 0.998103857 0.018209744 -0.098708640 0.963723779 0.051995333 0.261787981 -1.844129424
245812000 0.479015963 0.851583897 0.500000000 0.500000000 0.000000000 0.000000000 0.259448171 0.032961696 -0.965194345 -0.994839593 -0.058644507 0.998110771 0.018321920 -0.098479760 0.963974833 0.051849760 0.260891050 -1.867109951
245845000 0.479015963 0.851583897 0.500000000 0.500000000 0.000000000 0.000000000 0.258887351 0.033170007 -0.965337813 -0.998246467 -0.058567729 0.998110354 0.018589228 -0.098079675 0.964130282 0.051725127 0.260340810 -1.889702927
245879000 0.479015963 0.851583897 0.500000000 0.500000000 0.000000000 0.000000000 0.258680463 0.033119775 -0.965394974 -1.003101222 -0.058826994 0.998097122 0.018478818 -0.096159491 0.964170039 0.052011177 0.260136575 -1.911405767
245912000 0.479015963 0.851583897 0.500000000 0.500000000 0.000000000 0.000000000 0.258373052 0.033166688 -0.965475678 -1.007362884 -0.058761381 0.998099446 0.018562144 -0.095612134 0.964256406 0.051936727 0.259830922 -1.932802180
245946000 0.479015963 0.851583897 0.500000000 0.500000000 0.000000000 0.000000000 0.257871985 0.033113994 -0.965611458 -1.011470076 -0.058867462 0.998094261 0.018507048 -0.094703952 0.964384079 0.052070647 0.259329885 -1.954358952
245979000 0.479015963 0.851583897 0.500000000 0.500000000 0.000000000 0.000000000 0.257309049 0.033188745 -0.965759039 -1.015903973 -0.058822814 0.998094618 0.018627694 -0.094576859 0.964537144 0.052015591 0.258771032 -1.975846957
246012000 0.479015963 0.851583897 0.500000000 0.500000000 0.000000000 0.000000000 0.256898403 0.033177659 -0.965868771 -1.020548354 -0.058766000 0.998097479 0.018654345 -0.094747343 0.964650095 0.051967975 0.258359373 -1.996843906
246046000 0.479015963 0.851583897 0.500000000 0.500000000 0.000000000 0.000000000 0.256745696 0.033132747 -0.965910912 -1.026853790 -0.058879849 0.998092055 0.018585963 -0.094633766 0.964683771 0.052100822 0.258206666 -2.017953238
246079000 0.479015963 0.851583897 0.500000000 0.500000000 0.000000000 0.000000000 0.256025791 0.033207990 -0.966099381 -1.031131902 -0.058763530 0.998096108 0.018734911 -0.095878216 0.964882195 0.051974788 0.257489771 -2.039763902
