https://www.youtube.com/watch?v=3LnuhhhyvDY
154420933 0.458054813 0.814319668 0.500000000 0.500000000 0.000000000 0.000000000 0.995203018 -0.013602911 0.096880674 0.086433643 0.013142700 0.999899149 0.005386865 0.032420257 -0.096944176 -0.004087750 0.995281398 -0.152322903
154454300 0.458054813 0.814319668 0.500000000 0.500000000 0.000000000 0.000000000 0.994674683 -0.014450927 0.102046125 0.094951084 0.013942190 0.999886572 0.005696882 0.034341459 -0.102116875 -0.004243798 0.994763374 -0.158331543
154487667 0.458054813 0.814319668 0.500000000 0.500000000 0.000000000 0.000000000 0.994154394 -0.015144182 0.106900200 0.104500828 0.014614771 0.999876738 0.005734100 0.037535517 -0.106973864 -0.004138259 0.994253218 -0.165348726
154521033 0.458054813 0.814319668 0.500000000 0.500000000 0.000000000 0.000000000 0.993554652 -0.015927875 0.112229660 0.112496221 0.015327773 0.999863267 0.006207965 0.038710675 -0.112313189 -0.004447721 0.993662894 -0.170363270
154554400 0.458054813 0.814319668 0.500000000 0.500000000 0.000000000 0.000000000 0.992942691 -0.016562579 0.117432885 0.121140588 0.015906658 0.999852240 0.006520596 0.040830299 -0.117523529 -0.004606613 0.993059397 -0.176174996
154587767 0.458054813 0.814319668 0.500000000 0.500000000 0.000000000 0.000000000 0.992283344 -0.017050739 0.122812904 0.129199965 0.016327444 0.999842942 0.006893487 0.042891395 -0.122911155 -0.004835072 0.992405891 -0.181780215
154621133 0.458054813 0.814319668 0.500000000 0.500000000 0.000000000 0.000000000 0.991612315 -0.017555254 0.128050148 0.137115658 0.016761526 0.999833047 0.007273604 0.044457002 -0.128156453 -0.005066279 0.991741002 -0.186937006
154654500 0.458054813 0.814319668 0.500000000 0.500000000 0.000000000 0.000000000 0.990928054 -0.018059427 0.133174300 0.146987699 0.017248165 0.999825001 0.007242964 0.047824448 -0.133281797 -0.004880243 0.991066158 -0.191850885
154687867 0.458054813 0.814319668 0.500000000 0.500000000 0.000000000 0.000000000 0.990169883 -0.018649472 0.138621122 0.154387401 0.017798325 0.999814391 0.007377257 0.050488178 -0.138732985 -0.004837514 0.990318000 -0.198659085
154721233 0.458054813 0.814319668 0.500000000 0.500000000 0.000000000 0.000000000 0.989349067 -0.019257760 0.144282788 0.161481852 0.018301772 0.999800920 0.007950248 0.051123686 -0.144407153 -0.005224940 0.989504576 -0.203712288
154754600 0.458054813 0.814319668 0.500000000 0.500000000 0.000000000 0.000000000 0.988486052 -0.019980045 0.149986923 0.168557482 0.018925212 0.999785125 0.008457032 0.051949391 -0.150123656 -0.005521125 0.988651812 -0.209928658
154787967 0.458054813 0.814319668 0.500000000 0.500000000 0.000000000 0.000000000 0.987505198 -0.020389929 0.156261876 0.173883264 0.019256162 0.999776125 0.008766087 0.053919270 -0.156405643 -0.005647552 0.987676740 -0.215087147
154821333 0.458054813 0.814319668 0.500000000 0.500000000 0.000000000 0.000000000 0.986459315 -0.021452691 0.162596986 0.180085487 0.020243935 0.999753773 0.009087441 0.056165133 -0.162751898 -0.005672788 0.986650705 -0.227074557
154854700 0.458054813 0.814319668 0.500000000 0.500000000 0.000000000 0.000000000 0.985450923 -0.021992499 0.168531209 0.186633306 0.020667169 0.999740183 0.009614267 0.057473026 -0.168698862 -0.005991326 0.985649407 -0.237873824
154888067 0.458054813 0.814319668 0.500000000 0.500000000 0.000000000 0.000000000 0.984308124 -0.022863764 0.174970731 0.191777109 0.021405887 0.999718666 0.010215094 0.058212729 -0.175155059 -0.006309396 0.984520614 -0.249825348
154921433 0.458054813 0.814319668 0.500000000 0.500000000 0.000000000 0.000000000 0.983089626 -0.023330616 0.181632906 0.194958913 0.021802934 0.999708176 0.010403231 0.061252132 -0.181822613 -0.006267178 0.983311355 -0.267617920
154954800 0.458054813 0.814319668 0.500000000 0.500000000 0.000000000 0.000000000 0.981923878 -0.023789315 0.187775344 0.200455634 0.022169333 0.999696732 0.010722935 0.063493219 -0.187973484 -0.006366252 0.982153475 -0.282336455
154988167 0.458054813 0.814319668 0.500000000 0.500000000 0.000000000 0.000000000 0.980685115 -0.024439232 0.194060504 0.205158893 0.022704652 0.999679923 0.011157841 0.065190029 -0.194271088 -0.006536252 0.980926096 -0.295727567
155021533 0.458054813 0.814319668 0.500000000 0.500000000 0.000000000 0.000000000 0.979386389 -0.024768999 0.200471491 0.209278795 0.022918329 0.999670625 0.011547483 0.066915149 -0.200691476 -0.006714975 0.979631484 -0.308030253
155054900 0.458054813 0.814319668 0.500000000 0.500000000 0.000000000 0.000000000 0.978027523 -0.024853911 0.206989139 0.213272024 0.022914072 0.999668241 0.011764253 0.069649419 -0.207212850 -0.006762798 0.978272498 -0.319975036
155088267 0.458054813 0.814319668 0.500000000 0.500000000 0.000000000 0.000000000 0.976638556 -0.025233435 0.213401929 0.217315507 0.023200443 0.999658525 0.012025993 0.071691809 -0.213632509 -0.006794030 0.976890445 -0.333016804
155121633 0.458054813 0.814319668 0.500000000 0.500000000 0.000000000 0.000000000 0.975108147 -0.025489338 0.220259830 0.219765438 0.023415303 0.999653518 0.012022410 0.075254518 -0.220489964 -0.006565699 0.975367129 -0.350331926
155155000 0.458054813 0.814319668 0.500000000 0.500000000 0.000000000 0.000000000 0.973605096 -0.025850587 0.226770595 0.221994750 0.023805315 0.999647558 0.011749764 0.079044297 -0.226994410 -0.006041285 0.973877311 -0.375129266
155188367 0.458054813 0.814319668 0.500000000 0.500000000 0.000000000 0.000000000 0.972029150 -0.026373096 0.233374879 0.223939031 0.024291409 0.999635398 0.011790146 0.081607817 -0.233600736 -0.005791361 0.972315371 -0.398246353
155221733 0.458054813 0.814319668 0.500000000 0.500000000 0.000000000 0.000000000 0.970454812 -0.026769252 0.239793301 0.226403488 0.024660125 0.999626338 0.011792286 0.085040835 -0.240019381 -0.005530548 0.970752358 -0.420621334
155255100 0.458054813 0.814319668 0.500000000 0.500000000 0.000000000 0.000000000 0.968881011 -0.027231654 0.246024400 0.228757114 0.025058506 0.999614418 0.011959968 0.087633470 -0.246255234 -0.005422783 0.969189823 -0.444975345
155288467 0.458054813 0.814319668 0.500000000 0.500000000 0.000000000 0.000000000 0.967117727 -0.027350914 0.252854168 0.227880746 0.025238747 0.999614239 0.011593728 0.091748470 -0.253073722 -0.004830779 0.967434943 -0.471960141
155321833 0.458054813 0.814319668 0.500000000 0.500000000 0.000000000 0.000000000 0.965374410 -0.027574198 0.259406745 0.227561245 0.025340261 0.999607444 0.011952402 0.093260053 -0.259634495 -0.004965109 0.965694189 -0.500548849
155355200 0.458054813 0.814319668 0.500000000 0.500000000 0.000000000 0.000000000 0.963743925 -0.028166175 0.265338123 0.230049698 0.025943102 0.999592841 0.011879932 0.097355321 -0.265564680 -0.004565519 0.964082241 -0.525416798
155388567 0.458054813 0.814319668 0.500000000 0.500000000 0.000000000 0.000000000 0.962001383 -0.028666796 0.271535635 0.230914892 0.026314223 0.999577999 0.012301813 0.099140339 -0.271773696 -0.004689111 0.962349772 -0.550115841
155421933 0.458054813 0.814319668 0.500000000 0.500000000 0.000000000 0.000000000 0.960260928 -0.029295189 0.277562171 0.233008194 0.026854621 0.999560058 0.012591258 0.101953671 -0.277808934 -0.004637065 0.960625172 -0.571445402
155455300 0.458054813 0.814319668 0.500000000 0.500000000 0.000000000 0.000000000 0.958673537 -0.030176723 0.282903582 0.237499101 0.027631002 0.999533832 0.012985155 0.104305812 -0.283163548 -0.004631616 0.959060431 -0.596452588
155488667 0.458054813 0.814319668 0.500000000 0.500000000 0.000000000 0.000000000 0.956963718 -0.030863293 0.288561702 0.238382424 0.028358690 0.999515116 0.012857178 0.108679911 -0.288818598 -0.004120621 0.957374990 -0.622488362
155522033 0.458054813 0.814319668 0.500000000 0.500000000 0.000000000 0.000000000 0.955293238 -0.031365175 0.293991655 0.240205632 0.028874010 0.999500930 0.012811160 0.112822308 -0.294246763 -0.003749696 0.955722153 -0.646921983
155555400 0.458054813 0.814319668 0.500000000 0.500000000 0.000000000 0.000000000 0.953514636 -0.032177817 0.299623817 0.240545284 0.029528152 0.999474525 0.013368047 0.114504335 -0.299896538 -0.003899291 0.953963757 -0.668066656
155588767 0.458054813 0.814319668 0.500000000 0.500000000 0.000000000 0.000000000 0.951725066 -0.033152077 0.305156261 0.240581862 0.030332493 0.999442101 0.013977717 0.115957080 -0.305449426 -0.004046793 0.952199697 -0.690797021
155622133 0.458054813 0.814319668 0.500000000 0.500000000 0.000000000 0.000000000 0.949914038 -0.033925850 0.310664296 0.241556776 0.030993413 0.999416232 0.014372317 0.118566502 -0.310970545 -0.004023919 0.950411022 -0.709837006
155655500 0.458054813 0.814319668 0.500000000 0.500000000 0.000000000 0.000000000 0.948185086 -0.034427177 0.315847754 0.244083814 0.031296149 0.999397874 0.014981607 0.119986252 -0.316173345 -0.004320518 0.948691607 -0.726446441
155688867 0.458054813 0.814319668 0.500000000 0.500000000 0.000000000 0.000000000 0.946434200 -0.035006519 0.320993513 0.246049451 0.031637851 0.999375999 0.015706016 0.121107441 -0.321343035 -0.004709166 0.946951151 -0.742243975
155722233 0.458054813 0.814319668 0.500000000 0.500000000 0.000000000 0.000000000 0.944668531 -0.035612371 0.326087624 0.247397744 0.031949360 0.999351919 0.016583685 0.121510184 -0.326466888 -0.005247794 0.945194066 -0.760805065
155755600 0.458054813 0.814319668 0.500000000 0.500000000 0.000000000 0.000000000 0.942649126 -0.036125831 0.331824630 0.244092693 0.032405593 0.999334633 0.016739834 0.125458148 -0.332208574 -0.005026815 0.943192542 -0.779209123
155788967 0.458054813 0.814319668 0.500000000 0.500000000 0.000000000 0.000000000 0.941016018 -0.036826450 0.336352080 0.246380689 0.033005286 0.999309361 0.017072920 0.127343557 -0.336748511 -0.004964495 0.941581547 -0.797704595
155822333 0.458054813 0.814319668 0.500000000 0.500000000 0.000000000 0.000000000 0.939205825 -0.037324019 0.341319919 0.245853440 0.033294141 0.999289572 0.017659236 0.128505381 -0.341736555 -0.005221704 0.939781308 -0.814844489
155855700 0.458054813 0.814319668 0.500000000 0.500000000 0.000000000 0.000000000 0.937369347 -0.037881650 0.346271187 0.245402831 0.033634406 0.999267220 0.018269002 0.130019105 -0.346709490 -0.005478176 0.937956572 -0.831925094
155889067 0.458054813 0.814319668 0.500000000 0.500000000 0.000000000 0.000000000 0.935515702 -0.038420822 0.351189762 0.245436410 0.034017719 0.999246240 0.018701434 0.132380813 -0.351643592 -0.005548809 0.936117530 -0.848933545
155922433 0.458054813 0.814319668 0.500000000 0.500000000 0.000000000 0.000000000 0.933603823 -0.039100271 0.356167167 0.244147661 0.034541529 0.999219716 0.019152960 0.134466957 -0.356638163 -0.005578717 0.934225917 -0.865204984
155955800 0.458054813 0.814319668 0.500000000 0.500000000 0.000000000 0.000000000 0.931728542 -0.039649818 0.360984504 0.243513163 0.034964591 0.999198198 0.019503668 0.136812435 -0.361468405 -0.005550449 0.932367861 -0.881780009
155989167 0.458054813 0.814319668 0.500000000 0.500000000 0.000000000 0.000000000 0.929892957 -0.040527873 0.365590781 0.243074963 0.035823878 0.999165058 0.019643992 0.140074749 -0.366081655 -0.005169930 0.930568397 -0.899071277
156022533 0.458054813 0.814319668 0.500000000 0.500000000 0.000000000 0.000000000 0.928124011 -0.041034091 0.370002806 0.242813334 0.036282532 0.999145508 0.019795354 0.142842204 -0.370498925 -0.004947904 0.928819716 -0.916992574
156055900 0.458054813 0.814319668 0.500000000 0.500000000 0.000000000 0.000000000 0.926428497 -0.041703254 0.374153852 0.243000382 0.036889229 0.999118745 0.020021893 0.145649617 -0.374659121 -0.004746605 0.927150488 -0.934010054
156089267 0.458054813 0.814319668 0.500000000 0.500000000 0.000000000 0.000000000 0.924642801 -0.042590205 0.378446460 0.242146310 0.037793107 0.999083459 0.020098068 0.149573121 -0.378955573 -0.004280867 0.925404966 -0.951784899
156122633 0.458054813 0.814319668 0.500000000 0.500000000 0.000000000 0.000000000 0.922939301 -0.043071948 0.382528186 0.241714480 0.038167831 0.999063015 0.020403719 0.151814879 -0.383048594 -0.004231122 0.923718512 -0.968987899
156156000 0.458054813 0.814319668 0.500000000 0.500000000 0.000000000 0.000000000 0.921241343 -0.043650758 0.386534572 0.240957980 0.038649384 0.999038279 0.020705432 0.155137176 -0.387066662 -0.004135377 0.922042489 -0.985640957
156189367 0.458054813 0.814319668 0.500000000 0.500000000 0.000000000 0.000000000 0.919665098 -0.044051480 0.390225023 0.241567493 0.039003130 0.999021411 0.020856054 0.158685086 -0.390761882 -0.003960588 0.920483291 -1.003929320
156222733 0.458054813 0.814319668 0.500000000 0.500000000 0.000000000 0.000000000 0.918115437 -0.044526335 0.393803835 0.241145637 0.039306242 0.998999834 0.021315517 0.161018319 -0.394359082 -0.004091155 0.918947339 -1.023843542
156256100 0.458054813 0.814319668 0.500000000 0.500000000 0.000000000 0.000000000 0.916637063 -0.045201324 0.397156537 0.241408265 0.039989606 0.998970926 0.021399254 0.164780007 -0.397715122 -0.003733215 0.917501390 -1.043068087
156289467 0.458054813 0.814319668 0.500000000 0.500000000 0.000000000 0.000000000 0.915280759 -0.045614216 0.400225580 0.241663922 0.040419571 0.998953283 0.021415956 0.168782617 -0.400783509 -0.003424665 0.916166365 -1.065163018
156322833 0.458054813 0.814319668 0.500000000 0.500000000 0.000000000 0.000000000 0.914027154 -0.046105776 0.403024286 0.243078075 0.040955793 0.998931944 0.021392813 0.172387015 -0.403580159 -0.003047434 0.914939225 -1.086771237
156356200 0.458054813 0.814319668 0.500000000 0.500000000 0.000000000 0.000000000 0.912744761 -0.046525035 0.405872405 0.243169265 0.041259084 0.998912394 0.021719690 0.174765403 -0.406441480 -0.003078609 0.913671613 -1.109426965
156389567 0.458054813 0.814319668 0.500000000 0.500000000 0.000000000 0.000000000 0.911453724 -0.047099274 0.408697665 0.242550999 0.041835871 0.998886347 0.021814071 0.178730502 -0.409269929 -0.002784293 0.912409127 -1.133027385
156422933 0.458054813 0.814319668 0.500000000 0.500000000 0.000000000 0.000000000 0.910286248 -0.047617253 0.411231726 0.243929705 0.042313058 0.998862207 0.021997526 0.182343509 -0.411811292 -0.002623573 0.911265373 -1.155568752
156456300 0.458054813 0.814319668 0.500000000 0.500000000 0.000000000 0.000000000 0.909142554 -0.048182085 0.413688689 0.244524082 0.042853855 0.998835623 0.022156080 0.185754481 -0.414274544 -0.002414879 0.910148740 -1.178669879
156489667 0.458054813 0.814319668 0.500000000 0.500000000 0.000000000 0.000000000 0.907939732 -0.048909497 0.416237086 0.244833759 0.043526608 0.998800695 0.022418244 0.189301067 -0.416834354 -0.002237025 0.908979714 -1.202377607
156523033 0.458054813 0.814319668 0.500000000 0.500000000 0.000000000 0.000000000 0.906847775 -0.049345586 0.418559551 0.245050475 0.043869458 0.998779297 0.022702690 0.192140086 -0.419168890 -0.002225902 0.907905519 -1.226009206
156556400 0.458054813 0.814319668 0.500000000 0.500000000 0.000000000 0.000000000 0.905894160 -0.049481586 0.420603544 0.246238342 0.043904569 0.998772383 0.022938335 0.194667851 -0.421222210 -0.002313286 0.906954527 -1.248533427
156589767 0.458054813 0.814319668 0.500000000 0.500000000 0.000000000 0.000000000 0.905045450 -0.049754675 0.422394663 0.248213446 0.044136632 0.998758972 0.023076214 0.198097630 -0.423018575 -0.002241944 0.906118214 -1.271087053
156623133 0.458054813 0.814319668 0.500000000 0.500000000 0.000000000 0.000000000 0.904041767 -0.049896449 0.424521834 0.248651669 0.044184104 0.998751760 0.023296535 0.201289920 -0.425154328 -0.002303924 0.905117929 -1.292899065
156656500 0.458054813 0.814319668 0.500000000 0.500000000 0.000000000 0.000000000 0.903076112 -0.050539326 0.426496536 0.249305290 0.044708066 0.998719394 0.023680890 0.203746960 -0.427147180 -0.002317811 0.904179156 -1.314258950
156689867 0.458054813 0.814319668 0.500000000 0.500000000 0.000000000 0.000000000 0.902049243 -0.050905190 0.428620845 0.248819110 0.044902068 0.998700321 0.024112580 0.206077932 -0.429291248 -0.002504774 0.903162658 -1.334888156
156723233 0.458054813 0.814319668 0.500000000 0.500000000 0.000000000 0.000000000 0.901208997 -0.051067449 0.430365503 0.248990276 0.044975977 0.998691916 0.024323270 0.209082470 -0.431044668 -0.002564241 0.902326941 -1.356729041
156756600 0.458054813 0.814319668 0.500000000 0.500000000 0.000000000 0.000000000 0.900199473 -0.051310375 0.432444453 0.247517005 0.045133442 0.998679459 0.024543082 0.212260644 -0.433132708 -0.002575962 0.901326478 -1.378422955
156789967 0.458054813 0.814319668 0.500000000 0.500000000 0.000000000 0.000000000 0.899258494 -0.051503353 0.434374928 0.246537458 0.045125831 0.998668671 0.024989931 0.214170965 -0.435083717 -0.002870877 0.900385439 -1.400323283
156823333 0.458054813 0.814319668 0.500000000 0.500000000 0.000000000 0.000000000 0.898327231 -0.051885027 0.436252326 0.245221847 0.045369070 0.998648643 0.025349183 0.216829260 -0.436978042 -0.002979500 0.899467230 -1.421115682
156856700 0.458054813 0.814319668 0.500000000 0.500000000 0.000000000 0.000000000 0.897435308 -0.052326273 0.438031793 0.244641703 0.045727216 0.998625696 0.025608052 0.219886391 -0.438769758 -0.002951595 0.898594677 -1.442613871
156890067 0.458054813 0.814319668 0.500000000 0.500000000 0.000000000 0.000000000 0.896516502 -0.052816976 0.439850509 0.243311071 0.046084397 0.998599648 0.025980625 0.222724306 -0.440606803 -0.003021815 0.897695124 -1.464116487
156923433 0.458054813 0.814319668 0.500000000 0.500000000 0.000000000 0.000000000 0.895602167 -0.053153154 0.441669017 0.242002294 0.046311751 0.998581648 0.026265962 0.225623615 -0.442438692 -0.003069387 0.896793485 -1.485373565
156956800 0.458054813 0.814319668 0.500000000 0.500000000 0.000000000 0.000000000 0.894626200 -0.053608492 0.443587691 0.239896076 0.046656419 0.998557270 0.026581198 0.228581426 -0.444372684 -0.003084024 0.895836711 -1.506990702
156990167 0.458054813 0.814319668 0.500000000 0.500000000 0.000000000 0.000000000 0.893744171 -0.054307196 0.445277512 0.238893547 0.047242541 0.998519599 0.026958590 0.231517788 -0.446082383 -0.003058041 0.894986689 -1.527871705
157023533 0.458054813 0.814319668 0.500000000 0.500000000 0.000000000 0.000000000 0.892858446 -0.054741118 0.446998000 0.236674388 0.047683168 0.998496592 0.027034802 0.235587071 -0.447805882 -0.002823971 0.894126356 -1.549730094
157056900 0.458054813 0.814319668 0.500000000 0.500000000 0.000000000 0.000000000 0.892055750 -0.055407811 0.448515862 0.235322558 0.048288282 0.998460174 0.027304834 0.238772441 -0.449338108 -0.002699375 0.893357694 -1.571338232
157090267 0.458054813 0.814319668 0.500000000 0.500000000 0.000000000 0.000000000 0.891224384 -0.056001335 0.450092196 0.233679580 0.048920546 0.998427868 0.027359091 0.243115952 -0.450916767 -0.002364332 0.892562866 -1.593057978
157123633 0.458054813 0.814319668 0.500000000 0.500000000 0.000000000 0.000000000 0.890415788 -0.056577224 0.451617897 0.232468262 0.049594987 0.998396397 0.027293729 0.247676978 -0.452437907 -0.001904782 0.891793847 -1.613844108
157157000 0.458054813 0.814319668 0.500000000 0.500000000 0.000000000 0.000000000 0.889612079 -0.057194732 0.453121573 0.231223200 0.050275892 0.998361886 0.027310556 0.251730641 -0.453941345 -0.001514709 0.891030312 -1.635276873
157190367 0.458054813 0.814319668 0.500000000 0.500000000 0.000000000 0.000000000 0.889044881 -0.057930626 0.454140127 0.233065351 0.051065400 0.998319924 0.027378924 0.255899057 -0.454963237 -0.001150244 0.890509486 -1.654878567
157223733 0.458054813 0.814319668 0.500000000 0.500000000 0.000000000 0.000000000 0.888500631 -0.058612503 0.455116719 0.234383950 0.051846687 0.998280585 0.027346637 0.260694679 -0.455937028 -0.000701210 0.890011728 -1.675659586
157257100 0.458054813 0.814319668 0.500000000 0.500000000 0.000000000 0.000000000 0.887856007 -0.059487857 0.456259668 0.234368702 0.052806068 0.998229027 0.027392998 0.265542656 -0.457081199 -0.000227760 0.889424920 -1.696082752
157290467 0.458054813 0.814319668 0.500000000 0.500000000 0.000000000 0.000000000 0.887396872 -0.060365934 0.457036853 0.236023194 0.053793076 0.998176277 0.027393926 0.270727836 -0.457857013 0.000276133 0.889025807 -1.716718628
157323833 0.458054813 0.814319668 0.500000000 0.500000000 0.000000000 0.000000000 0.887062490 -0.061518487 0.457532138 0.239500035 0.054881088 0.998105824 0.027799154 0.274604691 -0.458375663 0.000450274 0.888758421 -1.736427624
157357200 0.458054813 0.814319668 0.500000000 0.500000000 0.000000000 0.000000000 0.886468470 -0.062444571 0.458556831 0.240165798 0.055847943 0.998048067 0.027946902 0.279535102 -0.459406912 0.000835409 0.888225555 -1.757549359
157390567 0.458054813 0.814319668 0.500000000 0.500000000 0.000000000 0.000000000 0.885991156 -0.063151568 0.459381700 0.241375214 0.056432616 0.998003602 0.028357025 0.282768214 -0.460255384 0.000800037 0.887786210 -1.777753804
157423933 0.458054813 0.814319668 0.500000000 0.500000000 0.000000000 0.000000000 0.885525882 -0.063459069 0.460235626 0.241986703 0.056688827 0.997984111 0.028532602 0.285597525 -0.461118490 0.000823859 0.887338161 -1.799761005
157457300 0.458054813 0.814319668 0.500000000 0.500000000 0.000000000 0.000000000 0.885133922 -0.064345293 0.460866153 0.242880618 0.057494927 0.997927248 0.028904721 0.289468447 -0.461770773 0.000912916 0.886998832 -1.819189702
157490667 0.458054813 0.814319668 0.500000000 0.500000000 0.000000000 0.000000000 0.884583473 -0.064763993 0.461863250 0.242219484 0.057661105 0.997900486 0.029493492 0.290784530 -0.462803692 0.000542089 0.886460662 -1.839536810
157524033 0.458054813 0.814319668 0.500000000 0.500000000 0.000000000 0.000000000 0.884012580 -0.065315396 0.462877601 0.240335628 0.058024675 0.997864604 0.029989319 0.293525851 -0.463847935 0.000347387 0.885914743 -1.860350126
157557400 0.458054813 0.814319668 0.500000000 0.500000000 0.000000000 0.000000000 0.883895934 -0.065949380 0.463010460 0.243738011 0.058474202 0.997822940 0.030497577 0.296415857 -0.464013755 0.000117482 0.885827959 -1.880892932
157590767 0.458054813 0.814319668 0.500000000 0.500000000 0.000000000 0.000000000 0.883774519 -0.066822439 0.463117033 0.246877806 0.059121791 0.997764885 0.031142786 0.298584983 -0.464162946 -0.000142893 0.885749817 -1.900392561
157624133 0.458054813 0.814319668 0.500000000 0.500000000 0.000000000 0.000000000 0.883379698 -0.066575035 0.463905215 0.244897087 0.058736816 0.997781336 0.031343509 0.299885500 -0.464962661 -0.000439906 0.885330200 -1.921007942
157657500 0.458054813 0.814319668 0.500000000 0.500000000 0.000000000 0.000000000 0.883250952 -0.067135856 0.464069515 0.247429568 0.059166733 0.997743666 0.031730808 0.302220456 -0.465152711 -0.000568790 0.885230303 -1.939860892
157690867 0.458054813 0.814319668 0.500000000 0.500000000 0.000000000 0.000000000 0.882973433 -0.067545734 0.464537889 0.246932343 0.059483461 0.997716010 0.032008454 0.304910275 -0.465638906 -0.000630293 0.884974599 -1.960042239
157724233 0.458054813 0.814319668 0.500000000 0.500000000 0.000000000 0.000000000 0.882709980 -0.068210244 0.464941353 0.247930911 0.060038142 0.997670770 0.032380648 0.307352676 -0.466067076 -0.000668505 0.884749115 -1.977538903
157757600 0.458054813 0.814319668 0.500000000 0.500000000 0.000000000 0.000000000 0.882382631 -0.068897627 0.465461046 0.248286789 0.060618363 0.997623503 0.032753125 0.309812889 -0.466611505 -0.000685300 0.884462118 -1.993974220
157790967 0.458054813 0.814319668 0.500000000 0.500000000 0.000000000 0.000000000 0.882194340 -0.069462240 0.465733975 0.249894709 0.061214786 0.997584462 0.032832298 0.313367117 -0.466889590 -0.000454661 0.884315491 -2.010904437
157824333 0.458054813 0.814319668 0.500000000 0.500000000 0.000000000 0.000000000 0.882170677 -0.069967829 0.465703160 0.252980286 0.061587106 0.997549057 0.033210009 0.315254482 -0.466885388 -0.000615585 0.884317636 -2.028065700
157857700 0.458054813 0.814319668 0.500000000 0.500000000 0.000000000 0.000000000 0.882381558 -0.070776902 0.465181053 0.258489506 0.062562071 0.997492194 0.033096336 0.321214474 -0.466356933 -0.000100904 0.884596646 -2.047394708
157891067 0.458054813 0.814319668 0.500000000 0.500000000 0.000000000 0.000000000 0.882588029 -0.070991307 0.464756489 0.262345599 0.062576666 0.997476816 0.033528883 0.321628719 -0.465964079 -0.000509280 0.884803474 -2.065182260
157924433 0.458054813 0.814319668 0.500000000 0.500000000 0.000000000 0.000000000 0.882885218 -0.071427174 0.464124829 0.267687103 0.063167706 0.997445822 0.033342108 0.326630217 -0.465320885 -0.000119553 0.885142028 -2.083616316
157957800 0.458054813 0.814319668 0.500000000 0.500000000 0.000000000 0.000000000 0.883350492 -0.071634009 0.463206768 0.275172724 0.063385613 0.997430980 0.033372287 0.330021288 -0.464407384 -0.000118779 0.885621667 -2.099906331
157991167 0.458054813 0.814319668 0.500000000 0.500000000 0.000000000 0.000000000 0.883709133 -0.071648754 0.462519825 0.280177501 0.063247576 0.997429788 0.033668045 0.330651729 -0.463743329 -0.000499503 0.885969460 -2.117952854
158024533 0.458054813 0.814319668 0.500000000 0.500000000 0.000000000 0.000000000 0.883951128 -0.072112583 0.461985052 0.283926699 0.063827828 0.997396469 0.033559874 0.335327515 -0.463202357 -0.000177786 0.886252522 -2.134461935
158057900 0.458054813 0.814319668 0.500000000 0.500000000 0.000000000 0.000000000 0.884576440 -0.072613411 0.460707963 0.292712296 0.064542934 0.997360110 0.033271752 0.341104278 -0.461907715 0.000304037 0.886927962 -2.153102018
158091267 0.458054813 0.814319668 0.500000000 0.500000000 0.000000000 0.000000000 0.885028958 -0.072490908 0.459857345 0.298176849 0.064214632 0.997369051 0.033637345 0.341061095 -0.461085886 -0.000240457 0.887355506 -2.170654123
158124633 0.458054813 0.814319668 0.500000000 0.500000000 0.000000000 0.000000000 0.885864973 -0.072533466 0.458238065 0.308164015 0.064481795 0.997365952 0.033214707 0.346156661 -0.459440231 0.000124269 0.888208687 -2.193528445
158158000 0.458054813 0.814319668 0.500000000 0.500000000 0.000000000 0.000000000 0.886351883 -0.072627857 0.457280636 0.313684490 0.064445905 0.997359097 0.033489943 0.347089480 -0.458505303 -0.000214006 0.888691664 -2.210107042
158191367 0.458054813 0.814319668 0.500000000 0.500000000 0.000000000 0.000000000 0.886909544 -0.072255626 0.456257164 0.319127379 0.064189151 0.997386158 0.033176005 0.350842802 -0.457461715 -0.000137355 0.889229298 -2.230642883
