https://www.youtube.com/watch?v=L_7kiN1bUV0
140306833 0.482546803 0.857860986 0.500000000 0.500000000 0.000000000 0.000000000 0.999960601 0.004864203 0.007421659 -0.080990193 -0.004835342 0.999980688 -0.003901802 0.041772259 -0.007440495 0.003865762 0.999964833 -0.519193539
140340200 0.482546803 0.857860986 0.500000000 0.500000000 0.000000000 0.000000000 0.999956787 0.005030225 0.007814664 -0.085191678 -0.005003048 0.999981403 -0.003493337 0.042704699 -0.007832091 0.003454089 0.999963343 -0.547587586
140373567 0.482546803 0.857860986 0.500000000 0.500000000 0.000000000 0.000000000 0.999955416 0.005036288 0.007987708 -0.088239050 -0.005012148 0.999982834 -0.003039308 0.043782850 -0.008002877 0.002999137 0.999963462 -0.575480990
140406933 0.482546803 0.857860986 0.500000000 0.500000000 0.000000000 0.000000000 0.999954760 0.005153914 0.007992272 -0.090306354 -0.005133382 0.999983490 -0.002587386 0.045498720 -0.008005476 0.002546242 0.999964714 -0.603456568
140440300 0.482546803 0.857860986 0.500000000 0.500000000 0.000000000 0.000000000 0.999953389 0.005054012 0.008228219 -0.093684598 -0.005038020 0.999985397 -0.001963259 0.046094635 -0.008238020 0.001921714 0.999964237 -0.632758970
140473667 0.482546803 0.857860986 0.500000000 0.500000000 0.000000000 0.000000000 0.999953091 0.004819085 0.008401407 -0.096053864 -0.004808905 0.999987662 -0.001231505 0.046316176 -0.008407238 0.001191045 0.999963939 -0.661885635
140507033 0.482546803 0.857860986 0.500000000 0.500000000 0.000000000 0.000000000 0.999952316 0.004671198 0.008578138 -0.098598183 -0.004666429 0.999988973 -0.000575981 0.047050428 -0.008580734 0.000535924 0.999963045 -0.691927876
140540400 0.482546803 0.857860986 0.500000000 0.500000000 0.000000000 0.000000000 0.999955118 0.004470936 0.008355281 -0.099110534 -0.004470705 0.999989986 -0.000046306 0.049155760 -0.008355405 0.000008950 0.999965072 -0.721721594
140573767 0.482546803 0.857860986 0.500000000 0.500000000 0.000000000 0.000000000 0.999957263 0.004114967 0.008280284 -0.100519141 -0.004121074 0.999991238 0.000720559 0.051058602 -0.008277246 -0.000754652 0.999965429 -0.751420868
140607133 0.482546803 0.857860986 0.500000000 0.500000000 0.000000000 0.000000000 0.999961376 0.003714891 0.007969006 -0.100936944 -0.003725793 0.999992132 0.001353728 0.053544528 -0.007963914 -0.001383367 0.999967337 -0.782675035
140640500 0.482546803 0.857860986 0.500000000 0.500000000 0.000000000 0.000000000 0.999965966 0.003226496 0.007595314 -0.102116513 -0.003243472 0.999992251 0.002223827 0.055805394 -0.007588080 -0.002248387 0.999968708 -0.813737956
140673867 0.482546803 0.857860986 0.500000000 0.500000000 0.000000000 0.000000000 0.999970436 0.003036960 0.007064865 -0.102861527 -0.003058600 0.999990642 0.003054265 0.057608855 -0.007055524 -0.003075784 0.999970376 -0.844900297
140707233 0.482546803 0.857860986 0.500000000 0.500000000 0.000000000 0.000000000 0.999975622 0.002746915 0.006422456 -0.103253971 -0.002771625 0.999988794 0.003841613 0.060049748 -0.006411832 -0.003859320 0.999971986 -0.875138020
140740600 0.482546803 0.857860986 0.500000000 0.500000000 0.000000000 0.000000000 0.999978423 0.002379045 0.006120805 -0.105467267 -0.002408905 0.999985218 0.004875672 0.061994481 -0.006109115 -0.004890312 0.999969363 -0.906038754
140773967 0.482546803 0.857860986 0.500000000 0.500000000 0.000000000 0.000000000 0.999982238 0.002000713 0.005618891 -0.106521851 -0.002034903 0.999979436 0.006085742 0.062782965 -0.005606599 -0.006097068 0.999965668 -0.935519844
140807333 0.482546803 0.857860986 0.500000000 0.500000000 0.000000000 0.000000000 0.999985635 0.001733718 0.005069635 -0.107359373 -0.001769563 0.999973416 0.007074626 0.064100655 -0.005057235 -0.007083495 0.999962151 -0.964119255
140840700 0.482546803 0.857860986 0.500000000 0.500000000 0.000000000 0.000000000 0.999988794 0.001138053 0.004598318 -0.109373605 -0.001177055 0.999963284 0.008487977 0.064016202 -0.004588489 -0.008493294 0.999953389 -0.994084075
140874067 0.482546803 0.857860986 0.500000000 0.500000000 0.000000000 0.000000000 0.999991596 0.000887783 0.003999364 -0.110408265 -0.000925796 0.999954343 0.009512926 0.064364533 -0.003990736 -0.009516549 0.999946773 -1.023158954
140907433 0.482546803 0.857860986 0.500000000 0.500000000 0.000000000 0.000000000 0.999993086 0.000473814 0.003681962 -0.113130916 -0.000514661 0.999938250 0.011100960 0.062627313 -0.003676475 -0.011102778 0.999931574 -1.051847812
140940800 0.482546803 0.857860986 0.500000000 0.500000000 0.000000000 0.000000000 0.999995112 0.000172174 0.003118604 -0.114786428 -0.000210692 0.999923646 0.012354922 0.062655574 -0.003116239 -0.012355518 0.999918818 -1.081110611
140974167 0.482546803 0.857860986 0.500000000 0.500000000 0.000000000 0.000000000 0.999996722 -0.000057579 0.002565409 -0.116715142 0.000022755 0.999907911 0.013572309 0.062179806 -0.002565954 -0.013572206 0.999904573 -1.109318506
141007533 0.482546803 0.857860986 0.500000000 0.500000000 0.000000000 0.000000000 0.999997735 -0.000281698 0.002108911 -0.119571000 0.000249847 0.999886155 0.015087970 0.061063072 -0.002112921 -0.015087408 0.999883950 -1.138683658
141040900 0.482546803 0.857860986 0.500000000 0.500000000 0.000000000 0.000000000 0.999997914 -0.000669902 0.001942966 -0.123193576 0.000637682 0.999863088 0.016536297 0.060050598 -0.001953778 -0.016535023 0.999861360 -1.168001309
141074267 0.482546803 0.857860986 0.500000000 0.500000000 0.000000000 0.000000000 0.999998569 -0.000908241 0.001412564 -0.125665993 0.000882993 0.999841630 0.017773591 0.059671388 -0.001428483 -0.017772319 0.999841034 -1.196904736
141107633 0.482546803 0.857860986 0.500000000 0.500000000 0.000000000 0.000000000 0.999998748 -0.001216379 0.000995821 -0.128324305 0.001197062 0.999815464 0.019173771 0.058961132 -0.001018960 -0.019172555 0.999815643 -1.226963442
141141000 0.482546803 0.857860986 0.500000000 0.500000000 0.000000000 0.000000000 0.999998569 -0.001516704 0.000720707 -0.131456388 0.001501670 0.999790370 0.020420985 0.059244561 -0.000751529 -0.020419875 0.999791205 -1.256789233
141174367 0.482546803 0.857860986 0.500000000 0.500000000 0.000000000 0.000000000 0.999998569 -0.001640757 0.000347379 -0.134007688 0.001632734 0.999757528 0.021958342 0.057454501 -0.000383323 -0.021957744 0.999758840 -1.285663223
141207733 0.482546803 0.857860986 0.500000000 0.500000000 0.000000000 0.000000000 0.999998391 -0.001780818 0.000321043 -0.138693048 0.001772919 0.999731123 0.023120139 0.058534483 -0.000362130 -0.023119532 0.999732614 -1.316389564
141241100 0.482546803 0.857860986 0.500000000 0.500000000 0.000000000 0.000000000 0.999998033 -0.001960247 0.000186359 -0.142014232 0.001955085 0.999697149 0.024532285 0.058158809 -0.000234392 -0.024531873 0.999698997 -1.346358728
141274467 0.482546803 0.857860986 0.500000000 0.500000000 0.000000000 0.000000000 0.999997497 -0.002240062 0.000137196 -0.145517236 0.002235765 0.999663055 0.025861761 0.058803055 -0.000195082 -0.025861390 0.999665499 -1.376127773
141307833 0.482546803 0.857860986 0.500000000 0.500000000 0.000000000 0.000000000 0.999997318 -0.002297000 0.000241059 -0.149761771 0.002289614 0.999629259 0.027132032 0.059753029 -0.000303291 -0.027131408 0.999631822 -1.407047443
141341200 0.482546803 0.857860986 0.500000000 0.500000000 0.000000000 0.000000000 0.999997020 -0.002425052 0.000358236 -0.153365765 0.002413813 0.999587893 0.028605390 0.059523248 -0.000427458 -0.028604440 0.999590695 -1.436229828
141374567 0.482546803 0.857860986 0.500000000 0.500000000 0.000000000 0.000000000 0.999996662 -0.002554553 0.000450723 -0.157337169 0.002539987 0.999552608 0.029800648 0.060816544 -0.000526649 -0.029799402 0.999555767 -1.466164972
141407933 0.482546803 0.857860986 0.500000000 0.500000000 0.000000000 0.000000000 0.999995708 -0.002845775 0.000732331 -0.161376120 0.002821479 0.999506772 0.031277023 0.060342912 -0.000820977 -0.031274822 0.999510467 -1.495174086
141441300 0.482546803 0.857860986 0.500000000 0.500000000 0.000000000 0.000000000 0.999994159 -0.003198299 0.001207243 -0.166546797 0.003157163 0.999461472 0.032662313 0.060761018 -0.001311057 -0.032658312 0.999465704 -1.525096602
141474667 0.482546803 0.857860986 0.500000000 0.500000000 0.000000000 0.000000000 0.999991894 -0.003545107 0.001923700 -0.173006881 0.003477584 0.999414563 0.034036323 0.060740908 -0.002043236 -0.034029357 0.999418736 -1.556061608
141508033 0.482546803 0.857860986 0.500000000 0.500000000 0.000000000 0.000000000 0.999990344 -0.003880256 0.002060609 -0.175844724 0.003804668 0.999362469 0.035499528 0.060007594 -0.002197043 -0.035491347 0.999367595 -1.584838919
141541400 0.482546803 0.857860986 0.500000000 0.500000000 0.000000000 0.000000000 0.999988437 -0.004258618 0.002239193 -0.180132046 0.004172004 0.999293208 0.037358284 0.058339456 -0.002396705 -0.037348509 0.999299407 -1.613671078
141574767 0.482546803 0.857860986 0.500000000 0.500000000 0.000000000 0.000000000 0.999987185 -0.004644781 0.002026404 -0.183132335 0.004561943 0.999223769 0.039129071 0.057039029 -0.002206577 -0.039119326 0.999232113 -1.642714027
141608133 0.482546803 0.857860986 0.500000000 0.500000000 0.000000000 0.000000000 0.999986470 -0.004984963 0.001470835 -0.185154249 0.004920451 0.999146461 0.041013319 0.055149171 -0.001674030 -0.041005529 0.999157488 -1.672035289
141641500 0.482546803 0.857860986 0.500000000 0.500000000 0.000000000 0.000000000 0.999986827 -0.005137943 0.000015021 -0.183581204 0.005132681 0.999086559 0.042422231 0.054729254 -0.000232971 -0.042421594 0.999099791 -1.699119384
141674867 0.482546803 0.857860986 0.500000000 0.500000000 0.000000000 0.000000000 0.999984801 -0.005493904 -0.000453215 -0.187354202 0.005508522 0.999016941 0.043986965 0.054698077 0.000211110 -0.043988794 0.999032021 -1.730784512
141708233 0.482546803 0.857860986 0.500000000 0.500000000 0.000000000 0.000000000 0.999984920 -0.005255268 -0.001591501 -0.186169961 0.005322241 0.998950243 0.045497548 0.052156784 0.001350729 -0.045505330 0.998963177 -1.759975541
141741600 0.482546803 0.857860986 0.500000000 0.500000000 0.000000000 0.000000000 0.999979675 -0.005880927 -0.002473453 -0.187654481 0.005990714 0.998876572 0.047007803 0.050768423 0.002194225 -0.047021661 0.998891473 -1.790564175
141774967 0.482546803 0.857860986 0.500000000 0.500000000 0.000000000 0.000000000 0.999973297 -0.006349322 -0.003615326 -0.187003564 0.006516387 0.998814285 0.048244275 0.050522795 0.003304721 -0.048266545 0.998829007 -1.820859532
141808333 0.482546803 0.857860986 0.500000000 0.500000000 0.000000000 0.000000000 0.999966860 -0.006881191 -0.004352923 -0.188312560 0.007090552 0.998720825 0.050064761 0.046407992 0.004002849 -0.050093964 0.998736501 -1.852227989
141841700 0.482546803 0.857860986 0.500000000 0.500000000 0.000000000 0.000000000 0.999962389 -0.006843807 -0.005325250 -0.186382877 0.007107415 0.998664796 0.051167227 0.045453012 0.004967961 -0.051203150 0.998675883 -1.884806789
141875067 0.482546803 0.857860986 0.500000000 0.500000000 0.000000000 0.000000000 0.999956906 -0.006962493 -0.006142992 -0.185352771 0.007275627 0.998593509 0.052517273 0.043930292 0.005768701 -0.052559704 0.998601139 -1.917996534
141908433 0.482546803 0.857860986 0.500000000 0.500000000 0.000000000 0.000000000 0.999944806 -0.007586081 -0.007266368 -0.183395684 0.007965923 0.998522341 0.053756271 0.042095434 0.006847831 -0.053811189 0.998527646 -1.951287228
141941800 0.482546803 0.857860986 0.500000000 0.500000000 0.000000000 0.000000000 0.999934494 -0.008084634 -0.008105481 -0.182660031 0.008518090 0.998452723 0.054951213 0.039195380 0.007648679 -0.055016655 0.998456120 -1.983870366
141975167 0.482546803 0.857860986 0.500000000 0.500000000 0.000000000 0.000000000 0.999919772 -0.008556996 -0.009336770 -0.179431480 0.009068503 0.998378813 0.056192018 0.035993335 0.008840797 -0.056272183 0.998376310 -2.020380253
142008533 0.482546803 0.857860986 0.500000000 0.500000000 0.000000000 0.000000000 0.999904096 -0.008905877 -0.010603344 -0.175320986 0.009493357 0.998345613 0.056708705 0.035313558 0.010080761 -0.056803927 0.998334467 -2.053422083
142041900 0.482546803 0.857860986 0.500000000 0.500000000 0.000000000 0.000000000 0.999890149 -0.008935604 -0.011827100 -0.169627913 0.009598728 0.998313546 0.057253193 0.033284869 0.011295563 -0.057360429 0.998289645 -2.089009956
142075267 0.482546803 0.857860986 0.500000000 0.500000000 0.000000000 0.000000000 0.999881804 -0.009058821 -0.012421749 -0.169053806 0.009758254 0.998300493 0.057453658 0.034147735 0.011880175 -0.057568081 0.998270869 -2.122305451
142108633 0.482546803 0.857860986 0.500000000 0.500000000 0.000000000 0.000000000 0.999871731 -0.009004166 -0.013243816 -0.165062865 0.009759628 0.998261333 0.058130208 0.031284105 0.012697374 -0.058252007 0.998221159 -2.158379138
142142000 0.482546803 0.857860986 0.500000000 0.500000000 0.000000000 0.000000000 0.999859869 -0.009152457 -0.014015025 -0.162797384 0.009963130 0.998213589 0.058910087 0.030229098 0.013450816 -0.059041467 0.998164892 -2.191391671
142175367 0.482546803 0.857860986 0.500000000 0.500000000 0.000000000 0.000000000 0.999855697 -0.008770352 -0.014546948 -0.161443548 0.009616986 0.998200417 0.059189625 0.030532218 0.014001656 -0.059320983 0.998140752 -2.224422397
142208733 0.482546803 0.857860986 0.500000000 0.500000000 0.000000000 0.000000000 0.999848664 -0.008230251 -0.015325968 -0.157936975 0.009134305 0.998163521 0.059884373 0.028279570 0.014804958 -0.060015306 0.998087645 -2.255996610
142242100 0.482546803 0.857860986 0.500000000 0.500000000 0.000000000 0.000000000 0.999840081 -0.007692729 -0.016145622 -0.154812916 0.008652395 0.998146713 0.060235437 0.028141551 0.015652325 -0.060365502 0.998053610 -2.287052781
142275467 0.482546803 0.857860986 0.500000000 0.500000000 0.000000000 0.000000000 0.999833763 -0.006861269 -0.016891543 -0.152171910 0.007876398 0.998119950 0.060783062 0.026385840 0.016442737 -0.060906004 0.998008072 -2.318305498
142308833 0.482546803 0.857860986 0.500000000 0.500000000 0.000000000 0.000000000 0.999824286 -0.006587164 -0.017548446 -0.150454913 0.007645935 0.998110473 0.060966920 0.026844656 0.017113687 -0.061090384 0.997985542 -2.350188119
142342200 0.482546803 0.857860986 0.500000000 0.500000000 0.000000000 0.000000000 0.999812782 -0.005717737 -0.018486455 -0.146219387 0.006844538 0.998085082 0.061475739 0.025390275 0.018099554 -0.061590757 0.997937381 -2.380294611
142375567 0.482546803 0.857860986 0.500000000 0.500000000 0.000000000 0.000000000 0.999803305 -0.005382297 -0.019087804 -0.144333820 0.006548490 0.998081267 0.061569821 0.026924731 0.018719794 -0.061682709 0.997920215 -2.415627726
142408933 0.482546803 0.857860986 0.500000000 0.500000000 0.000000000 0.000000000 0.999789417 -0.004811867 -0.019950168 -0.141414958 0.006038356 0.998065293 0.061880533 0.027892312 0.019613810 -0.061987966 0.997884154 -2.447085889
142442300 0.482546803 0.857860986 0.500000000 0.500000000 0.000000000 0.000000000 0.999779165 -0.004436613 -0.020541560 -0.138433964 0.005702295 0.998061538 0.061973054 0.028973297 0.020226790 -0.062076502 0.997866392 -2.478838657
142475667 0.482546803 0.857860986 0.500000000 0.500000000 0.000000000 0.000000000 0.999760568 -0.004392808 -0.021434996 -0.134918228 0.005716058 0.998055577 0.062067807 0.030579301 0.021120666 -0.062175471 0.997841716 -2.512404368
142509033 0.482546803 0.857860986 0.500000000 0.500000000 0.000000000 0.000000000 0.999752283 -0.003564217 -0.021968504 -0.133636202 0.004924660 0.998052359 0.062187418 0.031663256 0.021704067 -0.062280204 0.997822702 -2.542751029
142542400 0.482546803 0.857860986 0.500000000 0.500000000 0.000000000 0.000000000 0.999737442 -0.003756917 -0.022604039 -0.132268108 0.005152124 0.998063743 0.061985750 0.033921627 0.022327397 -0.062085934 0.997821033 -2.575675229
142575767 0.482546803 0.857860986 0.500000000 0.500000000 0.000000000 0.000000000 0.999722302 -0.003048544 -0.023367168 -0.129413015 0.004490741 0.998071194 0.061917212 0.036061394 0.023133339 -0.062004954 0.997807741 -2.607283672
142609133 0.482546803 0.857860986 0.500000000 0.500000000 0.000000000 0.000000000 0.999709606 -0.002810862 -0.023932803 -0.128059627 0.004284712 0.998082101 0.061756093 0.039588325 0.023713315 -0.061840706 0.997804284 -2.640763057
142642500 0.482546803 0.857860986 0.500000000 0.500000000 0.000000000 0.000000000 0.999701142 -0.002485133 -0.024318783 -0.127441056 0.003973264 0.998109221 0.061337080 0.043665568 0.024120370 -0.061415378 0.997820795 -2.673108664
142675867 0.482546803 0.857860986 0.500000000 0.500000000 0.000000000 0.000000000 0.999685645 -0.002101990 -0.024984753 -0.125466975 0.003626817 0.998122454 0.061142635 0.047203013 0.024809321 -0.061214026 0.997816265 -2.708042036
142709233 0.482546803 0.857860986 0.500000000 0.500000000 0.000000000 0.000000000 0.999669433 -0.001315778 -0.025677564 -0.122645687 0.002888031 0.998115838 0.061289951 0.048462162 0.025548538 -0.061343849 0.997789681 -2.740219681
142742600 0.482546803 0.857860986 0.500000000 0.500000000 0.000000000 0.000000000 0.999652386 -0.001233863 -0.026337130 -0.120999798 0.002839539 0.998132706 0.061016239 0.052776596 0.026212666 -0.061069813 0.997789264 -2.772547459
142775967 0.482546803 0.857860986 0.500000000 0.500000000 0.000000000 0.000000000 0.999638975 -0.000718689 -0.026858378 -0.119488812 0.002350755 0.998148203 0.060783591 0.056543694 0.026764957 -0.060824785 0.997789562 -2.804654879
142809333 0.482546803 0.857860986 0.500000000 0.500000000 0.000000000 0.000000000 0.999622405 -0.000421879 -0.027475767 -0.117368461 0.002089610 0.998153985 0.060697902 0.059881602 0.027399439 -0.060732394 0.997777939 -2.837145459
142842700 0.482546803 0.857860986 0.500000000 0.500000000 0.000000000 0.000000000 0.999605119 -0.000160714 -0.028100312 -0.115978153 0.001859849 0.998169422 0.060451124 0.063026864 0.028039157 -0.060479514 0.997775555 -2.869088816
142876067 0.482546803 0.857860986 0.500000000 0.500000000 0.000000000 0.000000000 0.999581337 0.000182860 -0.028932329 -0.111639060 0.001563808 0.998176873 0.060336653 0.065590053 0.028890615 -0.060356639 0.997758687 -2.902666927
142909433 0.482546803 0.857860986 0.500000000 0.500000000 0.000000000 0.000000000 0.999567509 0.000485952 -0.029403053 -0.111332704 0.001281837 0.998193085 0.060073923 0.068313094 0.029379118 -0.060085632 0.997760773 -2.935194474
142942800 0.482546803 0.857860986 0.500000000 0.500000000 0.000000000 0.000000000 0.999547124 0.000684829 -0.030084049 -0.108727821 0.001118080 0.998205483 0.059871376 0.070749878 0.030071063 -0.059877899 0.997752666 -2.966692521
142976167 0.482546803 0.857860986 0.500000000 0.500000000 0.000000000 0.000000000 0.999520957 0.001223239 -0.030924752 -0.104297552 0.000624433 0.998218119 0.059667207 0.073433384 0.030942636 -0.059657935 0.997739196 -3.000306001
143009533 0.482546803 0.857860986 0.500000000 0.500000000 0.000000000 0.000000000 0.999511898 0.001257342 -0.031214623 -0.103522433 0.000592424 0.998247147 0.059179720 0.076757123 0.031234318 -0.059169330 0.997759223 -3.031723121
143042900 0.482546803 0.857860986 0.500000000 0.500000000 0.000000000 0.000000000 0.999494076 0.001544611 -0.031768806 -0.099544758 0.000327025 0.998268247 0.058824856 0.079441628 0.031804651 -0.058805484 0.997762680 -3.064761704
143076267 0.482546803 0.857860986 0.500000000 0.500000000 0.000000000 0.000000000 0.999475777 0.001581638 -0.032336850 -0.095143320 0.000308164 0.998295963 0.058352813 0.083066805 0.032374039 -0.058332186 0.997772157 -3.099106246
143109633 0.482546803 0.857860986 0.500000000 0.500000000 0.000000000 0.000000000 0.999457896 0.001617289 -0.032883976 -0.090549307 0.000294664 0.998313367 0.058054585 0.085073001 0.032922402 -0.058032803 0.997771680 -3.133650136
143143000 0.482546803 0.857860986 0.500000000 0.500000000 0.000000000 0.000000000 0.999441445 0.001588952 -0.033381063 -0.086477079 0.000334539 0.998343289 0.057537761 0.088574933 0.033417184 -0.057516791 0.997785091 -3.168817656
143176367 0.482546803 0.857860986 0.500000000 0.500000000 0.000000000 0.000000000 0.999419928 0.001605919 -0.034017384 -0.081361274 0.000337016 0.998372197 0.057033345 0.092958855 0.034053605 -0.057011727 0.997792542 -3.205047056
143209733 0.482546803 0.857860986 0.500000000 0.500000000 0.000000000 0.000000000 0.999402761 0.001773593 -0.034509841 -0.077284687 0.000182120 0.998397708 0.056585670 0.096888746 0.034554906 -0.056558162 0.997801125 -3.240665457
143243100 0.482546803 0.857860986 0.500000000 0.500000000 0.000000000 0.000000000 0.999388099 0.001612536 -0.034940060 -0.073765143 0.000339351 0.998442709 0.055786062 0.103401661 0.034975603 -0.055763781 0.997831225 -3.272263123
143276467 0.482546803 0.857860986 0.500000000 0.500000000 0.000000000 0.000000000 0.999356031 0.002097643 -0.035821438 -0.065840899 -0.000100282 0.998449206 0.055669788 0.107110407 0.035882663 -0.055630345 0.997806430 -3.309169009
143309833 0.482546803 0.857860986 0.500000000 0.500000000 0.000000000 0.000000000 0.999344409 0.001751305 -0.036162365 -0.065123680 0.000237535 0.998490751 0.054920118 0.115099791 0.036203966 -0.054892704 0.997835696 -3.339299109
143343200 0.482546803 0.857860986 0.500000000 0.500000000 0.000000000 0.000000000 0.999326646 0.001909139 -0.036640890 -0.062508184 0.000092800 0.998510659 0.054557431 0.122127417 0.036690477 -0.054524098 0.997838140 -3.370219870
143376567 0.482546803 0.857860986 0.500000000 0.500000000 0.000000000 0.000000000 0.999314010 0.001824622 -0.036989301 -0.061325865 0.000182208 0.998531222 0.054178528 0.128199318 0.037033826 -0.054148100 0.997845948 -3.396518477
143409933 0.482546803 0.857860986 0.500000000 0.500000000 0.000000000 0.000000000 0.999292433 0.002043911 -0.037555359 -0.059772474 -0.000014943 0.998543799 0.053947087 0.135874803 0.037610933 -0.053908356 0.997837305 -3.427566507
143443300 0.482546803 0.857860986 0.500000000 0.500000000 0.000000000 0.000000000 0.999277651 0.002112250 -0.037944127 -0.058193638 -0.000080499 0.998569548 0.053467773 0.144018654 0.038002789 -0.053426094 0.997848392 -3.453613959
