https://www.youtube.com/watch?v=KmSK45xaELY
118918800 0.464277512 0.825382296 0.500000000 0.500000000 0.000000000 0.000000000 0.999867558 -0.000131219 0.016274605 -0.044149403 0.000230088 0.999981523 -0.006073323 0.047485425 -0.016273508 0.006076263 0.999849141 -0.581889161
118952167 0.464277512 0.825382296 0.500000000 0.500000000 0.000000000 0.000000000 0.999870777 -0.000228460 0.016074026 -0.043910637 0.000327664 0.999980927 -0.006169348 0.049764976 -0.016072311 0.006173817 0.999851763 -0.601981005
118985533 0.464277512 0.825382296 0.500000000 0.500000000 0.000000000 0.000000000 0.999873757 -0.000198323 0.015886987 -0.043368329 0.000296974 0.999980688 -0.006207423 0.052328616 -0.015885448 0.006211357 0.999854505 -0.624106108
119018900 0.464277512 0.825382296 0.500000000 0.500000000 0.000000000 0.000000000 0.999876559 -0.000137522 0.015711086 -0.042742613 0.000234612 0.999980867 -0.006178019 0.054181653 -0.015709937 0.006180943 0.999857485 -0.646753429
119052267 0.464277512 0.825382296 0.500000000 0.500000000 0.000000000 0.000000000 0.999881089 -0.000082465 0.015421480 -0.041584505 0.000175592 0.999981761 -0.006037519 0.057041592 -0.015420700 0.006039509 0.999862850 -0.669365053
119085633 0.464277512 0.825382296 0.500000000 0.500000000 0.000000000 0.000000000 0.999883890 0.000354751 0.015232584 -0.040960856 -0.000266079 0.999983013 -0.005822878 0.059363864 -0.015234390 0.005818149 0.999867022 -0.692820093
119119000 0.464277512 0.825382296 0.500000000 0.500000000 0.000000000 0.000000000 0.999886632 0.000364730 0.015053844 -0.040894083 -0.000280171 0.999984205 -0.005618812 0.061721910 -0.015055656 0.005613957 0.999870896 -0.718085806
119152367 0.464277512 0.825382296 0.500000000 0.500000000 0.000000000 0.000000000 0.999887586 0.000707861 0.014977950 -0.040285668 -0.000630788 0.999986529 -0.005149871 0.063612650 -0.014981394 0.005139844 0.999874592 -0.741531637
119185733 0.464277512 0.825382296 0.500000000 0.500000000 0.000000000 0.000000000 0.999888122 0.000611660 0.014947351 -0.039692821 -0.000536111 0.999987066 -0.005057838 0.066672664 -0.014950251 0.005049259 0.999875486 -0.762346260
119219100 0.464277512 0.825382296 0.500000000 0.500000000 0.000000000 0.000000000 0.999886811 0.000712808 0.015030072 -0.040777832 -0.000638288 0.999987483 -0.004962287 0.070608413 -0.015033421 0.004952132 0.999874711 -0.787361654
119252467 0.464277512 0.825382296 0.500000000 0.500000000 0.000000000 0.000000000 0.999888062 0.001242960 0.014909055 -0.041788223 -0.001172475 0.999988079 -0.004735485 0.073559878 -0.014914763 0.004717474 0.999877632 -0.813623687
119285833 0.464277512 0.825382296 0.500000000 0.500000000 0.000000000 0.000000000 0.999888837 0.001524888 0.014831541 -0.042270690 -0.001456704 0.999988317 -0.004606913 0.077145741 -0.014838393 0.004584796 0.999879420 -0.838826281
119319200 0.464277512 0.825382296 0.500000000 0.500000000 0.000000000 0.000000000 0.999890208 0.001456081 0.014747785 -0.042095072 -0.001386388 0.999987841 -0.004734734 0.081979347 -0.014754500 0.004713768 0.999880016 -0.863843490
119352567 0.464277512 0.825382296 0.500000000 0.500000000 0.000000000 0.000000000 0.999888062 0.001524983 0.014884482 -0.043004574 -0.001457173 0.999988496 -0.004565512 0.085876646 -0.014891273 0.004543312 0.999878824 -0.886846828
119385933 0.464277512 0.825382296 0.500000000 0.500000000 0.000000000 0.000000000 0.999885559 0.001332069 0.015069998 -0.043744462 -0.001262183 0.999988437 -0.004645984 0.090444227 -0.015076012 0.004626431 0.999875665 -0.908718185
119419300 0.464277512 0.825382296 0.500000000 0.500000000 0.000000000 0.000000000 0.999881387 0.001273649 0.015349780 -0.044973903 -0.001203630 0.999988854 -0.004569912 0.094143832 -0.015355429 0.004550894 0.999871731 -0.930685667
119452667 0.464277512 0.825382296 0.500000000 0.500000000 0.000000000 0.000000000 0.999876440 0.001266486 0.015670281 -0.046009452 -0.001197718 0.999989629 -0.004397003 0.097348590 -0.015675686 0.004377692 0.999867558 -0.950565348
119486033 0.464277512 0.825382296 0.500000000 0.500000000 0.000000000 0.000000000 0.999871135 0.001219262 0.016008927 -0.047118301 -0.001152090 0.999990523 -0.004204465 0.100642450 -0.016013902 0.004185479 0.999863029 -0.969971664
119519400 0.464277512 0.825382296 0.500000000 0.500000000 0.000000000 0.000000000 0.999864638 0.001180974 0.016410829 -0.048579364 -0.001115593 0.999991417 -0.003992582 0.103477467 -0.016415404 0.003973734 0.999857366 -0.989838373
119552767 0.464277512 0.825382296 0.500000000 0.500000000 0.000000000 0.000000000 0.999859750 0.001119823 0.016710075 -0.049672801 -0.001059401 0.999992847 -0.003624309 0.106416212 -0.016714014 0.003606098 0.999853790 -1.009968186
119586133 0.464277512 0.825382296 0.500000000 0.500000000 0.000000000 0.000000000 0.999853849 0.001016440 0.017066367 -0.051371697 -0.000959378 0.999993920 -0.003351344 0.109764560 -0.017069669 0.003334482 0.999848723 -1.030471681
119619500 0.464277512 0.825382296 0.500000000 0.500000000 0.000000000 0.000000000 0.999850810 0.000824619 0.017252885 -0.052665969 -0.000773199 0.999995232 -0.002986828 0.112428533 -0.017255265 0.002973042 0.999846697 -1.052302731
119652867 0.464277512 0.825382296 0.500000000 0.500000000 0.000000000 0.000000000 0.999846458 0.000957448 0.017495634 -0.054885325 -0.000918502 0.999997079 -0.002233967 0.113626882 -0.017497722 0.002217554 0.999844432 -1.074592421
119686233 0.464277512 0.825382296 0.500000000 0.500000000 0.000000000 0.000000000 0.999841034 0.000866630 0.017809262 -0.057354591 -0.000837655 0.999998331 -0.001634379 0.115615377 -0.017810648 0.001619202 0.999840081 -1.097502943
119719600 0.464277512 0.825382296 0.500000000 0.500000000 0.000000000 0.000000000 0.999838352 0.000530213 0.017971335 -0.059710416 -0.000508511 0.999999166 -0.001212157 0.117846620 -0.017971963 0.001202822 0.999837756 -1.121228797
119752967 0.464277512 0.825382296 0.500000000 0.500000000 0.000000000 0.000000000 0.999838233 0.000492814 0.017977921 -0.060860171 -0.000482746 0.999999702 -0.000564359 0.119481052 -0.017978195 0.000555589 0.999838233 -1.145390451
119786333 0.464277512 0.825382296 0.500000000 0.500000000 0.000000000 0.000000000 0.999837816 0.000229243 0.018007986 -0.062495417 -0.000228967 1.000000000 -0.000017414 0.121224952 -0.018007990 0.000013288 0.999837816 -1.168964560
119819700 0.464277512 0.825382296 0.500000000 0.500000000 0.000000000 0.000000000 0.999836743 0.000351835 0.018065291 -0.063698064 -0.000366200 0.999999642 0.000791880 0.122485999 -0.018065006 -0.000798367 0.999836504 -1.191770239
119853067 0.464277512 0.825382296 0.500000000 0.500000000 0.000000000 0.000000000 0.999834001 0.000275329 0.018217973 -0.065256521 -0.000300631 0.999998987 0.001386121 0.124585142 -0.018217573 -0.001391368 0.999833107 -1.215304365
119886433 0.464277512 0.825382296 0.500000000 0.500000000 0.000000000 0.000000000 0.999828517 0.000209597 0.018516110 -0.067636562 -0.000247421 0.999997914 0.002040503 0.126087963 -0.018515645 -0.002044735 0.999826491 -1.237958755
119919800 0.464277512 0.825382296 0.500000000 0.500000000 0.000000000 0.000000000 0.999825001 0.000084300 0.018706426 -0.070370083 -0.000128420 0.999997199 0.002357313 0.128233349 -0.018706175 -0.002359303 0.999822259 -1.260698595
119953167 0.464277512 0.825382296 0.500000000 0.500000000 0.000000000 0.000000000 0.999820471 0.000209190 0.018947290 -0.073747719 -0.000263837 0.999995828 0.002881709 0.131219955 -0.018946609 -0.002886191 0.999816358 -1.285189975
119986533 0.464277512 0.825382296 0.500000000 0.500000000 0.000000000 0.000000000 0.999820411 -0.000168885 0.018948996 -0.074970437 0.000113269 0.999995708 0.002936064 0.135102442 -0.018949410 -0.002933390 0.999816120 -1.309523941
120019900 0.464277512 0.825382296 0.500000000 0.500000000 0.000000000 0.000000000 0.999814212 -0.000281497 0.019274818 -0.077961627 0.000214962 0.999994040 0.003453884 0.137839334 -0.019275675 -0.003449098 0.999808252 -1.332009737
120053267 0.464277512 0.825382296 0.500000000 0.500000000 0.000000000 0.000000000 0.999810278 -0.000243025 0.019478116 -0.080581454 0.000165996 0.999992132 0.003956181 0.139836140 -0.019478925 -0.003952197 0.999802470 -1.354066631
120086633 0.464277512 0.825382296 0.500000000 0.500000000 0.000000000 0.000000000 0.999806464 -0.000379090 0.019670773 -0.083608797 0.000294803 0.999990761 0.004287590 0.142108154 -0.019672217 -0.004280961 0.999797344 -1.375368428
120120000 0.464277512 0.825382296 0.500000000 0.500000000 0.000000000 0.000000000 0.999809146 -0.000393617 0.019532718 -0.084771004 0.000306639 0.999990046 0.004455724 0.145605134 -0.019534277 -0.004448884 0.999799311 -1.396134651
120153367 0.464277512 0.825382296 0.500000000 0.500000000 0.000000000 0.000000000 0.999806345 -0.000392026 0.019674323 -0.086778546 0.000296648 0.999988198 0.004850557 0.148736137 -0.019675992 -0.004843781 0.999794662 -1.419069775
120186733 0.464277512 0.825382296 0.500000000 0.500000000 0.000000000 0.000000000 0.999809504 -0.000252230 0.019516746 -0.087236143 0.000151597 0.999986708 0.005157578 0.152153366 -0.019517787 -0.005153637 0.999796212 -1.440095808
120220100 0.464277512 0.825382296 0.500000000 0.500000000 0.000000000 0.000000000 0.999808431 -0.000124543 0.019573091 -0.088731383 0.000020835 0.999985933 0.005298652 0.156037685 -0.019573476 -0.005297230 0.999794364 -1.461339943
120253467 0.464277512 0.825382296 0.500000000 0.500000000 0.000000000 0.000000000 0.999807596 -0.000111994 0.019615652 -0.090522088 0.000003099 0.999984562 0.005551389 0.159206317 -0.019615972 -0.005550261 0.999792159 -1.483530008
120286833 0.464277512 0.825382296 0.500000000 0.500000000 0.000000000 0.000000000 0.999812007 -0.000123328 0.019389683 -0.091147271 0.000007027 0.999981999 0.005998051 0.161266526 -0.019390075 -0.005996787 0.999794006 -1.503755597
120320200 0.464277512 0.825382296 0.500000000 0.500000000 0.000000000 0.000000000 0.999821067 0.000321996 0.018915264 -0.091391946 -0.000445119 0.999978721 0.006505344 0.162960743 -0.018912766 -0.006512599 0.999799907 -1.522214774
120353567 0.464277512 0.825382296 0.500000000 0.500000000 0.000000000 0.000000000 0.999826074 0.000746118 0.018633768 -0.091721538 -0.000881540 0.999973238 0.007260366 0.163529319 -0.018627852 -0.007275530 0.999800026 -1.542746876
120386933 0.464277512 0.825382296 0.500000000 0.500000000 0.000000000 0.000000000 0.999822259 0.001036246 0.018825486 -0.093098399 -0.001191272 0.999965489 0.008225530 0.163990013 -0.018816313 -0.008246494 0.999788940 -1.564468746
120420300 0.464277512 0.825382296 0.500000000 0.500000000 0.000000000 0.000000000 0.999833584 0.001515984 0.018180784 -0.091830722 -0.001681667 0.999957144 0.009101251 0.163614723 -0.018166209 -0.009130311 0.999793291 -1.584473692
120453667 0.464277512 0.825382296 0.500000000 0.500000000 0.000000000 0.000000000 0.999841213 0.001839920 0.017723072 -0.091128395 -0.002012750 0.999950528 0.009738768 0.164164758 -0.017704278 -0.009772895 0.999795496 -1.607136728
120487033 0.464277512 0.825382296 0.500000000 0.500000000 0.000000000 0.000000000 0.999859691 0.002248202 0.016598254 -0.087673056 -0.002420537 0.999943316 0.010369923 0.164521017 -0.016574001 -0.010408645 0.999808490 -1.627194300
120520400 0.464277512 0.825382296 0.500000000 0.500000000 0.000000000 0.000000000 0.999866009 0.002360157 0.016199384 -0.087449898 -0.002536111 0.999937952 0.010849823 0.165598533 -0.016172770 -0.010889453 0.999809921 -1.651733430
120553767 0.464277512 0.825382296 0.500000000 0.500000000 0.000000000 0.000000000 0.999864817 0.002498180 0.016250610 -0.089439705 -0.002682288 0.999932349 0.011317430 0.167947502 -0.016221238 -0.011359490 0.999803901 -1.677345087
120587133 0.464277512 0.825382296 0.500000000 0.500000000 0.000000000 0.000000000 0.999863267 0.002462770 0.016352817 -0.091346654 -0.002652900 0.999929011 0.011615245 0.170595963 -0.016323050 -0.011657039 0.999798834 -1.705818004
120620500 0.464277512 0.825382296 0.500000000 0.500000000 0.000000000 0.000000000 0.999861538 0.002980162 0.016373029 -0.092626346 -0.003177453 0.999922514 0.012037003 0.172804340 -0.016335888 -0.012087361 0.999793470 -1.733406439
120653867 0.464277512 0.825382296 0.500000000 0.500000000 0.000000000 0.000000000 0.999859631 0.002828349 0.016515555 -0.094452087 -0.003030800 0.999920428 0.012246085 0.175271561 -0.016479604 -0.012294422 0.999788642 -1.759093086
120687233 0.464277512 0.825382296 0.500000000 0.500000000 0.000000000 0.000000000 0.999871254 0.003107754 0.015742322 -0.092606619 -0.003301529 0.999918938 0.012298183 0.177854456 -0.015702827 -0.012348573 0.999800444 -1.781664660
120720600 0.464277512 0.825382296 0.500000000 0.500000000 0.000000000 0.000000000 0.999879956 0.003222421 0.015156818 -0.090781775 -0.003408981 0.999918580 0.012298954 0.180870996 -0.015115951 -0.012349146 0.999809504 -1.805607100
120753967 0.464277512 0.825382296 0.500000000 0.500000000 0.000000000 0.000000000 0.999876857 0.003213475 0.015358715 -0.092517073 -0.003403159 0.999918044 0.012340107 0.184399169 -0.015317802 -0.012390856 0.999805868 -1.829177440
120787333 0.464277512 0.825382296 0.500000000 0.500000000 0.000000000 0.000000000 0.999879897 0.003054798 0.015193591 -0.092361937 -0.003240967 0.999919772 0.012243676 0.187471150 -0.015154970 -0.012291447 0.999809623 -1.851623468
120820700 0.464277512 0.825382296 0.500000000 0.500000000 0.000000000 0.000000000 0.999884844 0.002926633 0.014891412 -0.091791937 -0.003104871 0.999923646 0.011960204 0.191026275 -0.014855272 -0.012005063 0.999817610 -1.872777136
120854067 0.464277512 0.825382296 0.500000000 0.500000000 0.000000000 0.000000000 0.999891400 0.003064480 0.014413593 -0.090253200 -0.003236130 0.999923944 0.011900707 0.193864683 -0.014376028 -0.011946060 0.999825299 -1.893279645
120887433 0.464277512 0.825382296 0.500000000 0.500000000 0.000000000 0.000000000 0.999894023 0.002729398 0.014300379 -0.090412484 -0.002896163 0.999927878 0.011653871 0.197128316 -0.014267540 -0.011694052 0.999829829 -1.914623432
120920800 0.464277512 0.825382296 0.500000000 0.500000000 0.000000000 0.000000000 0.999897540 0.002583839 0.014080258 -0.090721841 -0.002745804 0.999930143 0.011495855 0.200387255 -0.014049571 -0.011533339 0.999834776 -1.934005144
120954167 0.464277512 0.825382296 0.500000000 0.500000000 0.000000000 0.000000000 0.999897242 0.002790767 0.014063292 -0.091506235 -0.002953307 0.999928951 0.011550286 0.202752916 -0.014030059 -0.011590632 0.999834418 -1.953657175
120987533 0.464277512 0.825382296 0.500000000 0.500000000 0.000000000 0.000000000 0.999896884 0.002349303 0.014165794 -0.092093992 -0.002509538 0.999932945 0.011304295 0.206207283 -0.014138286 -0.011338679 0.999835730 -1.974037971
121020900 0.464277512 0.825382296 0.500000000 0.500000000 0.000000000 0.000000000 0.999893486 0.002202079 0.014426002 -0.093599328 -0.002363213 0.999934912 0.011162181 0.209025985 -0.014400483 -0.011195085 0.999833643 -1.995049804
121054267 0.464277512 0.825382296 0.500000000 0.500000000 0.000000000 0.000000000 0.999888778 0.002183193 0.014755243 -0.095546979 -0.002347424 0.999935389 0.011122166 0.211077262 -0.014730008 -0.011155565 0.999829292 -2.016578113
121087633 0.464277512 0.825382296 0.500000000 0.500000000 0.000000000 0.000000000 0.999881864 0.001853488 0.015256694 -0.098466474 -0.002023985 0.999935567 0.011167380 0.213482798 -0.015235012 -0.011196940 0.999821246 -2.038004496
121121000 0.464277512 0.825382296 0.500000000 0.500000000 0.000000000 0.000000000 0.999881089 0.002041202 0.015286049 -0.099148736 -0.002214289 0.999933541 0.011314810 0.214956368 -0.015261937 -0.011347312 0.999819160 -2.058068485
121154367 0.464277512 0.825382296 0.500000000 0.500000000 0.000000000 0.000000000 0.999876976 0.002395395 0.015502390 -0.100299763 -0.002577086 0.999928117 0.011710818 0.215057008 -0.015473224 -0.011749328 0.999811232 -2.079867866
121187733 0.464277512 0.825382296 0.500000000 0.500000000 0.000000000 0.000000000 0.999868274 0.002478781 0.016040964 -0.103100567 -0.002672803 0.999923408 0.012085291 0.215682917 -0.016009778 -0.012126573 0.999798298 -2.100717400
121221100 0.464277512 0.825382296 0.500000000 0.500000000 0.000000000 0.000000000 0.999859631 0.002454221 0.016574474 -0.105724806 -0.002658265 0.999920845 0.012299934 0.217613001 -0.016542975 -0.012342267 0.999786973 -2.123177948
121254467 0.464277512 0.825382296 0.500000000 0.500000000 0.000000000 0.000000000 0.999847531 0.002354892 0.017300751 -0.109864698 -0.002570882 0.999918878 0.012472802 0.219971926 -0.017269976 -0.012515378 0.999772549 -2.145686815
121287833 0.464277512 0.825382296 0.500000000 0.500000000 0.000000000 0.000000000 0.999838531 0.002494459 0.017796835 -0.112890771 -0.002722696 0.999914229 0.012811908 0.220995066 -0.017763350 -0.012858294 0.999759555 -2.169400466
121321200 0.464277512 0.825382296 0.500000000 0.500000000 0.000000000 0.000000000 0.999827325 0.002337150 0.018434636 -0.116994536 -0.002576436 0.999912620 0.012967220 0.222876297 -0.018402720 -0.013012476 0.999745965 -2.192252750
121354567 0.464277512 0.825382296 0.500000000 0.500000000 0.000000000 0.000000000 0.999817252 0.001996416 0.019012565 -0.121430842 -0.002237224 0.999917448 0.012652915 0.227738983 -0.018985735 -0.012693138 0.999739170 -2.215796381
121387933 0.464277512 0.825382296 0.500000000 0.500000000 0.000000000 0.000000000 0.999806345 0.001604956 0.019613471 -0.124732982 -0.001852693 0.999918640 0.012619327 0.231455800 -0.019591622 -0.012653221 0.999728024 -2.239998930
121421300 0.464277512 0.825382296 0.500000000 0.500000000 0.000000000 0.000000000 0.999795437 0.001171442 0.020192767 -0.127467353 -0.001424627 0.999920487 0.012528572 0.234634944 -0.020176485 -0.012554777 0.999717593 -2.263758463
121454667 0.464277512 0.825382296 0.500000000 0.500000000 0.000000000 0.000000000 0.999783993 0.000893697 0.020764057 -0.129673329 -0.001154345 0.999920666 0.012544249 0.236704588 -0.020751199 -0.012565508 0.999705732 -2.287556328
121488033 0.464277512 0.825382296 0.500000000 0.500000000 0.000000000 0.000000000 0.999769330 0.000728081 0.021466605 -0.133803267 -0.000997992 0.999920547 0.012565473 0.238889951 -0.021455750 -0.012583998 0.999690592 -2.309050429
121521400 0.464277512 0.825382296 0.500000000 0.500000000 0.000000000 0.000000000 0.999754727 0.000487886 0.022141542 -0.138751327 -0.000766155 0.999920785 0.012560975 0.241369557 -0.022133661 -0.012574858 0.999675930 -2.330992494
121554767 0.464277512 0.825382296 0.500000000 0.500000000 0.000000000 0.000000000 0.999743164 0.000096996 0.022662682 -0.142727734 -0.000381224 0.999921322 0.012537693 0.245094352 -0.022659684 -0.012543113 0.999664545 -2.352123561
121588133 0.464277512 0.825382296 0.500000000 0.500000000 0.000000000 0.000000000 0.999735177 -0.000403657 0.023008574 -0.144354415 0.000115148 0.999921381 0.012539122 0.248137050 -0.023011826 -0.012533152 0.999656618 -2.373072843
121621500 0.464277512 0.825382296 0.500000000 0.500000000 0.000000000 0.000000000 0.999724925 -0.001311150 0.023418095 -0.146824207 0.001026241 0.999925375 0.012174047 0.252798772 -0.023432311 -0.012146665 0.999651611 -2.393760043
121654867 0.464277512 0.825382296 0.500000000 0.500000000 0.000000000 0.000000000 0.999717891 -0.001669450 0.023693858 -0.149219112 0.001384687 0.999926686 0.012029767 0.255985173 -0.023712203 -0.011993565 0.999646902 -2.414135123
121688233 0.464277512 0.825382296 0.500000000 0.500000000 0.000000000 0.000000000 0.999715507 -0.001973023 0.023769682 -0.150760767 0.001685420 0.999925196 0.012113512 0.258367638 -0.023791805 -0.012070004 0.999644041 -2.435076150
121721600 0.464277512 0.825382296 0.500000000 0.500000000 0.000000000 0.000000000 0.999712944 -0.002127425 0.023863202 -0.152521022 0.001833053 0.999922037 0.012350930 0.260651379 -0.023887618 -0.012303642 0.999638915 -2.455478741
121754967 0.464277512 0.825382296 0.500000000 0.500000000 0.000000000 0.000000000 0.999715507 -0.002412792 0.023730163 -0.153192958 0.002114174 0.999918342 0.012600943 0.262968333 -0.023758629 -0.012547188 0.999638975 -2.477043539
121788333 0.464277512 0.825382296 0.500000000 0.500000000 0.000000000 0.000000000 0.999723256 -0.002511800 0.023391254 -0.153204432 0.002206185 0.999911964 0.013081996 0.263954988 -0.023422055 -0.013026769 0.999640763 -2.497665180
121821700 0.464277512 0.825382296 0.500000000 0.500000000 0.000000000 0.000000000 0.999738395 -0.002554672 0.022729417 -0.150858995 0.002246222 0.999905169 0.013585703 0.264565346 -0.022761969 -0.013531093 0.999649346 -2.518773133
121855067 0.464277512 0.825382296 0.500000000 0.500000000 0.000000000 0.000000000 0.999746561 -0.002605450 0.022361068 -0.150274822 0.002287738 0.999896228 0.014222105 0.264929940 -0.022395803 -0.014167345 0.999648809 -2.541053458
121888433 0.464277512 0.825382296 0.500000000 0.500000000 0.000000000 0.000000000 0.999755383 -0.002829696 0.021934401 -0.149736141 0.002508877 0.999889672 0.014640043 0.266537398 -0.021973409 -0.014581431 0.999652207 -2.562339938
121921800 0.464277512 0.825382296 0.500000000 0.500000000 0.000000000 0.000000000 0.999776959 -0.002858494 0.020924315 -0.146125935 0.002546716 0.999885559 0.014911772 0.268583140 -0.020964546 -0.014855158 0.999669850 -2.583936698
121955167 0.464277512 0.825382296 0.500000000 0.500000000 0.000000000 0.000000000 0.999800384 -0.002707803 0.019795656 -0.142531317 0.002402541 0.999878109 0.015428185 0.269380563 -0.019835019 -0.015377546 0.999684989 -2.604158161
121988533 0.464277512 0.825382296 0.500000000 0.500000000 0.000000000 0.000000000 0.999820530 -0.002877905 0.018725822 -0.139218072 0.002579460 0.999869585 0.015942326 0.270560654 -0.018769260 -0.015891163 0.999697566 -2.627043236
122021900 0.464277512 0.825382296 0.500000000 0.500000000 0.000000000 0.000000000 0.999839067 -0.002919213 0.017701209 -0.136249134 0.002628003 0.999861181 0.016452426 0.272395889 -0.017746780 -0.016403260 0.999707937 -2.654747046
122055267 0.464277512 0.825382296 0.500000000 0.500000000 0.000000000 0.000000000 0.999857545 -0.002915322 0.016624454 -0.132676467 0.002636044 0.999855459 0.016796473 0.273784909 -0.016671019 -0.016750259 0.999720693 -2.677040201
122088633 0.464277512 0.825382296 0.500000000 0.500000000 0.000000000 0.000000000 0.999871612 -0.003206052 0.015700720 -0.129542989 0.002936877 0.999848843 0.017137287 0.275783472 -0.015753290 -0.017088976 0.999729872 -2.698508919
122122000 0.464277512 0.825382296 0.500000000 0.500000000 0.000000000 0.000000000 0.999884844 -0.003692801 0.014721416 -0.126732763 0.003440744 0.999847710 0.017110471 0.279710357 -0.014782359 -0.017057847 0.999745250 -2.719975109
122155367 0.464277512 0.825382296 0.500000000 0.500000000 0.000000000 0.000000000 0.999899685 -0.003785921 0.013649055 -0.123832764 0.003552100 0.999847233 0.017114645 0.282831373 -0.013711764 -0.017064445 0.999760389 -2.740570149
122188733 0.464277512 0.825382296 0.500000000 0.500000000 0.000000000 0.000000000 0.999911964 -0.003899098 0.012681525 -0.121727673 0.003680503 0.999845028 0.017215211 0.286130933 -0.012746683 -0.017167021 0.999771357 -2.761522609
122222100 0.464277512 0.825382296 0.500000000 0.500000000 0.000000000 0.000000000 0.999925375 -0.003810267 0.011608788 -0.118624736 0.003608540 0.999843001 0.017348809 0.288616248 -0.011673069 -0.017305624 0.999782085 -2.781664750
122255467 0.464277512 0.825382296 0.500000000 0.500000000 0.000000000 0.000000000 0.999931395 -0.004184031 0.010939495 -0.118441202 0.003994804 0.999843001 0.017262587 0.292487987 -0.011010004 -0.017217703 0.999791145 -2.802465667
122288833 0.464277512 0.825382296 0.500000000 0.500000000 0.000000000 0.000000000 0.999939442 -0.004247988 0.010149630 -0.117844964 0.004069426 0.999837697 0.017549310 0.295187855 -0.010222532 -0.017506944 0.999794483 -2.824644820
122322200 0.464277512 0.825382296 0.500000000 0.500000000 0.000000000 0.000000000 0.999947071 -0.004338406 0.009327786 -0.117050704 0.004171665 0.999832511 0.017821515 0.297383216 -0.009403541 -0.017781660 0.999797702 -2.845880757
122355567 0.464277512 0.825382296 0.500000000 0.500000000 0.000000000 0.000000000 0.999953210 -0.004477018 0.008577032 -0.116573229 0.004320652 0.999825716 0.018163372 0.299071511 -0.008656855 -0.018125463 0.999798238 -2.867889460
122388933 0.464277512 0.825382296 0.500000000 0.500000000 0.000000000 0.000000000 0.999957740 -0.004699428 0.007903730 -0.116401475 0.004552189 0.999817669 0.018544931 0.300146868 -0.007989440 -0.018508168 0.999796808 -2.888887430
122422300 0.464277512 0.825382296 0.500000000 0.500000000 0.000000000 0.000000000 0.999962151 -0.004836768 0.007230467 -0.116095346 0.004698913 0.999809146 0.018962799 0.300790683 -0.007320806 -0.018928107 0.999794066 -2.909485910
122455667 0.464277512 0.825382296 0.500000000 0.500000000 0.000000000 0.000000000 0.999966681 -0.004798409 0.006600103 -0.115774272 0.004669196 0.999799848 0.019455329 0.300894012 -0.006692136 -0.019423865 0.999788940 -2.931067738
122489033 0.464277512 0.825382296 0.500000000 0.500000000 0.000000000 0.000000000 0.999970257 -0.004663450 0.006146386 -0.117412429 0.004540807 0.999793291 0.019818909 0.301232884 -0.006237540 -0.019790411 0.999784708 -2.953854626
122522400 0.464277512 0.825382296 0.500000000 0.500000000 0.000000000 0.000000000 0.999974728 -0.004564608 0.005455283 -0.117722182 0.004453282 0.999785066 0.020247769 0.300890067 -0.005546534 -0.020222964 0.999780118 -2.977621769
122555767 0.464277512 0.825382296 0.500000000 0.500000000 0.000000000 0.000000000 0.999978602 -0.004546344 0.004703119 -0.118285108 0.004448519 0.999777794 0.020605417 0.301387325 -0.004795754 -0.020584054 0.999776602 -3.000652371
122589133 0.464277512 0.825382296 0.500000000 0.500000000 0.000000000 0.000000000 0.999983013 -0.004306918 0.003923815 -0.118334011 0.004223355 0.999769270 0.021061437 0.301621099 -0.004013619 -0.021044508 0.999770463 -3.024944033
122622500 0.464277512 0.825382296 0.500000000 0.500000000 0.000000000 0.000000000 0.999986768 -0.004075799 0.003132174 -0.118485701 0.004007844 0.999762893 0.021404184 0.301977355 -0.003218670 -0.021391349 0.999765992 -3.049169362
122655867 0.464277512 0.825382296 0.500000000 0.500000000 0.000000000 0.000000000 0.999990284 -0.003752565 0.002315093 -0.118374494 0.003701541 0.999758482 0.021663792 0.302956288 -0.002395829 -0.021655012 0.999762654 -3.074077691
122689233 0.464277512 0.825382296 0.500000000 0.500000000 0.000000000 0.000000000 0.999993026 -0.003411437 0.001509311 -0.118351297 0.003377608 0.999755025 0.021875257 0.304013459 -0.001583567 -0.021870006 0.999759555 -3.098402223
122722600 0.464277512 0.825382296 0.500000000 0.500000000 0.000000000 0.000000000 0.999994397 -0.003292984 0.000563252 -0.117878408 0.003279779 0.999752045 0.022025596 0.305201764 -0.000635642 -0.022023628 0.999757230 -3.122717599
122755967 0.464277512 0.825382296 0.500000000 0.500000000 0.000000000 0.000000000 0.999994576 -0.003275563 -0.000336450 -0.117859605 0.003282187 0.999751389 0.022053724 0.306910787 0.000264128 -0.022054709 0.999756753 -3.146624929
122789333 0.464277512 0.825382296 0.500000000 0.500000000 0.000000000 0.000000000 0.999995053 -0.002958215 -0.001078096 -0.118348012 0.002981408 0.999749362 0.022187527 0.309180912 0.001012190 -0.022190630 0.999753237 -3.171649776
122822700 0.464277512 0.825382296 0.500000000 0.500000000 0.000000000 0.000000000 0.999994695 -0.002486710 -0.002106926 -0.116700728 0.002532867 0.999750435 0.022195891 0.312180427 0.002051205 -0.022201110 0.999751449 -3.195766085
122856067 0.464277512 0.825382296 0.500000000 0.500000000 0.000000000 0.000000000 0.999993205 -0.002320196 -0.002855099 -0.115972317 0.002383199 0.999749243 0.022265000 0.314819429 0.002802724 -0.022271654 0.999748051 -3.220949638
122889433 0.464277512 0.825382296 0.500000000 0.500000000 0.000000000 0.000000000 0.999989629 -0.002432259 -0.003853376 -0.114202540 0.002517955 0.999746084 0.022392694 0.316427144 0.003797933 -0.022402165 0.999741852 -3.242966461
122922800 0.464277512 0.825382296 0.500000000 0.500000000 0.000000000 0.000000000 0.999985456 -0.002613547 -0.004712970 -0.113119476 0.002718517 0.999745250 0.022405291 0.318591010 0.004653212 -0.022417776 0.999737859 -3.266802156
122956167 0.464277512 0.825382296 0.500000000 0.500000000 0.000000000 0.000000000 0.999982357 -0.002622265 -0.005324674 -0.113333719 0.002741676 0.999742091 0.022543855 0.320575909 0.005264185 -0.022558056 0.999731660 -3.290633585
122989533 0.464277512 0.825382296 0.500000000 0.500000000 0.000000000 0.000000000 0.999976635 -0.002367446 -0.006415914 -0.109877861 0.002511946 0.999741256 0.022608494 0.322930191 0.006360730 -0.022624083 0.999723792 -3.312712110
123022900 0.464277512 0.825382296 0.500000000 0.500000000 0.000000000 0.000000000 0.999970734 -0.002310459 -0.007295775 -0.107909403 0.002475356 0.999739826 0.022674238 0.324830850 0.007241489 -0.022691634 0.999716282 -3.335505137
123056267 0.464277512 0.825382296 0.500000000 0.500000000 0.000000000 0.000000000 0.999962986 -0.002472045 -0.008241141 -0.105959820 0.002658359 0.999739349 0.022674030 0.327664646 0.008182942 -0.022695098 0.999708951 -3.358190247
123089633 0.464277512 0.825382296 0.500000000 0.500000000 0.000000000 0.000000000 0.999955237 -0.002428591 -0.009145061 -0.103409316 0.002636972 0.999735594 0.022843484 0.329730410 0.009087166 -0.022866575 0.999697208 -3.381497335
123123000 0.464277512 0.825382296 0.500000000 0.500000000 0.000000000 0.000000000 0.999948323 -0.002299439 -0.009902283 -0.101492630 0.002525413 0.999735296 0.022868680 0.332195662 0.009847077 -0.022892505 0.999689460 -3.406842712
123156367 0.464277512 0.825382296 0.500000000 0.500000000 0.000000000 0.000000000 0.999938190 -0.002187746 -0.010900887 -0.097981386 0.002435852 0.999737084 0.022799086 0.334568598 0.010848142 -0.022824230 0.999680638 -3.431749426
123189733 0.464277512 0.825382296 0.500000000 0.500000000 0.000000000 0.000000000 0.999926090 -0.001798366 -0.012024117 -0.093701411 0.002074192 0.999734104 0.022966396 0.335891285 0.011979617 -0.022989638 0.999663949 -3.454843196
123223100 0.464277512 0.825382296 0.500000000 0.500000000 0.000000000 0.000000000 0.999911547 -0.001586896 -0.013204670 -0.089027846 0.001892847 0.999729276 0.023189830 0.336706278 0.013164296 -0.023212772 0.999643862 -3.478195872
123256467 0.464277512 0.825382296 0.500000000 0.500000000 0.000000000 0.000000000 0.999890864 -0.001194728 -0.014723864 -0.082833339 0.001539814 0.999723852 0.023448184 0.338068557 0.014691785 -0.023468297 0.999616623 -3.499934210
123289833 0.464277512 0.825382296 0.500000000 0.500000000 0.000000000 0.000000000 0.999863327 -0.000776644 -0.016514048 -0.074891554 0.001168366 0.999717832 0.023724159 0.338842624 0.016490962 -0.023740212 0.999582112 -3.522869178
123323200 0.464277512 0.825382296 0.500000000 0.500000000 0.000000000 0.000000000 0.999832094 -0.000451557 -0.018317848 -0.066736585 0.000890910 0.999711931 0.023983862 0.339724171 0.018301742 -0.023996156 0.999544501 -3.546062856
123356567 0.464277512 0.825382296 0.500000000 0.500000000 0.000000000 0.000000000 0.999790668 -0.000158239 -0.020460021 -0.057972665 0.000650677 0.999710202 0.024063867 0.342274916 0.020450285 -0.024072142 0.999501050 -3.569667348
123389933 0.464277512 0.825382296 0.500000000 0.500000000 0.000000000 0.000000000 0.999740243 0.000454046 -0.022785701 -0.047974070 0.000103872 0.999700367 0.024478288 0.342222031 0.022789987 -0.024474299 0.999440670 -3.594066074
123423300 0.464277512 0.825382296 0.500000000 0.500000000 0.000000000 0.000000000 0.999684989 0.001048863 -0.025075708 -0.037787118 -0.000429954 0.999695480 0.024674281 0.343516570 0.025093950 -0.024655728 0.999381006 -3.618145702
123456667 0.464277512 0.825382296 0.500000000 0.500000000 0.000000000 0.000000000 0.999623716 0.001749710 -0.027373949 -0.026170927 -0.001064114 0.999685884 0.025040124 0.343829366 0.027409164 -0.025001572 0.999311566 -3.640612664
123490033 0.464277512 0.825382296 0.500000000 0.500000000 0.000000000 0.000000000 0.999577582 0.001985230 -0.028994428 -0.017460878 -0.001251496 0.999679089 0.025302287 0.344657280 0.029035352 -0.025255313 0.999259293 -3.665415802
123523400 0.464277512 0.825382296 0.500000000 0.500000000 0.000000000 0.000000000 0.999512792 0.002107896 -0.031141369 -0.007994090 -0.001318127 0.999677539 0.025359562 0.346850671 0.031184781 -0.025306158 0.999193251 -3.687607006
123556767 0.464277512 0.825382296 0.500000000 0.500000000 0.000000000 0.000000000 0.999432623 0.002274921 -0.033604834 0.003570513 -0.001413765 0.999670565 0.025627542 0.347676642 0.033652067 -0.025565492 0.999106586 -3.709349075
123590133 0.464277512 0.825382296 0.500000000 0.500000000 0.000000000 0.000000000 0.999351442 0.002494968 -0.035922360 0.014409790 -0.001565656 0.999663949 0.025874944 0.348894640 0.035974845 -0.025801921 0.999019563 -3.729594896
123623500 0.464277512 0.825382296 0.500000000 0.500000000 0.000000000 0.000000000 0.999277115 0.002605671 -0.037926771 0.023483591 -0.001621887 0.999661982 0.025946725 0.351188669 0.037981559 -0.025866456 0.998943627 -3.750040958
123656867 0.464277512 0.825382296 0.500000000 0.500000000 0.000000000 0.000000000 0.999188662 0.002793975 -0.040177058 0.033203369 -0.001746832 0.999658465 0.026074743 0.353469349 0.040236190 -0.025983406 0.998852313 -3.769570425
123690233 0.464277512 0.825382296 0.500000000 0.500000000 0.000000000 0.000000000 0.999094427 0.003093167 -0.042435158 0.042688356 -0.001986121 0.999657214 0.026105355 0.355976124 0.042501360 -0.025997434 0.998758137 -3.789054934
123723600 0.464277512 0.825382296 0.500000000 0.500000000 0.000000000 0.000000000 0.998999536 0.003140542 -0.044610586 0.051255157 -0.001975311 0.999656320 0.026140170 0.358507801 0.044677351 -0.026025897 0.998662412 -3.808770403
123756967 0.464277512 0.825382296 0.500000000 0.500000000 0.000000000 0.000000000 0.998898327 0.003396680 -0.046803895 0.059756784 -0.002175915 0.999656737 0.026108857 0.361297724 0.046876512 -0.025978252 0.998562813 -3.827687529
123790333 0.464277512 0.825382296 0.500000000 0.500000000 0.000000000 0.000000000 0.998794675 0.003632025 -0.048948687 0.067768746 -0.002352873 0.999654889 0.026164845 0.363282610 0.049026825 -0.026018137 0.998458505 -3.845742108
123823700 0.464277512 0.825382296 0.500000000 0.500000000 0.000000000 0.000000000 0.998682857 0.003976939 -0.051153801 0.076450821 -0.002637545 0.999652624 0.026224559 0.365251713 0.051240325 -0.026055098 0.998346388 -3.863334621
123857067 0.464277512 0.825382296 0.500000000 0.500000000 0.000000000 0.000000000 0.998568237 0.004444735 -0.053308301 0.084823362 -0.003041930 0.999647677 0.026367273 0.367221752 0.053406715 -0.026167361 0.998229921 -3.881190016
123890433 0.464277512 0.825382296 0.500000000 0.500000000 0.000000000 0.000000000 0.998443127 0.004485507 -0.055598322 0.092757666 -0.003008993 0.999641299 0.026612118 0.367671400 0.055697750 -0.026403392 0.998098493 -3.899734851
123923800 0.464277512 0.825382296 0.500000000 0.500000000 0.000000000 0.000000000 0.998310566 0.004649072 -0.057917066 0.100626512 -0.003088748 0.999630630 0.027001100 0.367530713 0.058021203 -0.026776593 0.997956216 -3.918792383
123957167 0.464277512 0.825382296 0.500000000 0.500000000 0.000000000 0.000000000 0.998179734 0.004615734 -0.060131982 0.107986811 -0.002974527 0.999621391 0.027354384 0.367330267 0.060235474 -0.027125729 0.997815549 -3.937809756
123990533 0.464277512 0.825382296 0.500000000 0.500000000 0.000000000 0.000000000 0.998034537 0.004829551 -0.062479455 0.116412407 -0.003106561 0.999612987 0.027644703 0.367810868 0.062588789 -0.027396273 0.997663319 -3.957215033
124023900 0.464277512 0.825382296 0.500000000 0.500000000 0.000000000 0.000000000 0.997878492 0.005096873 -0.064904436 0.125421781 -0.003279401 0.999600351 0.028078098 0.367506038 0.065021612 -0.027805682 0.997496367 -3.975820441
124057267 0.464277512 0.825382296 0.500000000 0.500000000 0.000000000 0.000000000 0.997717559 0.005370016 -0.067311302 0.134746667 -0.003463652 0.999590456 0.028406372 0.366949113 0.067436278 -0.028108394 0.997327566 -3.993667138
124090633 0.464277512 0.825382296 0.500000000 0.500000000 0.000000000 0.000000000 0.997560620 0.005798260 -0.069563903 0.143807356 -0.003802682 0.999578416 0.028785184 0.367526130 0.069701478 -0.028450437 0.997162104 -4.011988230
124124000 0.464277512 0.825382296 0.500000000 0.500000000 0.000000000 0.000000000 0.997401655 0.006102406 -0.071782477 0.152415655 -0.004017450 0.999566853 0.029154070 0.367636213 0.071929298 -0.028789934 0.996994138 -4.030327384
124157367 0.464277512 0.825382296 0.500000000 0.500000000 0.000000000 0.000000000 0.997224510 0.006390352 -0.074178092 0.161924705 -0.004231773 0.999564052 0.029220730 0.369867981 0.074332483 -0.028825723 0.996816814 -4.047726290
124190733 0.464277512 0.825382296 0.500000000 0.500000000 0.000000000 0.000000000 0.997041762 0.006323589 -0.076601319 0.171288277 -0.004080311 0.999559224 0.029406298 0.371285460 0.076753512 -0.029006749 0.996628046 -4.066612293
124224100 0.464277512 0.825382296 0.500000000 0.500000000 0.000000000 0.000000000 0.996862292 0.006415936 -0.078894846 0.179648009 -0.004097004 0.999555826 0.029519511 0.373573953 0.079049192 -0.029103655 0.996445775 -4.086734088
124257467 0.464277512 0.825382296 0.500000000 0.500000000 0.000000000 0.000000000 0.996658087 0.006496288 -0.081427701 0.190113538 -0.004077633 0.999546528 0.029834276 0.375293056 0.081584588 -0.029402539 0.996232629 -4.106249083
124290833 0.464277512 0.825382296 0.500000000 0.500000000 0.000000000 0.000000000 0.996450603 0.006283970 -0.083944775 0.200253685 -0.003755602 0.999535501 0.030243440 0.375995077 0.084095828 -0.029820830 0.996011376 -4.124638987
124324200 0.464277512 0.825382296 0.500000000 0.500000000 0.000000000 0.000000000 0.996225238 0.006311334 -0.086576469 0.211601492 -0.003678901 0.999527037 0.030531788 0.377074172 0.086728223 -0.030098030 0.995777249 -4.141850475
124357567 0.464277512 0.825382296 0.500000000 0.500000000 0.000000000 0.000000000 0.996007919 0.006339188 -0.089039393 0.221789378 -0.003613315 0.999520838 0.030742120 0.378107726 0.089191608 -0.030297669 0.995553553 -4.158744767
124390933 0.464277512 0.825382296 0.500000000 0.500000000 0.000000000 0.000000000 0.995760560 0.006418418 -0.091758735 0.233145681 -0.003598772 0.999517202 0.030861402 0.379480231 0.091912515 -0.030400349 0.995302916 -4.174144243
124424300 0.464277512 0.825382296 0.500000000 0.500000000 0.000000000 0.000000000 0.995493412 0.006197146 -0.094627850 0.245700816 -0.003262138 0.999509752 0.031139579 0.379197531 0.094774432 -0.030690556 0.995025575 -4.189011324
124457667 0.464277512 0.825382296 0.500000000 0.500000000 0.000000000 0.000000000 0.995213330 0.005740771 -0.097557649 0.258545108 -0.002702153 0.999507904 0.031250522 0.380011504 0.097689040 -0.030837322 0.994739115 -4.204623382
124491033 0.464277512 0.825382296 0.500000000 0.500000000 0.000000000 0.000000000 0.994928062 0.005230207 -0.100452714 0.270894912 -0.002081454 0.999503970 0.031424887 0.380311994 0.100567244 -0.031056417 0.994445443 -4.221100944
124524400 0.464277512 0.825382296 0.500000000 0.500000000 0.000000000 0.000000000 0.994633138 0.004900790 -0.103348315 0.283455968 -0.001648165 0.999501288 0.031534400 0.381607581 0.103451319 -0.031194825 0.994145215 -4.237614262
124557767 0.464277512 0.825382296 0.500000000 0.500000000 0.000000000 0.000000000 0.994305789 0.004472682 -0.106470391 0.297691495 -0.001097734 0.999495685 0.031735986 0.381800005 0.106558643 -0.031438399 0.993809283 -4.252808377
124591133 0.464277512 0.825382296 0.500000000 0.500000000 0.000000000 0.000000000 0.993960261 0.003943242 -0.109669775 0.312248470 -0.000450031 0.999492288 0.031858612 0.382342747 0.109739721 -0.031616841 0.993457377 -4.267685019
124624500 0.464277512 0.825382296 0.500000000 0.500000000 0.000000000 0.000000000 0.993586957 0.003543941 -0.113015153 0.327474898 0.000074853 0.999487877 0.032000124 0.382836935 0.113070682 -0.031803366 0.993077815 -4.283002212
124657867 0.464277512 0.825382296 0.500000000 0.500000000 0.000000000 0.000000000 0.993193507 0.002932088 -0.116439275 0.342111812 0.000810266 0.999485016 0.032079633 0.383923414 0.116473369 -0.031955630 0.992679596 -4.300748435
124691233 0.464277512 0.825382296 0.500000000 0.500000000 0.000000000 0.000000000 0.992771208 0.002727201 -0.119990967 0.357823384 0.001147880 0.999480367 0.032213815 0.384797507 0.120016463 -0.032118686 0.992252231 -4.317767177
124724600 0.464277512 0.825382296 0.500000000 0.500000000 0.000000000 0.000000000 0.992349982 0.002724479 -0.123426445 0.373207225 0.001275921 0.999476731 0.032320574 0.385781142 0.123449922 -0.032230802 0.991827250 -4.334253872
124757967 0.464277512 0.825382296 0.500000000 0.500000000 0.000000000 0.000000000 0.991913557 0.002914822 -0.126881912 0.388684733 0.001215581 0.999472201 0.032463536 0.386344434 0.126909569 -0.032355256 0.991386473 -4.351117004
124791333 0.464277512 0.825382296 0.500000000 0.500000000 0.000000000 0.000000000 0.991454899 0.003164259 -0.130411342 0.405072002 0.001088541 0.999470294 0.032526486 0.387819808 0.130445182 -0.032390501 0.990926266 -4.367710097
124824700 0.464277512 0.825382296 0.500000000 0.500000000 0.000000000 0.000000000 0.990991592 0.003478810 -0.133878976 0.421692906 0.000908214 0.999464989 0.032693561 0.388464475 0.133921087 -0.032520637 0.990458250 -4.382452499
124858067 0.464277512 0.825382296 0.500000000 0.500000000 0.000000000 0.000000000 0.990504563 0.003611845 -0.137432501 0.439679963 0.000930412 0.999455810 0.032972243 0.387097616 0.137476802 -0.032787025 0.989962220 -4.396028527
124891433 0.464277512 0.825382296 0.500000000 0.500000000 0.000000000 0.000000000 0.990027368 0.003579260 -0.140829876 0.456643446 0.001080919 0.999454737 0.033000443 0.386569759 0.140871197 -0.032823566 0.989483654 -4.408243850
124924800 0.464277512 0.825382296 0.500000000 0.500000000 0.000000000 0.000000000 0.989550471 0.004083145 -0.144129008 0.472661325 0.000677463 0.999456227 0.032965668 0.386883652 0.144185245 -0.032718834 0.989009678 -4.421564265
124958167 0.464277512 0.825382296 0.500000000 0.500000000 0.000000000 0.000000000 0.989024639 0.004375758 -0.147686064 0.491017704 0.000472670 0.999462545 0.032778233 0.389593236 0.147750124 -0.032488286 0.988490999 -4.434405174
124991533 0.464277512 0.825382296 0.500000000 0.500000000 0.000000000 0.000000000 0.988475680 0.004526227 -0.151312113 0.509834470 0.000433089 0.999464273 0.032726392 0.392817910 0.151379183 -0.032414772 0.987944126 -4.450956938
125024900 0.464277512 0.825382296 0.500000000 0.500000000 0.000000000 0.000000000 0.987910748 0.004727772 -0.154951692 0.529802667 0.000345137 0.999465287 0.032695405 0.394044112 0.155023411 -0.032353621 0.987380862 -4.464566489
125058267 0.464277512 0.825382296 0.500000000 0.500000000 0.000000000 0.000000000 0.987321794 0.005339754 -0.158641681 0.551894247 -0.000129064 0.999460697 0.032837819 0.393711892 0.158731461 -0.032401018 0.986790001 -4.475452286
125091633 0.464277512 0.825382296 0.500000000 0.500000000 0.000000000 0.000000000 0.986726463 0.005935506 -0.162282690 0.571220190 -0.000597138 0.999457657 0.032924492 0.394302843 0.162390098 -0.032390561 0.986194849 -4.488370559
125125000 0.464277512 0.825382296 0.500000000 0.500000000 0.000000000 0.000000000 0.986111403 0.006438217 -0.165960222 0.592007712 -0.000954711 0.999451578 0.033099711 0.394427339 0.166082308 -0.032481559 0.985576808 -4.500914999
125158367 0.464277512 0.825382296 0.500000000 0.500000000 0.000000000 0.000000000 0.985525727 0.006941420 -0.169383675 0.607693957 -0.001319158 0.999445140 0.033282451 0.394926839 0.169520706 -0.032577269 0.984988034 -4.513782289
125191733 0.464277512 0.825382296 0.500000000 0.500000000 0.000000000 0.000000000 0.984905005 0.007353483 -0.172939464 0.625940219 -0.001578028 0.999437153 0.033509623 0.395267792 0.173088536 -0.032730892 0.984362245 -4.527603430
125225100 0.464277512 0.825382296 0.500000000 0.500000000 0.000000000 0.000000000 0.984299064 0.007622114 -0.176344067 0.642026798 -0.001712847 0.999432623 0.033637855 0.397363230 0.176500395 -0.032807659 0.983753681 -4.544704889
125258467 0.464277512 0.825382296 0.500000000 0.500000000 0.000000000 0.000000000 0.983701110 0.007614329 -0.179649979 0.659479733 -0.001598301 0.999433815 0.033608507 0.401047963 0.179804176 -0.032773592 0.983156323 -4.559769991
125291833 0.464277512 0.825382296 0.500000000 0.500000000 0.000000000 0.000000000 0.983077586 0.008041720 -0.183013037 0.677371718 -0.001870574 0.999424577 0.033867385 0.402379702 0.183180079 -0.032951929 0.982526958 -4.574913972
125325200 0.464277512 0.825382296 0.500000000 0.500000000 0.000000000 0.000000000 0.982432783 0.008366349 -0.186429039 0.695421567 -0.002050228 0.999418139 0.034046575 0.404126468 0.186605409 -0.033066250 0.981878340 -4.590038068
125358567 0.464277512 0.825382296 0.500000000 0.500000000 0.000000000 0.000000000 0.981806934 0.008883902 -0.189673841 0.712439858 -0.002411807 0.999407768 0.034325831 0.404429318 0.189866453 -0.033243883 0.981246948 -4.604182763
125391933 0.464277512 0.825382296 0.500000000 0.500000000 0.000000000 0.000000000 0.981214643 0.009236773 -0.192698017 0.728986144 -0.002608244 0.999396980 0.034623899 0.404602238 0.192901641 -0.033470873 0.980647087 -4.617696966
125425300 0.464277512 0.825382296 0.500000000 0.500000000 0.000000000 0.000000000 0.980662644 0.009740933 -0.195463344 0.742858932 -0.002945285 0.999382019 0.035027448 0.403394073 0.195683748 -0.033774417 0.980085254 -4.631119809
125458667 0.464277512 0.825382296 0.500000000 0.500000000 0.000000000 0.000000000 0.980111778 0.010225609 -0.198182449 0.758063156 -0.003247440 0.999364257 0.035503920 0.401595194 0.198419496 -0.034154225 0.979521930 -4.644096487
125492033 0.464277512 0.825382296 0.500000000 0.500000000 0.000000000 0.000000000 0.979627252 0.010693618 -0.200539470 0.768883050 -0.003569230 0.999350667 0.035854086 0.401619057 0.200792670 -0.034407869 0.979029298 -4.659222078
125525400 0.464277512 0.825382296 0.500000000 0.500000000 0.000000000 0.000000000 0.979163051 0.011038968 -0.202775523 0.779598245 -0.003752850 0.999334574 0.036281351 0.401403798 0.203041106 -0.034764372 0.978552878 -4.674318097
125558767 0.464277512 0.825382296 0.500000000 0.500000000 0.000000000 0.000000000 0.978694618 0.011370913 -0.205006316 0.790374577 -0.003892923 0.999313474 0.036843371 0.398872442 0.205284521 -0.035260335 0.978066981 -4.690203279
125592133 0.464277512 0.825382296 0.500000000 0.500000000 0.000000000 0.000000000 0.978297293 0.011761330 -0.206872061 0.795393967 -0.004172240 0.999303460 0.037083052 0.400949829 0.207164124 -0.035415128 0.977664948 -4.711165165
125625500 0.464277512 0.825382296 0.500000000 0.500000000 0.000000000 0.000000000 0.977869451 0.012257184 -0.208856568 0.804538771 -0.004535821 0.999289751 0.037408624 0.401646089 0.209166750 -0.035633415 0.977230549 -4.728765020
125658867 0.464277512 0.825382296 0.500000000 0.500000000 0.000000000 0.000000000 0.977480531 0.012681301 -0.210644364 0.811882012 -0.004801015 0.999270797 0.037879743 0.400432397 0.210971117 -0.036015403 0.976828575 -4.747347910
125692233 0.464277512 0.825382296 0.500000000 0.500000000 0.000000000 0.000000000 0.977092743 0.012851321 -0.212425500 0.818956012 -0.004810870 0.999253750 0.038324334 0.400908802 0.212759510 -0.036424477 0.976425469 -4.763488109
125725600 0.464277512 0.825382296 0.500000000 0.500000000 0.000000000 0.000000000 0.976671278 0.013115750 -0.214339092 0.828103264 -0.004820348 0.999220550 0.039179187 0.393840580 0.214685887 -0.037231997 0.975973248 -4.775689423
125758967 0.464277512 0.825382296 0.500000000 0.500000000 0.000000000 0.000000000 0.976277649 0.013490460 -0.216101855 0.834941021 -0.004971671 0.999190688 0.039915483 0.389803496 0.216465443 -0.037894208 0.975554585 -4.790631005
125792333 0.464277512 0.825382296 0.500000000 0.500000000 0.000000000 0.000000000 0.975885987 0.013699007 -0.217850521 0.844372439 -0.005006275 0.999170899 0.040404294 0.389752670 0.218223393 -0.038339365 0.975145459 -4.801754572
125825700 0.464277512 0.825382296 0.500000000 0.500000000 0.000000000 0.000000000 0.975540221 0.014096634 -0.219368607 0.848861714 -0.005287606 0.999157786 0.040691733 0.391786456 0.219757453 -0.038536489 0.974793077 -4.819633505
125859067 0.464277512 0.825382296 0.500000000 0.500000000 0.000000000 0.000000000 0.975168943 0.014470713 -0.220988944 0.854918840 -0.005455744 0.999129832 0.041349802 0.389206885 0.221395001 -0.039117385 0.974399328 -4.833230228
125892433 0.464277512 0.825382296 0.500000000 0.500000000 0.000000000 0.000000000 0.974803329 0.014846055 -0.222571611 0.861723827 -0.005641096 0.999104381 0.041936163 0.386385522 0.222994849 -0.039623961 0.974013984 -4.845867106
125925800 0.464277512 0.825382296 0.500000000 0.500000000 0.000000000 0.000000000 0.974478126 0.014956630 -0.223983690 0.865901609 -0.005574930 0.999082625 0.042459611 0.385050237 0.224413276 -0.040127270 0.973667562 -4.858556481
125959167 0.464277512 0.825382296 0.500000000 0.500000000 0.000000000 0.000000000 0.974212289 0.015117067 -0.225126430 0.866320469 -0.005587096 0.999063373 0.042908736 0.385143562 0.225564227 -0.040544413 0.973384261 -4.872731670
125992533 0.464277512 0.825382296 0.500000000 0.500000000 0.000000000 0.000000000 0.973855913 0.015542997 -0.226634324 0.874034328 -0.005837212 0.999039292 0.043433234 0.384830728 0.227091670 -0.040974800 0.973011017 -4.884482195
126025900 0.464277512 0.825382296 0.500000000 0.500000000 0.000000000 0.000000000 0.973583460 0.015744837 -0.227787867 0.877950330 -0.005856983 0.999013543 0.044019215 0.382616862 0.228256240 -0.041522231 0.972715259 -4.895406474
126059267 0.464277512 0.825382296 0.500000000 0.500000000 0.000000000 0.000000000 0.973261893 0.015661236 -0.229163766 0.883513852 -0.005593925 0.998993099 0.044514511 0.381503657 0.229630172 -0.042042349 0.972369492 -4.906638027
126092633 0.464277512 0.825382296 0.500000000 0.500000000 0.000000000 0.000000000 0.972897470 0.015638534 -0.230707541 0.892939073 -0.005419975 0.998978615 0.044859745 0.382613532 0.231173426 -0.042393502 0.971988499 -4.917891661
126126000 0.464277512 0.825382296 0.500000000 0.500000000 0.000000000 0.000000000 0.972528756 0.016131865 -0.232223079 0.904124739 -0.005743552 0.998955071 0.045341052 0.383539908 0.232711852 -0.042761691 0.971605182 -4.929782107
126159367 0.464277512 0.825382296 0.500000000 0.500000000 0.000000000 0.000000000 0.972192645 0.016090598 -0.233629137 0.914013299 -0.005532523 0.998936355 0.045776851 0.384254937 0.234117210 -0.043211360 0.971247613 -4.939530062
126192733 0.464277512 0.825382296 0.500000000 0.500000000 0.000000000 0.000000000 0.971858442 0.016212342 -0.235007018 0.923448288 -0.005397140 0.998899460 0.046591133 0.378325175 0.235503733 -0.044011623 0.970876396 -4.949223192
126226100 0.464277512 0.825382296 0.500000000 0.500000000 0.000000000 0.000000000 0.971480548 0.016494570 -0.236544952 0.935184019 -0.005438508 0.998865128 0.047316357 0.374301616 0.237056971 -0.044680469 0.970467746 -4.957198940
126259467 0.464277512 0.825382296 0.500000000 0.500000000 0.000000000 0.000000000 0.971091032 0.016833628 -0.238115072 0.949403240 -0.005575346 0.998837769 0.047875568 0.374015393 0.238644242 -0.045163963 0.970056236 -4.967940400
126292833 0.464277512 0.825382296 0.500000000 0.500000000 0.000000000 0.000000000 0.970721364 0.017038913 -0.239603177 0.961879213 -0.005562222 0.998808026 0.048493661 0.371436531 0.240143836 -0.045741107 0.969659030 -4.979059486
126326200 0.464277512 0.825382296 0.500000000 0.500000000 0.000000000 0.000000000 0.970373988 0.016988825 -0.241009876 0.973602086 -0.005288588 0.998779356 0.049110763 0.369024307 0.241550013 -0.046381202 0.969279289 -4.989802137
