https://www.youtube.com/watch?v=Vk-2jFZKWgU
82148733 0.490433417 0.871881635 0.500000000 0.500000000 0.000000000 0.000000000 0.994898260 -0.010866757 0.100296490 -0.065300636 0.010916873 0.999940395 0.000049166 0.034021209 -0.100291044 0.001046009 0.994957566 -0.259999433
82182100 0.490433417 0.871881635 0.500000000 0.500000000 0.000000000 0.000000000 0.994380295 -0.011642904 0.105224825 -0.069519414 0.011680531 0.999931753 0.000258674 0.035955505 -0.105220653 0.000971861 0.994448423 -0.273193515
82215467 0.490433417 0.871881635 0.500000000 0.500000000 0.000000000 0.000000000 0.993863225 -0.011959476 0.109967515 -0.073171649 0.012017746 0.999927759 0.000132912 0.038953904 -0.109961160 0.001189465 0.993935168 -0.285872230
82248833 0.490433417 0.871881635 0.500000000 0.500000000 0.000000000 0.000000000 0.993326843 -0.012769253 0.114624187 -0.076754049 0.012825048 0.999917746 0.000250713 0.040970960 -0.114617959 0.001221021 0.993408918 -0.300088620
82282200 0.490433417 0.871881635 0.500000000 0.500000000 0.000000000 0.000000000 0.992788315 -0.013072212 0.119165875 -0.079748820 0.013159663 0.999913394 0.000053038 0.044320031 -0.119156249 0.001515527 0.992874384 -0.313709918
82315567 0.490433417 0.871881635 0.500000000 0.500000000 0.000000000 0.000000000 0.992232025 -0.014027081 0.123607665 -0.082648798 0.014085069 0.999900699 0.000404764 0.045958795 -0.123601072 0.001339403 0.992331088 -0.327861597
82348933 0.490433417 0.871881635 0.500000000 0.500000000 0.000000000 0.000000000 0.991671383 -0.014485829 0.127976865 -0.084824349 0.014565745 0.999893844 0.000311452 0.048898569 -0.127967805 0.001555220 0.991777122 -0.341471350
82382300 0.490433417 0.871881635 0.500000000 0.500000000 0.000000000 0.000000000 0.991074562 -0.014988900 0.132463425 -0.087816934 0.015078250 0.999886274 0.000328582 0.051549245 -0.132453293 0.001671668 0.991187811 -0.355747278
82415667 0.490433417 0.871881635 0.500000000 0.500000000 0.000000000 0.000000000 0.990445316 -0.015757078 0.137002826 -0.091107710 0.015854282 0.999874234 0.000381715 0.053986614 -0.136991605 0.001794014 0.990570605 -0.370415294
82449033 0.490433417 0.871881635 0.500000000 0.500000000 0.000000000 0.000000000 0.989752948 -0.016541280 0.141829237 -0.094886018 0.016594371 0.999861956 0.000808502 0.055271823 -0.141823038 0.001553350 0.989890814 -0.383790489
82482400 0.490433417 0.871881635 0.500000000 0.500000000 0.000000000 0.000000000 0.989012897 -0.017408408 0.146800548 -0.099127099 0.017453561 0.999847174 0.000980588 0.057183017 -0.146795183 0.001592378 0.989165604 -0.397536394
82515767 0.490433417 0.871881635 0.500000000 0.500000000 0.000000000 0.000000000 0.988254666 -0.017924756 0.151761025 -0.103087561 0.017981907 0.999837816 0.000995933 0.059982851 -0.151754275 0.001744717 0.988416731 -0.410883695
82549133 0.490433417 0.871881635 0.500000000 0.500000000 0.000000000 0.000000000 0.987490714 -0.018681234 0.156566754 -0.106765892 0.018692754 0.999824286 0.001398959 0.061644306 -0.156565383 0.001545205 0.987666368 -0.424355877
82582500 0.490433417 0.871881635 0.500000000 0.500000000 0.000000000 0.000000000 0.986743152 -0.019637719 0.161097035 -0.109831185 0.019579802 0.999806404 0.001947165 0.062794675 -0.161104083 0.001232896 0.986936629 -0.438408156
82615867 0.490433417 0.871881635 0.500000000 0.500000000 0.000000000 0.000000000 0.985939622 -0.020616049 0.165825501 -0.113696860 0.020538602 0.999786675 0.002181985 0.064960508 -0.165835112 0.001254518 0.986152709 -0.452424775
82649233 0.490433417 0.871881635 0.500000000 0.500000000 0.000000000 0.000000000 0.985050917 -0.021337202 0.170936897 -0.119079500 0.021230871 0.999771595 0.002450261 0.067356170 -0.170950130 0.001215508 0.985278904 -0.468263486
82682600 0.490433417 0.871881635 0.500000000 0.500000000 0.000000000 0.000000000 0.984153688 -0.021913549 0.175958171 -0.123566058 0.021772932 0.999759197 0.002729974 0.069799582 -0.175975636 0.001144411 0.984393835 -0.484065292
82715967 0.490433417 0.871881635 0.500000000 0.500000000 0.000000000 0.000000000 0.983289838 -0.022656731 0.180631608 -0.126996872 0.022452656 0.999742866 0.003174615 0.071965135 -0.180657089 0.000934093 0.983545721 -0.498704173
82749333 0.490433417 0.871881635 0.500000000 0.500000000 0.000000000 0.000000000 0.982504785 -0.023365252 0.184765950 -0.128946335 0.023112969 0.999726653 0.003519386 0.074040899 -0.184797674 0.000812677 0.982776225 -0.514035237
82782700 0.490433417 0.871881635 0.500000000 0.500000000 0.000000000 0.000000000 0.981805146 -0.024368670 0.188320979 -0.129079819 0.024087325 0.999702692 0.003782718 0.076472687 -0.188357159 0.000822257 0.982100248 -0.529028037
82816067 0.490433417 0.871881635 0.500000000 0.500000000 0.000000000 0.000000000 0.981017947 -0.025554013 0.192225814 -0.130205512 0.025313640 0.999672711 0.003706642 0.079972987 -0.192257613 0.001229652 0.981343746 -0.545434485
82849433 0.490433417 0.871881635 0.500000000 0.500000000 0.000000000 0.000000000 0.980177999 -0.026558751 0.196330726 -0.132496199 0.026388215 0.999645710 0.003484910 0.084409329 -0.196353719 0.001764985 0.980531514 -0.562401425
82882800 0.490433417 0.871881635 0.500000000 0.500000000 0.000000000 0.000000000 0.979359329 -0.027686074 0.200221881 -0.133785227 0.027516510 0.999614775 0.003630269 0.087843869 -0.200245261 0.001954070 0.979743838 -0.578219194
82916167 0.490433417 0.871881635 0.500000000 0.500000000 0.000000000 0.000000000 0.978412211 -0.028825305 0.204642743 -0.137368430 0.028646739 0.999582231 0.003835681 0.090721586 -0.204667822 0.002109471 0.978829205 -0.594428860
82949533 0.490433417 0.871881635 0.500000000 0.500000000 0.000000000 0.000000000 0.977396429 -0.029619901 0.209329545 -0.141956031 0.029426904 0.999558806 0.004037080 0.093969038 -0.209356755 0.002214093 0.977836847 -0.610875293
82982900 0.490433417 0.871881635 0.500000000 0.500000000 0.000000000 0.000000000 0.976337194 -0.030775541 0.214052707 -0.147045160 0.030502835 0.999524176 0.004577587 0.096315101 -0.214091748 0.002059946 0.976811409 -0.626319889
83016267 0.490433417 0.871881635 0.500000000 0.500000000 0.000000000 0.000000000 0.975124061 -0.031540617 0.219404414 -0.155070939 0.031190043 0.999500632 0.005062378 0.098704691 -0.219454527 0.001906787 0.975620866 -0.642262225
83049633 0.490433417 0.871881635 0.500000000 0.500000000 0.000000000 0.000000000 0.973955512 -0.032042764 0.224463746 -0.161297235 0.031594899 0.999485135 0.005587732 0.101402651 -0.224527225 0.001649707 0.974466443 -0.658903574
83083000 0.490433417 0.871881635 0.500000000 0.500000000 0.000000000 0.000000000 0.972786784 -0.032339394 0.229434162 -0.167614946 0.031818125 0.999475837 0.005972040 0.104469282 -0.229507044 0.001490644 0.973305881 -0.675131300
83116367 0.490433417 0.871881635 0.500000000 0.500000000 0.000000000 0.000000000 0.971642375 -0.032690063 0.234184712 -0.173222836 0.032048125 0.999464869 0.006547193 0.107111861 -0.234273419 0.001143651 0.972170055 -0.691967613
83149733 0.490433417 0.871881635 0.500000000 0.500000000 0.000000000 0.000000000 0.970396101 -0.033463534 0.239189550 -0.180247607 0.032656569 0.999439716 0.007337196 0.108681599 -0.239301071 0.000691124 0.970945179 -0.709942007
83183100 0.490433417 0.871881635 0.500000000 0.500000000 0.000000000 0.000000000 0.969145119 -0.034124054 0.244117245 -0.187000497 0.033085220 0.999417603 0.008355823 0.109421019 -0.244260207 -0.000021333 0.969709754 -0.726944721
83216467 0.490433417 0.871881635 0.500000000 0.500000000 0.000000000 0.000000000 0.967887044 -0.034737907 0.248973846 -0.193702021 0.033501938 0.999396324 0.009201147 0.111235877 -0.249143168 -0.000564565 0.968466520 -0.744594564
83249833 0.490433417 0.871881635 0.500000000 0.500000000 0.000000000 0.000000000 0.966500342 -0.035223413 0.254236847 -0.202677580 0.033794429 0.999378920 0.009987578 0.113434735 -0.254430741 -0.001061209 0.967090428 -0.761903782
83283200 0.490433417 0.871881635 0.500000000 0.500000000 0.000000000 0.000000000 0.965209842 -0.035863809 0.259005249 -0.209443689 0.034130469 0.999354780 0.011187432 0.113786450 -0.259239346 -0.001958250 0.965811133 -0.779540121
83316567 0.490433417 0.871881635 0.500000000 0.500000000 0.000000000 0.000000000 0.963802278 -0.036259342 0.264140874 -0.218388010 0.034350015 0.999339640 0.011845103 0.116336802 -0.264395952 -0.002343093 0.964411378 -0.796553249
83349933 0.490433417 0.871881635 0.500000000 0.500000000 0.000000000 0.000000000 0.962391734 -0.037147783 0.269113690 -0.226347714 0.035071783 0.999306381 0.012519696 0.118808478 -0.269392103 -0.002610556 0.963027060 -0.813338643
83383300 0.490433417 0.871881635 0.500000000 0.500000000 0.000000000 0.000000000 0.960938513 -0.037986726 0.274142742 -0.234492264 0.035643749 0.999273062 0.013524566 0.120558633 -0.274457186 -0.003224801 0.961593926 -0.831126401
83416667 0.490433417 0.871881635 0.500000000 0.500000000 0.000000000 0.000000000 0.959489584 -0.038735058 0.279068708 -0.242817649 0.036204569 0.999243259 0.014218143 0.123523372 -0.279408276 -0.003538598 0.960165858 -0.847583837
83450033 0.490433417 0.871881635 0.500000000 0.500000000 0.000000000 0.000000000 0.958046913 -0.039618216 0.283859968 -0.251222916 0.036896598 0.999207556 0.014930417 0.125997952 -0.284226537 -0.003830573 0.958749473 -0.864517471
83483400 0.490433417 0.871881635 0.500000000 0.500000000 0.000000000 0.000000000 0.956421673 -0.040716551 0.289136201 -0.262062473 0.037737772 0.999161601 0.015872078 0.128508031 -0.289540052 -0.004269042 0.957156360 -0.880579138
83516767 0.490433417 0.871881635 0.500000000 0.500000000 0.000000000 0.000000000 0.954977453 -0.041891783 0.293705881 -0.270261998 0.038680248 0.999111474 0.016737133 0.131241317 -0.294146061 -0.004622967 0.955749273 -0.896947778
83550133 0.490433417 0.871881635 0.500000000 0.500000000 0.000000000 0.000000000 0.953545332 -0.042737324 0.298202664 -0.278847566 0.039332774 0.999074459 0.017411599 0.133835537 -0.298670769 -0.004873611 0.954343736 -0.914398076
83583500 0.490433417 0.871881635 0.500000000 0.500000000 0.000000000 0.000000000 0.951969683 -0.043911416 0.303027302 -0.289192464 0.040306490 0.999022603 0.018143393 0.136104250 -0.303527832 -0.005057993 0.952809155 -0.928645483
83616867 0.490433417 0.871881635 0.500000000 0.500000000 0.000000000 0.000000000 0.950434685 -0.045288932 0.307608306 -0.298242132 0.041645437 0.998962998 0.018402284 0.141011725 -0.308122724 -0.004679685 0.951335132 -0.945813675
83650233 0.490433417 0.871881635 0.500000000 0.500000000 0.000000000 0.000000000 0.948890090 -0.046519246 0.312159479 -0.307661097 0.042744886 0.998906732 0.018926831 0.143999215 -0.312698662 -0.004616261 0.949841142 -0.961504159
83683600 0.490433417 0.871881635 0.500000000 0.500000000 0.000000000 0.000000000 0.947433531 -0.047639284 0.316386074 -0.316103415 0.043771170 0.998854637 0.019325899 0.147594874 -0.316944361 -0.004461417 0.948433638 -0.978110714
83716967 0.490433417 0.871881635 0.500000000 0.500000000 0.000000000 0.000000000 0.946046114 -0.048599523 0.320366800 -0.324246721 0.044613648 0.998808563 0.019774374 0.150466770 -0.320946127 -0.004414738 0.947087169 -0.993701199
83750333 0.490433417 0.871881635 0.500000000 0.500000000 0.000000000 0.000000000 0.944725215 -0.049836308 0.324053407 -0.331267700 0.045672063 0.998747170 0.020448241 0.153125340 -0.324666500 -0.004517781 0.945817769 -1.009796770
83783700 0.490433417 0.871881635 0.500000000 0.500000000 0.000000000 0.000000000 0.943551362 -0.051078402 0.327264160 -0.336728424 0.046741374 0.998683929 0.021109235 0.156323159 -0.327911705 -0.004620872 0.944697082 -1.025822499
83817067 0.490433417 0.871881635 0.500000000 0.500000000 0.000000000 0.000000000 0.942251265 -0.052223068 0.330810010 -0.344649998 0.047729839 0.998624623 0.021697460 0.159233939 -0.331488103 -0.004654952 0.943447888 -1.041809273
83850433 0.490433417 0.871881635 0.500000000 0.500000000 0.000000000 0.000000000 0.940952301 -0.053021301 0.334361285 -0.352589689 0.048442628 0.998583138 0.022024008 0.163576093 -0.335055262 -0.004526203 0.942187607 -1.058408106
83883800 0.490433417 0.871881635 0.500000000 0.500000000 0.000000000 0.000000000 0.939663589 -0.053724393 0.337855071 -0.360980078 0.048992600 0.998545170 0.022523481 0.165955794 -0.338573605 -0.004612097 0.940928578 -1.074595263
83917167 0.490433417 0.871881635 0.500000000 0.500000000 0.000000000 0.000000000 0.938412070 -0.054542713 0.341185987 -0.368828711 0.049581137 0.998499393 0.023252204 0.167935464 -0.341942221 -0.004903761 0.939708173 -1.092654286
83950533 0.490433417 0.871881635 0.500000000 0.500000000 0.000000000 0.000000000 0.937245309 -0.055145729 0.344282180 -0.376324814 0.050047040 0.998465955 0.023686331 0.170556336 -0.345060259 -0.004969598 0.938567400 -1.109515786
83983900 0.490433417 0.871881635 0.500000000 0.500000000 0.000000000 0.000000000 0.936133444 -0.055923983 0.347169489 -0.382049411 0.050597481 0.998421133 0.024396412 0.172684824 -0.347985685 -0.005272396 0.937485039 -1.126778222
84017267 0.490433417 0.871881635 0.500000000 0.500000000 0.000000000 0.000000000 0.935018778 -0.056593224 0.350053012 -0.389499787 0.051079281 0.998382330 0.024972191 0.174636670 -0.350900024 -0.005469010 0.936396956 -1.142683757
84050633 0.490433417 0.871881635 0.500000000 0.500000000 0.000000000 0.000000000 0.934006512 -0.057159774 0.352653593 -0.396366315 0.051443379 0.998348534 0.025568781 0.176717298 -0.353532702 -0.005739716 0.935404539 -1.161554758
84084000 0.490433417 0.871881635 0.500000000 0.500000000 0.000000000 0.000000000 0.933055580 -0.057706378 0.355073541 -0.402367234 0.051670231 0.998313427 0.026467338 0.177064443 -0.356002003 -0.006348767 0.934463620 -1.180921264
84117367 0.490433417 0.871881635 0.500000000 0.500000000 0.000000000 0.000000000 0.932141244 -0.058227308 0.357382476 -0.408897448 0.051943593 0.998280466 0.027165350 0.178162846 -0.358349711 -0.006758214 0.933562934 -1.200114058
84150733 0.490433417 0.871881635 0.500000000 0.500000000 0.000000000 0.000000000 0.931229413 -0.058604050 0.359690666 -0.415885802 0.052106764 0.998256087 0.027741896 0.179657730 -0.360689193 -0.007091752 0.932659090 -1.217052155
84184100 0.490433417 0.871881635 0.500000000 0.500000000 0.000000000 0.000000000 0.930520058 -0.059052825 0.361448795 -0.419874443 0.052473538 0.998229682 0.028000103 0.183319823 -0.362462401 -0.007088159 0.931971431 -1.236694496
84217467 0.490433417 0.871881635 0.500000000 0.500000000 0.000000000 0.000000000 0.929711163 -0.059616730 0.363432258 -0.425040350 0.052857503 0.998194575 0.028524950 0.185029401 -0.364476681 -0.007309843 0.931183815 -1.256135935
84250833 0.490433417 0.871881635 0.500000000 0.500000000 0.000000000 0.000000000 0.929000795 -0.060335539 0.365126163 -0.429031237 0.053507559 0.998152077 0.028799566 0.189277782 -0.366189063 -0.007217811 0.930512488 -1.274018333
84284200 0.490433417 0.871881635 0.500000000 0.500000000 0.000000000 0.000000000 0.928501725 -0.060637105 0.366343707 -0.431999120 0.053617302 0.998131096 0.029316798 0.190261901 -0.367436737 -0.007578336 0.930017650 -1.294036669
84317567 0.490433417 0.871881635 0.500000000 0.500000000 0.000000000 0.000000000 0.927924573 -0.061107352 0.367725343 -0.435549415 0.053905815 0.998100221 0.029834041 0.192429369 -0.368849814 -0.007861204 0.929455757 -1.312050219
84350933 0.490433417 0.871881635 0.500000000 0.500000000 0.000000000 0.000000000 0.927296221 -0.061899770 0.369174957 -0.439783475 0.054483540 0.998049021 0.030491292 0.194189852 -0.370342106 -0.008160500 0.928859591 -1.330415101
84384300 0.490433417 0.871881635 0.500000000 0.500000000 0.000000000 0.000000000 0.926662683 -0.062640518 0.370637834 -0.445491254 0.055137403 0.998003125 0.030816220 0.197715794 -0.371828049 -0.008120234 0.928266108 -1.348484414
84417667 0.490433417 0.871881635 0.500000000 0.500000000 0.000000000 0.000000000 0.926033199 -0.063144393 0.372122735 -0.451477132 0.055547662 0.997971177 0.031111544 0.200926517 -0.373332292 -0.008139774 0.927661955 -1.366596905
84451033 0.490433417 0.871881635 0.500000000 0.500000000 0.000000000 0.000000000 0.925469160 -0.063900471 0.373394608 -0.457171320 0.056172770 0.997922361 0.031552516 0.203228392 -0.374635041 -0.008226271 0.927135885 -1.385725548
84484400 0.490433417 0.871881635 0.500000000 0.500000000 0.000000000 0.000000000 0.924880326 -0.064263940 0.374788612 -0.463684013 0.056618679 0.997902393 0.031387378 0.208385139 -0.376019508 -0.007809533 0.926578820 -1.405830035
84517767 0.490433417 0.871881635 0.500000000 0.500000000 0.000000000 0.000000000 0.924333870 -0.064460523 0.376100779 -0.469413493 0.056837309 0.997891366 0.031342532 0.212117106 -0.377328068 -0.007594409 0.926048517 -1.425595315
84551133 0.490433417 0.871881635 0.500000000 0.500000000 0.000000000 0.000000000 0.923723280 -0.064211525 0.377640307 -0.476794574 0.056640707 0.997909129 0.031132601 0.216153962 -0.378849775 -0.007368094 0.925428867 -1.445754849
84584500 0.490433417 0.871881635 0.500000000 0.500000000 0.000000000 0.000000000 0.923243225 -0.064274184 0.378801763 -0.482042131 0.056631606 0.997904539 0.031295400 0.218954653 -0.380019486 -0.007441114 0.924948573 -1.465745542
84617867 0.490433417 0.871881635 0.500000000 0.500000000 0.000000000 0.000000000 0.922626913 -0.064478874 0.380265772 -0.489666494 0.056745864 0.997890830 0.031524312 0.221536872 -0.381496370 -0.007506668 0.924339831 -1.485459968
84651233 0.490433417 0.871881635 0.500000000 0.500000000 0.000000000 0.000000000 0.922111750 -0.064810552 0.381457150 -0.495790417 0.056997970 0.997869074 0.031757031 0.224548857 -0.382702500 -0.007541247 0.923840880 -1.504191393
84684600 0.490433417 0.871881635 0.500000000 0.500000000 0.000000000 0.000000000 0.921576500 -0.064799853 0.382750183 -0.502978278 0.056847032 0.997867882 0.032064766 0.226292260 -0.384011894 -0.007791924 0.923295259 -1.523925588
84717967 0.490433417 0.871881635 0.500000000 0.500000000 0.000000000 0.000000000 0.921248376 -0.064856604 0.383529752 -0.507478424 0.056812380 0.997862935 0.032278303 0.229113937 -0.384803593 -0.007947097 0.922964275 -1.544185935
84751333 0.490433417 0.871881635 0.500000000 0.500000000 0.000000000 0.000000000 0.920963705 -0.065130264 0.384166539 -0.511569120 0.056992996 0.997844100 0.032541543 0.231798230 -0.385457754 -0.008074777 0.922690153 -1.562786474
84784700 0.490433417 0.871881635 0.500000000 0.500000000 0.000000000 0.000000000 0.920712054 -0.065380365 0.384726763 -0.515256865 0.057039414 0.997824192 0.033065636 0.232583344 -0.386051506 -0.008499341 0.922438085 -1.584586019
84818067 0.490433417 0.871881635 0.500000000 0.500000000 0.000000000 0.000000000 0.920554698 -0.065241829 0.385126650 -0.518292829 0.056853808 0.997832298 0.033140693 0.235640467 -0.386453986 -0.008611903 0.922268510 -1.605478266
84851433 0.490433417 0.871881635 0.500000000 0.500000000 0.000000000 0.000000000 0.920408607 -0.065292984 0.385466993 -0.521482414 0.056724142 0.997825205 0.033573817 0.237684615 -0.386820823 -0.009036345 0.922110617 -1.627391814
84884800 0.490433417 0.871881635 0.500000000 0.500000000 0.000000000 0.000000000 0.920330942 -0.065439172 0.385627627 -0.523556342 0.056725156 0.997812629 0.033944964 0.240421692 -0.387005448 -0.009365813 0.922029853 -1.650413602
84918167 0.490433417 0.871881635 0.500000000 0.500000000 0.000000000 0.000000000 0.920297027 -0.065199710 0.385749102 -0.525325613 0.056385349 0.997825444 0.034132700 0.243801711 -0.387135714 -0.009661625 0.921972096 -1.672691937
84951533 0.490433417 0.871881635 0.500000000 0.500000000 0.000000000 0.000000000 0.920195818 -0.065140799 0.386000454 -0.528127495 0.056080591 0.997823119 0.034699101 0.244465569 -0.387420505 -0.010282831 0.921845794 -1.694234280
84984900 0.490433417 0.871881635 0.500000000 0.500000000 0.000000000 0.000000000 0.919982255 -0.064897783 0.386549979 -0.532521047 0.055826001 0.997838676 0.034661971 0.248473458 -0.387963980 -0.010308861 0.921616852 -1.714106473
85018267 0.490433417 0.871881635 0.500000000 0.500000000 0.000000000 0.000000000 0.919784248 -0.064770512 0.387042224 -0.536135610 0.055672824 0.997846484 0.034683652 0.252007204 -0.388455182 -0.010353745 0.921409428 -1.733421644
85051633 0.490433417 0.871881635 0.500000000 0.500000000 0.000000000 0.000000000 0.919588625 -0.064341709 0.387578249 -0.540415245 0.055196352 0.997872531 0.034694646 0.255035558 -0.388986021 -0.010511895 0.921183705 -1.753435233
85085000 0.490433417 0.871881635 0.500000000 0.500000000 0.000000000 0.000000000 0.919546008 -0.064196236 0.387703508 -0.542062051 0.055066038 0.997882128 0.034625750 0.259122284 -0.389105260 -0.010490674 0.921133578 -1.773459745
85118367 0.490433417 0.871881635 0.500000000 0.500000000 0.000000000 0.000000000 0.919376075 -0.063989662 0.388140440 -0.545869990 0.054730352 0.997891903 0.034876514 0.260676285 -0.389553934 -0.010821568 0.920940101 -1.793477218
85151733 0.490433417 0.871881635 0.500000000 0.500000000 0.000000000 0.000000000 0.919120193 -0.063924670 0.388756573 -0.551102503 0.054650329 0.997896135 0.034880333 0.264387865 -0.390168399 -0.010813545 0.920679986 -1.812682285
85185100 0.490433417 0.871881635 0.500000000 0.500000000 0.000000000 0.000000000 0.918908000 -0.063491188 0.389328927 -0.555663938 0.054129843 0.997920990 0.034980308 0.266973881 -0.390740454 -0.011069370 0.920434356 -1.832250802
85218467 0.490433417 0.871881635 0.500000000 0.500000000 0.000000000 0.000000000 0.918929935 -0.063035972 0.389351010 -0.557478586 0.053637337 0.997947752 0.034975257 0.270154729 -0.390756667 -0.011256058 0.920425177 -1.852201539
85251833 0.490433417 0.871881635 0.500000000 0.500000000 0.000000000 0.000000000 0.918889701 -0.062793404 0.389485240 -0.560193472 0.053429943 0.997963667 0.034839086 0.274077807 -0.390879780 -0.011203101 0.920373559 -1.872828980
85285200 0.490433417 0.871881635 0.500000000 0.500000000 0.000000000 0.000000000 0.918885231 -0.062515207 0.389540493 -0.562260902 0.053196792 0.997981846 0.034674954 0.278178654 -0.390922040 -0.011139998 0.920356393 -1.893110204
85318567 0.490433417 0.871881635 0.500000000 0.500000000 0.000000000 0.000000000 0.918741345 -0.062337916 0.389908105 -0.566117943 0.053050127 0.997993767 0.034555595 0.282307233 -0.391279995 -0.011062979 0.920205176 -1.912733684
85351933 0.490433417 0.871881635 0.500000000 0.500000000 0.000000000 0.000000000 0.918630898 -0.061928529 0.390233397 -0.569916213 0.052650139 0.998018920 0.034440413 0.285624362 -0.391593158 -0.011092185 0.920071602 -1.933696239
85385300 0.490433417 0.871881635 0.500000000 0.500000000 0.000000000 0.000000000 0.918726683 -0.061783049 0.390031010 -0.570919616 0.052604161 0.998030245 0.034183189 0.289951805 -0.391374677 -0.010887754 0.920167029 -1.955055183
85418667 0.490433417 0.871881635 0.500000000 0.500000000 0.000000000 0.000000000 0.918789625 -0.060978930 0.390009195 -0.572473388 0.051921017 0.998081207 0.033736210 0.293904213 -0.391318023 -0.010746806 0.920192778 -1.975406730
85452033 0.490433417 0.871881635 0.500000000 0.500000000 0.000000000 0.000000000 0.918896735 -0.060763348 0.389790446 -0.573171749 0.051801819 0.998096287 0.033472214 0.297324487 -0.391082257 -0.010565655 0.920295060 -1.994973876
85485400 0.490433417 0.871881635 0.500000000 0.500000000 0.000000000 0.000000000 0.919052958 -0.060057607 0.389531493 -0.573692697 0.051063702 0.998136282 0.033413049 0.298867276 -0.390812248 -0.010817440 0.920406878 -2.015471853
85518767 0.490433417 0.871881635 0.500000000 0.500000000 0.000000000 0.000000000 0.919287145 -0.059446413 0.389072299 -0.572953432 0.050489426 0.998172104 0.033216111 0.301298414 -0.390335679 -0.010891108 0.920608163 -2.036690773
85552133 0.490433417 0.871881635 0.500000000 0.500000000 0.000000000 0.000000000 0.919543624 -0.059411671 0.388471037 -0.571474695 0.050570399 0.998176694 0.032953952 0.305541701 -0.389720559 -0.010657461 0.920871496 -2.057088531
85585500 0.490433417 0.871881635 0.500000000 0.500000000 0.000000000 0.000000000 0.919847548 -0.059227664 0.387779057 -0.569788358 0.050436225 0.998187900 0.032819465 0.308845613 -0.389020175 -0.010630793 0.921167910 -2.075852736
85618867 0.490433417 0.871881635 0.500000000 0.500000000 0.000000000 0.000000000 0.920275211 -0.058620371 0.386855513 -0.567382079 0.049793500 0.998220503 0.032808978 0.309960305 -0.388090372 -0.010930398 0.921556532 -2.099406469
85652233 0.490433417 0.871881635 0.500000000 0.500000000 0.000000000 0.000000000 0.920676887 -0.058174867 0.385966003 -0.563903572 0.049500156 0.998248935 0.032384589 0.313939493 -0.387174129 -0.010710367 0.921944380 -2.121990274
85685600 0.490433417 0.871881635 0.500000000 0.500000000 0.000000000 0.000000000 0.921036482 -0.058138132 0.385112703 -0.561705431 0.049622916 0.998254538 0.032022163 0.318349771 -0.386302203 -0.010383166 0.922313809 -2.139695767
85718967 0.490433417 0.871881635 0.500000000 0.500000000 0.000000000 0.000000000 0.921443820 -0.057766352 0.384193122 -0.558919376 0.049261075 0.998274744 0.031951059 0.321002112 -0.385376006 -0.010515339 0.922699690 -2.161569754
85752333 0.490433417 0.871881635 0.500000000 0.500000000 0.000000000 0.000000000 0.921702147 -0.057659544 0.383588970 -0.557690621 0.049189266 0.998281062 0.031863738 0.324081710 -0.384766847 -0.010500418 0.922954082 -2.186290236
85785700 0.490433417 0.871881635 0.500000000 0.500000000 0.000000000 0.000000000 0.921971738 -0.057294637 0.382995307 -0.556996714 0.048818361 0.998300612 0.031823155 0.326401862 -0.384167731 -0.010642845 0.923201978 -2.204895846
85819067 0.490433417 0.871881635 0.500000000 0.500000000 0.000000000 0.000000000 0.922342181 -0.057341080 0.382095426 -0.554421051 0.048869673 0.998297274 0.031847756 0.329486853 -0.383271009 -0.010701652 0.923573911 -2.223531485
85852433 0.490433417 0.871881635 0.500000000 0.500000000 0.000000000 0.000000000 0.922742367 -0.056457285 0.381259859 -0.552503852 0.047889672 0.998342156 0.031930603 0.329630517 -0.382430494 -0.011205309 0.923916340 -2.240544569
85885800 0.490433417 0.871881635 0.500000000 0.500000000 0.000000000 0.000000000 0.923156202 -0.056180730 0.380297691 -0.550042967 0.047493480 0.998352528 0.032196544 0.330015503 -0.381479979 -0.011660781 0.924303532 -2.258632195
85919167 0.490433417 0.871881635 0.500000000 0.500000000 0.000000000 0.000000000 0.923465252 -0.056152981 0.379550815 -0.548823369 0.047558688 0.998356044 0.031990115 0.334199308 -0.380723178 -0.011490820 0.924617648 -2.278320202
85952533 0.490433417 0.871881635 0.500000000 0.500000000 0.000000000 0.000000000 0.923702121 -0.056298256 0.378952354 -0.548304867 0.047710359 0.998347759 0.032022700 0.337052596 -0.380129069 -0.011499482 0.924861968 -2.296522414
85985900 0.490433417 0.871881635 0.500000000 0.500000000 0.000000000 0.000000000 0.923883557 -0.056510977 0.378478110 -0.548789375 0.047977354 0.998337388 0.031947769 0.340488219 -0.379654229 -0.011357640 0.925058722 -2.316354363
86019267 0.490433417 0.871881635 0.500000000 0.500000000 0.000000000 0.000000000 0.924102545 -0.056417368 0.377957076 -0.549151748 0.047862601 0.998341262 0.031997904 0.342319478 -0.379135400 -0.011479337 0.925270021 -2.336428477
86052633 0.490433417 0.871881635 0.500000000 0.500000000 0.000000000 0.000000000 0.924291849 -0.056491606 0.377482772 -0.549942465 0.047997326 0.998338580 0.031880163 0.345301408 -0.378656566 -0.011348413 0.925467670 -2.357198271
86086000 0.490433417 0.871881635 0.500000000 0.500000000 0.000000000 0.000000000 0.924529493 -0.056384359 0.376916468 -0.550171851 0.047854811 0.998342752 0.031963930 0.346435149 -0.378094107 -0.011514327 0.925695539 -2.378380089
86119367 0.490433417 0.871881635 0.500000000 0.500000000 0.000000000 0.000000000 0.924638987 -0.056282245 0.376663089 -0.552529046 0.047772046 0.998348594 0.031904921 0.348627139 -0.377836764 -0.011506565 0.925800741 -2.397018742
86152733 0.490433417 0.871881635 0.500000000 0.500000000 0.000000000 0.000000000 0.924779415 -0.056630734 0.376265913 -0.553937020 0.048166767 0.998330653 0.031872578 0.351765297 -0.377442777 -0.011351591 0.925963342 -2.416036538
86186100 0.490433417 0.871881635 0.500000000 0.500000000 0.000000000 0.000000000 0.925021648 -0.056466017 0.375694782 -0.553663172 0.048010528 0.998339295 0.031838261 0.353689167 -0.376868635 -0.011413776 0.926196396 -2.433480148
86219467 0.490433417 0.871881635 0.500000000 0.500000000 0.000000000 0.000000000 0.925214112 -0.056454368 0.375222236 -0.554665371 0.047992341 0.998339236 0.031867556 0.355427796 -0.376398146 -0.011476520 0.926386893 -2.450160918
86252833 0.490433417 0.871881635 0.500000000 0.500000000 0.000000000 0.000000000 0.925428450 -0.056383613 0.374703944 -0.555625854 0.048030607 0.998345792 0.031602159 0.358876315 -0.375865936 -0.011248282 0.926605761 -2.469447280
86286200 0.490433417 0.871881635 0.500000000 0.500000000 0.000000000 0.000000000 0.925769567 -0.056132708 0.373898178 -0.554382339 0.047945429 0.998363495 0.031170061 0.362593053 -0.375035942 -0.010929585 0.926945806 -2.489673675
86319567 0.490433417 0.871881635 0.500000000 0.500000000 0.000000000 0.000000000 0.926014066 -0.056504391 0.373236150 -0.554320017 0.048330955 0.998343050 0.031228548 0.364992205 -0.374382257 -0.010879215 0.927210629 -2.507540786
86352933 0.490433417 0.871881635 0.500000000 0.500000000 0.000000000 0.000000000 0.926290870 -0.057261083 0.372433126 -0.554399506 0.049142882 0.998302341 0.031262718 0.368917444 -0.373591006 -0.010655934 0.927532315 -2.524846024
86386300 0.490433417 0.871881635 0.500000000 0.500000000 0.000000000 0.000000000 0.926472843 -0.057664309 0.371917814 -0.556069218 0.049614698 0.998281419 0.031185756 0.372821403 -0.373076946 -0.010440167 0.927741647 -2.544049268
86419667 0.490433417 0.871881635 0.500000000 0.500000000 0.000000000 0.000000000 0.926748991 -0.057830669 0.371203303 -0.556324798 0.049963262 0.998276472 0.030785261 0.377855145 -0.372343868 -0.009983682 0.928041160 -2.563829379
86453033 0.490433417 0.871881635 0.500000000 0.500000000 0.000000000 0.000000000 0.926946104 -0.057803273 0.370715201 -0.557410403 0.049979899 0.998278737 0.030684227 0.380515937 -0.371850759 -0.009914316 0.928239584 -2.585158050
86486400 0.490433417 0.871881635 0.500000000 0.500000000 0.000000000 0.000000000 0.927124083 -0.057838153 0.370264292 -0.558856405 0.050153021 0.998280048 0.030358309 0.384707592 -0.371383339 -0.009576046 0.928430259 -2.605880029
86519767 0.490433417 0.871881635 0.500000000 0.500000000 0.000000000 0.000000000 0.927297056 -0.058013231 0.369803429 -0.560454481 0.050410718 0.998271942 0.030197846 0.388358725 -0.370916277 -0.009360317 0.928619146 -2.626515011
86553133 0.490433417 0.871881635 0.500000000 0.500000000 0.000000000 0.000000000 0.927353203 -0.058524732 0.369582027 -0.564125882 0.051068429 0.998246431 0.029935522 0.393607502 -0.370685875 -0.008886830 0.928715765 -2.647116744
86586500 0.490433417 0.871881635 0.500000000 0.500000000 0.000000000 0.000000000 0.927451611 -0.058682784 0.369309902 -0.566634391 0.051285915 0.998238623 0.029823767 0.397063989 -0.370409548 -0.008719705 0.928827643 -2.668362211
86619867 0.490433417 0.871881635 0.500000000 0.500000000 0.000000000 0.000000000 0.927596509 -0.058370948 0.368995339 -0.568609972 0.051002882 0.998256803 0.029699834 0.399697279 -0.370085716 -0.008729636 0.928956568 -2.691447414
86653233 0.490433417 0.871881635 0.500000000 0.500000000 0.000000000 0.000000000 0.927826762 -0.058278020 0.368430614 -0.569105388 0.051103223 0.998266101 0.029210478 0.405070943 -0.369494110 -0.008274272 0.929196239 -2.714241863
86686600 0.490433417 0.871881635 0.500000000 0.500000000 0.000000000 0.000000000 0.928089976 -0.058056593 0.367802143 -0.569854863 0.050975908 0.998280287 0.028946329 0.408718749 -0.368850172 -0.008115749 0.929453433 -2.735415300
86719967 0.490433417 0.871881635 0.500000000 0.500000000 0.000000000 0.000000000 0.928269684 -0.057723921 0.367400855 -0.571858568 0.050817423 0.998302579 0.028453024 0.413498122 -0.368419617 -0.007741714 0.929627359 -2.756889159
86753333 0.490433417 0.871881635 0.500000000 0.500000000 0.000000000 0.000000000 0.928394437 -0.057486825 0.367122680 -0.574517350 0.050741281 0.998319030 0.028007722 0.418277688 -0.368115634 -0.007373936 0.929750741 -2.778954690
86786700 0.490433417 0.871881635 0.500000000 0.500000000 0.000000000 0.000000000 0.928598881 -0.057045046 0.366674215 -0.575816245 0.050439958 0.998346269 0.027578216 0.422506808 -0.367641032 -0.007114069 0.929940581 -2.801547205
86820067 0.490433417 0.871881635 0.500000000 0.500000000 0.000000000 0.000000000 0.928947151 -0.056328118 0.365902096 -0.574664861 0.049653657 0.998384118 0.027634371 0.422914037 -0.366867423 -0.007502493 0.930242956 -2.824849907
86853433 0.490433417 0.871881635 0.500000000 0.500000000 0.000000000 0.000000000 0.929207265 -0.055494193 0.365368664 -0.575636847 0.048939340 0.998431742 0.027184524 0.426170549 -0.366304278 -0.007379155 0.930465877 -2.846401635
86886800 0.490433417 0.871881635 0.500000000 0.500000000 0.000000000 0.000000000 0.929512858 -0.054922137 0.364677042 -0.575327066 0.048574615 0.998466253 0.026563697 0.431247620 -0.365576655 -0.006977250 0.930755079 -2.868788323
86920167 0.490433417 0.871881635 0.500000000 0.500000000 0.000000000 0.000000000 0.929952621 -0.054713625 0.363585740 -0.572567889 0.048525073 0.998479843 0.026140826 0.435737736 -0.364463270 -0.006666705 0.931193888 -2.891863887
86953533 0.490433417 0.871881635 0.500000000 0.500000000 0.000000000 0.000000000 0.930298269 -0.054192968 0.362778455 -0.571511637 0.048125647 0.998509347 0.025748441 0.439362002 -0.363633066 -0.006494783 0.931519628 -2.914715617
86986900 0.490433417 0.871881635 0.500000000 0.500000000 0.000000000 0.000000000 0.930735230 -0.053961217 0.361690670 -0.569173930 0.048191514 0.998526156 0.024960967 0.445963386 -0.362504512 -0.005801631 0.931963980 -2.937061593
87020267 0.490433417 0.871881635 0.500000000 0.500000000 0.000000000 0.000000000 0.931230664 -0.053485163 0.360484064 -0.565110033 0.047894277 0.998553574 0.024431543 0.450211336 -0.361269355 -0.005486280 0.932445347 -2.961514241
87053633 0.490433417 0.871881635 0.500000000 0.500000000 0.000000000 0.000000000 0.931672633 -0.053526640 0.359334111 -0.562373892 0.048152588 0.998554111 0.023896419 0.455841111 -0.360093653 -0.004960772 0.932902992 -2.986229109
87087000 0.490433417 0.871881635 0.500000000 0.500000000 0.000000000 0.000000000 0.932147563 -0.053198826 0.358149201 -0.559565724 0.048139758 0.998574972 0.023034135 0.462836299 -0.358864218 -0.004229996 0.933380187 -3.010581324
87120367 0.490433417 0.871881635 0.500000000 0.500000000 0.000000000 0.000000000 0.932584763 -0.053573940 0.356953144 -0.557144524 0.048677232 0.998556674 0.022694780 0.468446310 -0.357653797 -0.003789315 0.933846593 -3.035630802
87153733 0.490433417 0.871881635 0.500000000 0.500000000 0.000000000 0.000000000 0.932977855 -0.052503590 0.356083900 -0.556906228 0.047658447 0.998613119 0.022372525 0.470118040 -0.356764674 -0.003902663 0.934186161 -3.059010646
87187100 0.490433417 0.871881635 0.500000000 0.500000000 0.000000000 0.000000000 0.933532417 -0.051991556 0.354702830 -0.552102679 0.047381982 0.998641670 0.021675374 0.475822341 -0.355347961 -0.003428142 0.934727788 -3.083095573
87220467 0.490433417 0.871881635 0.500000000 0.500000000 0.000000000 0.000000000 0.933848083 -0.052231826 0.353835523 -0.551129854 0.047851387 0.998631060 0.021123940 0.482204326 -0.354454488 -0.002795030 0.935069084 -3.105970353
87253833 0.490433417 0.871881635 0.500000000 0.500000000 0.000000000 0.000000000 0.934208810 -0.052650247 0.352819800 -0.550160946 0.048375789 0.998609900 0.020928444 0.487264242 -0.353431225 -0.002483601 0.935457230 -3.127837221
87287200 0.490433417 0.871881635 0.500000000 0.500000000 0.000000000 0.000000000 0.934652448 -0.051962923 0.351745158 -0.547378157 0.047788024 0.998646140 0.020547194 0.490372367 -0.352336645 -0.002395278 0.935870290 -3.151875260
87320567 0.490433417 0.871881635 0.500000000 0.500000000 0.000000000 0.000000000 0.935133636 -0.051288027 0.350563288 -0.544412582 0.047268242 0.998681605 0.020020027 0.494524531 -0.351127893 -0.002150891 0.936325014 -3.174336535
87353933 0.490433417 0.871881635 0.500000000 0.500000000 0.000000000 0.000000000 0.935478508 -0.051091041 0.349670827 -0.543847574 0.047229528 0.998692393 0.019567057 0.499571258 -0.350213289 -0.001789774 0.936668277 -3.195255767
87387300 0.490433417 0.871881635 0.500000000 0.500000000 0.000000000 0.000000000 0.935699344 -0.051180422 0.349066257 -0.545162978 0.047448229 0.998688400 0.019239943 0.504614961 -0.349593133 -0.001440228 0.936900496 -3.216726150
87420667 0.490433417 0.871881635 0.500000000 0.500000000 0.000000000 0.000000000 0.935861170 -0.050630201 0.348712564 -0.546799580 0.046851631 0.998716056 0.019266782 0.505797242 -0.349240303 -0.001693281 0.937031686 -3.239981826
87454033 0.490433417 0.871881635 0.500000000 0.500000000 0.000000000 0.000000000 0.935886860 -0.050411791 0.348675191 -0.550972828 0.046662651 0.998727143 0.019148661 0.508599248 -0.349196702 -0.001650872 0.937048018 -3.261919842
87487400 0.490433417 0.871881635 0.500000000 0.500000000 0.000000000 0.000000000 0.935991287 -0.050089557 0.348441392 -0.553673531 0.046397958 0.998743534 0.018937293 0.511585101 -0.348952144 -0.001558172 0.937139273 -3.283932738
87520767 0.490433417 0.871881635 0.500000000 0.500000000 0.000000000 0.000000000 0.936098635 -0.049801521 0.348194152 -0.555629343 0.046185322 0.998758137 0.018683994 0.514776979 -0.348692238 -0.001408603 0.937236249 -3.306781780
87554133 0.490433417 0.871881635 0.500000000 0.500000000 0.000000000 0.000000000 0.936155200 -0.049458750 0.348090857 -0.558567340 0.045842882 0.998775065 0.018621901 0.516652229 -0.348585486 -0.001475502 0.937275827 -3.329106153
87587500 0.490433417 0.871881635 0.500000000 0.500000000 0.000000000 0.000000000 0.936186314 -0.049285084 0.348031908 -0.561844105 0.045579091 0.998783171 0.018833319 0.517271259 -0.348536640 -0.001768517 0.937293470 -3.351750075
87620867 0.490433417 0.871881635 0.500000000 0.500000000 0.000000000 0.000000000 0.936303079 -0.049020354 0.347755045 -0.563626412 0.045319218 0.998796105 0.018774180 0.519181096 -0.348256707 -0.001818336 0.937397420 -3.374587262
87654233 0.490433417 0.871881635 0.500000000 0.500000000 0.000000000 0.000000000 0.936338127 -0.048639227 0.347714126 -0.566909696 0.044883322 0.998814344 0.018853385 0.519858631 -0.348218858 -0.002046578 0.937411010 -3.397530790
87687600 0.490433417 0.871881635 0.500000000 0.500000000 0.000000000 0.000000000 0.936464846 -0.048948765 0.347329259 -0.569225381 0.045290336 0.998799801 0.018648613 0.524146638 -0.347825229 -0.001733111 0.937557817 -3.418484568
87720967 0.490433417 0.871881635 0.500000000 0.500000000 0.000000000 0.000000000 0.936482847 -0.049436610 0.347211540 -0.572931532 0.045777678 0.998775899 0.018738097 0.527068756 -0.347712845 -0.001653368 0.937599599 -3.439923689
87754333 0.490433417 0.871881635 0.500000000 0.500000000 0.000000000 0.000000000 0.936404943 -0.049775328 0.347373366 -0.578395438 0.046171024 0.998759449 0.018650834 0.530548937 -0.347870767 -0.001426148 0.937541425 -3.460957189
87787700 0.490433417 0.871881635 0.500000000 0.500000000 0.000000000 0.000000000 0.936334729 -0.050335813 0.347481728 -0.583841256 0.046801180 0.998731732 0.018563284 0.534677115 -0.347975433 -0.001118893 0.937502980 -3.482049139
87821067 0.490433417 0.871881635 0.500000000 0.500000000 0.000000000 0.000000000 0.936297715 -0.050535318 0.347552568 -0.588531081 0.047041830 0.998721838 0.018488050 0.537788321 -0.348042637 -0.000960811 0.937478244 -3.503016927
87854433 0.490433417 0.871881635 0.500000000 0.500000000 0.000000000 0.000000000 0.936190665 -0.051176608 0.347746968 -0.594400779 0.047832973 0.998689532 0.018199321 0.543428579 -0.348222643 -0.000404264 0.937411785 -3.524114483
87887800 0.490433417 0.871881635 0.500000000 0.500000000 0.000000000 0.000000000 0.936210930 -0.051363815 0.347664893 -0.597884826 0.048199181 0.998679996 0.017751053 0.548640342 -0.348117739 0.000138432 0.937450826 -3.545614073
87921167 0.490433417 0.871881635 0.500000000 0.500000000 0.000000000 0.000000000 0.936190963 -0.051787686 0.347655684 -0.601766611 0.048966371 0.998657405 0.016902588 0.557342417 -0.348064274 0.001199388 0.937469900 -3.567207725
87954533 0.490433417 0.871881635 0.500000000 0.500000000 0.000000000 0.000000000 0.936105490 -0.052257158 0.347815692 -0.606796614 0.049689263 0.998631597 0.016305359 0.564418078 -0.348191798 0.002019169 0.937421143 -3.588114492
87987900 0.490433417 0.871881635 0.500000000 0.500000000 0.000000000 0.000000000 0.935896516 -0.053218231 0.348232061 -0.614341874 0.050838847 0.998579085 0.015974160 0.571060753 -0.348587394 0.002753557 0.937272251 -3.608546793
88021267 0.490433417 0.871881635 0.500000000 0.500000000 0.000000000 0.000000000 0.935721874 -0.053300824 0.348688334 -0.620644811 0.051127695 0.998572767 0.015439142 0.576742883 -0.349013597 0.003380888 0.937111557 -3.629835905
88054633 0.490433417 0.871881635 0.500000000 0.500000000 0.000000000 0.000000000 0.935778916 -0.052380607 0.348674715 -0.622546598 0.050519094 0.998618782 0.014436244 0.582952759 -0.348949283 0.004105597 0.937132597 -3.651359591
88088000 0.490433417 0.871881635 0.500000000 0.500000000 0.000000000 0.000000000 0.935905874 -0.052117925 0.348373294 -0.623619454 0.050509591 0.998629570 0.013704490 0.589050569 -0.348610133 0.004770081 0.937255681 -3.671442057
88121367 0.490433417 0.871881635 0.500000000 0.500000000 0.000000000 0.000000000 0.935896039 -0.052204423 0.348386645 -0.627376618 0.050834384 0.998621464 0.013079591 0.595543150 -0.348589212 0.005468883 0.937259674 -3.691017391
88154733 0.490433417 0.871881635 0.500000000 0.500000000 0.000000000 0.000000000 0.935925186 -0.052310444 0.348292440 -0.630640989 0.051153015 0.998612285 0.012525277 0.601705252 -0.348464310 0.006093487 0.937302232 -3.710359339
88188100 0.490433417 0.871881635 0.500000000 0.500000000 0.000000000 0.000000000 0.936099827 -0.052227762 0.347835213 -0.630973338 0.051342990 0.998611748 0.011767327 0.608621658 -0.347966909 0.006843507 0.937481821 -3.730440048
88221467 0.490433417 0.871881635 0.500000000 0.500000000 0.000000000 0.000000000 0.936238945 -0.052087292 0.347481698 -0.632183009 0.051282384 0.998617768 0.011519263 0.612134441 -0.347601384 0.007034906 0.937615991 -3.750762157
88254833 0.490433417 0.871881635 0.500000000 0.500000000 0.000000000 0.000000000 0.936310172 -0.052262567 0.347263336 -0.634016820 0.051618349 0.998605072 0.011112256 0.617430566 -0.347359687 0.007520641 0.937701821 -3.771390748
88288200 0.490433417 0.871881635 0.500000000 0.500000000 0.000000000 0.000000000 0.936431289 -0.052129496 0.346956730 -0.634559305 0.051495310 0.998612046 0.011054193 0.619929598 -0.347051442 0.007515152 0.937815964 -3.792818009
88321567 0.490433417 0.871881635 0.500000000 0.500000000 0.000000000 0.000000000 0.936570585 -0.052157499 0.346576303 -0.634521824 0.051636811 0.998608112 0.010743329 0.624414343 -0.346654266 0.007834209 0.937960267 -3.815156648
88354933 0.490433417 0.871881635 0.500000000 0.500000000 0.000000000 0.000000000 0.936772466 -0.051613305 0.346111804 -0.633461822 0.051190540 0.998635054 0.010369385 0.627920150 -0.346174568 0.008003895 0.938135982 -3.838793130
88388300 0.490433417 0.871881635 0.500000000 0.500000000 0.000000000 0.000000000 0.936999381 -0.051319242 0.345540822 -0.632385130 0.050917167 0.998650312 0.010246607 0.630608596 -0.345600307 0.007992896 0.938347757 -3.861809012
88421667 0.490433417 0.871881635 0.500000000 0.500000000 0.000000000 0.000000000 0.937362552 -0.050642539 0.344654649 -0.629303582 0.050264165 0.998685479 0.010039683 0.632704957 -0.344710052 0.007912956 0.938675880 -3.884239368
88455033 0.490433417 0.871881635 0.500000000 0.500000000 0.000000000 0.000000000 0.937811852 -0.049949929 0.343531549 -0.624572361 0.049634803 0.998720169 0.009716421 0.635574584 -0.343577236 0.007938946 0.939090848 -3.905753820
88488400 0.490433417 0.871881635 0.500000000 0.500000000 0.000000000 0.000000000 0.938251674 -0.049155340 0.342443496 -0.619279845 0.048980623 0.998757660 0.009163912 0.639646177 -0.342468530 0.008175041 0.939493716 -3.927961803
88521767 0.490433417 0.871881635 0.500000000 0.500000000 0.000000000 0.000000000 0.938497543 -0.049079537 0.341779947 -0.617819391 0.048930436 0.998761058 0.009063243 0.642460312 -0.341801345 0.008217611 0.939736307 -3.949158337
88555133 0.490433417 0.871881635 0.500000000 0.500000000 0.000000000 0.000000000 0.938717127 -0.049110990 0.341171861 -0.616626539 0.049152277 0.998754859 0.008528713 0.648637425 -0.341165900 0.008763324 0.939962268 -3.971988864
88588500 0.490433417 0.871881635 0.500000000 0.500000000 0.000000000 0.000000000 0.939233243 -0.048742555 0.339801550 -0.609990391 0.049099471 0.998765349 0.007552991 0.656723503 -0.339750171 0.009590057 0.940466821 -3.994070433
88621867 0.490433417 0.871881635 0.500000000 0.500000000 0.000000000 0.000000000 0.939529061 -0.048046041 0.339082092 -0.607451631 0.048659693 0.998792946 0.006697049 0.663158339 -0.338994592 0.010207559 0.940732956 -4.016587388
88655233 0.490433417 0.871881635 0.500000000 0.500000000 0.000000000 0.000000000 0.939857125 -0.047753304 0.338213325 -0.604342988 0.048639871 0.998799205 0.005858539 0.670474544 -0.338086963 0.010944463 0.941051245 -4.038412697
88688600 0.490433417 0.871881635 0.500000000 0.500000000 0.000000000 0.000000000 0.940043390 -0.047779869 0.337691396 -0.604107662 0.048927061 0.998789251 0.005118452 0.678309114 -0.337527066 0.011710680 0.941242993 -4.059468619
88721967 0.490433417 0.871881635 0.500000000 0.500000000 0.000000000 0.000000000 0.940275788 -0.047515348 0.337081164 -0.602996337 0.048915029 0.998793483 0.004344366 0.685479006 -0.336880893 0.012403431 0.941465557 -4.080726024
88755333 0.490433417 0.871881635 0.500000000 0.500000000 0.000000000 0.000000000 0.940432191 -0.047246717 0.336682349 -0.603288861 0.048894063 0.998797536 0.003589007 0.692532819 -0.336447090 0.013086551 0.941611469 -4.102041099
88788700 0.490433417 0.871881635 0.500000000 0.500000000 0.000000000 0.000000000 0.940579414 -0.047145315 0.336285174 -0.604082106 0.048991833 0.998794675 0.002996804 0.699160701 -0.336021125 0.013656494 0.941755414 -4.122893471
88822067 0.490433417 0.871881635 0.500000000 0.500000000 0.000000000 0.000000000 0.940715194 -0.046902113 0.335939109 -0.604894308 0.048972659 0.998797417 0.002311089 0.705920011 -0.335643530 0.014277755 0.941880882 -4.143904451
88855433 0.490433417 0.871881635 0.500000000 0.500000000 0.000000000 0.000000000 0.940823257 -0.046404574 0.335705549 -0.606621087 0.048657998 0.998814046 0.001700785 0.711822213 -0.335386336 0.014734622 0.941965461 -4.164501438
88888800 0.490433417 0.871881635 0.500000000 0.500000000 0.000000000 0.000000000 0.940947771 -0.045731138 0.335448951 -0.607666162 0.048129033 0.998840451 0.001166213 0.716778184 -0.335113317 0.015047488 0.942057669 -4.185770925
88922167 0.490433417 0.871881635 0.500000000 0.500000000 0.000000000 0.000000000 0.940975785 -0.045112789 0.335453957 -0.610750280 0.047586199 0.998866796 0.000847221 0.720457967 -0.335112035 0.015165764 0.942056239 -4.207230737
88955533 0.490433417 0.871881635 0.500000000 0.500000000 0.000000000 0.000000000 0.941001654 -0.044966795 0.335400999 -0.613703328 0.047574393 0.998867571 0.000442126 0.725845744 -0.335041046 0.015540457 0.942075372 -4.228655190
88988900 0.490433417 0.871881635 0.500000000 0.500000000 0.000000000 0.000000000 0.941010773 -0.044684645 0.335413128 -0.617441009 0.047461458 0.998873055 -0.000081858 0.731663399 -0.335031480 0.015996223 0.942071140 -4.249916868
89022267 0.490433417 0.871881635 0.500000000 0.500000000 0.000000000 0.000000000 0.941146910 -0.043713827 0.335159034 -0.618683903 0.046583064 0.998914301 -0.000522566 0.735166103 -0.334772289 0.016104545 0.942161441 -4.271364147
89055633 0.490433417 0.871881635 0.500000000 0.500000000 0.000000000 0.000000000 0.941151798 -0.043230090 0.335208029 -0.622328942 0.046159629 0.998933792 -0.000773308 0.738868717 -0.334817171 0.016200878 0.942143798 -4.292938385
89089000 0.490433417 0.871881635 0.500000000 0.500000000 0.000000000 0.000000000 0.941179574 -0.042845890 0.335179478 -0.625238403 0.045853857 0.998947620 -0.001061866 0.743030230 -0.334781259 0.016368678 0.942153692 -4.314913362
89122367 0.490433417 0.871881635 0.500000000 0.500000000 0.000000000 0.000000000 0.941127717 -0.042587034 0.335357994 -0.630174540 0.045639463 0.998957217 -0.001222385 0.746865630 -0.334956229 0.016455978 0.942089975 -4.336447953
89155733 0.490433417 0.871881635 0.500000000 0.500000000 0.000000000 0.000000000 0.941140771 -0.042041525 0.335390210 -0.633571268 0.045060690 0.998983502 -0.001221457 0.749059854 -0.334997922 0.016262477 0.942078531 -4.358274135
89189100 0.490433417 0.871881635 0.500000000 0.500000000 0.000000000 0.000000000 0.941089511 -0.041497014 0.335601777 -0.637963527 0.044595420 0.999003947 -0.001527411 0.753277887 -0.335204124 0.016403733 0.942002714 -4.380064836
89222467 0.490433417 0.871881635 0.500000000 0.500000000 0.000000000 0.000000000 0.941044629 -0.041389298 0.335740805 -0.642335052 0.044580273 0.999004185 -0.001798841 0.758165215 -0.335332036 0.016660206 0.941952705 -4.401797160
89255833 0.490433417 0.871881635 0.500000000 0.500000000 0.000000000 0.000000000 0.940925717 -0.041431990 0.336068690 -0.647456941 0.044695754 0.998998702 -0.001978406 0.762983538 -0.335650235 0.016882377 0.941835403 -4.424559054
89289200 0.490433417 0.871881635 0.500000000 0.500000000 0.000000000 0.000000000 0.940674603 -0.041253198 0.336792976 -0.655297206 0.044550594 0.999005020 -0.002064955 0.766535843 -0.336372703 0.016946778 0.941576481 -4.446762171
89322567 0.490433417 0.871881635 0.500000000 0.500000000 0.000000000 0.000000000 0.940464497 -0.041301947 0.337373137 -0.662614425 0.044741604 0.998995662 -0.002422907 0.772491793 -0.336934239 0.017373273 0.941367865 -4.468790738
89355933 0.490433417 0.871881635 0.500000000 0.500000000 0.000000000 0.000000000 0.940251946 -0.041208286 0.337976635 -0.669557887 0.044756506 0.998994231 -0.002708909 0.777462051 -0.337525100 0.017673710 0.941150606 -4.490707989
89389300 0.490433417 0.871881635 0.500000000 0.500000000 0.000000000 0.000000000 0.940052629 -0.041598190 0.338482857 -0.676443427 0.045338370 0.998966753 -0.003147126 0.784604707 -0.338002205 0.018304726 0.940967321 -4.513091929
89422667 0.490433417 0.871881635 0.500000000 0.500000000 0.000000000 0.000000000 0.939952254 -0.041370835 0.338789284 -0.681242056 0.045273516 0.998968065 -0.003621135 0.790576161 -0.338289887 0.018741878 0.940855324 -4.535619490
89456033 0.490433417 0.871881635 0.500000000 0.500000000 0.000000000 0.000000000 0.939966857 -0.041414376 0.338743418 -0.684417610 0.045427043 0.998959959 -0.003922178 0.795988761 -0.338228673 0.019074829 0.940870643 -4.557366176
89489400 0.490433417 0.871881635 0.500000000 0.500000000 0.000000000 0.000000000 0.939888358 -0.041206740 0.338986516 -0.689282707 0.045317169 0.998963773 -0.004215627 0.800908176 -0.338461518 0.019324128 0.940781772 -4.578818007
89522767 0.490433417 0.871881635 0.500000000 0.500000000 0.000000000 0.000000000 0.939910173 -0.041314732 0.338912845 -0.692055511 0.045505930 0.998954237 -0.004425802 0.805791608 -0.338375568 0.019582400 0.940807343 -4.601299691
89556133 0.490433417 0.871881635 0.500000000 0.500000000 0.000000000 0.000000000 0.940032959 -0.041004460 0.338609844 -0.693146873 0.045282036 0.998962998 -0.004738989 0.810354174 -0.338064402 0.019787749 0.940914929 -4.623143107
89589500 0.490433417 0.871881635 0.500000000 0.500000000 0.000000000 0.000000000 0.940133512 -0.041056424 0.338324398 -0.694400682 0.045419198 0.998955548 -0.004985053 0.815331157 -0.337766349 0.020053037 0.941016316 -4.644984867
89622867 0.490433417 0.871881635 0.500000000 0.500000000 0.000000000 0.000000000 0.940285802 -0.040786579 0.337933481 -0.694538212 0.045269661 0.998960257 -0.005392326 0.820508270 -0.337362170 0.020368461 0.941154540 -4.666745400
89656233 0.490433417 0.871881635 0.500000000 0.500000000 0.000000000 0.000000000 0.940528572 -0.040225435 0.337324589 -0.692847542 0.044824224 0.998977721 -0.005852378 0.825578453 -0.336744338 0.020624643 0.941370189 -4.688869500
89689600 0.490433417 0.871881635 0.500000000 0.500000000 0.000000000 0.000000000 0.940803945 -0.040101722 0.336570680 -0.690543063 0.044797972 0.998976827 -0.006196073 0.830649126 -0.335977852 0.020906975 0.941637814 -4.710516559
89722967 0.490433417 0.871881635 0.500000000 0.500000000 0.000000000 0.000000000 0.941064715 -0.039835233 0.335872591 -0.688389134 0.044621360 0.998982549 -0.006540824 0.835214029 -0.335270315 0.021142431 0.941884696 -4.731849195
89756333 0.490433417 0.871881635 0.500000000 0.500000000 0.000000000 0.000000000 0.941375077 -0.039867196 0.334997803 -0.685201948 0.044839617 0.998968840 -0.007118895 0.841796318 -0.334368557 0.021722725 0.942192018 -4.753661827
89789700 0.490433417 0.871881635 0.500000000 0.500000000 0.000000000 0.000000000 0.941628814 -0.039784949 0.334293723 -0.683401676 0.044874944 0.998964369 -0.007513738 0.846961983 -0.333648592 0.022076566 0.942438960 -4.774972885
89823067 0.490433417 0.871881635 0.500000000 0.500000000 0.000000000 0.000000000 0.941944778 -0.039829362 0.333397120 -0.680662230 0.045010336 0.998955846 -0.007826935 0.851899137 -0.332737267 0.022378858 0.942753971 -4.796335310
89856433 0.490433417 0.871881635 0.500000000 0.500000000 0.000000000 0.000000000 0.942330420 -0.039898597 0.332297266 -0.676051365 0.045132354 0.998948634 -0.008043822 0.856347529 -0.331626952 0.022577295 0.943140388 -4.817206340
89889800 0.490433417 0.871881635 0.500000000 0.500000000 0.000000000 0.000000000 0.942759395 -0.040023983 0.331063122 -0.670438425 0.045441158 0.998929679 -0.008635620 0.863321559 -0.330363154 0.023185203 0.943569124 -4.837194807
89923167 0.490433417 0.871881635 0.500000000 0.500000000 0.000000000 0.000000000 0.943022490 -0.040448461 0.330261290 -0.668595441 0.046034150 0.998898387 -0.009105934 0.870264763 -0.329529136 0.023790397 0.943845630 -4.857169308
89956533 0.490433417 0.871881635 0.500000000 0.500000000 0.000000000 0.000000000 0.943299770 -0.041102458 0.329387546 -0.666172984 0.046749528 0.998863935 -0.009238528 0.875653360 -0.328633606 0.024113413 0.944149613 -4.878000113
89989900 0.490433417 0.871881635 0.500000000 0.500000000 0.000000000 0.000000000 0.943590701 -0.041771751 0.328468710 -0.663328243 0.047558673 0.998822331 -0.009600196 0.882163373 -0.327680856 0.024680192 0.944466054 -4.898303533
90023267 0.490433417 0.871881635 0.500000000 0.500000000 0.000000000 0.000000000 0.943907559 -0.042326417 0.327485830 -0.659724820 0.048270993 0.998783827 -0.010041397 0.889008967 -0.326662540 0.025286216 0.944802701 -4.918361156
90056633 0.490433417 0.871881635 0.500000000 0.500000000 0.000000000 0.000000000 0.944143832 -0.043119509 0.326700419 -0.657726873 0.049202606 0.998734951 -0.010374565 0.895564645 -0.325839788 0.025869593 0.945070982 -4.937613666
90090000 0.490433417 0.871881635 0.500000000 0.500000000 0.000000000 0.000000000 0.944288492 -0.044312071 0.326122165 -0.657105302 0.050379653 0.998678267 -0.010178465 0.900124872 -0.325240105 0.026041329 0.945272863 -4.957546906
90123367 0.490433417 0.871881635 0.500000000 0.500000000 0.000000000 0.000000000 0.944231272 -0.045430321 0.326133937 -0.660608067 0.051427726 0.998628795 -0.009786298 0.902966600 -0.325242132 0.026012857 0.945272923 -4.976764183
90156733 0.490433417 0.871881635 0.500000000 0.500000000 0.000000000 0.000000000 0.944276989 -0.046860568 0.325799078 -0.661570631 0.052811556 0.998559892 -0.009440339 0.906973796 -0.324887514 0.026120251 0.945391893 -4.997001489
90190100 0.490433417 0.871881635 0.500000000 0.500000000 0.000000000 0.000000000 0.944373906 -0.047449250 0.325432867 -0.661958259 0.053353745 0.998532951 -0.009237686 0.910296680 -0.324517131 0.026086891 0.945520043 -5.016922405
90223467 0.490433417 0.871881635 0.500000000 0.500000000 0.000000000 0.000000000 0.944619477 -0.047977772 0.324641645 -0.659157494 0.053782303 0.998512805 -0.008924895 0.912742733 -0.323730648 0.025890604 0.945795000 -5.036638110
