https://www.youtube.com/watch?v=T65mgMchLiw
84317567 0.610155327 1.084720509 0.500000000 0.500000000 0.000000000 0.000000000 0.999438822 0.005324060 -0.033071175 -0.182224002 -0.004931170 0.999916434 0.011950328 0.029571408 0.033132035 -0.011780542 0.999381542 0.028840302
84350933 0.610155327 1.084720509 0.500000000 0.500000000 0.000000000 0.000000000 0.999281108 0.005653417 -0.037487172 -0.186532382 -0.005152710 0.999896407 0.013439937 0.029737387 0.037559267 -0.013237115 0.999206722 0.027518625
84384300 0.610155327 1.084720509 0.500000000 0.500000000 0.000000000 0.000000000 0.999111772 0.006075893 -0.041697863 -0.191127913 -0.005466988 0.999876976 0.014701290 0.030197885 0.041782059 -0.014460271 0.999022126 0.026107121
84417667 0.610155327 1.084720509 0.500000000 0.500000000 0.000000000 0.000000000 0.998926520 0.006466842 -0.045868848 -0.195862771 -0.005730981 0.999853075 0.016156139 0.030516632 0.045966584 -0.015875923 0.998816788 0.024756908
84451033 0.610155327 1.084720509 0.500000000 0.500000000 0.000000000 0.000000000 0.998710573 0.006836282 -0.050303742 -0.199888280 -0.005957515 0.999827385 0.017598465 0.030729157 0.050415367 -0.017276088 0.998578906 0.023488216
84484400 0.610155327 1.084720509 0.500000000 0.500000000 0.000000000 0.000000000 0.998491347 0.007301970 -0.054422136 -0.204520948 -0.006293519 0.999805748 0.018678563 0.031415212 0.054547954 -0.018307876 0.998343289 0.022117218
84517767 0.610155327 1.084720509 0.500000000 0.500000000 0.000000000 0.000000000 0.998241842 0.007610525 -0.058781438 -0.208737681 -0.006451249 0.999781430 0.019886475 0.031871251 0.058919936 -0.019472299 0.998072803 0.020878339
84551133 0.610155327 1.084720509 0.500000000 0.500000000 0.000000000 0.000000000 0.997982264 0.007943252 -0.062994964 -0.213153267 -0.006610553 0.999750495 0.021335918 0.031960159 0.063148722 -0.020876437 0.997785747 0.019601855
84584500 0.610155327 1.084720509 0.500000000 0.500000000 0.000000000 0.000000000 0.997715473 0.008273318 -0.067047730 -0.217800151 -0.006775441 0.999723017 0.022537149 0.032392464 0.067215621 -0.022031384 0.997495174 0.018451372
84617867 0.610155327 1.084720509 0.500000000 0.500000000 0.000000000 0.000000000 0.997412562 0.008609339 -0.071372345 -0.221986240 -0.006914230 0.999688923 0.023963343 0.032462766 0.071556449 -0.023407856 0.997161865 0.017372157
84651233 0.610155327 1.084720509 0.500000000 0.500000000 0.000000000 0.000000000 0.997102439 0.008959315 -0.075540915 -0.226193696 -0.007066748 0.999655366 0.025283717 0.032681189 0.075741410 -0.024676627 0.996822119 0.015976114
84684600 0.610155327 1.084720509 0.500000000 0.500000000 0.000000000 0.000000000 0.996805310 0.009276677 -0.079329543 -0.231260028 -0.007188170 0.999621034 0.026572132 0.032723026 0.079545982 -0.025917009 0.996494234 0.014808777
84717967 0.610155327 1.084720509 0.500000000 0.500000000 0.000000000 0.000000000 0.996458173 0.009399166 -0.083562627 -0.235568545 -0.007075396 0.999581158 0.028061502 0.032479324 0.083791383 -0.027370876 0.996107340 0.013769411
84751333 0.610155327 1.084720509 0.500000000 0.500000000 0.000000000 0.000000000 0.996107519 0.009546154 -0.087628409 -0.240060937 -0.006979049 0.999538779 0.029555123 0.032151778 0.087870136 -0.028828518 0.995714724 0.012664463
84784700 0.610155327 1.084720509 0.500000000 0.500000000 0.000000000 0.000000000 0.995726824 0.009748754 -0.091831788 -0.244317830 -0.006967593 0.999508739 0.030557450 0.032566240 0.092084572 -0.029787026 0.995305538 0.011621240
84818067 0.610155327 1.084720509 0.500000000 0.500000000 0.000000000 0.000000000 0.995319724 0.010055779 -0.096111804 -0.248332720 -0.007018383 0.999466777 0.031888712 0.032580743 0.096381225 -0.031064915 0.994859576 0.010529874
84851433 0.610155327 1.084720509 0.500000000 0.500000000 0.000000000 0.000000000 0.994898975 0.010432041 -0.100335456 -0.252344684 -0.007189757 0.999441922 0.032621946 0.033378522 0.100619771 -0.031734154 0.994418740 0.009343597
84884800 0.610155327 1.084720509 0.500000000 0.500000000 0.000000000 0.000000000 0.994438887 0.010656580 -0.104774714 -0.256093560 -0.007218861 0.999424815 0.033135232 0.034457414 0.105067551 -0.032194611 0.993943810 0.007994168
84918167 0.610155327 1.084720509 0.500000000 0.500000000 0.000000000 0.000000000 0.994009137 0.011057673 -0.108735986 -0.260741308 -0.007444084 0.999408245 0.033582646 0.035675030 0.109042987 -0.032572020 0.993503213 0.006683111
84951533 0.610155327 1.084720509 0.500000000 0.500000000 0.000000000 0.000000000 0.993496120 0.011380476 -0.113295913 -0.264078460 -0.007571346 0.999393344 0.033994779 0.036846276 0.113614053 -0.032915879 0.992979527 0.005149848
84984900 0.610155327 1.084720509 0.500000000 0.500000000 0.000000000 0.000000000 0.993002772 0.011798037 -0.117500015 -0.268042239 -0.007748368 0.999362051 0.034862638 0.037329061 0.117836364 -0.033708263 0.992460728 0.003621876
85018267 0.610155327 1.084720509 0.500000000 0.500000000 0.000000000 0.000000000 0.992482185 0.012013807 -0.121797964 -0.271774486 -0.007662497 0.999317646 0.036131296 0.037005070 0.122148931 -0.034926392 0.991897047 0.002478503
85051633 0.610155327 1.084720509 0.500000000 0.500000000 0.000000000 0.000000000 0.991882920 0.012129945 -0.126574859 -0.274729864 -0.007538306 0.999298155 0.036692239 0.037712141 0.126931101 -0.035440244 0.991278231 0.001296409
85085000 0.610155327 1.084720509 0.500000000 0.500000000 0.000000000 0.000000000 0.991267383 0.012453657 -0.131277874 -0.277864047 -0.007634845 0.999280632 0.037146594 0.038690705 0.131646052 -0.035819922 0.990649402 -0.000307654
85118367 0.610155327 1.084720509 0.500000000 0.500000000 0.000000000 0.000000000 0.990704894 0.012774228 -0.135427579 -0.282077065 -0.007747438 0.999263585 0.037580203 0.039700820 0.135807902 -0.036181677 0.990074277 -0.001585529
85151733 0.610155327 1.084720509 0.500000000 0.500000000 0.000000000 0.000000000 0.990080953 0.012869201 -0.139907271 -0.285445326 -0.007601470 0.999244213 0.038120989 0.040272403 0.140292123 -0.036679365 0.989430487 -0.002728876
85185100 0.610155327 1.084720509 0.500000000 0.500000000 0.000000000 0.000000000 0.989396095 0.013155540 -0.144645393 -0.288516722 -0.007712583 0.999243140 0.038126238 0.041897571 0.145037487 -0.036606364 0.988748729 -0.004047961
85218467 0.610155327 1.084720509 0.500000000 0.500000000 0.000000000 0.000000000 0.988808930 0.013572967 -0.148568645 -0.292975031 -0.007917353 0.999223650 0.038592804 0.042789069 0.148977116 -0.036984641 0.988148749 -0.005375153
85251833 0.610155327 1.084720509 0.500000000 0.500000000 0.000000000 0.000000000 0.988123775 0.013626484 -0.153054684 -0.296287458 -0.007717143 0.999204040 0.039137289 0.043275805 0.153466165 -0.037491340 0.987442434 -0.006487321
85285200 0.610155327 1.084720509 0.500000000 0.500000000 0.000000000 0.000000000 0.987450421 0.013664463 -0.157337129 -0.299959706 -0.007476182 0.999177456 0.039856222 0.043419073 0.157752335 -0.038179763 0.986740351 -0.007808349
85318567 0.610155327 1.084720509 0.500000000 0.500000000 0.000000000 0.000000000 0.986698747 0.013712584 -0.161979914 -0.302900166 -0.007275936 0.999162614 0.040263906 0.044091699 0.162396386 -0.038549792 0.985972285 -0.008964394
85351933 0.610155327 1.084720509 0.500000000 0.500000000 0.000000000 0.000000000 0.985971391 0.013700365 -0.166351035 -0.306246826 -0.006925086 0.999125242 0.041240770 0.043750585 0.166770533 -0.039510224 0.985203803 -0.010180528
85385300 0.610155327 1.084720509 0.500000000 0.500000000 0.000000000 0.000000000 0.985212445 0.013664033 -0.170791328 -0.309433766 -0.006702239 0.999125481 0.041272320 0.044848235 0.171205908 -0.039517321 0.984442413 -0.011300222
85418667 0.610155327 1.084720509 0.500000000 0.500000000 0.000000000 0.000000000 0.984358907 0.013520621 -0.175655246 -0.311865016 -0.006265039 0.999106586 0.041794904 0.045207397 0.176063403 -0.040040698 0.983564138 -0.012380241
85452033 0.610155327 1.084720509 0.500000000 0.500000000 0.000000000 0.000000000 0.983455658 0.013619972 -0.180636421 -0.314136672 -0.006083100 0.999090135 0.042212535 0.045864193 0.181047007 -0.040415324 0.982643664 -0.014215632
85485400 0.610155327 1.084720509 0.500000000 0.500000000 0.000000000 0.000000000 0.982615471 0.013882941 -0.185132518 -0.317323390 -0.006100112 0.999076009 0.042542759 0.046817386 0.185552090 -0.040673848 0.981792271 -0.016202797
85518767 0.610155327 1.084720509 0.500000000 0.500000000 0.000000000 0.000000000 0.981816888 0.014191607 -0.189299196 -0.320996643 -0.006198831 0.999066651 0.042748436 0.047978667 0.189729169 -0.040797703 0.980988503 -0.018048144
85552133 0.610155327 1.084720509 0.500000000 0.500000000 0.000000000 0.000000000 0.980993807 0.014104294 -0.193525642 -0.324285739 -0.005754123 0.999030650 0.043642081 0.047665688 0.193953589 -0.041699041 0.980124056 -0.019541058
85585500 0.610155327 1.084720509 0.500000000 0.500000000 0.000000000 0.000000000 0.979982495 0.013819367 -0.198603421 -0.325946892 -0.005024389 0.998986900 0.044720035 0.046915268 0.199020237 -0.042826992 0.979059160 -0.021073682
85618867 0.610155327 1.084720509 0.500000000 0.500000000 0.000000000 0.000000000 0.978943706 0.013622494 -0.203675345 -0.327522240 -0.004454680 0.998958826 0.045402795 0.046825510 0.204081789 -0.043539472 0.977985144 -0.022575702
85652233 0.610155327 1.084720509 0.500000000 0.500000000 0.000000000 0.000000000 0.977997720 0.013680030 -0.208166525 -0.330085376 -0.004149212 0.998925805 0.046152543 0.046862756 0.208574280 -0.044273354 0.977003932 -0.024278964
85685600 0.610155327 1.084720509 0.500000000 0.500000000 0.000000000 0.000000000 0.977056086 0.013716532 -0.212540060 -0.332728077 -0.003863195 0.998901188 0.046706032 0.047140718 0.212947160 -0.044813327 0.976035476 -0.025786127
85718967 0.610155327 1.084720509 0.500000000 0.500000000 0.000000000 0.000000000 0.976092219 0.013583857 -0.216931999 -0.335265625 -0.003354554 0.998867810 0.047453228 0.046972602 0.217330992 -0.045591015 0.975032687 -0.027333682
85752333 0.610155327 1.084720509 0.500000000 0.500000000 0.000000000 0.000000000 0.975126326 0.013479145 -0.221239671 -0.337792287 -0.002876016 0.998834610 0.048178334 0.046830920 0.221631244 -0.046343673 0.974028647 -0.028866877
85785700 0.610155327 1.084720509 0.500000000 0.500000000 0.000000000 0.000000000 0.974064112 0.013359020 -0.225877523 -0.339572066 -0.002324574 0.998793781 0.049047027 0.046492121 0.226260275 -0.047249880 0.972920239 -0.030404401
85819067 0.610155327 1.084720509 0.500000000 0.500000000 0.000000000 0.000000000 0.973043203 0.013277306 -0.230240494 -0.341689913 -0.001842075 0.998757005 0.049810458 0.046300831 0.230615646 -0.048043605 0.971858144 -0.031996823
85852433 0.610155327 1.084720509 0.500000000 0.500000000 0.000000000 0.000000000 0.971978366 0.013090431 -0.234705627 -0.343448257 -0.001244384 0.998720825 0.050549153 0.046092907 0.235067099 -0.048840620 0.970751286 -0.033531714
85885800 0.610155327 1.084720509 0.500000000 0.500000000 0.000000000 0.000000000 0.971001029 0.013123927 -0.238714755 -0.345949638 -0.000907578 0.998687327 0.051213592 0.046214604 0.239073515 -0.049511801 0.969738305 -0.035088845
85919167 0.610155327 1.084720509 0.500000000 0.500000000 0.000000000 0.000000000 0.970075369 0.013124867 -0.242449045 -0.348787514 -0.000524335 0.998648822 0.051963452 0.046138689 0.242803484 -0.050281338 0.968771517 -0.036678986
85952533 0.610155327 1.084720509 0.500000000 0.500000000 0.000000000 0.000000000 0.969127893 0.012946714 -0.246218324 -0.351389487 0.000051042 0.998609841 0.052710056 0.045892355 0.246558458 -0.051095355 0.967780054 -0.038322780
85985900 0.610155327 1.084720509 0.500000000 0.500000000 0.000000000 0.000000000 0.968066275 0.012738216 -0.250370651 -0.353130864 0.000674001 0.998572409 0.053410847 0.045684926 0.250693589 -0.051873989 0.966675639 -0.039928311
86019267 0.610155327 1.084720509 0.500000000 0.500000000 0.000000000 0.000000000 0.966963112 0.012582332 -0.254605740 -0.354474404 0.001266995 0.998531580 0.054158222 0.045519972 0.254913300 -0.052691586 0.965527236 -0.041598263
86052633 0.610155327 1.084720509 0.500000000 0.500000000 0.000000000 0.000000000 0.966009855 0.012675057 -0.258194208 -0.356812656 0.001492174 0.998507142 0.054600723 0.046074852 0.258500814 -0.053130109 0.964548886 -0.043266397
