https://www.youtube.com/watch?v=WeUCQEiEhJ0
290623667 0.498700669 0.886578962 0.500000000 0.500000000 0.000000000 0.000000000 0.964316249 0.027481338 -0.263323009 -0.104592056 -0.026983056 0.999620736 0.005509264 -0.010711185 0.263374537 0.001792586 0.964691997 0.023736251
290657033 0.498700669 0.886578962 0.500000000 0.500000000 0.000000000 0.000000000 0.959499657 0.029189484 -0.280193478 -0.111602656 -0.028739115 0.999570608 0.005716688 -0.012122014 0.280240029 0.002567352 0.959926546 0.022701853
290690400 0.498700669 0.886578962 0.500000000 0.500000000 0.000000000 0.000000000 0.954434097 0.030505748 -0.296858400 -0.118590244 -0.030102676 0.999529243 0.005929982 -0.013469667 0.296899527 0.003276455 0.954903126 0.021523171
290723767 0.498700669 0.886578962 0.500000000 0.500000000 0.000000000 0.000000000 0.949081004 0.031824723 -0.313420475 -0.125628030 -0.031521026 0.999484837 0.006037649 -0.014901838 0.313451171 0.004149116 0.949595273 0.021058942
290757133 0.498700669 0.886578962 0.500000000 0.500000000 0.000000000 0.000000000 0.943442881 0.033433747 -0.329845041 -0.133406259 -0.033168606 0.999429047 0.006433243 -0.016493292 0.329871804 0.004871103 0.944013178 0.020374702
290790500 0.498700669 0.886578962 0.500000000 0.500000000 0.000000000 0.000000000 0.937515259 0.034801885 -0.346199334 -0.140260222 -0.034602992 0.999378264 0.006757420 -0.017283667 0.346219271 0.005644350 0.938136637 0.019232213
290823867 0.498700669 0.886578962 0.500000000 0.500000000 0.000000000 0.000000000 0.931456566 0.036332972 -0.362033993 -0.148064905 -0.036065653 0.999321282 0.007498537 -0.018847771 0.362060726 0.006072430 0.932134748 0.017674461
290857233 0.498700669 0.886578962 0.500000000 0.500000000 0.000000000 0.000000000 0.925116241 0.038029768 -0.377774686 -0.156291017 -0.037720546 0.999254525 0.008220583 -0.020308477 0.377805680 0.006644872 0.925861061 0.017103044
290890600 0.498700669 0.886578962 0.500000000 0.500000000 0.000000000 0.000000000 0.918631256 0.040128514 -0.393072963 -0.164694955 -0.039815653 0.999166906 0.008952995 -0.021741210 0.393104792 0.007425957 0.919463694 0.014696376
290923967 0.498700669 0.886578962 0.500000000 0.500000000 0.000000000 0.000000000 0.911888599 0.042027365 -0.408280402 -0.172990217 -0.041580021 0.999085367 0.009974954 -0.023218090 0.408326209 0.007880262 0.912802041 0.012593848
290957333 0.498700669 0.886578962 0.500000000 0.500000000 0.000000000 0.000000000 0.904989779 0.043861564 -0.423166245 -0.182081396 -0.043227404 0.999003589 0.011100840 -0.025132896 0.423231512 0.008246232 0.905984044 0.010091873
290990700 0.498700669 0.886578962 0.500000000 0.500000000 0.000000000 0.000000000 0.898040652 0.045386389 -0.437564880 -0.192085378 -0.044829831 0.998927236 0.011606709 -0.025873477 0.437622249 0.009192662 0.899111927 0.006934334
291024067 0.498700669 0.886578962 0.500000000 0.500000000 0.000000000 0.000000000 0.890785754 0.046472322 -0.452040941 -0.200857796 -0.046066485 0.998867333 0.011911118 -0.026139266 0.452082485 0.010213684 0.891917646 0.002060126
291057433 0.498700669 0.886578962 0.500000000 0.500000000 0.000000000 0.000000000 0.883351266 0.048120458 -0.466234922 -0.209968743 -0.047596373 0.998783231 0.012906786 -0.027981902 0.466288716 0.010789866 0.884566784 -0.003368154
291090800 0.498700669 0.886578962 0.500000000 0.500000000 0.000000000 0.000000000 0.875991642 0.049760375 -0.479752570 -0.220551062 -0.049223259 0.998693705 0.013707509 -0.028964928 0.479807973 0.011607322 0.877296746 -0.008304666
291124167 0.498700669 0.886578962 0.500000000 0.500000000 0.000000000 0.000000000 0.868509471 0.051131401 -0.493028253 -0.231031855 -0.050613388 0.998614430 0.014405560 -0.030083761 0.493081689 0.012442464 0.869894028 -0.014376593
291157533 0.498700669 0.886578962 0.500000000 0.500000000 0.000000000 0.000000000 0.860875309 0.052109372 -0.506140590 -0.240791138 -0.051863287 0.998547554 0.014592516 -0.030304916 0.506165862 0.013687775 0.862327516 -0.021032109
291190900 0.498700669 0.886578962 0.500000000 0.500000000 0.000000000 0.000000000 0.853019834 0.053378228 -0.519141495 -0.249156420 -0.053091884 0.998470485 0.015425764 -0.032583444 0.519170880 0.014403717 0.854549110 -0.032757389
291224267 0.498700669 0.886578962 0.500000000 0.500000000 0.000000000 0.000000000 0.845312834 0.054529097 -0.531481743 -0.257617764 -0.054350324 0.998393893 0.015990190 -0.034266784 0.531500041 0.015369491 0.846918821 -0.042262428
291257633 0.498700669 0.886578962 0.500000000 0.500000000 0.000000000 0.000000000 0.837660193 0.055303819 -0.543384671 -0.267864377 -0.055467177 0.998330712 0.016100667 -0.035287857 0.543367982 0.016653124 0.839329422 -0.050118582
291291000 0.498700669 0.886578962 0.500000000 0.500000000 0.000000000 0.000000000 0.829767346 0.056323685 -0.555260122 -0.277489032 -0.056767564 0.998252273 0.016427206 -0.036607703 0.555214882 0.017890004 0.831514478 -0.059125615
291324367 0.498700669 0.886578962 0.500000000 0.500000000 0.000000000 0.000000000 0.821923137 0.057221025 -0.566716969 -0.286304267 -0.057831813 0.998183072 0.016911007 -0.038045798 0.566654921 0.018874720 0.823738992 -0.068534165
291357733 0.498700669 0.886578962 0.500000000 0.500000000 0.000000000 0.000000000 0.814143240 0.058449160 -0.577714860 -0.294509122 -0.058984391 0.998099148 0.017857105 -0.039710544 0.577660441 0.019537918 0.816043317 -0.079097358
291391100 0.498700669 0.886578962 0.500000000 0.500000000 0.000000000 0.000000000 0.806518018 0.059398588 -0.588218093 -0.303615596 -0.060214609 0.998019159 0.018219033 -0.040561544 0.588135123 0.020725345 0.808497071 -0.089078353
291424467 0.498700669 0.886578962 0.500000000 0.500000000 0.000000000 0.000000000 0.798649251 0.060391001 -0.598758996 -0.312426943 -0.061488081 0.997933805 0.018636571 -0.041869182 0.598647296 0.021932457 0.800712407 -0.099434762
291457833 0.498700669 0.886578962 0.500000000 0.500000000 0.000000000 0.000000000 0.790641427 0.061042119 -0.609229028 -0.320922016 -0.062435374 0.997869015 0.018955179 -0.042476087 0.609087825 0.023050694 0.792767704 -0.109894955
291491200 0.498700669 0.886578962 0.500000000 0.500000000 0.000000000 0.000000000 0.783122540 0.062129743 -0.618755996 -0.329631987 -0.063583501 0.997781813 0.019714152 -0.043067222 0.618608296 0.023904074 0.785335839 -0.121681647
291524567 0.498700669 0.886578962 0.500000000 0.500000000 0.000000000 0.000000000 0.775849760 0.063176624 -0.627746642 -0.338654461 -0.064749263 0.997693360 0.020382738 -0.043667545 0.627586365 0.024832189 0.778150856 -0.133749615
291557933 0.498700669 0.886578962 0.500000000 0.500000000 0.000000000 0.000000000 0.768272758 0.064128958 -0.636902213 -0.348440352 -0.066072069 0.997599125 0.020746710 -0.044126243 0.636703610 0.026142314 0.770665348 -0.145568715
291591300 0.498700669 0.886578962 0.500000000 0.500000000 0.000000000 0.000000000 0.760491908 0.064752944 -0.646110713 -0.356719635 -0.067176022 0.997522175 0.020903032 -0.044853541 0.645863295 0.027506564 0.762957394 -0.159116435
291624667 0.498700669 0.886578962 0.500000000 0.500000000 0.000000000 0.000000000 0.753375292 0.065700322 -0.654300451 -0.366144592 -0.068189025 0.997437656 0.021641502 -0.046504813 0.654045761 0.028311938 0.755924940 -0.172317399
291658033 0.498700669 0.886578962 0.500000000 0.500000000 0.000000000 0.000000000 0.746065974 0.065980136 -0.662595034 -0.374379624 -0.068807051 0.997390807 0.021843484 -0.047579400 0.662307441 0.029294532 0.748659253 -0.186901267
291691400 0.498700669 0.886578962 0.500000000 0.500000000 0.000000000 0.000000000 0.738592982 0.066693060 -0.670844555 -0.380743684 -0.069715723 0.997315526 0.022393376 -0.049573025 0.670537174 0.030228827 0.741259813 -0.204653261
291724767 0.498700669 0.886578962 0.500000000 0.500000000 0.000000000 0.000000000 0.731646478 0.067215428 -0.678362370 -0.388405454 -0.070722193 0.997241497 0.022534216 -0.051096742 0.678005755 0.031488195 0.734381855 -0.219827045
291758133 0.498700669 0.886578962 0.500000000 0.500000000 0.000000000 0.000000000 0.724938810 0.067446329 -0.685503244 -0.398049733 -0.071569838 0.997183442 0.022425288 -0.051234558 0.685084999 0.032804392 0.727724135 -0.232646943
291791500 0.498700669 0.886578962 0.500000000 0.500000000 0.000000000 0.000000000 0.718053758 0.067960195 -0.692661703 -0.403070240 -0.072338931 0.997118533 0.022841061 -0.053159492 0.692218125 0.033705302 0.720900834 -0.250395167
291824867 0.498700669 0.886578962 0.500000000 0.500000000 0.000000000 0.000000000 0.711461425 0.068901338 -0.699339151 -0.409463123 -0.073385201 0.997025013 0.023573132 -0.055561423 0.698882878 0.034549776 0.714401186 -0.266745295
291858233 0.498700669 0.886578962 0.500000000 0.500000000 0.000000000 0.000000000 0.704808116 0.070152536 -0.705920756 -0.412587148 -0.074480325 0.996916354 0.024707977 -0.058709465 0.705477297 0.035162825 0.707859755 -0.285777402
291891600 0.498700669 0.886578962 0.500000000 0.500000000 0.000000000 0.000000000 0.698578119 0.071093783 -0.711993158 -0.417301341 -0.075515203 0.996820033 0.025441863 -0.059888537 0.711537838 0.035993181 0.701725304 -0.303244817
291924967 0.498700669 0.886578962 0.500000000 0.500000000 0.000000000 0.000000000 0.692850411 0.071781650 -0.717499614 -0.423828270 -0.076394737 0.996739984 0.025947766 -0.060679733 0.717023075 0.036835272 0.696075439 -0.318781695
291958333 0.498700669 0.886578962 0.500000000 0.500000000 0.000000000 0.000000000 0.687062502 0.072000019 -0.723022223 -0.427894290 -0.076896422 0.996695280 0.026180988 -0.061912132 0.722517848 0.037609842 0.690328538 -0.336982591
291991700 0.498700669 0.886578962 0.500000000 0.500000000 0.000000000 0.000000000 0.681624770 0.072604619 -0.728090823 -0.433213422 -0.077562220 0.996628046 0.026770661 -0.063724769 0.727579415 0.038224794 0.684957743 -0.354515009
292025067 0.498700669 0.886578962 0.500000000 0.500000000 0.000000000 0.000000000 0.675933599 0.072723009 -0.733365655 -0.437414835 -0.078150496 0.996581435 0.026794082 -0.064228715 0.732807100 0.039201867 0.679306209 -0.372062587
292058433 0.498700669 0.886578962 0.500000000 0.500000000 0.000000000 0.000000000 0.670325339 0.073020890 -0.738465905 -0.440833654 -0.078841805 0.996522188 0.026971161 -0.064931700 0.737867117 0.040142532 0.673751175 -0.389748510
292091800 0.498700669 0.886578962 0.500000000 0.500000000 0.000000000 0.000000000 0.665369987 0.073335461 -0.742902875 -0.444659040 -0.079355776 0.996472657 0.027292708 -0.065825873 0.742283940 0.040793885 0.668842614 -0.408100210
292125167 0.498700669 0.886578962 0.500000000 0.500000000 0.000000000 0.000000000 0.659882665 0.073291942 -0.747785509 -0.446994261 -0.079678304 0.996445298 0.027351538 -0.066247654 0.747132003 0.041533474 0.663376808 -0.425665491
292158533 0.498700669 0.886578962 0.500000000 0.500000000 0.000000000 0.000000000 0.654249191 0.073527582 -0.752696276 -0.449712950 -0.080114335 0.996400774 0.027698029 -0.066613150 0.752023697 0.042180344 0.657785058 -0.443362765
292191900 0.498700669 0.886578962 0.500000000 0.500000000 0.000000000 0.000000000 0.649423778 0.073634870 -0.756853104 -0.452578895 -0.080563501 0.996361494 0.027808694 -0.065543700 0.756147027 0.042915113 0.652993143 -0.460268035
292225267 0.498700669 0.886578962 0.500000000 0.500000000 0.000000000 0.000000000 0.645037949 0.073910736 -0.760567725 -0.455201518 -0.081014521 0.996316373 0.028111940 -0.066042226 0.759843826 0.043483760 0.648649752 -0.478265167
292258633 0.498700669 0.886578962 0.500000000 0.500000000 0.000000000 0.000000000 0.640124977 0.074263588 -0.764673054 -0.457105961 -0.081716038 0.996252418 0.028347803 -0.067010901 0.763912618 0.044339918 0.643794596 -0.496986014
292292000 0.498700669 0.886578962 0.500000000 0.500000000 0.000000000 0.000000000 0.635333300 0.074239247 -0.768661261 -0.458093734 -0.082063951 0.996222675 0.028388131 -0.067826193 0.767865300 0.045043454 0.639025807 -0.516162962
292325367 0.498700669 0.886578962 0.500000000 0.500000000 0.000000000 0.000000000 0.631214559 0.074334815 -0.772037923 -0.460175515 -0.082152747 0.996204972 0.028750790 -0.069490898 0.771245182 0.045277115 0.634925902 -0.535355988
292358733 0.498700669 0.886578962 0.500000000 0.500000000 0.000000000 0.000000000 0.627330363 0.074469097 -0.775184512 -0.461570086 -0.082477152 0.996172309 0.028952634 -0.070711508 0.774373412 0.045772143 0.631071091 -0.554719661
292392100 0.498700669 0.886578962 0.500000000 0.500000000 0.000000000 0.000000000 0.623223901 0.074646197 -0.778472841 -0.463679406 -0.083138920 0.996117175 0.028956944 -0.071558175 0.777611673 0.046674732 0.627009988 -0.574106159
292425467 0.498700669 0.886578962 0.500000000 0.500000000 0.000000000 0.000000000 0.618798196 0.074793257 -0.781981289 -0.463915697 -0.083628349 0.996072233 0.029093301 -0.073352710 0.781085849 0.047392923 0.622622550 -0.594523495
292458833 0.498700669 0.886578962 0.500000000 0.500000000 0.000000000 0.000000000 0.615213633 0.074930318 -0.784791470 -0.464257983 -0.084015429 0.996035397 0.029238097 -0.075064355 0.783870876 0.047946915 0.619069874 -0.614293954
292492200 0.498700669 0.886578962 0.500000000 0.500000000 0.000000000 0.000000000 0.612130344 0.075269692 -0.787166357 -0.465627291 -0.084428899 0.995990276 0.029582556 -0.077504569 0.786236703 0.048351210 0.616030812 -0.634878855
292525567 0.498700669 0.886578962 0.500000000 0.500000000 0.000000000 0.000000000 0.608835161 0.075297572 -0.789715171 -0.466163053 -0.084881119 0.995953619 0.029522395 -0.079982746 0.788742661 0.049057636 0.612762928 -0.655355938
292558933 0.498700669 0.886578962 0.500000000 0.500000000 0.000000000 0.000000000 0.605052710 0.075359091 -0.792611003 -0.465226148 -0.085245579 0.995919704 0.029615454 -0.083444347 0.791608751 0.049647674 0.609007955 -0.676306508
292592300 0.498700669 0.886578962 0.500000000 0.500000000 0.000000000 0.000000000 0.601985335 0.075479969 -0.794931710 -0.465039041 -0.085694313 0.995879710 0.029665759 -0.084964516 0.793895543 0.050262775 0.605973184 -0.696796506
292625667 0.498700669 0.886578962 0.500000000 0.500000000 0.000000000 0.000000000 0.599501610 0.075503394 -0.796804309 -0.465700729 -0.085885160 0.995860875 0.029747065 -0.088085412 0.795752227 0.050600249 0.603504777 -0.718429728
292659033 0.498700669 0.886578962 0.500000000 0.500000000 0.000000000 0.000000000 0.596829712 0.075459808 -0.798811674 -0.463780042 -0.086039133 0.995846331 0.029788822 -0.092368754 0.797741532 0.050950214 0.600843132 -0.739717588
292692400 0.498700669 0.886578962 0.500000000 0.500000000 0.000000000 0.000000000 0.594494164 0.075559303 -0.800541997 -0.463304675 -0.086464800 0.995809734 0.029779665 -0.095433460 0.799437582 0.051514864 0.598536313 -0.761759964
292725767 0.498700669 0.886578962 0.500000000 0.500000000 0.000000000 0.000000000 0.591974974 0.075391591 -0.802422404 -0.463258247 -0.086772561 0.995789945 0.029544299 -0.097009034 0.801271558 0.052138761 0.596024692 -0.785714632
292759133 0.498700669 0.886578962 0.500000000 0.500000000 0.000000000 0.000000000 0.589691103 0.075430483 -0.804098666 -0.461373027 -0.086948633 0.995771587 0.029646477 -0.099835250 0.802934825 0.052433018 0.593756199 -0.809197824
292792500 0.498700669 0.886578962 0.500000000 0.500000000 0.000000000 0.000000000 0.587893128 0.075622432 -0.805396140 -0.461400247 -0.087432958 0.995728374 0.029672567 -0.100928501 0.804199696 0.052973870 0.591993749 -0.832843123
292825867 0.498700669 0.886578962 0.500000000 0.500000000 0.000000000 0.000000000 0.585826099 0.075584084 -0.806904495 -0.460248751 -0.087765850 0.995702744 0.029549662 -0.102474372 0.805670500 0.053507693 0.589942336 -0.856738921
292859233 0.498700669 0.886578962 0.500000000 0.500000000 0.000000000 0.000000000 0.583871961 0.075509705 -0.808326542 -0.458687623 -0.088139907 0.995675743 0.029345524 -0.103887764 0.807047009 0.054111794 0.588002563 -0.879973836
292892600 0.498700669 0.886578962 0.500000000 0.500000000 0.000000000 0.000000000 0.582347035 0.075558580 -0.809421301 -0.458665544 -0.088354118 0.995655835 0.029376036 -0.105836032 0.808124661 0.054408655 0.586493134 -0.904027992
292925967 0.498700669 0.886578962 0.500000000 0.500000000 0.000000000 0.000000000 0.581104934 0.075641572 -0.810305715 -0.459482467 -0.088555738 0.995636225 0.029434953 -0.107484472 0.808996260 0.054652423 0.585267663 -0.927563600
292959333 0.498700669 0.886578962 0.500000000 0.500000000 0.000000000 0.000000000 0.580255747 0.075777069 -0.810901403 -0.460516218 -0.089096621 0.995592475 0.029281309 -0.107462041 0.809546232 0.055257931 0.584449708 -0.950510713
292992700 0.498700669 0.886578962 0.500000000 0.500000000 0.000000000 0.000000000 0.579383492 0.075810343 -0.811521769 -0.461179286 -0.089296766 0.995575428 0.029251024 -0.109450981 0.810148656 0.055518709 0.583589613 -0.973174476
293026067 0.498700669 0.886578962 0.500000000 0.500000000 0.000000000 0.000000000 0.578352153 0.075770341 -0.812260807 -0.461419677 -0.089365527 0.995569646 0.029239265 -0.111326725 0.810877681 0.055677522 0.582561076 -0.996124147
293059433 0.498700669 0.886578962 0.500000000 0.500000000 0.000000000 0.000000000 0.577255666 0.075753659 -0.813041985 -0.461265046 -0.089337736 0.995569408 0.029330973 -0.113752351 0.811661661 0.055703860 0.581465721 -1.018645646
293092800 0.498700669 0.886578962 0.500000000 0.500000000 0.000000000 0.000000000 0.576382697 0.075571477 -0.813678026 -0.461550332 -0.089276694 0.995577991 0.029225022 -0.115289807 0.812288523 0.055797685 0.580580711 -1.041596600
293126167 0.498700669 0.886578962 0.500000000 0.500000000 0.000000000 0.000000000 0.575659275 0.075992063 -0.814150870 -0.461363099 -0.089750275 0.995528460 0.029462209 -0.114558694 0.812749207 0.056110073 0.579905450 -1.063308230
293159533 0.498700669 0.886578962 0.500000000 0.500000000 0.000000000 0.000000000 0.575216055 0.076085269 -0.814455330 -0.461964213 -0.089710437 0.995526671 0.029641930 -0.116171570 0.813067377 0.056014635 0.579468548 -1.085672247
293192900 0.498700669 0.886578962 0.500000000 0.500000000 0.000000000 0.000000000 0.574902833 0.076343313 -0.814652324 -0.462661236 -0.089820132 0.995508909 0.029905524 -0.116739926 0.813276768 0.055979408 0.579178035 -1.106817935
293226267 0.498700669 0.886578962 0.500000000 0.500000000 0.000000000 0.000000000 0.574127793 0.076590165 -0.815175593 -0.461438153 -0.090094194 0.995478988 0.030077344 -0.115534933 0.813793778 0.056174349 0.578432500 -1.128071536
293259633 0.498700669 0.886578962 0.500000000 0.500000000 0.000000000 0.000000000 0.573568106 0.076705568 -0.815558612 -0.461992979 -0.090173438 0.995467782 0.030209130 -0.115800972 0.814179599 0.056214735 0.577885389 -1.148780155
293293000 0.498700669 0.886578962 0.500000000 0.500000000 0.000000000 0.000000000 0.572967589 0.077007115 -0.815952241 -0.461619484 -0.090424992 0.995437682 0.030449327 -0.115730479 0.814574361 0.056335993 0.577316940 -1.168697623
293326367 0.498700669 0.886578962 0.500000000 0.500000000 0.000000000 0.000000000 0.572722256 0.077351354 -0.816091895 -0.463158685 -0.090689294 0.995405853 0.030702680 -0.114250134 0.814717531 0.056426689 0.577106059 -1.189169463
293359733 0.498700669 0.886578962 0.500000000 0.500000000 0.000000000 0.000000000 0.572458208 0.077425659 -0.816270113 -0.464563655 -0.090682238 0.995402873 0.030820599 -0.114359978 0.814903915 0.056377694 0.576847672 -1.209188497
293393100 0.498700669 0.886578962 0.500000000 0.500000000 0.000000000 0.000000000 0.571854472 0.077516936 -0.816684484 -0.464920754 -0.090922982 0.995381117 0.030812612 -0.114128951 0.815300822 0.056635056 0.576261222 -1.229223238
293426467 0.498700669 0.886578962 0.500000000 0.500000000 0.000000000 0.000000000 0.571383774 0.077541463 -0.817011595 -0.465729902 -0.091056377 0.995369673 0.030788166 -0.114142957 0.815615892 0.056802254 0.575798750 -1.249459924
293459833 0.498700669 0.886578962 0.500000000 0.500000000 0.000000000 0.000000000 0.571084082 0.077665299 -0.817209303 -0.467230503 -0.091051541 0.995364547 0.030967832 -0.113757326 0.815826297 0.056722932 0.575508416 -1.270223353
293493200 0.498700669 0.886578962 0.500000000 0.500000000 0.000000000 0.000000000 0.570669174 0.077765621 -0.817489564 -0.468240473 -0.090952411 0.995366514 0.031194966 -0.115208325 0.816127658 0.056550644 0.575097978 -1.290250622
293526567 0.498700669 0.886578962 0.500000000 0.500000000 0.000000000 0.000000000 0.569895327 0.077720530 -0.818033516 -0.468985578 -0.091157839 0.995351911 0.031060899 -0.115738923 0.816645324 0.056868710 0.574331224 -1.311514855
293559933 0.498700669 0.886578962 0.500000000 0.500000000 0.000000000 0.000000000 0.568963945 0.077952340 -0.818659544 -0.469404913 -0.091292351 0.995331228 0.031327236 -0.117393205 0.817279458 0.056913286 0.573424041 -1.333179774
293593300 0.498700669 0.886578962 0.500000000 0.500000000 0.000000000 0.000000000 0.568624675 0.078129560 -0.818878353 -0.471127718 -0.091321044 0.995321572 0.031551249 -0.118781853 0.817512333 0.056840003 0.573099256 -1.354113301
293626667 0.498700669 0.886578962 0.500000000 0.500000000 0.000000000 0.000000000 0.568204522 0.078300528 -0.819153607 -0.473168021 -0.091555648 0.995297492 0.031630196 -0.121381411 0.817778230 0.057025719 0.572701395 -1.375437362
293660033 0.498700669 0.886578962 0.500000000 0.500000000 0.000000000 0.000000000 0.567348957 0.078374907 -0.819739282 -0.474967689 -0.092044711 0.995258033 0.031451203 -0.123485949 0.818317115 0.057608858 0.571872592 -1.397401690
293693400 0.498700669 0.886578962 0.500000000 0.500000000 0.000000000 0.000000000 0.566586196 0.078321032 -0.820271850 -0.477104317 -0.092287414 0.995240927 0.031281728 -0.125429086 0.818818152 0.057976972 0.571117818 -1.420312063
293726767 0.498700669 0.886578962 0.500000000 0.500000000 0.000000000 0.000000000 0.566321373 0.078249052 -0.820461571 -0.480275860 -0.092256337 0.995245159 0.031238817 -0.126854473 0.819004774 0.058001567 0.570847571 -1.441938097
293760133 0.498700669 0.886578962 0.500000000 0.500000000 0.000000000 0.000000000 0.565876961 0.078525327 -0.820741773 -0.484109910 -0.092509739 0.995215416 0.031435572 -0.128091451 0.819283366 0.058137938 0.570433855 -1.464688036
293793500 0.498700669 0.886578962 0.500000000 0.500000000 0.000000000 0.000000000 0.565090001 0.078675531 -0.821269453 -0.488532807 -0.092857942 0.995182753 0.031443324 -0.128336987 0.819787025 0.058493085 0.569673479 -1.488037702
293826867 0.498700669 0.886578962 0.500000000 0.500000000 0.000000000 0.000000000 0.564297199 0.078880064 -0.821794748 -0.494102755 -0.093174472 0.995150089 0.031540003 -0.128016140 0.820297003 0.058772359 0.568910062 -1.513069972
293860233 0.498700669 0.886578962 0.500000000 0.500000000 0.000000000 0.000000000 0.563573122 0.079126798 -0.822267771 -0.498351104 -0.093513675 0.995114267 0.031666584 -0.127381346 0.820756078 0.059046842 0.568219125 -1.535693719
293893600 0.498700669 0.886578962 0.500000000 0.500000000 0.000000000 0.000000000 0.562919497 0.079323173 -0.822696447 -0.504686334 -0.093720965 0.995089948 0.031817723 -0.127046879 0.821180880 0.059193090 0.567589819 -1.560625923
293926967 0.498700669 0.886578962 0.500000000 0.500000000 0.000000000 0.000000000 0.561854720 0.079572707 -0.823399961 -0.509367080 -0.094009906 0.995056450 0.032012906 -0.125654245 0.821876764 0.059421148 0.566557765 -1.584804341
293960333 0.498700669 0.886578962 0.500000000 0.500000000 0.000000000 0.000000000 0.561063230 0.079851635 -0.823912442 -0.515414048 -0.094289809 0.995023072 0.032226332 -0.124673471 0.822385252 0.059605539 0.565800071 -1.608695679
293993700 0.498700669 0.886578962 0.500000000 0.500000000 0.000000000 0.000000000 0.560321450 0.080137059 -0.824389458 -0.522116275 -0.094530493 0.994992316 0.032470450 -0.123800552 0.822863221 0.059736051 0.565090895 -1.633158475
294027067 0.498700669 0.886578962 0.500000000 0.500000000 0.000000000 0.000000000 0.559466481 0.080278486 -0.824956179 -0.528775576 -0.094683200 0.994973183 0.032611266 -0.122426818 0.823427200 0.059864577 0.564255118 -1.656661681
294060433 0.498700669 0.886578962 0.500000000 0.500000000 0.000000000 0.000000000 0.558439374 0.080565117 -0.825623870 -0.533972567 -0.094859563 0.994946003 0.032926165 -0.120558930 0.824103832 0.059931051 0.563259363 -1.679598476
294093800 0.498700669 0.886578962 0.500000000 0.500000000 0.000000000 0.000000000 0.557534099 0.080841556 -0.826208413 -0.541113832 -0.095043905 0.994918883 0.033212658 -0.118745552 0.824695349 0.060008887 0.562384725 -1.702285820
294127167 0.498700669 0.886578962 0.500000000 0.500000000 0.000000000 0.000000000 0.556235015 0.080976032 -0.827070415 -0.547569198 -0.095085092 0.994906664 0.033460196 -0.117124913 0.825567365 0.060030337 0.561101496 -1.725188141
294160533 0.498700669 0.886578962 0.500000000 0.500000000 0.000000000 0.000000000 0.554974377 0.081198916 -0.827895045 -0.554786420 -0.095147103 0.994889379 0.033796232 -0.115457828 0.826408148 0.060015772 0.559863925 -1.747752036
294193900 0.498700669 0.886578962 0.500000000 0.500000000 0.000000000 0.000000000 0.553103745 0.081328608 -0.829133213 -0.557711290 -0.095188111 0.994875491 0.034087338 -0.113638762 0.827656627 0.060069792 0.558010876 -1.769037579
294227267 0.498700669 0.886578962 0.500000000 0.500000000 0.000000000 0.000000000 0.551470280 0.081740201 -0.830180168 -0.564722906 -0.095279895 0.994846880 0.034661099 -0.112932949 0.828735352 0.059984908 0.556416690 -1.791784038
294260633 0.498700669 0.886578962 0.500000000 0.500000000 0.000000000 0.000000000 0.549303830 0.081742346 -0.831614971 -0.566398392 -0.095222943 0.994844377 0.034889441 -0.111318248 0.830179453 0.060023922 0.554255545 -1.812655869
294294000 0.498700669 0.886578962 0.500000000 0.500000000 0.000000000 0.000000000 0.547448874 0.082091771 -0.832802892 -0.572105852 -0.095221415 0.994824052 0.035468191 -0.109599934 0.831404030 0.059883650 0.552432179 -1.833878963
294327367 0.498700669 0.886578962 0.500000000 0.500000000 0.000000000 0.000000000 0.545069098 0.082526311 -0.834319532 -0.574882661 -0.095350012 0.994788766 0.036105957 -0.107916436 0.832951427 0.059872136 0.550097525 -1.853892277
294360733 0.498700669 0.886578962 0.500000000 0.500000000 0.000000000 0.000000000 0.541889787 0.082954548 -0.836345613 -0.574692049 -0.095792457 0.994728327 0.036597654 -0.105294862 0.834972620 0.060283713 0.546979487 -1.874900687
294394100 0.498700669 0.886578962 0.500000000 0.500000000 0.000000000 0.000000000 0.538582861 0.083216861 -0.838452995 -0.573726420 -0.096026324 0.994689345 0.037040588 -0.104281768 0.837082684 0.060564134 0.543713689 -1.895456121
294427467 0.498700669 0.886578962 0.500000000 0.500000000 0.000000000 0.000000000 0.535073876 0.083604813 -0.840658188 -0.575227160 -0.096114092 0.994654477 0.037743948 -0.103216453 0.839319944 0.060603295 0.540249228 -1.916715999
294460833 0.498700669 0.886578962 0.500000000 0.500000000 0.000000000 0.000000000 0.530707955 0.083795749 -0.843402267 -0.573098179 -0.095951594 0.994643271 0.038445011 -0.102745287 0.842105925 0.060522716 0.535905421 -1.938065932
294494200 0.498700669 0.886578962 0.500000000 0.500000000 0.000000000 0.000000000 0.525963724 0.084163293 -0.846332490 -0.569038174 -0.096138194 0.994597316 0.039161190 -0.101303896 0.845055997 0.060767513 0.531213403 -1.959775281
294527567 0.498700669 0.886578962 0.500000000 0.500000000 0.000000000 0.000000000 0.520927370 0.084539071 -0.849404395 -0.565266898 -0.096334189 0.994548798 0.039904568 -0.100592260 0.848147631 0.061039299 0.526231706 -1.982236411
294560933 0.498700669 0.886578962 0.500000000 0.500000000 0.000000000 0.000000000 0.515038550 0.084898509 -0.852952242 -0.557531972 -0.096361659 0.994509757 0.040802315 -0.099387510 0.851733387 0.061177131 0.520391822 -2.005318937
294594300 0.498700669 0.886578962 0.500000000 0.500000000 0.000000000 0.000000000 0.509287238 0.085318565 -0.856356978 -0.552032952 -0.096556149 0.994455576 0.041654013 -0.096346586 0.855162799 0.061472669 0.514701605 -2.027628403
294627667 0.498700669 0.886578962 0.500000000 0.500000000 0.000000000 0.000000000 0.502590775 0.085646085 -0.860271633 -0.543607972 -0.096597664 0.994412899 0.042566180 -0.095426493 0.859110832 0.061706860 0.508055985 -2.050954922
294661033 0.498700669 0.886578962 0.500000000 0.500000000 0.000000000 0.000000000 0.495387942 0.086040080 -0.864400327 -0.533900036 -0.096843056 0.994349778 0.043474130 -0.094674217 0.863256752 0.062174607 0.500921249 -2.075879522
294694400 0.498700669 0.886578962 0.500000000 0.500000000 0.000000000 0.000000000 0.487776369 0.086629346 -0.868659616 -0.525342765 -0.097087070 0.994274318 0.044639524 -0.093844990 0.867553055 0.062561519 0.493394107 -2.103751442
294727767 0.498700669 0.886578962 0.500000000 0.500000000 0.000000000 0.000000000 0.478776067 0.086853296 -0.873630345 -0.508807275 -0.096979596 0.994236827 0.045695797 -0.094246101 0.872564256 0.062846266 0.484439790 -2.128952779
294761133 0.498700669 0.886578962 0.500000000 0.500000000 0.000000000 0.000000000 0.469466984 0.087156408 -0.878637850 -0.491018598 -0.097002007 0.994183779 0.046788614 -0.093662102 0.877605498 0.063263930 0.475190818 -2.154441490
294794500 0.498700669 0.886578962 0.500000000 0.500000000 0.000000000 0.000000000 0.460378379 0.087793916 -0.883370817 -0.477284543 -0.097595766 0.994071186 0.047932789 -0.088811618 0.882341683 0.064146027 0.466217190 -2.182757280
294827867 0.498700669 0.886578962 0.500000000 0.500000000 0.000000000 0.000000000 0.449553400 0.088247992 -0.888883591 -0.454663389 -0.097761758 0.993990958 0.049239945 -0.087072202 0.887887597 0.064762838 0.455479294 -2.209931738
294861233 0.498700669 0.886578962 0.500000000 0.500000000 0.000000000 0.000000000 0.438289165 0.088631012 -0.894453526 -0.431298457 -0.097884186 0.993914545 0.050522551 -0.084060227 0.893488288 0.065409370 0.444297552 -2.235959568
294894600 0.498700669 0.886578962 0.500000000 0.500000000 0.000000000 0.000000000 0.425805390 0.089156188 -0.900411546 -0.401675509 -0.097924307 0.993829310 0.052097660 -0.082958386 0.899500191 0.065988712 0.431908429 -2.262392691
294927967 0.498700669 0.886578962 0.500000000 0.500000000 0.000000000 0.000000000 0.413075089 0.089707248 -0.906267941 -0.376317106 -0.097959876 0.993739665 0.053715754 -0.080250560 0.905413091 0.066589259 0.419276804 -2.289995049
294961333 0.498700669 0.886578962 0.500000000 0.500000000 0.000000000 0.000000000 0.399002343 0.089900106 -0.912532270 -0.343277383 -0.097693942 0.993685663 0.055178694 -0.079067974 0.911730766 0.067132443 0.405265599 -2.315098842
294994700 0.498700669 0.886578962 0.500000000 0.500000000 0.000000000 0.000000000 0.383909732 0.090321630 -0.918942511 -0.308904894 -0.097327568 0.993618786 0.057000596 -0.077800563 0.918226898 0.067555360 0.390250683 -2.343045991
295028067 0.498700669 0.886578962 0.500000000 0.500000000 0.000000000 0.000000000 0.367834300 0.090834267 -0.925444245 -0.273800260 -0.096733652 0.993555844 0.059071049 -0.077648723 0.924846232 0.067793243 0.374250650 -2.368814106
295061433 0.498700669 0.886578962 0.500000000 0.500000000 0.000000000 0.000000000 0.350847960 0.091025695 -0.931997895 -0.235922682 -0.096256934 0.993498027 0.060796600 -0.075128675 0.931472123 0.068380892 0.357328624 -2.396312989
295094800 0.498700669 0.886578962 0.500000000 0.500000000 0.000000000 0.000000000 0.332843930 0.091945380 -0.938488662 -0.194871151 -0.096717291 0.993315101 0.063015111 -0.069454550 0.938008904 0.069793880 0.339511603 -2.416481952
295128167 0.498700669 0.886578962 0.500000000 0.500000000 0.000000000 0.000000000 0.313630223 0.092181981 -0.945060074 -0.150303785 -0.095833629 0.993267536 0.065080568 -0.070199223 0.944696784 0.070157304 0.320352852 -2.441856071
295161533 0.498700669 0.886578962 0.500000000 0.500000000 0.000000000 0.000000000 0.293609202 0.092570826 -0.951432765 -0.105638191 -0.095077068 0.993192792 0.067293435 -0.069720190 0.951185584 0.070701465 0.300411910 -2.465427708
295194900 0.498700669 0.886578962 0.500000000 0.500000000 0.000000000 0.000000000 0.272696137 0.092552058 -0.957638204 -0.055011280 -0.094315596 0.993139565 0.069125913 -0.070033814 0.957466125 0.071469851 0.279554397 -2.485382412
295228267 0.498700669 0.886578962 0.500000000 0.500000000 0.000000000 0.000000000 0.251548350 0.093419999 -0.963325560 -0.003903881 -0.094552055 0.992941618 0.071602158 -0.065689429 0.963215113 0.073073007 0.258605897 -2.503381912
295261633 0.498700669 0.886578962 0.500000000 0.500000000 0.000000000 0.000000000 0.230601177 0.094495013 -0.968449175 0.041983940 -0.094464950 0.992746234 0.074372351 -0.061946100 0.968452096 0.074334152 0.237854928 -2.521198265
295295000 0.498700669 0.886578962 0.500000000 0.500000000 0.000000000 0.000000000 0.209103450 0.095177978 -0.973250687 0.092885004 -0.094189495 0.992585123 0.076832101 -0.058181557 0.973346829 0.075604133 0.216517732 -2.536311883
295328367 0.498700669 0.886578962 0.500000000 0.500000000 0.000000000 0.000000000 0.187639877 0.095328234 -0.977601051 0.141105483 -0.093318209 0.992507517 0.078870386 -0.058008537 0.977794945 0.076428749 0.195129856 -2.552689856
295361733 0.498700669 0.886578962 0.500000000 0.500000000 0.000000000 0.000000000 0.164801463 0.094766311 -0.981763601 0.195875740 -0.092076845 0.992505014 0.080346875 -0.060011931 0.982019544 0.077156417 0.172292054 -2.567514691
295395100 0.498700669 0.886578962 0.500000000 0.500000000 0.000000000 0.000000000 0.142302677 0.095505610 -0.985204875 0.246150495 -0.092268050 0.992280245 0.082864329 -0.054960815 0.985513330 0.079111114 0.150016263 -2.577398461
295428467 0.498700669 0.886578962 0.500000000 0.500000000 0.000000000 0.000000000 0.119501099 0.095237046 -0.988255739 0.298642875 -0.091413036 0.992215931 0.084564909 -0.054121304 0.988616765 0.080233850 0.127276808 -2.588285803
295461833 0.498700669 0.886578962 0.500000000 0.500000000 0.000000000 0.000000000 0.096486896 0.095406465 -0.990751147 0.350792351 -0.090716414 0.992095470 0.086701266 -0.054056928 0.991191626 0.081511863 0.104379147 -2.596399444
