https://www.youtube.com/watch?v=9eyA2xOnw5A
182348000 0.500230350 0.889298364 0.500000000 0.500000000 0.000000000 0.000000000 0.999999702 -0.000136767 -0.000762040 0.096797266 0.000136703 1.000000000 -0.000084664 -0.004861739 0.000762051 0.000084560 0.999999702 -0.007400622
182382000 0.500230350 0.889298364 0.500000000 0.500000000 0.000000000 0.000000000 0.999999762 -0.000144733 -0.000643794 0.100514939 0.000144609 1.000000000 -0.000193192 -0.004888364 0.000643822 0.000193098 0.999999762 -0.007489706
182415000 0.500230350 0.889298364 0.500000000 0.500000000 0.000000000 0.000000000 0.999999642 -0.000259031 -0.000776466 0.105262001 0.000258893 0.999999940 -0.000177656 -0.005008338 0.000776512 0.000177455 0.999999702 -0.007783531
182448000 0.500230350 0.889298364 0.500000000 0.500000000 0.000000000 0.000000000 0.999999583 -0.000160131 -0.000903383 0.109693133 0.000159997 1.000000000 -0.000148445 -0.005139454 0.000903407 0.000148301 0.999999583 -0.008316708
182482000 0.500230350 0.889298364 0.500000000 0.500000000 0.000000000 0.000000000 0.999999523 -0.000209491 -0.000922073 0.113903441 0.000209505 1.000000000 0.000015439 -0.005896054 0.000922070 -0.000015632 0.999999583 -0.008402717
182515000 0.500230350 0.889298364 0.500000000 0.500000000 0.000000000 0.000000000 0.999999166 -0.000168432 -0.001270103 0.119634960 0.000168566 1.000000000 0.000106054 -0.006172912 0.001270085 -0.000106268 0.999999166 -0.009168165
182548000 0.500230350 0.889298364 0.500000000 0.500000000 0.000000000 0.000000000 0.999999225 -0.000279359 -0.001203916 0.123411997 0.000279399 0.999999940 0.000032930 -0.006350404 0.001203906 -0.000033267 0.999999285 -0.009358384
182582000 0.500230350 0.889298364 0.500000000 0.500000000 0.000000000 0.000000000 0.999999285 -0.000140329 -0.001188637 0.127646712 0.000140392 1.000000000 0.000052513 -0.006651561 0.001188630 -0.000052680 0.999999285 -0.009264565
182615000 0.500230350 0.889298364 0.500000000 0.500000000 0.000000000 0.000000000 0.999998927 -0.000296078 -0.001425854 0.132756800 0.000296063 0.999999940 -0.000011082 -0.006478138 0.001425858 0.000010660 0.999998987 -0.009959560
182648000 0.500230350 0.889298364 0.500000000 0.500000000 0.000000000 0.000000000 0.999999106 -0.000311264 -0.001308196 0.136298665 0.000311170 0.999999940 -0.000072119 -0.006897754 0.001308219 0.000071712 0.999999166 -0.010503811
182682000 0.500230350 0.889298364 0.500000000 0.500000000 0.000000000 0.000000000 0.999998748 -0.000222742 -0.001581593 0.140612341 0.000222828 1.000000000 0.000053831 -0.007459523 0.001581581 -0.000054183 0.999998748 -0.011010900
182715000 0.500230350 0.889298364 0.500000000 0.500000000 0.000000000 0.000000000 0.999998271 -0.000304476 -0.001831788 0.145129356 0.000304582 0.999999940 0.000057525 -0.007472598 0.001831770 -0.000058083 0.999998331 -0.011174831
182749000 0.500230350 0.889298364 0.500000000 0.500000000 0.000000000 0.000000000 0.999997914 -0.000267162 -0.002018153 0.149696078 0.000267105 0.999999940 -0.000028492 -0.007381743 0.002018160 0.000027953 0.999997973 -0.011405892
182782000 0.500230350 0.889298364 0.500000000 0.500000000 0.000000000 0.000000000 0.999997735 -0.000343873 -0.002086666 0.153680048 0.000344306 0.999999940 0.000207350 -0.008371778 0.002086595 -0.000208068 0.999997795 -0.012099405
182815000 0.500230350 0.889298364 0.500000000 0.500000000 0.000000000 0.000000000 0.999997258 -0.000494431 -0.002284016 0.158426997 0.000493959 0.999999881 -0.000207265 -0.007450908 0.002284118 0.000206136 0.999997377 -0.012603309
182849000 0.500230350 0.889298364 0.500000000 0.500000000 0.000000000 0.000000000 0.999997854 -0.000401670 -0.002027528 0.161291574 0.000401724 0.999999940 0.000026409 -0.008448930 0.002027517 -0.000027224 0.999997973 -0.012637624
182882000 0.500230350 0.889298364 0.500000000 0.500000000 0.000000000 0.000000000 0.999996662 -0.000528564 -0.002532953 0.166861047 0.000528473 0.999999881 -0.000036939 -0.008118114 0.002532972 0.000035600 0.999996781 -0.012988432
182915000 0.500230350 0.889298364 0.500000000 0.500000000 0.000000000 0.000000000 0.999997199 -0.000665658 -0.002271395 0.170141990 0.000665367 0.999999762 -0.000129151 -0.008233026 0.002271481 0.000127640 0.999997437 -0.013028921
182949000 0.500230350 0.889298364 0.500000000 0.500000000 0.000000000 0.000000000 0.999996662 -0.000639582 -0.002505749 0.174947596 0.000639244 0.999999762 -0.000135709 -0.008532598 0.002505835 0.000134107 0.999996841 -0.013391974
182982000 0.500230350 0.889298364 0.500000000 0.500000000 0.000000000 0.000000000 0.999996245 -0.000503527 -0.002686837 0.179439899 0.000503574 0.999999881 0.000017021 -0.008868745 0.002686828 -0.000018374 0.999996364 -0.013850123
183016000 0.500230350 0.889298364 0.500000000 0.500000000 0.000000000 0.000000000 0.999996305 -0.000495197 -0.002676253 0.183785297 0.000495451 0.999999881 0.000094464 -0.009314521 0.002676206 -0.000095790 0.999996424 -0.014259700
183049000 0.500230350 0.889298364 0.500000000 0.500000000 0.000000000 0.000000000 0.999995768 -0.000576701 -0.002849421 0.188727425 0.000577100 0.999999821 0.000139224 -0.009673967 0.002849340 -0.000140868 0.999995947 -0.014423581
183082000 0.500230350 0.889298364 0.500000000 0.500000000 0.000000000 0.000000000 0.999996424 -0.000630734 -0.002608580 0.192273057 0.000631334 0.999999762 0.000229436 -0.010153476 0.002608435 -0.000231082 0.999996543 -0.014758362
183116000 0.500230350 0.889298364 0.500000000 0.500000000 0.000000000 0.000000000 0.999996006 -0.000643911 -0.002745915 0.197389218 0.000644587 0.999999762 0.000245327 -0.010255937 0.002745756 -0.000247096 0.999996185 -0.015478202
183149000 0.500230350 0.889298364 0.500000000 0.500000000 0.000000000 0.000000000 0.999995291 -0.000853808 -0.002946959 0.202238558 0.000854390 0.999999642 0.000196077 -0.010500089 0.002946790 -0.000198594 0.999995649 -0.015958915
183182000 0.500230350 0.889298364 0.500000000 0.500000000 0.000000000 0.000000000 0.999995947 -0.000829615 -0.002733188 0.205994033 0.000829962 0.999999642 0.000125664 -0.010188618 0.002733083 -0.000127932 0.999996245 -0.015774561
183216000 0.500230350 0.889298364 0.500000000 0.500000000 0.000000000 0.000000000 0.999995410 -0.000837856 -0.002921209 0.210717881 0.000838106 0.999999642 0.000084322 -0.010573108 0.002921137 -0.000086770 0.999995708 -0.016477934
183249000 0.500230350 0.889298364 0.500000000 0.500000000 0.000000000 0.000000000 0.999994993 -0.000844458 -0.003046301 0.215067585 0.000844487 0.999999642 0.000008245 -0.010620618 0.003046293 -0.000010818 0.999995351 -0.016520937
183282000 0.500230350 0.889298364 0.500000000 0.500000000 0.000000000 0.000000000 0.999994874 -0.000960828 -0.003049553 0.218982565 0.000961021 0.999999523 0.000062107 -0.011144926 0.003049492 -0.000065037 0.999995351 -0.016904525
183316000 0.500230350 0.889298364 0.500000000 0.500000000 0.000000000 0.000000000 0.999993980 -0.001021720 -0.003314910 0.223732591 0.001022184 0.999999464 0.000138342 -0.011491702 0.003314767 -0.000141730 0.999994516 -0.017304608
183349000 0.500230350 0.889298364 0.500000000 0.500000000 0.000000000 0.000000000 0.999994516 -0.001145818 -0.003102329 0.227110478 0.001146649 0.999999285 0.000266190 -0.011996730 0.003102022 -0.000269746 0.999995172 -0.017552367
183383000 0.500230350 0.889298364 0.500000000 0.500000000 0.000000000 0.000000000 0.999993324 -0.001114471 -0.003488350 0.232637001 0.001114548 0.999999404 0.000020097 -0.011559156 0.003488326 -0.000023985 0.999993920 -0.017813564
183416000 0.500230350 0.889298364 0.500000000 0.500000000 0.000000000 0.000000000 0.999993503 -0.001162165 -0.003406965 0.236248041 0.001162368 0.999999344 0.000057495 -0.012066173 0.003406896 -0.000061455 0.999994218 -0.018256449
183449000 0.500230350 0.889298364 0.500000000 0.500000000 0.000000000 0.000000000 0.999991953 -0.001276361 -0.003796445 0.241226216 0.001276396 0.999999166 0.000006796 -0.011700448 0.003796434 -0.000011642 0.999992788 -0.018607167
183483000 0.500230350 0.889298364 0.500000000 0.500000000 0.000000000 0.000000000 0.999991536 -0.001354937 -0.003886145 0.244889184 0.001354714 0.999999106 -0.000060066 -0.011952381 0.003886223 0.000054801 0.999992430 -0.019052988
183516000 0.500230350 0.889298364 0.500000000 0.500000000 0.000000000 0.000000000 0.999989271 -0.001476651 -0.004394513 0.250363049 0.001476932 0.999998927 0.000060772 -0.012501424 0.004394419 -0.000067262 0.999990344 -0.019266849
183549000 0.500230350 0.889298364 0.500000000 0.500000000 0.000000000 0.000000000 0.999988616 -0.001462727 -0.004541840 0.254543912 0.001462603 0.999998927 -0.000030751 -0.012529435 0.004541880 0.000024108 0.999989688 -0.019739149
183583000 0.500230350 0.889298364 0.500000000 0.500000000 0.000000000 0.000000000 0.999989986 -0.001321201 -0.004273716 0.257475596 0.001321358 0.999999106 0.000034031 -0.012603269 0.004273668 -0.000039678 0.999990880 -0.019889877
183616000 0.500230350 0.889298364 0.500000000 0.500000000 0.000000000 0.000000000 0.999987066 -0.001558806 -0.004842996 0.263514076 0.001559109 0.999998808 0.000058721 -0.013154187 0.004842898 -0.000066271 0.999988258 -0.020488979
183649000 0.500230350 0.889298364 0.500000000 0.500000000 0.000000000 0.000000000 0.999986351 -0.001527343 -0.004993651 0.268310887 0.001527948 0.999998808 0.000117457 -0.013666601 0.004993465 -0.000125086 0.999987543 -0.020573300
183683000 0.500230350 0.889298364 0.500000000 0.500000000 0.000000000 0.000000000 0.999985814 -0.001623983 -0.005067299 0.272254647 0.001625000 0.999998689 0.000196507 -0.014106875 0.005066973 -0.000204739 0.999987125 -0.020684470
183716000 0.500230350 0.889298364 0.500000000 0.500000000 0.000000000 0.000000000 0.999983728 -0.001785332 -0.005414114 0.276910800 0.001785074 0.999998391 -0.000052521 -0.013659757 0.005414200 0.000042855 0.999985337 -0.021217787
183750000 0.500230350 0.889298364 0.500000000 0.500000000 0.000000000 0.000000000 0.999981105 -0.001764152 -0.005891989 0.282605487 0.001764124 0.999998450 -0.000009991 -0.013873734 0.005891997 -0.000000403 0.999982655 -0.021905619
183783000 0.500230350 0.889298364 0.500000000 0.500000000 0.000000000 0.000000000 0.999981165 -0.001795682 -0.005866589 0.286458521 0.001795040 0.999998391 -0.000114736 -0.014138011 0.005866785 0.000104203 0.999982774 -0.021892356
183816000 0.500230350 0.889298364 0.500000000 0.500000000 0.000000000 0.000000000 0.999980390 -0.001938166 -0.005952842 0.290874302 0.001937918 0.999998093 -0.000047407 -0.014261058 0.005952923 0.000035870 0.999982297 -0.022200711
183850000 0.500230350 0.889298364 0.500000000 0.500000000 0.000000000 0.000000000 0.999981999 -0.001772547 -0.005734853 0.293658754 0.001772360 0.999998450 -0.000037777 -0.014522007 0.005734911 0.000027612 0.999983549 -0.022332007
183883000 0.500230350 0.889298364 0.500000000 0.500000000 0.000000000 0.000000000 0.999978960 -0.001877297 -0.006207224 0.299159843 0.001877448 0.999998212 0.000018539 -0.014842555 0.006207178 -0.000030192 0.999980748 -0.022905115
183916000 0.500230350 0.889298364 0.500000000 0.500000000 0.000000000 0.000000000 0.999978006 -0.002053724 -0.006303565 0.303590102 0.002052734 0.999997854 -0.000163445 -0.014635866 0.006303887 0.000150502 0.999980092 -0.023045367
183950000 0.500230350 0.889298364 0.500000000 0.500000000 0.000000000 0.000000000 0.999978304 -0.002109753 -0.006238157 0.306945368 0.002109729 0.999997795 -0.000010572 -0.014991725 0.006238165 -0.000002589 0.999980569 -0.023161071
183983000 0.500230350 0.889298364 0.500000000 0.500000000 0.000000000 0.000000000 0.999976277 -0.002019787 -0.006588535 0.311735675 0.002020716 0.999997973 0.000134352 -0.015677908 0.006588250 -0.000147662 0.999978304 -0.023761759
184017000 0.500230350 0.889298364 0.500000000 0.500000000 0.000000000 0.000000000 0.999975026 -0.002332423 -0.006672909 0.316214519 0.002331953 0.999997258 -0.000078248 -0.015720418 0.006673073 0.000062685 0.999977708 -0.023943781
