https://www.youtube.com/watch?v=C5bwQbcDSHw
130330200 0.491776838 0.874269990 0.500000000 0.500000000 0.000000000 0.000000000 0.887665272 0.089081012 -0.451790869 0.267055092 -0.104138292 0.994526386 -0.008513953 0.138019294 0.448559493 0.054606270 0.892083228 -0.393232362
130363567 0.491776838 0.874269990 0.500000000 0.500000000 0.000000000 0.000000000 0.882909954 0.091166116 -0.460606933 0.272753528 -0.106663659 0.994265616 -0.007666132 0.139108536 0.457266718 0.055898525 0.887571096 -0.400295907
130396933 0.491776838 0.874269990 0.500000000 0.500000000 0.000000000 0.000000000 0.877912521 0.093420066 -0.469619274 0.278496294 -0.109542601 0.993957043 -0.007055265 0.141167229 0.466122299 0.057637222 0.882840872 -0.408743568
130430300 0.491776838 0.874269990 0.500000000 0.500000000 0.000000000 0.000000000 0.873267710 0.094919331 -0.477905631 0.282716982 -0.111679651 0.993721664 -0.006701823 0.142407219 0.474269032 0.059224818 0.878385603 -0.417066180
130463667 0.491776838 0.874269990 0.500000000 0.500000000 0.000000000 0.000000000 0.868369877 0.096338838 -0.486469537 0.287239404 -0.113197610 0.993558347 -0.005301746 0.139929361 0.482825100 0.059671067 0.873681426 -0.426022609
130497033 0.491776838 0.874269990 0.500000000 0.500000000 0.000000000 0.000000000 0.863241434 0.098875538 -0.495013028 0.292878742 -0.116834827 0.993136823 -0.005373037 0.145197865 0.491084397 0.062472988 0.868868947 -0.433169535
130530400 0.491776838 0.874269990 0.500000000 0.500000000 0.000000000 0.000000000 0.858007431 0.099965774 -0.503815532 0.299688490 -0.118717670 0.992914617 -0.005166912 0.146147223 0.499729276 0.064245053 0.863795817 -0.440743258
130563767 0.491776838 0.874269990 0.500000000 0.500000000 0.000000000 0.000000000 0.852865875 0.102739632 -0.511922240 0.304140061 -0.122054681 0.992514670 -0.004152345 0.148613212 0.507663786 0.066023901 0.859021723 -0.448543301
130597133 0.491776838 0.874269990 0.500000000 0.500000000 0.000000000 0.000000000 0.847373784 0.103810385 -0.520750463 0.311962972 -0.123332590 0.992361248 -0.002863958 0.146229727 0.516475260 0.066652350 0.853704154 -0.454431834
130630500 0.491776838 0.874269990 0.500000000 0.500000000 0.000000000 0.000000000 0.842185974 0.106475577 -0.528569520 0.316793248 -0.126844168 0.991919994 -0.002291313 0.149881378 0.524054706 0.068975672 0.848886907 -0.460698294
130663867 0.491776838 0.874269990 0.500000000 0.500000000 0.000000000 0.000000000 0.836858988 0.107952580 -0.536668718 0.322393739 -0.128808409 0.991668522 -0.001381286 0.149360800 0.532048345 0.070283383 0.843791902 -0.468567123
130697233 0.491776838 0.874269990 0.500000000 0.500000000 0.000000000 0.000000000 0.831433952 0.109873183 -0.544651687 0.328045757 -0.131486997 0.991317630 -0.000740899 0.151245745 0.539841413 0.072230622 0.838662028 -0.475387330
130730600 0.491776838 0.874269990 0.500000000 0.500000000 0.000000000 0.000000000 0.826104343 0.111325763 -0.552411199 0.333521494 -0.133685529 0.991023779 -0.000202235 0.152068570 0.547430158 0.074016452 0.833571732 -0.481689427
130763967 0.491776838 0.874269990 0.500000000 0.500000000 0.000000000 0.000000000 0.820425153 0.113282911 -0.560419083 0.339592201 -0.136314437 0.990665376 0.000695299 0.153068987 0.555266500 0.075822771 0.828208923 -0.489074796
130797333 0.491776838 0.874269990 0.500000000 0.500000000 0.000000000 0.000000000 0.815234363 0.115110099 -0.567576051 0.343145853 -0.138978809 0.990294576 0.001220279 0.155231734 0.562207997 0.077886239 0.823320031 -0.495848761
130830700 0.491776838 0.874269990 0.500000000 0.500000000 0.000000000 0.000000000 0.809620440 0.116540387 -0.575267851 0.348289593 -0.141105831 0.989992559 0.001967701 0.156046203 0.569740236 0.079580553 0.817962706 -0.503162022
130864067 0.491776838 0.874269990 0.500000000 0.500000000 0.000000000 0.000000000 0.803859890 0.118032798 -0.582990170 0.353619739 -0.143000975 0.989717364 0.003201372 0.155615740 0.577373385 0.080794707 0.812472880 -0.510768854
130897433 0.491776838 0.874269990 0.500000000 0.500000000 0.000000000 0.000000000 0.798126042 0.119462892 -0.590528131 0.358664764 -0.145213366 0.989392698 0.003889986 0.156894355 0.584728897 0.082647875 0.807007670 -0.518003275
130930800 0.491776838 0.874269990 0.500000000 0.500000000 0.000000000 0.000000000 0.792570531 0.120956019 -0.597663462 0.362132385 -0.147423074 0.989062488 0.004667982 0.158024289 0.591691136 0.084409676 0.801733494 -0.525426384
130964167 0.491776838 0.874269990 0.500000000 0.500000000 0.000000000 0.000000000 0.786781192 0.122230463 -0.605008364 0.366353188 -0.149428785 0.988757551 0.005435528 0.158869131 0.598870993 0.086129092 0.796200573 -0.533260085
130997533 0.491776838 0.874269990 0.500000000 0.500000000 0.000000000 0.000000000 0.780955613 0.123692915 -0.612215936 0.370405503 -0.151496932 0.988436639 0.006452346 0.159546885 0.605934799 0.087709844 0.790664315 -0.540679129
131030900 0.491776838 0.874269990 0.500000000 0.500000000 0.000000000 0.000000000 0.774819434 0.124967195 -0.619708002 0.376273939 -0.153413996 0.988133907 0.007448949 0.159983394 0.613285363 0.089300290 0.784797132 -0.547350830
131064267 0.491776838 0.874269990 0.500000000 0.500000000 0.000000000 0.000000000 0.769153893 0.126085490 -0.626501977 0.379345557 -0.155255586 0.987840295 0.008199321 0.160498446 0.619917691 0.090961389 0.779376686 -0.554870879
131097633 0.491776838 0.874269990 0.500000000 0.500000000 0.000000000 0.000000000 0.763147771 0.127202436 -0.633581102 0.383863086 -0.157200575 0.987526476 0.008915200 0.161390216 0.626812160 0.092795700 0.773624897 -0.561595628
131131000 0.491776838 0.874269990 0.500000000 0.500000000 0.000000000 0.000000000 0.757419169 0.128337190 -0.640191972 0.386955622 -0.158748716 0.987267375 0.010096668 0.160526721 0.633336425 0.093982242 0.768148601 -0.567741839
131164367 0.491776838 0.874269990 0.500000000 0.500000000 0.000000000 0.000000000 0.750560760 0.130062073 -0.647875309 0.394808410 -0.161306769 0.986840367 0.011236697 0.162100911 0.640810966 0.096072853 0.761663496 -0.572561585
131197733 0.491776838 0.874269990 0.500000000 0.500000000 0.000000000 0.000000000 0.744145751 0.131483302 -0.654949784 0.400336235 -0.163028210 0.986538112 0.012820124 0.161219835 0.647818565 0.097235255 0.755563617 -0.577472995
131231100 0.491776838 0.874269990 0.500000000 0.500000000 0.000000000 0.000000000 0.737772763 0.132619157 -0.661893904 0.405990114 -0.164858907 0.986220002 0.013844007 0.161223170 0.654608965 0.098905370 0.749469697 -0.582634196
131264467 0.491776838 0.874269990 0.500000000 0.500000000 0.000000000 0.000000000 0.731604874 0.134067267 -0.668416262 0.410316191 -0.167112827 0.985826373 0.014820832 0.162502848 0.660929382 0.100857936 0.743639708 -0.586869716
131297833 0.491776838 0.874269990 0.500000000 0.500000000 0.000000000 0.000000000 0.725216866 0.135186270 -0.675118685 0.415554350 -0.169143677 0.985467374 0.015635505 0.163297209 0.667421103 0.102852918 0.737543464 -0.591831487
131331200 0.491776838 0.874269990 0.500000000 0.500000000 0.000000000 0.000000000 0.718058169 0.136606827 -0.682444930 0.424621947 -0.171579644 0.985029697 0.016642530 0.164787417 0.674502015 0.105143361 0.730747521 -0.594825141
131364567 0.491776838 0.874269990 0.500000000 0.500000000 0.000000000 0.000000000 0.710547149 0.138313264 -0.689921856 0.434431489 -0.174008012 0.984576523 0.018174643 0.165656032 0.681794643 0.107138000 0.723655641 -0.597390453
131397933 0.491776838 0.874269990 0.500000000 0.500000000 0.000000000 0.000000000 0.703940988 0.139901578 -0.696343720 0.440171121 -0.176357239 0.984134257 0.019439878 0.166793629 0.688015401 0.109120734 0.717445135 -0.601411689
131431300 0.491776838 0.874269990 0.500000000 0.500000000 0.000000000 0.000000000 0.696598887 0.141666189 -0.703335404 0.449050815 -0.179354101 0.983571470 0.020475231 0.169926538 0.694681287 0.111883067 0.710563183 -0.603925831
131464667 0.491776838 0.874269990 0.500000000 0.500000000 0.000000000 0.000000000 0.688784719 0.142603979 -0.710802138 0.459538056 -0.181048810 0.983232021 0.021819217 0.169576626 0.701994956 0.113661140 0.703053474 -0.605780283
131498033 0.491776838 0.874269990 0.500000000 0.500000000 0.000000000 0.000000000 0.681239784 0.143653035 -0.717827380 0.468712913 -0.182747185 0.982884645 0.023264242 0.169328439 0.708883464 0.115332402 0.695832312 -0.608137151
131531400 0.491776838 0.874269990 0.500000000 0.500000000 0.000000000 0.000000000 0.674358308 0.145328879 -0.723961592 0.476052606 -0.184963197 0.982429326 0.024923816 0.169638702 0.714863241 0.117098667 0.689389884 -0.609643004
131564767 0.491776838 0.874269990 0.500000000 0.500000000 0.000000000 0.000000000 0.666922152 0.146501258 -0.730583489 0.485129391 -0.187237129 0.981970906 0.025989337 0.171067305 0.721219182 0.119459495 0.682328582 -0.612161298
131598133 0.491776838 0.874269990 0.500000000 0.500000000 0.000000000 0.000000000 0.659850836 0.147479668 -0.736781299 0.492388206 -0.189043269 0.981592596 0.027178477 0.171407909 0.727227330 0.121349804 0.675584674 -0.615075780
131631500 0.491776838 0.874269990 0.500000000 0.500000000 0.000000000 0.000000000 0.652257800 0.148298845 -0.743348658 0.502521176 -0.191376776 0.981122613 0.027809760 0.174035889 0.733440340 0.124120541 0.668325782 -0.616131782
131664867 0.491776838 0.874269990 0.500000000 0.500000000 0.000000000 0.000000000 0.645516992 0.148869410 -0.749096632 0.508865848 -0.192583680 0.980852783 0.028972149 0.173051816 0.739066541 0.125561774 0.661826909 -0.618127432
131698233 0.491776838 0.874269990 0.500000000 0.500000000 0.000000000 0.000000000 0.638269067 0.149845213 -0.755088747 0.517259448 -0.194354028 0.980463862 0.030284733 0.173145048 0.744875252 0.127424732 0.654922724 -0.619404744
131731600 0.491776838 0.874269990 0.500000000 0.500000000 0.000000000 0.000000000 0.631087840 0.150396973 -0.760992050 0.524888814 -0.195910901 0.980124056 0.031236470 0.173054283 0.750564516 0.129373685 0.648008764 -0.621017363
131764967 0.491776838 0.874269990 0.500000000 0.500000000 0.000000000 0.000000000 0.623534322 0.151286140 -0.767018557 0.534365749 -0.197984442 0.979673445 0.032282036 0.174429376 0.756311536 0.131728783 0.640812278 -0.620977581
131798333 0.491776838 0.874269990 0.500000000 0.500000000 0.000000000 0.000000000 0.616007268 0.151707396 -0.772994101 0.543074056 -0.199405923 0.979351044 0.033298187 0.174389610 0.762084186 0.133627683 0.633538723 -0.621863949
131831700 0.491776838 0.874269990 0.500000000 0.500000000 0.000000000 0.000000000 0.608131111 0.152319342 -0.779086232 0.553196232 -0.201256022 0.978938043 0.034298066 0.175228154 0.767901421 0.135938078 0.625977814 -0.621871437
131865067 0.491776838 0.874269990 0.500000000 0.500000000 0.000000000 0.000000000 0.600365758 0.152700603 -0.785011768 0.562593410 -0.202743620 0.978595376 0.035301093 0.175232926 0.773599386 0.137962565 0.618474245 -0.621531680
131898433 0.491776838 0.874269990 0.500000000 0.500000000 0.000000000 0.000000000 0.592458010 0.153718561 -0.790799677 0.572573280 -0.204963058 0.978086352 0.036568075 0.176672241 0.779091597 0.140419677 0.610981703 -0.620170050
131931800 0.491776838 0.874269990 0.500000000 0.500000000 0.000000000 0.000000000 0.584711730 0.154284969 -0.796434760 0.581898265 -0.206697971 0.977680266 0.037646085 0.177195735 0.784466803 0.142609343 0.603551507 -0.619594112
131965167 0.491776838 0.874269990 0.500000000 0.500000000 0.000000000 0.000000000 0.576935649 0.155059248 -0.801936328 0.591244199 -0.208752930 0.977199852 0.038764741 0.178479343 0.789662838 0.145041794 0.596150517 -0.618004528
131998533 0.491776838 0.874269990 0.500000000 0.500000000 0.000000000 0.000000000 0.569006383 0.155821800 -0.807435036 0.601197139 -0.210622400 0.976745963 0.040068649 0.178828292 0.794902503 0.147264585 0.588594258 -0.615742731
132031900 0.491776838 0.874269990 0.500000000 0.500000000 0.000000000 0.000000000 0.560865641 0.156577334 -0.812965751 0.612037240 -0.212539822 0.976275027 0.041399363 0.179428909 0.800160348 0.149568111 0.580838025 -0.612851704
132065267 0.491776838 0.874269990 0.500000000 0.500000000 0.000000000 0.000000000 0.553412318 0.157230422 -0.817932427 0.620153805 -0.214202791 0.975857258 0.042658769 0.179617577 0.804892540 0.151595518 0.573730588 -0.611292048
132098633 0.491776838 0.874269990 0.500000000 0.500000000 0.000000000 0.000000000 0.545614064 0.157447398 -0.823113322 0.629917596 -0.215528667 0.975517690 0.043733042 0.179333659 0.809847295 0.153543159 0.566190660 -0.608966110
132132000 0.491776838 0.874269990 0.500000000 0.500000000 0.000000000 0.000000000 0.538403869 0.157623261 -0.827814102 0.638216025 -0.216849878 0.975183487 0.044646241 0.179229269 0.814307928 0.155473679 0.559223175 -0.607951637
132165367 0.491776838 0.874269990 0.500000000 0.500000000 0.000000000 0.000000000 0.531200945 0.157781497 -0.832424521 0.646685335 -0.218057245 0.974868655 0.045630585 0.178832633 0.818704247 0.157277182 0.552256525 -0.606740923
132198733 0.491776838 0.874269990 0.500000000 0.500000000 0.000000000 0.000000000 0.524190426 0.157950848 -0.836824894 0.654530083 -0.219252661 0.974554300 0.046606567 0.178451565 0.822892845 0.159045368 0.545483172 -0.605703985
132232100 0.491776838 0.874269990 0.500000000 0.500000000 0.000000000 0.000000000 0.517183423 0.158051133 -0.841154635 0.662242436 -0.220407918 0.974248528 0.047541514 0.178081332 0.827007651 0.160809457 0.538700879 -0.604643146
132265467 0.491776838 0.874269990 0.500000000 0.500000000 0.000000000 0.000000000 0.510081947 0.157984167 -0.845492423 0.670540930 -0.221448839 0.973970532 0.048391767 0.177770764 0.831129849 0.162549555 0.531790197 -0.602735498
132298833 0.491776838 0.874269990 0.500000000 0.500000000 0.000000000 0.000000000 0.503302157 0.157833397 -0.849573731 0.677889439 -0.222421095 0.973712027 0.049129657 0.177354239 0.834994495 0.164236054 0.525176823 -0.600860178
132332200 0.491776838 0.874269990 0.500000000 0.500000000 0.000000000 0.000000000 0.496517539 0.157954037 -0.853534341 0.685264251 -0.223628148 0.973388910 0.050045326 0.177166975 0.838725686 0.166025922 0.518627644 -0.598926560
132365567 0.491776838 0.874269990 0.500000000 0.500000000 0.000000000 0.000000000 0.489835024 0.157484591 -0.857473195 0.692374620 -0.224456623 0.973174036 0.050512597 0.176976095 0.842425585 0.167722702 0.512043178 -0.596644126
