https://www.youtube.com/watch?v=zB5YxUJjuck
102068633 0.502271301 0.892926775 0.500000000 0.500000000 0.000000000 0.000000000 0.999643445 -0.000776642 -0.026689691 0.036192359 0.000892425 0.999990225 0.004326471 0.031945065 0.026686070 -0.004348747 0.999634385 -0.304615016
102102000 0.502271301 0.892926775 0.500000000 0.500000000 0.000000000 0.000000000 0.999588907 -0.000401763 -0.028668880 0.041443432 0.000524376 0.999990761 0.004269495 0.035802692 0.028666899 -0.004282773 0.999579847 -0.317456913
102135367 0.502271301 0.892926775 0.500000000 0.500000000 0.000000000 0.000000000 0.999529064 -0.000607006 -0.030680606 0.046816179 0.000752763 0.999988496 0.004739459 0.036865235 0.030677374 -0.004760323 0.999517977 -0.330244261
102168733 0.502271301 0.892926775 0.500000000 0.500000000 0.000000000 0.000000000 0.999484956 -0.000697231 -0.032084033 0.050695398 0.000846593 0.999988854 0.004641993 0.039842490 0.032080438 -0.004666763 0.999474406 -0.342372163
102202100 0.502271301 0.892926775 0.500000000 0.500000000 0.000000000 0.000000000 0.999427795 -0.000742279 -0.033815823 0.056117939 0.000897505 0.999989152 0.004575369 0.042524233 0.033812061 -0.004603100 0.999417603 -0.353645799
102235467 0.502271301 0.892926775 0.500000000 0.500000000 0.000000000 0.000000000 0.999393165 -0.000668477 -0.034825850 0.059253253 0.000814997 0.999990880 0.004193187 0.046914045 0.034822732 -0.004219026 0.999384582 -0.365925093
102268833 0.502271301 0.892926775 0.500000000 0.500000000 0.000000000 0.000000000 0.999369562 -0.000954887 -0.035490770 0.062054817 0.001093018 0.999991894 0.003872838 0.050417630 0.035486784 -0.003909188 0.999362528 -0.378233718
102302200 0.502271301 0.892926775 0.500000000 0.500000000 0.000000000 0.000000000 0.999355197 -0.001175811 -0.035885349 0.064209175 0.001295610 0.999993682 0.003315305 0.054788140 0.035881225 -0.003359661 0.999350429 -0.390333766
102335567 0.502271301 0.892926775 0.500000000 0.500000000 0.000000000 0.000000000 0.999352574 -0.001910853 -0.035926703 0.065097743 0.002036921 0.999991894 0.003472769 0.056757954 0.035919774 -0.003543700 0.999348402 -0.402433202
102368933 0.502271301 0.892926775 0.500000000 0.500000000 0.000000000 0.000000000 0.999352753 -0.002209163 -0.035905357 0.065958215 0.002318056 0.999992847 0.002991430 0.061184433 0.035898492 -0.003072724 0.999350727 -0.413356443
102402300 0.502271301 0.892926775 0.500000000 0.500000000 0.000000000 0.000000000 0.999338984 -0.002738628 -0.036249697 0.068627181 0.002847739 0.999991596 0.002958694 0.063309385 0.036241289 -0.003059969 0.999338388 -0.423537194
102435667 0.502271301 0.892926775 0.500000000 0.500000000 0.000000000 0.000000000 0.999345601 -0.002841343 -0.036058988 0.069454381 0.002925080 0.999993145 0.002269703 0.068000576 0.036052294 -0.002373693 0.999347091 -0.433887035
102469033 0.502271301 0.892926775 0.500000000 0.500000000 0.000000000 0.000000000 0.999347329 -0.003111330 -0.035989717 0.071243063 0.003171618 0.999993682 0.001618163 0.072073714 0.035984453 -0.001731252 0.999350846 -0.443682711
102502400 0.502271301 0.892926775 0.500000000 0.500000000 0.000000000 0.000000000 0.999360442 -0.003730671 -0.035564035 0.071724240 0.003791198 0.999991477 0.001634650 0.073984998 0.035557635 -0.001768435 0.999366045 -0.454033314
102535767 0.502271301 0.892926775 0.500000000 0.500000000 0.000000000 0.000000000 0.999379992 -0.004252737 -0.034950476 0.071691676 0.004302893 0.999989808 0.001359962 0.076625678 0.034944337 -0.001509506 0.999388099 -0.464349331
102569133 0.502271301 0.892926775 0.500000000 0.500000000 0.000000000 0.000000000 0.999409497 -0.005052140 -0.033986751 0.071562297 0.005085528 0.999986649 0.000896000 0.079843609 0.033981770 -0.001068311 0.999421895 -0.474524219
102602500 0.502271301 0.892926775 0.500000000 0.500000000 0.000000000 0.000000000 0.999442637 -0.005842680 -0.032867961 0.071068127 0.005869829 0.999982536 0.000729580 0.081460875 0.032863121 -0.000922102 0.999459445 -0.483321619
102635867 0.502271301 0.892926775 0.500000000 0.500000000 0.000000000 0.000000000 0.999480546 -0.006587608 -0.031547192 0.070441943 0.006597321 0.999978244 0.000203837 0.084063333 0.031545162 -0.000411858 0.999502242 -0.492331256
102669233 0.502271301 0.892926775 0.500000000 0.500000000 0.000000000 0.000000000 0.999531388 -0.007354752 -0.029714338 0.067585260 0.007344366 0.999972939 -0.000458654 0.086999083 0.029716907 0.000240206 0.999558330 -0.501736081
102702600 0.502271301 0.892926775 0.500000000 0.500000000 0.000000000 0.000000000 0.999567866 -0.008327881 -0.028191535 0.066395657 0.008314093 0.999965250 -0.000606285 0.088011738 0.028195605 0.000371636 0.999602377 -0.510370392
102735967 0.502271301 0.892926775 0.500000000 0.500000000 0.000000000 0.000000000 0.999602139 -0.009471543 -0.026568862 0.064791396 0.009447705 0.999954820 -0.001022608 0.089827535 0.026577346 0.000771187 0.999646485 -0.518367698
102769333 0.502271301 0.892926775 0.500000000 0.500000000 0.000000000 0.000000000 0.999632776 -0.010495408 -0.024982145 0.063612493 0.010466774 0.999944389 -0.001276664 0.090582803 0.024994155 0.001014713 0.999687076 -0.525148795
102802700 0.502271301 0.892926775 0.500000000 0.500000000 0.000000000 0.000000000 0.999660075 -0.011750770 -0.023273870 0.062348023 0.011718826 0.999930203 -0.001508420 0.091409079 0.023289971 0.001235165 0.999727964 -0.531372212
