https://www.youtube.com/watch?v=nJfVitBHM20
39960000 0.495946037 0.881681890 0.500000000 0.500000000 0.000000000 0.000000000 0.999999642 -0.000690966 0.000491870 0.001651119 0.000688748 0.999989629 0.004495638 0.001605814 -0.000494971 -0.004495298 0.999989748 0.118223264
40000000 0.495946037 0.881681890 0.500000000 0.500000000 0.000000000 0.000000000 0.999999702 -0.000578189 0.000542292 0.001869039 0.000575611 0.999988616 0.004741821 0.001657320 -0.000545027 -0.004741508 0.999988616 0.122253918
40040000 0.495946037 0.881681890 0.500000000 0.500000000 0.000000000 0.000000000 0.999999583 -0.000596816 0.000694398 0.001924215 0.000593348 0.999987423 0.004984406 0.001596411 -0.000697364 -0.004983992 0.999987364 0.126472027
40080000 0.495946037 0.881681890 0.500000000 0.500000000 0.000000000 0.000000000 0.999999464 -0.000620984 0.000792905 0.001964647 0.000616841 0.999986231 0.005215236 0.001746101 -0.000796133 -0.005214745 0.999986112 0.130700031
40120000 0.495946037 0.881681890 0.500000000 0.500000000 0.000000000 0.000000000 0.999999344 -0.000702002 0.000930874 0.002112187 0.000696388 0.999981642 0.006017862 0.001983911 -0.000935081 -0.006017210 0.999981463 0.134280308
40160000 0.495946037 0.881681890 0.500000000 0.500000000 0.000000000 0.000000000 0.999999166 -0.000739990 0.001073784 0.001970236 0.000733000 0.999978662 0.006495743 0.001507842 -0.001078568 -0.006494951 0.999978304 0.140041801
40200000 0.495946037 0.881681890 0.500000000 0.500000000 0.000000000 0.000000000 0.999999046 -0.000798677 0.001104882 0.002343913 0.000791673 0.999979675 0.006325375 0.001801978 -0.001109911 -0.006324494 0.999979377 0.143112186
40240000 0.495946037 0.881681890 0.500000000 0.500000000 0.000000000 0.000000000 0.999998808 -0.000981478 0.001196459 0.002433866 0.000973156 0.999975443 0.006936783 0.001609261 -0.001203238 -0.006935610 0.999975204 0.148270380
40280000 0.495946037 0.881681890 0.500000000 0.500000000 0.000000000 0.000000000 0.999998689 -0.001033483 0.001251586 0.002445709 0.001024993 0.999976575 0.006764997 0.001738733 -0.001258548 -0.006763705 0.999976337 0.152084198
40320000 0.495946037 0.881681890 0.500000000 0.500000000 0.000000000 0.000000000 0.999998569 -0.001122218 0.001275689 0.002663834 0.001112861 0.999972641 0.007312255 0.001764064 -0.001283860 -0.007310825 0.999972463 0.156684325
40360000 0.495946037 0.881681890 0.500000000 0.500000000 0.000000000 0.000000000 0.999998450 -0.001110370 0.001374114 0.002669426 0.001100354 0.999972999 0.007268147 0.001815758 -0.001382147 -0.007266624 0.999972641 0.160687181
40400000 0.495946037 0.881681890 0.500000000 0.500000000 0.000000000 0.000000000 0.999998391 -0.001073298 0.001445846 0.002644351 0.001062004 0.999969065 0.007789929 0.001779753 -0.001454162 -0.007788381 0.999968588 0.164839744
40440000 0.495946037 0.881681890 0.500000000 0.500000000 0.000000000 0.000000000 0.999998331 -0.001036218 0.001487487 0.002925127 0.001024541 0.999968827 0.007829585 0.001810475 -0.001495554 -0.007828048 0.999968231 0.168744091
40480000 0.495946037 0.881681890 0.500000000 0.500000000 0.000000000 0.000000000 0.999998450 -0.001038458 0.001402272 0.003040022 0.001027075 0.999966741 0.008094437 0.001975431 -0.001410631 -0.008092985 0.999966264 0.171905372
40520000 0.495946037 0.881681890 0.500000000 0.500000000 0.000000000 0.000000000 0.999998748 -0.000964361 0.001273223 0.002759417 0.000954019 0.999966741 0.008098986 0.001827152 -0.001280991 -0.008097761 0.999966383 0.175468740
40560000 0.495946037 0.881681890 0.500000000 0.500000000 0.000000000 0.000000000 0.999998927 -0.000909226 0.001162124 0.003044109 0.000899785 0.999966800 0.008098752 0.002060759 -0.001169449 -0.008097698 0.999966502 0.177917449
40600000 0.495946037 0.881681890 0.500000000 0.500000000 0.000000000 0.000000000 0.999998927 -0.000878022 0.001184218 0.002954219 0.000868179 0.999965310 0.008286756 0.001987595 -0.001191453 -0.008285719 0.999964952 0.181047104
40640000 0.495946037 0.881681890 0.500000000 0.500000000 0.000000000 0.000000000 0.999998987 -0.000875258 0.001108194 0.003104056 0.000865982 0.999964833 0.008343018 0.002049117 -0.001115458 -0.008342049 0.999964595 0.183895336
40680000 0.495946037 0.881681890 0.500000000 0.500000000 0.000000000 0.000000000 0.999998987 -0.000860541 0.001156214 0.003070794 0.000850625 0.999963105 0.008548921 0.001986026 -0.001163528 -0.008547929 0.999962807 0.186842667
40720000 0.495946037 0.881681890 0.500000000 0.500000000 0.000000000 0.000000000 0.999998987 -0.000875728 0.001097738 0.003172296 0.000866227 0.999962449 0.008625682 0.002032190 -0.001105250 -0.008624722 0.999962211 0.189678406
40760000 0.495946037 0.881681890 0.500000000 0.500000000 0.000000000 0.000000000 0.999999106 -0.000777576 0.001114212 0.003306648 0.000767750 0.999961019 0.008792751 0.001951675 -0.001121006 -0.008791887 0.999960721 0.192599621
40800000 0.495946037 0.881681890 0.500000000 0.500000000 0.000000000 0.000000000 0.999998987 -0.000772131 0.001214513 0.003294025 0.000761341 0.999960482 0.008859155 0.002055413 -0.001221306 -0.008858221 0.999960005 0.195496691
40840000 0.495946037 0.881681890 0.500000000 0.500000000 0.000000000 0.000000000 0.999998927 -0.000807044 0.001224275 0.003308918 0.000795940 0.999958813 0.009043219 0.002052945 -0.001231523 -0.009042236 0.999958336 0.198488259
40880000 0.495946037 0.881681890 0.500000000 0.500000000 0.000000000 0.000000000 0.999998868 -0.000829834 0.001262942 0.003284712 0.000818251 0.999957860 0.009144904 0.002078170 -0.001270478 -0.009143860 0.999957383 0.201611738
40920000 0.495946037 0.881681890 0.500000000 0.500000000 0.000000000 0.000000000 0.999998748 -0.000847561 0.001314904 0.003246085 0.000835198 0.999955714 0.009374727 0.002081628 -0.001322792 -0.009373618 0.999955177 0.204659301
40960000 0.495946037 0.881681890 0.500000000 0.500000000 0.000000000 0.000000000 0.999998808 -0.000888155 0.001260946 0.003467167 0.000876066 0.999953985 0.009556022 0.001952617 -0.001269375 -0.009554907 0.999953568 0.207820171
41000000 0.495946037 0.881681890 0.500000000 0.500000000 0.000000000 0.000000000 0.999998808 -0.000864269 0.001291219 0.003577118 0.000851780 0.999953151 0.009641232 0.002090175 -0.001299492 -0.009640120 0.999952674 0.210853382
41040000 0.495946037 0.881681890 0.500000000 0.500000000 0.000000000 0.000000000 0.999998689 -0.000911415 0.001325979 0.003557065 0.000898329 0.999951243 0.009836500 0.002056599 -0.001334880 -0.009835295 0.999950767 0.213744459
41080000 0.495946037 0.881681890 0.500000000 0.500000000 0.000000000 0.000000000 0.999998689 -0.000901922 0.001345283 0.003672163 0.000888480 0.999949992 0.009958676 0.002067496 -0.001354198 -0.009957468 0.999949515 0.216669546
41120000 0.495946037 0.881681890 0.500000000 0.500000000 0.000000000 0.000000000 0.999998748 -0.000865177 0.001327795 0.003716045 0.000851655 0.999948144 0.010150705 0.002050471 -0.001336508 -0.010149562 0.999947608 0.219459205
41160000 0.495946037 0.881681890 0.500000000 0.500000000 0.000000000 0.000000000 0.999998868 -0.000796271 0.001267689 0.003706958 0.000783193 0.999946833 0.010283810 0.002028148 -0.001275810 -0.010282806 0.999946296 0.222285605
41200000 0.495946037 0.881681890 0.500000000 0.500000000 0.000000000 0.000000000 0.999999046 -0.000842657 0.001111459 0.003609761 0.000830807 0.999943256 0.010619855 0.002171554 -0.001120345 -0.010618920 0.999943018 0.224985068
41240000 0.495946037 0.881681890 0.500000000 0.500000000 0.000000000 0.000000000 0.999999285 -0.000720872 0.000952626 0.003662883 0.000709896 0.999933958 0.011472360 0.002215673 -0.000960833 -0.011471676 0.999933720 0.228079304
41280000 0.495946037 0.881681890 0.500000000 0.500000000 0.000000000 0.000000000 0.999999225 -0.000729332 0.001000186 0.003787137 0.000717845 0.999934316 0.011437498 0.002141942 -0.001008462 -0.011436772 0.999934077 0.231384814
41320000 0.495946037 0.881681890 0.500000000 0.500000000 0.000000000 0.000000000 0.999999166 -0.000708768 0.001068798 0.003809800 0.000696188 0.999931037 0.011724939 0.002273856 -0.001077035 -0.011724185 0.999930680 0.233882431
41360000 0.495946037 0.881681890 0.500000000 0.500000000 0.000000000 0.000000000 0.999999166 -0.000651829 0.001105585 0.003993320 0.000638656 0.999929309 0.011873171 0.002197386 -0.001113246 -0.011872455 0.999928892 0.237378170
41400000 0.495946037 0.881681890 0.500000000 0.500000000 0.000000000 0.000000000 0.999999046 -0.000649906 0.001209120 0.003971983 0.000635301 0.999927342 0.012040159 0.002330391 -0.001216857 -0.012039379 0.999926805 0.240109203
41440000 0.495946037 0.881681890 0.500000000 0.500000000 0.000000000 0.000000000 0.999998927 -0.000691899 0.001301619 0.004003163 0.000676013 0.999925792 0.012165818 0.002398517 -0.001309940 -0.012164926 0.999925137 0.243460728
41480000 0.495946037 0.881681890 0.500000000 0.500000000 0.000000000 0.000000000 0.999998808 -0.000708746 0.001377026 0.003977025 0.000691721 0.999923825 0.012324487 0.002309414 -0.001385657 -0.012323519 0.999923110 0.246282316
41520000 0.495946037 0.881681890 0.500000000 0.500000000 0.000000000 0.000000000 0.999998689 -0.000730824 0.001426472 0.004077234 0.000712912 0.999921381 0.012517185 0.002386805 -0.001435508 -0.012516152 0.999920666 0.249637987
41560000 0.495946037 0.881681890 0.500000000 0.500000000 0.000000000 0.000000000 0.999998629 -0.000771510 0.001466400 0.004047221 0.000753043 0.999920905 0.012552444 0.002388717 -0.001475969 -0.012551323 0.999920130 0.252519558
41600000 0.495946037 0.881681890 0.500000000 0.500000000 0.000000000 0.000000000 0.999998510 -0.000854188 0.001502715 0.004213381 0.000834861 0.999917507 0.012815000 0.002383345 -0.001513537 -0.012813727 0.999916732 0.255852168
41640000 0.495946037 0.881681890 0.500000000 0.500000000 0.000000000 0.000000000 0.999998391 -0.000885657 0.001564684 0.004252248 0.000865423 0.999916613 0.012885697 0.002357153 -0.001575965 -0.012884323 0.999915779 0.258815988
41680000 0.495946037 0.881681890 0.500000000 0.500000000 0.000000000 0.000000000 0.999998391 -0.000947901 0.001532480 0.004314018 0.000927680 0.999913216 0.013141976 0.002390560 -0.001544804 -0.013140533 0.999912441 0.262066856
41720000 0.495946037 0.881681890 0.500000000 0.500000000 0.000000000 0.000000000 0.999998331 -0.001023990 0.001529115 0.004371234 0.001003667 0.999911964 0.013233154 0.002510299 -0.001542531 -0.013231597 0.999911249 0.265140364
41760000 0.495946037 0.881681890 0.500000000 0.500000000 0.000000000 0.000000000 0.999998212 -0.001081611 0.001561948 0.004347708 0.001060366 0.999907792 0.013538949 0.002496177 -0.001576448 -0.013537268 0.999907136 0.268360602
41800000 0.495946037 0.881681890 0.500000000 0.500000000 0.000000000 0.000000000 0.999998212 -0.001126040 0.001538695 0.004484586 0.001105015 0.999906957 0.013597358 0.002566270 -0.001553863 -0.013595632 0.999906361 0.271320968
41840000 0.495946037 0.881681890 0.500000000 0.500000000 0.000000000 0.000000000 0.999998212 -0.001168645 0.001504205 0.004605939 0.001147709 0.999903500 0.013844877 0.002564579 -0.001520240 -0.013843126 0.999903023 0.274343486
41880000 0.495946037 0.881681890 0.500000000 0.500000000 0.000000000 0.000000000 0.999998212 -0.001129938 0.001500661 0.004618039 0.001108989 0.999902964 0.013887702 0.002605659 -0.001516208 -0.013886014 0.999902427 0.277326377
41920000 0.495946037 0.881681890 0.500000000 0.500000000 0.000000000 0.000000000 0.999998152 -0.001160500 0.001514743 0.004636498 0.001139012 0.999899805 0.014110753 0.002586841 -0.001530966 -0.014109002 0.999899268 0.280158938
41960000 0.495946037 0.881681890 0.500000000 0.500000000 0.000000000 0.000000000 0.999998212 -0.001196254 0.001472065 0.004739311 0.001175201 0.999898195 0.014220483 0.002502944 -0.001488927 -0.014218727 0.999897778 0.283015040
42000000 0.495946037 0.881681890 0.500000000 0.500000000 0.000000000 0.000000000 0.999998212 -0.001211011 0.001468065 0.004687778 0.001189766 0.999895811 0.014386863 0.002549450 -0.001485335 -0.014385091 0.999895453 0.285797371
42040000 0.495946037 0.881681890 0.500000000 0.500000000 0.000000000 0.000000000 0.999998271 -0.001224432 0.001415044 0.004841200 0.001203833 0.999894619 0.014467505 0.002535165 -0.001432609 -0.014465776 0.999894321 0.288553903
42080000 0.495946037 0.881681890 0.500000000 0.500000000 0.000000000 0.000000000 0.999998271 -0.001235953 0.001402600 0.004827847 0.001215364 0.999892890 0.014586120 0.002593580 -0.001420478 -0.014584390 0.999892652 0.291278480
42120000 0.495946037 0.881681890 0.500000000 0.500000000 0.000000000 0.000000000 0.999998271 -0.001216745 0.001387505 0.004904978 0.001196232 0.999891341 0.014690826 0.002574063 -0.001405229 -0.014689141 0.999891102 0.293978500
42160000 0.495946037 0.881681890 0.500000000 0.500000000 0.000000000 0.000000000 0.999998331 -0.001223905 0.001362171 0.004884418 0.001203582 0.999889433 0.014821895 0.002602573 -0.001380161 -0.014820231 0.999889195 0.296670463
42200000 0.495946037 0.881681890 0.500000000 0.500000000 0.000000000 0.000000000 0.999998450 -0.001206336 0.001301387 0.005002028 0.001186704 0.999887049 0.014982098 0.002495111 -0.001319314 -0.014980529 0.999886930 0.299402877
42240000 0.495946037 0.881681890 0.500000000 0.500000000 0.000000000 0.000000000 0.999998391 -0.001184051 0.001357624 0.004899203 0.001163421 0.999885321 0.015097471 0.002597550 -0.001375344 -0.015095866 0.999885082 0.302137897
42280000 0.495946037 0.881681890 0.500000000 0.500000000 0.000000000 0.000000000 0.999998331 -0.001180900 0.001387802 0.004959523 0.001159626 0.999883294 0.015231424 0.002608386 -0.001405627 -0.015229790 0.999883056 0.304843892
42320000 0.495946037 0.881681890 0.500000000 0.500000000 0.000000000 0.000000000 0.999998331 -0.001176710 0.001388620 0.005071824 0.001155234 0.999881268 0.015366777 0.002621422 -0.001406537 -0.015365147 0.999880970 0.307602637
42360000 0.495946037 0.881681890 0.500000000 0.500000000 0.000000000 0.000000000 0.999998331 -0.001136968 0.001414068 0.005067065 0.001114891 0.999879003 0.015515791 0.002587988 -0.001431538 -0.015514189 0.999878645 0.310252309
42400000 0.495946037 0.881681890 0.500000000 0.500000000 0.000000000 0.000000000 0.999998271 -0.001165327 0.001456312 0.005127082 0.001142389 0.999876797 0.015653741 0.002650943 -0.001474374 -0.015652049 0.999876440 0.313180985
42440000 0.495946037 0.881681890 0.500000000 0.500000000 0.000000000 0.000000000 0.999998212 -0.001148076 0.001503591 0.005237312 0.001124256 0.999875367 0.015748091 0.002647280 -0.001521484 -0.015746372 0.999874890 0.315876620
42480000 0.495946037 0.881681890 0.500000000 0.500000000 0.000000000 0.000000000 0.999998033 -0.001216445 0.001561368 0.005320634 0.001191386 0.999872088 0.015951224 0.002630213 -0.001580572 -0.015949331 0.999871552 0.318871820
42520000 0.495946037 0.881681890 0.500000000 0.500000000 0.000000000 0.000000000 0.999997973 -0.001256701 0.001582993 0.005368193 0.001231089 0.999870002 0.016078036 0.002630919 -0.001602992 -0.016076054 0.999869466 0.321619443
42560000 0.495946037 0.881681890 0.500000000 0.500000000 0.000000000 0.000000000 0.999997914 -0.001264564 0.001605930 0.005394765 0.001238251 0.999866664 0.016281357 0.002576536 -0.001626304 -0.016279334 0.999866188 0.324533804
42600000 0.495946037 0.881681890 0.500000000 0.500000000 0.000000000 0.000000000 0.999997914 -0.001294344 0.001598277 0.005568760 0.001268146 0.999866605 0.016285231 0.002699804 -0.001619142 -0.016283169 0.999866128 0.327209690
42640000 0.495946037 0.881681890 0.500000000 0.500000000 0.000000000 0.000000000 0.999997735 -0.001369947 0.001639008 0.005696997 0.001342591 0.999861717 0.016576787 0.002742842 -0.001661491 -0.016574549 0.999861240 0.330162019
42680000 0.495946037 0.881681890 0.500000000 0.500000000 0.000000000 0.000000000 0.999997497 -0.001427725 0.001725950 0.005692845 0.001398899 0.999861419 0.016589422 0.002666980 -0.001749396 -0.016586967 0.999860883 0.332877049
42720000 0.495946037 0.881681890 0.500000000 0.500000000 0.000000000 0.000000000 0.999997556 -0.001438075 0.001689742 0.005777631 0.001409375 0.999856770 0.016864734 0.002810543 -0.001713753 -0.016862310 0.999856353 0.335767906
42760000 0.495946037 0.881681890 0.500000000 0.500000000 0.000000000 0.000000000 0.999997377 -0.001550406 0.001700709 0.005836201 0.001521357 0.999855161 0.016951129 0.002748057 -0.001726744 -0.016948495 0.999854863 0.338688942
42800000 0.495946037 0.881681890 0.500000000 0.500000000 0.000000000 0.000000000 0.999997318 -0.001623355 0.001646452 0.005871865 0.001594694 0.999849737 0.017262239 0.002802711 -0.001674227 -0.017259568 0.999849617 0.341663083
42840000 0.495946037 0.881681890 0.500000000 0.500000000 0.000000000 0.000000000 0.999997199 -0.001712404 0.001625554 0.006000887 0.001683866 0.999847233 0.017397959 0.002782243 -0.001655098 -0.017395174 0.999847293 0.344700307
42880000 0.495946037 0.881681890 0.500000000 0.500000000 0.000000000 0.000000000 0.999997258 -0.001690160 0.001606980 0.006005241 0.001661611 0.999843657 0.017603584 0.002928868 -0.001636482 -0.017600866 0.999843776 0.347560364
42920000 0.495946037 0.881681890 0.500000000 0.500000000 0.000000000 0.000000000 0.999997258 -0.001709284 0.001616925 0.006061037 0.001680253 0.999840379 0.017788790 0.002766847 -0.001647073 -0.017786024 0.999840438 0.350628955
42960000 0.495946037 0.881681890 0.500000000 0.500000000 0.000000000 0.000000000 0.999997079 -0.001781272 0.001625884 0.006023275 0.001751684 0.999836087 0.018021658 0.002845673 -0.001657719 -0.018018758 0.999836266 0.353378858
