https://www.youtube.com/watch?v=ZjL4eCWmEB0
266099167 0.440466878 0.783052251 0.500000000 0.500000000 0.000000000 0.000000000 0.999994397 0.001594706 0.002936237 0.006895206 -0.001625820 0.999942243 0.010624744 0.112821646 -0.002919124 -0.010629458 0.999939263 -0.016323452
266132533 0.440466878 0.783052251 0.500000000 0.500000000 0.000000000 0.000000000 0.999994457 0.001602539 0.002911225 0.006457830 -0.001634493 0.999938071 0.011007259 0.119703733 -0.002893405 -0.011011956 0.999935210 -0.016536238
266165900 0.440466878 0.783052251 0.500000000 0.500000000 0.000000000 0.000000000 0.999994218 0.001628016 0.002987212 0.005743184 -0.001662078 0.999933243 0.011435762 0.126309367 -0.002968395 -0.011440661 0.999930143 -0.016572053
266199267 0.440466878 0.783052251 0.500000000 0.500000000 0.000000000 0.000000000 0.999993801 0.001713026 0.003081980 0.005078918 -0.001748821 0.999930620 0.011649495 0.133308576 -0.003061810 -0.011654813 0.999927402 -0.016684767
266232633 0.440466878 0.783052251 0.500000000 0.500000000 0.000000000 0.000000000 0.999993324 0.001785110 0.003191040 0.004495055 -0.001822816 0.999928117 0.011852596 0.139958138 -0.003169653 -0.011858333 0.999924660 -0.016720839
266266000 0.440466878 0.783052251 0.500000000 0.500000000 0.000000000 0.000000000 0.999993265 0.001814241 0.003199578 0.004065834 -0.001852256 0.999927282 0.011918553 0.146772374 -0.003177722 -0.011924399 0.999923825 -0.016761937
266299367 0.440466878 0.783052251 0.500000000 0.500000000 0.000000000 0.000000000 0.999992788 0.001846203 0.003325894 0.003261997 -0.001886301 0.999925077 0.012093741 0.153491924 -0.003303317 -0.012099927 0.999921322 -0.016735827
266332733 0.440466878 0.783052251 0.500000000 0.500000000 0.000000000 0.000000000 0.999992907 0.001883177 0.003257839 0.002920876 -0.001923264 0.999921918 0.012345714 0.160459956 -0.003234336 -0.012351892 0.999918461 -0.016651569
266366100 0.440466878 0.783052251 0.500000000 0.500000000 0.000000000 0.000000000 0.999993205 0.001854591 0.003182285 0.002663258 -0.001894757 0.999917984 0.012665439 0.166993998 -0.003158535 -0.012671383 0.999914706 -0.016752808
266399467 0.440466878 0.783052251 0.500000000 0.500000000 0.000000000 0.000000000 0.999992490 0.001964678 0.003340854 0.001647949 -0.002007317 0.999915957 0.012807831 0.173716354 -0.003315410 -0.012814441 0.999912381 -0.016917268
266432833 0.440466878 0.783052251 0.500000000 0.500000000 0.000000000 0.000000000 0.999992609 0.001901843 0.003337583 0.001116176 -0.001946246 0.999908984 0.013351460 0.180045151 -0.003311887 -0.013357857 0.999905288 -0.017222753
266466200 0.440466878 0.783052251 0.500000000 0.500000000 0.000000000 0.000000000 0.999992430 0.001936960 0.003370644 0.000763620 -0.001983976 0.999899983 0.014001613 0.186383696 -0.003343187 -0.014008193 0.999896288 -0.017340242
266499567 0.440466878 0.783052251 0.500000000 0.500000000 0.000000000 0.000000000 0.999991834 0.001961110 0.003534018 -0.000331465 -0.002012062 0.999893248 0.014472018 0.192557612 -0.003505259 -0.014479010 0.999889016 -0.017384987
266532933 0.440466878 0.783052251 0.500000000 0.500000000 0.000000000 0.000000000 0.999991536 0.002054324 0.003559274 -0.001091451 -0.002106396 0.999889910 0.014688419 0.199061723 -0.003528707 -0.014695792 0.999885798 -0.017372714
266566300 0.440466878 0.783052251 0.500000000 0.500000000 0.000000000 0.000000000 0.999991238 0.002112564 0.003621291 -0.001944864 -0.002167003 0.999883711 0.015095652 0.205411137 -0.003588980 -0.015103367 0.999879479 -0.017633588
266599667 0.440466878 0.783052251 0.500000000 0.500000000 0.000000000 0.000000000 0.999991238 0.002045069 0.003648906 -0.002751398 -0.002100972 0.999879479 0.015382925 0.211768756 -0.003617007 -0.015390457 0.999875009 -0.017328059
266633033 0.440466878 0.783052251 0.500000000 0.500000000 0.000000000 0.000000000 0.999991119 0.002086953 0.003667106 -0.003424162 -0.002144173 0.999874949 0.015669707 0.217944564 -0.003633945 -0.015677432 0.999870479 -0.017273367
266666400 0.440466878 0.783052251 0.500000000 0.500000000 0.000000000 0.000000000 0.999990463 0.002107001 0.003820904 -0.004197838 -0.002167434 0.999871552 0.015881833 0.224272935 -0.003786950 -0.015889963 0.999866605 -0.017295043
266699767 0.440466878 0.783052251 0.500000000 0.500000000 0.000000000 0.000000000 0.999990582 0.002029901 0.003834047 -0.005049074 -0.002091009 0.999869764 0.016002040 0.230273966 -0.003801065 -0.016009906 0.999864638 -0.016853830
266733133 0.440466878 0.783052251 0.500000000 0.500000000 0.000000000 0.000000000 0.999989927 0.002129207 0.003951340 -0.005765037 -0.002192115 0.999869823 0.015985183 0.236568647 -0.003916790 -0.015993685 0.999864399 -0.016758481
266766500 0.440466878 0.783052251 0.500000000 0.500000000 0.000000000 0.000000000 0.999989331 0.002107356 0.004115215 -0.006843980 -0.002174314 0.999864221 0.016334550 0.242587118 -0.004080233 -0.016343324 0.999858141 -0.016959169
266799867 0.440466878 0.783052251 0.500000000 0.500000000 0.000000000 0.000000000 0.999989688 0.002131488 0.004008213 -0.007035928 -0.002198559 0.999856412 0.016804170 0.248261601 -0.003971819 -0.016812809 0.999850750 -0.016657645
266833233 0.440466878 0.783052251 0.500000000 0.500000000 0.000000000 0.000000000 0.999989212 0.002164945 0.004112067 -0.007975287 -0.002234236 0.999854326 0.016921457 0.253872197 -0.004074834 -0.016930461 0.999848366 -0.016636224
266866600 0.440466878 0.783052251 0.500000000 0.500000000 0.000000000 0.000000000 0.999989510 0.002103330 0.004065347 -0.008532723 -0.002172525 0.999851584 0.017091891 0.259659003 -0.004028794 -0.017100545 0.999845684 -0.016729399
266899967 0.440466878 0.783052251 0.500000000 0.500000000 0.000000000 0.000000000 0.999989033 0.002154405 0.004164380 -0.009441534 -0.002227496 0.999842167 0.017627273 0.265228070 -0.004125746 -0.017636355 0.999835968 -0.016951108
266933333 0.440466878 0.783052251 0.500000000 0.500000000 0.000000000 0.000000000 0.999988616 0.002172373 0.004252827 -0.010058912 -0.002249346 0.999832213 0.018178998 0.271239341 -0.004212623 -0.018188357 0.999825716 -0.017013216
266966700 0.440466878 0.783052251 0.500000000 0.500000000 0.000000000 0.000000000 0.999987900 0.002166301 0.004411289 -0.010955996 -0.002247516 0.999826550 0.018489638 0.276655475 -0.004370470 -0.018499330 0.999819338 -0.016922919
267000067 0.440466878 0.783052251 0.500000000 0.500000000 0.000000000 0.000000000 0.999987721 0.002092004 0.004495842 -0.011894353 -0.002175706 0.999822855 0.018694136 0.282399573 -0.004455938 -0.018703688 0.999815166 -0.016814678
267033433 0.440466878 0.783052251 0.500000000 0.500000000 0.000000000 0.000000000 0.999987304 0.002121597 0.004569955 -0.012737049 -0.002208713 0.999814332 0.019142885 0.288346099 -0.004528493 -0.019152734 0.999806285 -0.016730211
267066800 0.440466878 0.783052251 0.500000000 0.500000000 0.000000000 0.000000000 0.999987245 0.002120428 0.004588714 -0.013785019 -0.002209464 0.999807715 0.019486092 0.294110530 -0.004546513 -0.019495983 0.999799609 -0.016735815
267100167 0.440466878 0.783052251 0.500000000 0.500000000 0.000000000 0.000000000 0.999987245 0.002119885 0.004581608 -0.014681744 -0.002210412 0.999800622 0.019844888 0.299876885 -0.004538625 -0.019854762 0.999792576 -0.016353356
267133533 0.440466878 0.783052251 0.500000000 0.500000000 0.000000000 0.000000000 0.999987125 0.002110874 0.004617389 -0.015326945 -0.002203092 0.999796391 0.020058764 0.305748274 -0.004574107 -0.020068677 0.999788165 -0.016167530
267166900 0.440466878 0.783052251 0.500000000 0.500000000 0.000000000 0.000000000 0.999986529 0.002152818 0.004721976 -0.016259322 -0.002248259 0.999791384 0.020300698 0.311713012 -0.004677287 -0.020311041 0.999782741 -0.015875079
267200267 0.440466878 0.783052251 0.500000000 0.500000000 0.000000000 0.000000000 0.999986351 0.002122907 0.004777130 -0.016755715 -0.002221606 0.999782205 0.020751331 0.317603256 -0.004732036 -0.020761659 0.999773264 -0.015644779
267233633 0.440466878 0.783052251 0.500000000 0.500000000 0.000000000 0.000000000 0.999986410 0.002102701 0.004766081 -0.017263086 -0.002202419 0.999776721 0.021014700 0.323640190 -0.004720829 -0.021024911 0.999767780 -0.015384599
267267000 0.440466878 0.783052251 0.500000000 0.500000000 0.000000000 0.000000000 0.999985814 0.002092203 0.004899523 -0.018050329 -0.002196455 0.999769211 0.021370055 0.329274913 -0.004853682 -0.021380512 0.999759614 -0.015196545
267300367 0.440466878 0.783052251 0.500000000 0.500000000 0.000000000 0.000000000 0.999985754 0.001982953 0.004957748 -0.018607554 -0.002089915 0.999763131 0.021663528 0.334916050 -0.004913616 -0.021673581 0.999752998 -0.014911218
267333733 0.440466878 0.783052251 0.500000000 0.500000000 0.000000000 0.000000000 0.999985337 0.001975382 0.005039645 -0.019432381 -0.002085439 0.999757409 0.021927265 0.340656557 -0.004995108 -0.021937454 0.999746859 -0.014701895
267367100 0.440466878 0.783052251 0.500000000 0.500000000 0.000000000 0.000000000 0.999984980 0.001941230 0.005123660 -0.019994437 -0.002055471 0.999747276 0.022386521 0.346163823 -0.005078908 -0.022396715 0.999736249 -0.014697555
267400467 0.440466878 0.783052251 0.500000000 0.500000000 0.000000000 0.000000000 0.999985158 0.001805527 0.005145134 -0.020587754 -0.001922056 0.999739707 0.022734074 0.351518133 -0.005102748 -0.022743626 0.999728322 -0.014597799
267433833 0.440466878 0.783052251 0.500000000 0.500000000 0.000000000 0.000000000 0.999984264 0.001791458 0.005314282 -0.021661158 -0.001912430 0.999737144 0.022846630 0.357076230 -0.005271956 -0.022856433 0.999724865 -0.014314400
267467200 0.440466878 0.783052251 0.500000000 0.500000000 0.000000000 0.000000000 0.999983668 0.001770144 0.005430736 -0.022795371 -0.001894901 0.999732435 0.023053903 0.362549158 -0.005388474 -0.023063818 0.999719501 -0.014301768
267500567 0.440466878 0.783052251 0.500000000 0.500000000 0.000000000 0.000000000 0.999983847 0.001771303 0.005403432 -0.023643604 -0.001897089 0.999725223 0.023363309 0.367662261 -0.005360564 -0.023373183 0.999712467 -0.014100096
267533933 0.440466878 0.783052251 0.500000000 0.500000000 0.000000000 0.000000000 0.999984145 0.001747763 0.005349088 -0.024619259 -0.001875524 0.999710858 0.023973564 0.371901777 -0.005305642 -0.023983216 0.999698281 -0.014108477
267567300 0.440466878 0.783052251 0.500000000 0.500000000 0.000000000 0.000000000 0.999984145 0.001729121 0.005357034 -0.025318425 -0.001857892 0.999707162 0.024126783 0.376495865 -0.005313747 -0.024136353 0.999694526 -0.013953956
267600667 0.440466878 0.783052251 0.500000000 0.500000000 0.000000000 0.000000000 0.999983847 0.001752049 0.005411617 -0.026066130 -0.001884120 0.999698102 0.024497200 0.380820370 -0.005367063 -0.024506999 0.999685228 -0.013953705
267634033 0.440466878 0.783052251 0.500000000 0.500000000 0.000000000 0.000000000 0.999983788 0.001718119 0.005426229 -0.026916385 -0.001852761 0.999688089 0.024906486 0.385237163 -0.005381744 -0.024916137 0.999675035 -0.013923848
267667400 0.440466878 0.783052251 0.500000000 0.500000000 0.000000000 0.000000000 0.999983132 0.001798430 0.005518797 -0.027533894 -0.001937231 0.999679327 0.025249226 0.389606841 -0.005471618 -0.025259493 0.999665976 -0.013798182
267700767 0.440466878 0.783052251 0.500000000 0.500000000 0.000000000 0.000000000 0.999982595 0.001861805 0.005602226 -0.028377218 -0.002005322 0.999667108 0.025722165 0.393815177 -0.005552471 -0.025732949 0.999653459 -0.013611398
267734133 0.440466878 0.783052251 0.500000000 0.500000000 0.000000000 0.000000000 0.999982417 0.001896407 0.005622114 -0.028626583 -0.002042032 0.999659598 0.026010606 0.398037877 -0.005570874 -0.026021630 0.999645829 -0.013542549
267767500 0.440466878 0.783052251 0.500000000 0.500000000 0.000000000 0.000000000 0.999981761 0.001925854 0.005727113 -0.028901104 -0.002075900 0.999651670 0.026309738 0.402190982 -0.005674449 -0.026321147 0.999637425 -0.013430955
267800867 0.440466878 0.783052251 0.500000000 0.500000000 0.000000000 0.000000000 0.999980390 0.001883764 0.005971879 -0.029522044 -0.002042381 0.999642313 0.026666919 0.406667876 -0.005919509 -0.026678592 0.999626517 -0.013123480
267834233 0.440466878 0.783052251 0.500000000 0.500000000 0.000000000 0.000000000 0.999979734 0.001710727 0.006128855 -0.030276024 -0.001875923 0.999632299 0.027050342 0.410824261 -0.006080326 -0.027061291 0.999615312 -0.013075134
267867600 0.440466878 0.783052251 0.500000000 0.500000000 0.000000000 0.000000000 0.999980211 0.001651619 0.006075247 -0.030628333 -0.001816475 0.999627531 0.027231025 0.415274471 -0.006028009 -0.027241521 0.999610722 -0.012746119
267900967 0.440466878 0.783052251 0.500000000 0.500000000 0.000000000 0.000000000 0.999980569 0.001623939 0.006016145 -0.030859097 -0.001789110 0.999618769 0.027551625 0.419496918 -0.005969109 -0.027561853 0.999602258 -0.012511124
267934333 0.440466878 0.783052251 0.500000000 0.500000000 0.000000000 0.000000000 0.999980211 0.001552989 0.006091657 -0.031444786 -0.001721818 0.999611795 0.027808225 0.424042015 -0.006046106 -0.027818164 0.999594688 -0.012419047
267967700 0.440466878 0.783052251 0.500000000 0.500000000 0.000000000 0.000000000 0.999980092 0.001521030 0.006128239 -0.032147363 -0.001693904 0.999597907 0.028303698 0.428175355 -0.006082724 -0.028313514 0.999580562 -0.012479432
268001067 0.440466878 0.783052251 0.500000000 0.500000000 0.000000000 0.000000000 0.999980748 0.001577475 0.005996801 -0.032070298 -0.001749595 0.999583483 0.028805992 0.432332707 -0.005948863 -0.028815931 0.999567032 -0.012478177
268034433 0.440466878 0.783052251 0.500000000 0.500000000 0.000000000 0.000000000 0.999980152 0.001477881 0.006129492 -0.032784325 -0.001655535 0.999575734 0.029080382 0.436371464 -0.006083914 -0.029089950 0.999558270 -0.012465129
268067800 0.440466878 0.783052251 0.500000000 0.500000000 0.000000000 0.000000000 0.999980628 0.001482504 0.006047978 -0.032975952 -0.001658695 0.999571264 0.029231938 0.440628297 -0.006002049 -0.029241404 0.999554336 -0.012478435
268101167 0.440466878 0.783052251 0.500000000 0.500000000 0.000000000 0.000000000 0.999980211 0.001547614 0.006095792 -0.033335683 -0.001727859 0.999558091 0.029675484 0.444888941 -0.006047172 -0.029685430 0.999540985 -0.012473077
268134533 0.440466878 0.783052251 0.500000000 0.500000000 0.000000000 0.000000000 0.999979973 0.001551611 0.006140402 -0.033528798 -0.001735456 0.999546945 0.030049039 0.448956281 -0.006090996 -0.030059092 0.999529541 -0.012563201
268167900 0.440466878 0.783052251 0.500000000 0.500000000 0.000000000 0.000000000 0.999978960 0.001553543 0.006294156 -0.034058349 -0.001743566 0.999539375 0.030298300 0.453063874 -0.006244188 -0.030308638 0.999521077 -0.012666650
268201267 0.440466878 0.783052251 0.500000000 0.500000000 0.000000000 0.000000000 0.999978125 0.001432401 0.006457220 -0.034355000 -0.001629846 0.999528050 0.030676529 0.456933976 -0.006410232 -0.030686382 0.999508500 -0.012524142
268234633 0.440466878 0.783052251 0.500000000 0.500000000 0.000000000 0.000000000 0.999977589 0.001482239 0.006530146 -0.034537270 -0.001683210 0.999521732 0.030878549 0.460993587 -0.006481253 -0.030888848 0.999501824 -0.012562945
268268000 0.440466878 0.783052251 0.500000000 0.500000000 0.000000000 0.000000000 0.999976516 0.001419365 0.006709109 -0.035305817 -0.001628200 0.999511063 0.031224769 0.464989943 -0.006661509 -0.031234957 0.999489844 -0.012579011
268301367 0.440466878 0.783052251 0.500000000 0.500000000 0.000000000 0.000000000 0.999976933 0.001432020 0.006641541 -0.035311585 -0.001642036 0.999495268 0.031724840 0.468749516 -0.006592758 -0.031735014 0.999474585 -0.012494679
268334733 0.440466878 0.783052251 0.500000000 0.500000000 0.000000000 0.000000000 0.999976456 0.001364892 0.006727721 -0.035956491 -0.001580138 0.999483645 0.032093108 0.472314605 -0.006680443 -0.032102980 0.999462247 -0.012334864
268368100 0.440466878 0.783052251 0.500000000 0.500000000 0.000000000 0.000000000 0.999976516 0.001369569 0.006716422 -0.036375530 -0.001585922 0.999476492 0.032313649 0.476329708 -0.006668651 -0.032323539 0.999455214 -0.012329161
268401467 0.440466878 0.783052251 0.500000000 0.500000000 0.000000000 0.000000000 0.999976397 0.001318736 0.006746440 -0.036675994 -0.001539377 0.999460578 0.032804877 0.480046715 -0.006699540 -0.032814488 0.999439001 -0.012317564
268434833 0.440466878 0.783052251 0.500000000 0.500000000 0.000000000 0.000000000 0.999976516 0.001322534 0.006726059 -0.036721572 -0.001545097 0.999447763 0.033192828 0.484053838 -0.006678446 -0.033202443 0.999426305 -0.012397784
268468200 0.440466878 0.783052251 0.500000000 0.500000000 0.000000000 0.000000000 0.999975741 0.001327584 0.006835278 -0.037356064 -0.001555820 0.999437690 0.033494521 0.487946735 -0.006786967 -0.033504345 0.999415517 -0.012301069
268501567 0.440466878 0.783052251 0.500000000 0.500000000 0.000000000 0.000000000 0.999975860 0.001320596 0.006824493 -0.037584570 -0.001550997 0.999425173 0.033866644 0.492020757 -0.006775846 -0.033876408 0.999403059 -0.012053277
268534933 0.440466878 0.783052251 0.500000000 0.500000000 0.000000000 0.000000000 0.999974728 0.001373393 0.006976257 -0.038107983 -0.001611356 0.999413013 0.034220118 0.496170341 -0.006925165 -0.034230497 0.999389946 -0.011955136
268568300 0.440466878 0.783052251 0.500000000 0.500000000 0.000000000 0.000000000 0.999974132 0.001320868 0.007068717 -0.038384106 -0.001564278 0.999402046 0.034540836 0.500603076 -0.007018866 -0.034550998 0.999378264 -0.012035196
268601667 0.440466878 0.783052251 0.500000000 0.500000000 0.000000000 0.000000000 0.999973297 0.001392054 0.007177247 -0.038690802 -0.001642744 0.999384522 0.035041664 0.504844528 -0.007124050 -0.035052516 0.999360085 -0.011844042
268635033 0.440466878 0.783052251 0.500000000 0.500000000 0.000000000 0.000000000 0.999973476 0.001364985 0.007150659 -0.038846605 -0.001617477 0.999371052 0.035424367 0.508975246 -0.007097808 -0.035434995 0.999346793 -0.011651269
268668400 0.440466878 0.783052251 0.500000000 0.500000000 0.000000000 0.000000000 0.999973655 0.001376522 0.007128656 -0.038854044 -0.001630118 0.999361515 0.035691392 0.513231298 -0.007074974 -0.035702072 0.999337435 -0.011710619
268701767 0.440466878 0.783052251 0.500000000 0.500000000 0.000000000 0.000000000 0.999972939 0.001349283 0.007233319 -0.039063420 -0.001609301 0.999348223 0.036062852 0.517615326 -0.007179945 -0.036073517 0.999323368 -0.011662331
268735133 0.440466878 0.783052251 0.500000000 0.500000000 0.000000000 0.000000000 0.999972403 0.001324217 0.007312146 -0.039131129 -0.001590561 0.999330938 0.036540005 0.521702617 -0.007258867 -0.036550626 0.999305427 -0.011740046
268768500 0.440466878 0.783052251 0.500000000 0.500000000 0.000000000 0.000000000 0.999971688 0.001286640 0.007411582 -0.039625990 -0.001559476 0.999316812 0.036924824 0.525734986 -0.007359010 -0.036935341 0.999290586 -0.011749141
268801867 0.440466878 0.783052251 0.500000000 0.500000000 0.000000000 0.000000000 0.999971747 0.001344557 0.007396023 -0.039756652 -0.001619208 0.999304473 0.037255272 0.529823230 -0.007340787 -0.037266195 0.999278426 -0.011731231
268835233 0.440466878 0.783052251 0.500000000 0.500000000 0.000000000 0.000000000 0.999970913 0.001382772 0.007504244 -0.040438110 -0.001663806 0.999292493 0.037573908 0.533697003 -0.007446979 -0.037585299 0.999265671 -0.011893379
268868600 0.440466878 0.783052251 0.500000000 0.500000000 0.000000000 0.000000000 0.999970794 0.001353236 0.007518370 -0.040863620 -0.001638129 0.999275744 0.038016994 0.537527675 -0.007461479 -0.038028199 0.999248803 -0.012069193
268901967 0.440466878 0.783052251 0.500000000 0.500000000 0.000000000 0.000000000 0.999969900 0.001406855 0.007634107 -0.041298932 -0.001699704 0.999257505 0.038490750 0.541247830 -0.007574288 -0.038502567 0.999229789 -0.012284321
268935333 0.440466878 0.783052251 0.500000000 0.500000000 0.000000000 0.000000000 0.999969959 0.001358848 0.007631002 -0.041358684 -0.001655275 0.999238849 0.038974114 0.544475579 -0.007572234 -0.038985576 0.999211073 -0.012459568
268968700 0.440466878 0.783052251 0.500000000 0.500000000 0.000000000 0.000000000 0.999969900 0.001357715 0.007635463 -0.041774097 -0.001655794 0.999231219 0.039168861 0.548000251 -0.007576413 -0.039180323 0.999203444 -0.012469744
269002067 0.440466878 0.783052251 0.500000000 0.500000000 0.000000000 0.000000000 0.999968767 0.001408631 0.007777908 -0.042783457 -0.001715353 0.999215305 0.039570309 0.551410072 -0.007716065 -0.039582416 0.999186516 -0.012696177
269035433 0.440466878 0.783052251 0.500000000 0.500000000 0.000000000 0.000000000 0.999969482 0.001327002 0.007696528 -0.043157132 -0.001634719 0.999193788 0.040113721 0.554612734 -0.007637092 -0.040125079 0.999165475 -0.013000786
269068800 0.440466878 0.783052251 0.500000000 0.500000000 0.000000000 0.000000000 0.999970078 0.001420268 0.007601282 -0.043186224 -0.001727130 0.999177396 0.040516708 0.558151121 -0.007537485 -0.040528625 0.999149919 -0.013240095
269102167 0.440466878 0.783052251 0.500000000 0.500000000 0.000000000 0.000000000 0.999970317 0.001362592 0.007579793 -0.043355296 -0.001672248 0.999157846 0.040997695 0.561294292 -0.007517546 -0.041009154 0.999130487 -0.013556522
269135533 0.440466878 0.783052251 0.500000000 0.500000000 0.000000000 0.000000000 0.999970078 0.001421126 0.007605881 -0.043391208 -0.001734476 0.999143124 0.041351601 0.564765490 -0.007540599 -0.041363556 0.999115705 -0.013750667
269168900 0.440466878 0.783052251 0.500000000 0.500000000 0.000000000 0.000000000 0.999969363 0.001347491 0.007707524 -0.043636825 -0.001668101 0.999126971 0.041742980 0.568123057 -0.007644547 -0.041754559 0.999098659 -0.014223906
269202267 0.440466878 0.783052251 0.500000000 0.500000000 0.000000000 0.000000000 0.999968886 0.001381857 0.007763241 -0.043481055 -0.001707951 0.999109566 0.042156614 0.571574710 -0.007698074 -0.042168565 0.999080837 -0.014544268
269235633 0.440466878 0.783052251 0.500000000 0.500000000 0.000000000 0.000000000 0.999968290 0.001318778 0.007853907 -0.043365491 -0.001652494 0.999089301 0.042636745 0.574488708 -0.007790525 -0.042648371 0.999059796 -0.014968755
269269000 0.440466878 0.783052251 0.500000000 0.500000000 0.000000000 0.000000000 0.999966800 0.001315369 0.008038571 -0.043681917 -0.001660097 0.999072433 0.043029208 0.577688362 -0.007974516 -0.043041125 0.999041498 -0.015535696
269302367 0.440466878 0.783052251 0.500000000 0.500000000 0.000000000 0.000000000 0.999966204 0.001357666 0.008109404 -0.043571824 -0.001708498 0.999055743 0.043413311 0.581326981 -0.008042806 -0.043425698 0.999024272 -0.016209528
269335733 0.440466878 0.783052251 0.500000000 0.500000000 0.000000000 0.000000000 0.999966383 0.001205965 0.008113821 -0.043424445 -0.001561526 0.999032140 0.043959111 0.584415982 -0.008052954 -0.043970302 0.999000371 -0.016770729
269369100 0.440466878 0.783052251 0.500000000 0.500000000 0.000000000 0.000000000 0.999966264 0.001219381 0.008120365 -0.043577203 -0.001579164 0.999010444 0.044448201 0.587409075 -0.008058131 -0.044459525 0.998978674 -0.017394594
269402467 0.440466878 0.783052251 0.500000000 0.500000000 0.000000000 0.000000000 0.999966741 0.001203196 0.008067344 -0.043438155 -0.001562973 0.998997450 0.044739809 0.590781283 -0.008005425 -0.044750929 0.998966098 -0.018076254
269435833 0.440466878 0.783052251 0.500000000 0.500000000 0.000000000 0.000000000 0.999966562 0.001210151 0.008091307 -0.043539197 -0.001574747 0.998976409 0.045206808 0.593711957 -0.008028318 -0.045218036 0.998944879 -0.018587468
269469200 0.440466878 0.783052251 0.500000000 0.500000000 0.000000000 0.000000000 0.999965429 0.001281536 0.008217254 -0.043887344 -0.001655325 0.998956382 0.045644090 0.596730143 -0.008150184 -0.045656115 0.998923957 -0.019296806
269502567 0.440466878 0.783052251 0.500000000 0.500000000 0.000000000 0.000000000 0.999966204 0.001199665 0.008131640 -0.043433336 -0.001573718 0.998933256 0.046150561 0.599581960 -0.008067600 -0.046161801 0.998901427 -0.020057492
269535933 0.440466878 0.783052251 0.500000000 0.500000000 0.000000000 0.000000000 0.999966145 0.001282310 0.008126529 -0.043081929 -0.001659430 0.998913646 0.046570614 0.602437227 -0.008057982 -0.046582524 0.998881936 -0.020806576
269569300 0.440466878 0.783052251 0.500000000 0.500000000 0.000000000 0.000000000 0.999966145 0.001194772 0.008143591 -0.043006203 -0.001576334 0.998893201 0.047010034 0.604926100 -0.008078411 -0.047021281 0.998861194 -0.021524855
269602667 0.440466878 0.783052251 0.500000000 0.500000000 0.000000000 0.000000000 0.999966919 0.001227824 0.008040584 -0.042253337 -0.001607033 0.998878181 0.047326572 0.607622927 -0.007973455 -0.047337927 0.998847127 -0.022269551
269636033 0.440466878 0.783052251 0.500000000 0.500000000 0.000000000 0.000000000 0.999966025 0.001218733 0.008152341 -0.042234873 -0.001608581 0.998846710 0.047986060 0.609833026 -0.008084456 -0.047997542 0.998814762 -0.023377164
