https://www.youtube.com/watch?v=J25WB80I_Ho
117750967 0.564246359 1.003104579 0.500000000 0.500000000 0.000000000 0.000000000 0.999984264 0.005098425 0.002340378 -0.006224830 -0.004851850 0.995424986 -0.095423236 -0.213150349 -0.002816179 0.095410384 0.995434046 -0.008718765
117784333 0.564246359 1.003104579 0.500000000 0.500000000 0.000000000 0.000000000 0.999983072 0.005324516 0.002349080 -0.006316105 -0.005065921 0.995078087 -0.098964050 -0.218396586 -0.002864453 0.098950475 0.995088220 -0.009804871
117817700 0.564246359 1.003104579 0.500000000 0.500000000 0.000000000 0.000000000 0.999982476 0.005457142 0.002295578 -0.006353264 -0.005192890 0.994711161 -0.102580354 -0.223566988 -0.002843233 0.102566637 0.994722068 -0.010744048
117851067 0.564246359 1.003104579 0.500000000 0.500000000 0.000000000 0.000000000 0.999981642 0.005673635 0.002115329 -0.006168246 -0.005416735 0.994322896 -0.106266946 -0.228607649 -0.002706239 0.106253542 0.994335413 -0.011650435
117884433 0.564246359 1.003104579 0.500000000 0.500000000 0.000000000 0.000000000 0.999980748 0.005797025 0.002217273 -0.006472666 -0.005519145 0.993961930 -0.109586470 -0.234119632 -0.002839161 0.109572120 0.993974805 -0.012839895
117917800 0.564246359 1.003104579 0.500000000 0.500000000 0.000000000 0.000000000 0.999979854 0.005957694 0.002203922 -0.006592497 -0.005670509 0.993578732 -0.113000460 -0.239423411 -0.002862992 0.112985678 0.993592501 -0.013920197
117951167 0.564246359 1.003104579 0.500000000 0.500000000 0.000000000 0.000000000 0.999978960 0.006157971 0.002046885 -0.006469940 -0.005878306 0.993203402 -0.116243087 -0.245066189 -0.002748795 0.116228610 0.993218660 -0.015107809
117984533 0.564246359 1.003104579 0.500000000 0.500000000 0.000000000 0.000000000 0.999977767 0.006306793 0.002164816 -0.006837657 -0.006001016 0.992737353 -0.120151915 -0.249462713 -0.002906867 0.120136254 0.992753148 -0.016045604
118017900 0.564246359 1.003104579 0.500000000 0.500000000 0.000000000 0.000000000 0.999977112 0.006457637 0.002005189 -0.006684635 -0.006160707 0.992331207 -0.123453908 -0.254895648 -0.002787032 0.123438738 0.992348254 -0.017215347
118051267 0.564246359 1.003104579 0.500000000 0.500000000 0.000000000 0.000000000 0.999975979 0.006665697 0.001912299 -0.006720006 -0.006369728 0.991921604 -0.126692459 -0.260472401 -0.002741345 0.126677230 0.991940200 -0.018397929
118084633 0.564246359 1.003104579 0.500000000 0.500000000 0.000000000 0.000000000 0.999974966 0.006876476 0.001685043 -0.006528113 -0.006597556 0.991414607 -0.130589262 -0.265013398 -0.002568570 0.130574867 0.991435111 -0.019324167
118118000 0.564246359 1.003104579 0.500000000 0.500000000 0.000000000 0.000000000 0.999973416 0.007089713 0.001693121 -0.006703440 -0.006798670 0.990945756 -0.134090558 -0.270068375 -0.002628455 0.134075493 0.990967631 -0.020479072
118151367 0.564246359 1.003104579 0.500000000 0.500000000 0.000000000 0.000000000 0.999972641 0.007238908 0.001531773 -0.006686668 -0.006960086 0.990506828 -0.137287170 -0.275760418 -0.002511041 0.137272760 0.990530133 -0.021597987
118184733 0.564246359 1.003104579 0.500000000 0.500000000 0.000000000 0.000000000 0.999971390 0.007410488 0.001521804 -0.006888089 -0.007122301 0.990006447 -0.140842155 -0.280912059 -0.002550305 0.140827283 0.990030885 -0.022769683
118218100 0.564246359 1.003104579 0.500000000 0.500000000 0.000000000 0.000000000 0.999970436 0.007577207 0.001291443 -0.006731342 -0.007313299 0.989612639 -0.143573448 -0.287291604 -0.002365913 0.143559754 0.989638805 -0.024015258
118251467 0.564246359 1.003104579 0.500000000 0.500000000 0.000000000 0.000000000 0.999969423 0.007712636 0.001297439 -0.006932222 -0.007437912 0.989094794 -0.147092342 -0.292449482 -0.002417760 0.147078186 0.989121914 -0.025099697
118284833 0.564246359 1.003104579 0.500000000 0.500000000 0.000000000 0.000000000 0.999967992 0.007909545 0.001214457 -0.007041848 -0.007636095 0.988543034 -0.150746033 -0.297321875 -0.002392875 0.150731921 0.988571763 -0.026398543
118318200 0.564246359 1.003104579 0.500000000 0.500000000 0.000000000 0.000000000 0.999966919 0.008067754 0.001063014 -0.007162990 -0.007807331 0.988007307 -0.154209688 -0.302801323 -0.002294392 0.154196277 0.988037586 -0.027601134
118351567 0.564246359 1.003104579 0.500000000 0.500000000 0.000000000 0.000000000 0.999965012 0.008318682 0.000871065 -0.007042044 -0.008076468 0.987398624 -0.158046708 -0.307694984 -0.002174829 0.158034131 0.987431228 -0.028595293
118384933 0.564246359 1.003104579 0.500000000 0.500000000 0.000000000 0.000000000 0.999963760 0.008472785 0.000837127 -0.007243643 -0.008227076 0.986890197 -0.161183268 -0.313459088 -0.002191824 0.161170542 0.986924112 -0.030026158
118418300 0.564246359 1.003104579 0.500000000 0.500000000 0.000000000 0.000000000 0.999962866 0.008577769 0.000796750 -0.007370568 -0.008329052 0.986281693 -0.164860576 -0.318521985 -0.002199955 0.164847821 0.986316562 -0.031184419
118451667 0.564246359 1.003104579 0.500000000 0.500000000 0.000000000 0.000000000 0.999961197 0.008780041 0.000681560 -0.007345983 -0.008540605 0.985738337 -0.168068528 -0.324176420 -0.002147488 0.168056190 0.985775054 -0.032524147
118485033 0.564246359 1.003104579 0.500000000 0.500000000 0.000000000 0.000000000 0.999959946 0.008929785 0.000604292 -0.007376981 -0.008694257 0.985178411 -0.171312228 -0.329995761 -0.002125117 0.171300113 0.985216618 -0.033763023
118518400 0.564246359 1.003104579 0.500000000 0.500000000 0.000000000 0.000000000 0.999958038 0.009100853 0.001019940 -0.008202256 -0.008782700 0.984580755 -0.174709991 -0.335233421 -0.002594223 0.174693704 0.984619439 -0.035150502
118551767 0.564246359 1.003104579 0.500000000 0.500000000 0.000000000 0.000000000 0.999956846 0.009276357 0.000531466 -0.007588019 -0.009034004 0.984020293 -0.177827165 -0.341107431 -0.002172562 0.177814677 0.984061599 -0.036321970
118585133 0.564246359 1.003104579 0.500000000 0.500000000 0.000000000 0.000000000 0.999955714 0.009400347 0.000426601 -0.007525448 -0.009168717 0.983512461 -0.180607900 -0.347215815 -0.002117344 0.180595994 0.983555079 -0.037798062
118618500 0.564246359 1.003104579 0.500000000 0.500000000 0.000000000 0.000000000 0.999954462 0.009529669 0.000512201 -0.007885818 -0.009271991 0.982822955 -0.184317976 -0.352113750 -0.002259892 0.184304833 0.982866526 -0.039097336
118651867 0.564246359 1.003104579 0.500000000 0.500000000 0.000000000 0.000000000 0.999951720 0.009806920 0.000630762 -0.008197802 -0.009513580 0.982130766 -0.187959105 -0.357017698 -0.002462790 0.187944025 0.982176661 -0.040430163
118685233 0.564246359 1.003104579 0.500000000 0.500000000 0.000000000 0.000000000 0.999949455 0.010006410 0.000957871 -0.008871962 -0.009639856 0.981583118 -0.190792114 -0.362910518 -0.002849374 0.190773234 0.981630027 -0.041794656
118718600 0.564246359 1.003104579 0.500000000 0.500000000 0.000000000 0.000000000 0.999948204 0.010139606 0.000900532 -0.008924422 -0.009771052 0.980869353 -0.194421917 -0.367887787 -0.002854666 0.194403037 0.980917573 -0.043114153
118751967 0.564246359 1.003104579 0.500000000 0.500000000 0.000000000 0.000000000 0.999945402 0.010378568 0.001227401 -0.009486863 -0.009935152 0.980458915 -0.196472988 -0.375160905 -0.003242525 0.196450070 0.980508447 -0.044295650
118785333 0.564246359 1.003104579 0.500000000 0.500000000 0.000000000 0.000000000 0.999945879 0.010389191 0.000591379 -0.008631631 -0.010060684 0.979719043 -0.200123504 -0.380014199 -0.002658507 0.200106725 0.979770482 -0.045897704
118818700 0.564246359 1.003104579 0.500000000 0.500000000 0.000000000 0.000000000 0.999942183 0.010640272 0.001566840 -0.010272913 -0.010099278 0.979049027 -0.203373969 -0.385330271 -0.003697967 0.203346387 0.979099870 -0.047373837
118852067 0.564246359 1.003104579 0.500000000 0.500000000 0.000000000 0.000000000 0.999938369 0.010988761 0.001578445 -0.010443230 -0.010425692 0.978374422 -0.206578746 -0.390883694 -0.003814354 0.206549555 0.978428721 -0.049065110
118885433 0.564246359 1.003104579 0.500000000 0.500000000 0.000000000 0.000000000 0.999935150 0.011335067 0.001082025 -0.009890298 -0.010857138 0.977765143 -0.209421694 -0.397046170 -0.003431775 0.209396377 0.977824807 -0.050296776
118918800 0.564246359 1.003104579 0.500000000 0.500000000 0.000000000 0.000000000 0.999932885 0.011550005 0.000921331 -0.009905099 -0.011090212 0.977083087 -0.212569207 -0.402545734 -0.003355392 0.212544724 0.977145553 -0.051660359
118952167 0.564246359 1.003104579 0.500000000 0.500000000 0.000000000 0.000000000 0.999930501 0.011725375 0.001220053 -0.010587017 -0.011190451 0.976640821 -0.214586794 -0.410077550 -0.003707665 0.214558229 0.976704180 -0.052362422
118985533 0.564246359 1.003104579 0.500000000 0.500000000 0.000000000 0.000000000 0.999927640 0.011963638 0.001274704 -0.010825484 -0.011396506 0.975795269 -0.218388811 -0.414625130 -0.003856575 0.218358472 0.975861013 -0.053903131
119018900 0.564246359 1.003104579 0.500000000 0.500000000 0.000000000 0.000000000 0.999924660 0.012156625 0.001683004 -0.011521330 -0.011483019 0.975149155 -0.221251681 -0.420654259 -0.004330854 0.221215695 0.975215316 -0.055132982
119052267 0.564246359 1.003104579 0.500000000 0.500000000 0.000000000 0.000000000 0.999925613 0.012167093 0.000848346 -0.010538522 -0.011668827 0.974577427 -0.223746970 -0.427127818 -0.003549129 0.223720431 0.974646866 -0.056530093
119085633 0.564246359 1.003104579 0.500000000 0.500000000 0.000000000 0.000000000 0.999919951 0.012508689 0.001916828 -0.012412563 -0.011750746 0.974000514 -0.226240948 -0.433985673 -0.004696969 0.226200312 0.974069476 -0.057767727
119119000 0.564246359 1.003104579 0.500000000 0.500000000 0.000000000 0.000000000 0.999921739 0.012445879 0.001279948 -0.011598178 -0.011818212 0.973138750 -0.229915842 -0.438706201 -0.004107072 0.229882717 0.973209679 -0.059456917
119152367 0.564246359 1.003104579 0.500000000 0.500000000 0.000000000 0.000000000 0.999919415 0.012675709 0.000739178 -0.011079354 -0.012153052 0.972301245 -0.233415067 -0.443854075 -0.003677405 0.233387262 0.972376943 -0.061021264
119185733 0.564246359 1.003104579 0.500000000 0.500000000 0.000000000 0.000000000 0.999918401 0.012743106 0.000886348 -0.011533229 -0.012175088 0.971743405 -0.235725611 -0.450759252 -0.003865180 0.235695601 0.971819222 -0.062247777
119219100 0.564246359 1.003104579 0.500000000 0.500000000 0.000000000 0.000000000 0.999916196 0.012913539 0.000899681 -0.011719938 -0.012324800 0.970971644 -0.238876909 -0.456517878 -0.003958311 0.238845810 0.971049428 -0.063504194
119252467 0.564246359 1.003104579 0.500000000 0.500000000 0.000000000 0.000000000 0.999916434 0.012922217 0.000292407 -0.010997313 -0.012465651 0.970074594 -0.242486820 -0.461307260 -0.003417124 0.242462918 0.970154643 -0.065141183
119285833 0.564246359 1.003104579 0.500000000 0.500000000 0.000000000 0.000000000 0.999915481 0.013001087 0.000233434 -0.011206376 -0.012545009 0.969250977 -0.245754316 -0.466880364 -0.003421330 0.245730609 0.969332099 -0.066639302
119319200 0.564246359 1.003104579 0.500000000 0.500000000 0.000000000 0.000000000 0.999912143 0.013255520 0.000126142 -0.011303319 -0.012807173 0.968459666 -0.248840958 -0.472847088 -0.003420680 0.248817474 0.968544364 -0.068138574
119352567 0.564246359 1.003104579 0.500000000 0.500000000 0.000000000 0.000000000 0.999912024 0.013266244 -0.000059585 -0.011334429 -0.012854439 0.967743099 -0.251610875 -0.479063193 -0.003280269 0.251589507 0.967828453 -0.069400691
119385933 0.564246359 1.003104579 0.500000000 0.500000000 0.000000000 0.000000000 0.999909639 0.013440246 -0.000284104 -0.011360777 -0.013070392 0.967016637 -0.254377544 -0.485465960 -0.003144164 0.254358292 0.967104971 -0.070718171
119419300 0.564246359 1.003104579 0.500000000 0.500000000 0.000000000 0.000000000 0.999908388 0.013507585 -0.000901129 -0.010656617 -0.013283584 0.966135025 -0.257694960 -0.490929085 -0.002610224 0.257683307 0.966225922 -0.072204177
119452667 0.564246359 1.003104579 0.500000000 0.500000000 0.000000000 0.000000000 0.999904990 0.013735077 -0.001155679 -0.010585041 -0.013560479 0.965229154 -0.261053234 -0.496318136 -0.002470091 0.261044115 0.965323687 -0.073845419
119486033 0.564246359 1.003104579 0.500000000 0.500000000 0.000000000 0.000000000 0.999901354 0.014005644 -0.001082557 -0.010928909 -0.013792572 0.964228690 -0.264712662 -0.501245935 -0.002663639 0.264701456 0.964326739 -0.075758906
119519400 0.564246359 1.003104579 0.500000000 0.500000000 0.000000000 0.000000000 0.999899924 0.014117803 -0.000918558 -0.011457463 -0.013849258 0.963480771 -0.267419040 -0.507722825 -0.002890357 0.267405003 0.963579893 -0.077231469
119552767 0.564246359 1.003104579 0.500000000 0.500000000 0.000000000 0.000000000 0.999898195 0.014212800 -0.001284365 -0.011091412 -0.014030391 0.962622762 -0.270482183 -0.513482008 -0.002607950 0.270472646 0.962724149 -0.078617417
119586133 0.564246359 1.003104579 0.500000000 0.500000000 0.000000000 0.000000000 0.999896049 0.014325404 -0.001639311 -0.010842078 -0.014227682 0.961784720 -0.273436964 -0.519470371 -0.002340430 0.273431867 0.961888552 -0.080141331
119619500 0.564246359 1.003104579 0.500000000 0.500000000 0.000000000 0.000000000 0.999894917 0.014417683 -0.001493630 -0.011240620 -0.014270744 0.961145520 -0.275672972 -0.526441058 -0.002538970 0.275665343 0.961250305 -0.081597806
119652867 0.564246359 1.003104579 0.500000000 0.500000000 0.000000000 0.000000000 0.999890983 0.014684783 -0.001533272 -0.011453842 -0.014530002 0.960243106 -0.278786689 -0.532027280 -0.002621608 0.278778583 0.960351825 -0.083317297
119686233 0.564246359 1.003104579 0.500000000 0.500000000 0.000000000 0.000000000 0.999889195 0.014782050 -0.001766334 -0.011265835 -0.014682268 0.959539771 -0.281189978 -0.538667279 -0.002461696 0.281184763 0.959650517 -0.085013301
119719600 0.564246359 1.003104579 0.500000000 0.500000000 0.000000000 0.000000000 0.999886870 0.014858661 -0.002342069 -0.010587103 -0.014911192 0.958598495 -0.284370542 -0.544154755 -0.001980262 0.284373283 0.958711565 -0.086679265
119752967 0.564246359 1.003104579 0.500000000 0.500000000 0.000000000 0.000000000 0.999884486 0.015047334 -0.002145785 -0.011024686 -0.015029801 0.957774282 -0.287128150 -0.550290925 -0.002265335 0.287127227 0.957889795 -0.088491753
119786333 0.564246359 1.003104579 0.500000000 0.500000000 0.000000000 0.000000000 0.999880195 0.015268356 -0.002551074 -0.010712023 -0.015352792 0.957020164 -0.289614677 -0.556878918 -0.001980511 0.289619148 0.957139909 -0.090182728
119819700 0.564246359 1.003104579 0.500000000 0.500000000 0.000000000 0.000000000 0.999878883 0.015373372 -0.002414434 -0.011128355 -0.015410289 0.956554592 -0.291145682 -0.565035728 -0.002166353 0.291147619 0.956675708 -0.090985815
119853067 0.564246359 1.003104579 0.500000000 0.500000000 0.000000000 0.000000000 0.999875665 0.015582509 -0.002413162 -0.011270404 -0.015601347 0.955429733 -0.294806093 -0.569396679 -0.002288212 0.294807106 0.955554068 -0.093585237
119886433 0.564246359 1.003104579 0.500000000 0.500000000 0.000000000 0.000000000 0.999873459 0.015666015 -0.002757205 -0.010889349 -0.015777286 0.954646647 -0.297322839 -0.575617602 -0.002025708 0.297328711 0.954773009 -0.095438278
119919800 0.564246359 1.003104579 0.500000000 0.500000000 0.000000000 0.000000000 0.999867380 0.016037364 -0.002828444 -0.011062921 -0.016146231 0.953671932 -0.300414979 -0.581029981 -0.002120457 0.300420821 0.953804374 -0.097176048
119953167 0.564246359 1.003104579 0.500000000 0.500000000 0.000000000 0.000000000 0.999866784 0.016071297 -0.002854623 -0.011171790 -0.016181897 0.953023255 -0.302464515 -0.588139187 -0.002140474 0.302470416 0.953156352 -0.098525694
119986533 0.564246359 1.003104579 0.500000000 0.500000000 0.000000000 0.000000000 0.999864221 0.016186586 -0.003089117 -0.011127983 -0.016358787 0.952414930 -0.304365247 -0.595538782 -0.001984514 0.304374456 0.952550411 -0.100022556
120019900 0.564246359 1.003104579 0.500000000 0.500000000 0.000000000 0.000000000 0.999860048 0.016401505 -0.003303662 -0.011112200 -0.016623290 0.951507688 -0.307175517 -0.601616799 -0.001894681 0.307187438 0.951647162 -0.101671468
120053267 0.564246359 1.003104579 0.500000000 0.500000000 0.000000000 0.000000000 0.999859095 0.016432391 -0.003429332 -0.011132630 -0.016686579 0.950702667 -0.309654653 -0.608057013 -0.001828092 0.309668243 0.950842917 -0.103304265
120086633 0.564246359 1.003104579 0.500000000 0.500000000 0.000000000 0.000000000 0.999853373 0.016782377 -0.003407896 -0.011501282 -0.017006876 0.949779928 -0.312456101 -0.613986564 -0.002007005 0.312468261 0.949926078 -0.105094595
120120000 0.564246359 1.003104579 0.500000000 0.500000000 0.000000000 0.000000000 0.999851167 0.016849454 -0.003708195 -0.011336687 -0.017159564 0.948912919 -0.315071166 -0.620190416 -0.001790023 0.315087885 0.949060798 -0.106561044
120153367 0.564246359 1.003104579 0.500000000 0.500000000 0.000000000 0.000000000 0.999847353 0.017044317 -0.003836599 -0.011537488 -0.017379463 0.947918773 -0.318037689 -0.625758259 -0.001783951 0.318055838 0.948070288 -0.108450046
120186733 0.564246359 1.003104579 0.500000000 0.500000000 0.000000000 0.000000000 0.999845207 0.017069843 -0.004259856 -0.011238161 -0.017534899 0.947150588 -0.320309728 -0.632546441 -0.001432911 0.320334852 0.947303295 -0.109934524
120220100 0.564246359 1.003104579 0.500000000 0.500000000 0.000000000 0.000000000 0.999840796 0.017239084 -0.004610065 -0.010968320 -0.017803594 0.946109891 -0.323355943 -0.637806521 -0.001212732 0.323386550 0.946266174 -0.111847044
120253467 0.564246359 1.003104579 0.500000000 0.500000000 0.000000000 0.000000000 0.999836922 0.017365320 -0.004955288 -0.010744366 -0.018031843 0.945137084 -0.326175958 -0.643561909 -0.000980724 0.326212138 0.945296109 -0.113593668
120286833 0.564246359 1.003104579 0.500000000 0.500000000 0.000000000 0.000000000 0.999834001 0.017415641 -0.005353905 -0.010433367 -0.018207887 0.944339454 -0.328468323 -0.650465335 -0.000664583 0.328511298 0.944499791 -0.114944331
120320200 0.564246359 1.003104579 0.500000000 0.500000000 0.000000000 0.000000000 0.999829948 0.017551273 -0.005661570 -0.010292069 -0.018435692 0.943322182 -0.331365943 -0.656197558 -0.000475210 0.331413954 0.943485320 -0.116662422
120353567 0.564246359 1.003104579 0.500000000 0.500000000 0.000000000 0.000000000 0.999823153 0.017742472 -0.006230045 -0.009702831 -0.018804302 0.941874862 -0.335437298 -0.659785157 -0.000083564 0.335495114 0.942041934 -0.119787881
120386933 0.564246359 1.003104579 0.500000000 0.500000000 0.000000000 0.000000000 0.999819160 0.017969839 -0.006222431 -0.009906189 -0.019014629 0.939883769 -0.340964675 -0.661324829 -0.000278718 0.341021329 0.940055490 -0.124271493
120420300 0.564246359 1.003104579 0.500000000 0.500000000 0.000000000 0.000000000 0.999806941 0.018847488 -0.005550073 -0.011966814 -0.019603001 0.937869310 -0.346434474 -0.663174896 -0.001324176 0.346476406 0.938057780 -0.128269741
120453667 0.564246359 1.003104579 0.500000000 0.500000000 0.000000000 0.000000000 0.999801934 0.019192243 -0.005271770 -0.012923202 -0.019822735 0.936419427 -0.350322276 -0.667184976 -0.001786882 0.350357383 0.936614394 -0.131572285
120487033 0.564246359 1.003104579 0.500000000 0.500000000 0.000000000 0.000000000 0.999793768 0.019542024 -0.005524947 -0.013078551 -0.020231972 0.934956968 -0.354183823 -0.670983605 -0.001755881 0.354222566 0.935159504 -0.134601424
120520400 0.564246359 1.003104579 0.500000000 0.500000000 0.000000000 0.000000000 0.999785483 0.019900952 -0.005742325 -0.013201934 -0.020638822 0.933744490 -0.357344806 -0.676075874 -0.001749638 0.357386678 0.933954895 -0.136935054
120553767 0.564246359 1.003104579 0.500000000 0.500000000 0.000000000 0.000000000 0.999784052 0.020071039 -0.005387716 -0.013980079 -0.020664787 0.932726443 -0.359992117 -0.682125002 -0.002200150 0.360025704 0.932939768 -0.139024504
