https://www.youtube.com/watch?v=r-EzOZyaZFM
33967267 0.498842400 0.886830922 0.500000000 0.500000000 0.000000000 0.000000000 0.995334446 0.013337118 -0.095558882 0.439011853 -0.014406744 0.999840975 -0.010512181 0.281173021 0.095403478 0.011839828 0.995368242 -2.000871638
34000633 0.498842400 0.886830922 0.500000000 0.500000000 0.000000000 0.000000000 0.994962811 0.013801184 -0.099290229 0.451236073 -0.014938357 0.999830961 -0.010718667 0.283616395 0.099125512 0.012147908 0.995000780 -2.009360375
34034000 0.498842400 0.886830922 0.500000000 0.500000000 0.000000000 0.000000000 0.994564652 0.014236347 -0.103142999 0.464283807 -0.015438160 0.999821842 -0.010862958 0.285949033 0.102969974 0.012396252 0.994607210 -2.017812238
34067367 0.498842400 0.886830922 0.500000000 0.500000000 0.000000000 0.000000000 0.994235516 0.014776826 -0.106194802 0.473657339 -0.016020589 0.999812603 -0.010868541 0.287696425 0.106014296 0.012507193 0.994285941 -2.028703134
34100733 0.498842400 0.886830922 0.500000000 0.500000000 0.000000000 0.000000000 0.993981838 0.015330315 -0.108467191 0.480579396 -0.016588708 0.999805033 -0.010708756 0.288854414 0.108281881 0.012443639 0.994042337 -2.043978987
34134100 0.498842400 0.886830922 0.500000000 0.500000000 0.000000000 0.000000000 0.993765116 0.015710728 -0.110381432 0.486187203 -0.016983736 0.999799550 -0.010602019 0.290506069 0.110192738 0.012410605 0.993832767 -2.060719129
34167467 0.498842400 0.886830922 0.500000000 0.500000000 0.000000000 0.000000000 0.993560851 0.016303193 -0.112120472 0.491056222 -0.017591523 0.999790013 -0.010510835 0.291917775 0.111925565 0.012415524 0.993639052 -2.078313394
34200833 0.498842400 0.886830922 0.500000000 0.500000000 0.000000000 0.000000000 0.993328571 0.017063856 -0.114048824 0.496646763 -0.018373771 0.999776661 -0.010444176 0.293180465 0.113845132 0.012470005 0.993420243 -2.095091457
34234200 0.498842400 0.886830922 0.500000000 0.500000000 0.000000000 0.000000000 0.993104339 0.017624365 -0.115901239 0.502373962 -0.018961355 0.999765694 -0.010443108 0.294537474 0.115690030 0.012568741 0.993205845 -2.112341202
34267567 0.498842400 0.886830922 0.500000000 0.500000000 0.000000000 0.000000000 0.992865026 0.018441005 -0.117808945 0.508316192 -0.019778376 0.999752402 -0.010192925 0.294875534 0.117591813 0.012450268 0.992983937 -2.129750877
34300933 0.498842400 0.886830922 0.500000000 0.500000000 0.000000000 0.000000000 0.992621124 0.019193590 -0.119728394 0.514381184 -0.020567011 0.999735951 -0.010245916 0.296249248 0.119500123 0.012632768 0.992753804 -2.146613027
34334300 0.498842400 0.886830922 0.500000000 0.500000000 0.000000000 0.000000000 0.992374063 0.019719519 -0.121675022 0.520484782 -0.021155089 0.999720871 -0.010517764 0.299133220 0.121433653 0.013011603 0.992514253 -2.162998940
34367667 0.498842400 0.886830922 0.500000000 0.500000000 0.000000000 0.000000000 0.992114246 0.019879114 -0.123750515 0.527043474 -0.021328622 0.999718428 -0.010399255 0.300346224 0.123508938 0.012956677 0.992258847 -2.179012901
34401033 0.498842400 0.886830922 0.500000000 0.500000000 0.000000000 0.000000000 0.991878748 0.020217504 -0.125569850 0.532160726 -0.021699589 0.999709964 -0.010446152 0.302514467 0.125322223 0.013086130 0.992029786 -2.194830241
34434400 0.498842400 0.886830922 0.500000000 0.500000000 0.000000000 0.000000000 0.991599917 0.020470085 -0.127713099 0.539147625 -0.021994282 0.999702573 -0.010535583 0.304886657 0.127459452 0.013256040 0.991755188 -2.211073372
34467767 0.498842400 0.886830922 0.500000000 0.500000000 0.000000000 0.000000000 0.991312981 0.020859916 -0.129859313 0.545976544 -0.022446483 0.999690056 -0.010765798 0.308073726 0.129594505 0.013587161 0.991473973 -2.226691283
34501133 0.498842400 0.886830922 0.500000000 0.500000000 0.000000000 0.000000000 0.991016805 0.021217311 -0.132043824 0.552961676 -0.022875786 0.999677181 -0.011055619 0.311272749 0.131766632 0.013976910 0.991182208 -2.241935685
34534500 0.498842400 0.886830922 0.500000000 0.500000000 0.000000000 0.000000000 0.990701199 0.021317918 -0.134375215 0.560542641 -0.023034804 0.999671519 -0.011234901 0.314080997 0.134091571 0.014225736 0.990866840 -2.257311227
34567867 0.498842400 0.886830922 0.500000000 0.500000000 0.000000000 0.000000000 0.990380228 0.021379819 -0.136711061 0.568198127 -0.023167433 0.999665499 -0.011497967 0.317445581 0.136419505 0.014554604 0.990544260 -2.272020827
34601233 0.498842400 0.886830922 0.500000000 0.500000000 0.000000000 0.000000000 0.990037501 0.021280382 -0.139186352 0.576424723 -0.023128683 0.999664307 -0.011675173 0.320124057 0.138891175 0.014778057 0.990197361 -2.286152898
34634600 0.498842400 0.886830922 0.500000000 0.500000000 0.000000000 0.000000000 0.989682138 0.021407701 -0.141671881 0.584526525 -0.023336777 0.999656022 -0.011968887 0.323566841 0.141366914 0.015151560 0.989841342 -2.300582679
34667967 0.498842400 0.886830922 0.500000000 0.500000000 0.000000000 0.000000000 0.989327192 0.021664854 -0.144091263 0.592114428 -0.023671445 0.999645054 -0.012225867 0.326758635 0.143775240 0.015506231 0.989488900 -2.315092255
34701333 0.498842400 0.886830922 0.500000000 0.500000000 0.000000000 0.000000000 0.988950014 0.021825276 -0.146634176 0.600111250 -0.023894273 0.999638021 -0.012363182 0.329380999 0.146311268 0.015730286 0.989113510 -2.329683416
34734700 0.498842400 0.886830922 0.500000000 0.500000000 0.000000000 0.000000000 0.988558233 0.022086250 -0.149213836 0.607889805 -0.024268836 0.999623239 -0.012822066 0.333716423 0.148874432 0.016296605 0.988721788 -2.344132186
34768067 0.498842400 0.886830922 0.500000000 0.500000000 0.000000000 0.000000000 0.988111794 0.022380009 -0.152099341 0.616950709 -0.024667241 0.999608994 -0.013167270 0.337609710 0.151745185 0.016762605 0.988277495 -2.356554466
34801433 0.498842400 0.886830922 0.500000000 0.500000000 0.000000000 0.000000000 0.987612307 0.022690419 -0.155264407 0.627312569 -0.025025444 0.999600947 -0.013100692 0.339487802 0.154905185 0.016823966 0.987786055 -2.368788866
34834800 0.498842400 0.886830922 0.500000000 0.500000000 0.000000000 0.000000000 0.987075865 0.023273041 -0.158554614 0.638527938 -0.025702856 0.999581277 -0.013291148 0.342748762 0.158178896 0.017194679 0.987260759 -2.380854748
34868167 0.498842400 0.886830922 0.500000000 0.500000000 0.000000000 0.000000000 0.986544430 0.024139892 -0.161701411 0.648971194 -0.026634151 0.999557078 -0.013274913 0.344107213 0.161309332 0.017403072 0.986750424 -2.393379547
34901533 0.498842400 0.886830922 0.500000000 0.500000000 0.000000000 0.000000000 0.986073077 0.024725612 -0.164464369 0.657132886 -0.027318900 0.999535263 -0.013524575 0.346958609 0.164053530 0.017829206 0.986290276 -2.406008191
34934900 0.498842400 0.886830922 0.500000000 0.500000000 0.000000000 0.000000000 0.985551476 0.025279507 -0.167479023 0.666467919 -0.027891144 0.999523044 -0.013259633 0.347384653 0.167063951 0.017739233 0.985786438 -2.418610047
34968267 0.498842400 0.886830922 0.500000000 0.500000000 0.000000000 0.000000000 0.984960675 0.025913395 -0.170824409 0.677692443 -0.028578660 0.999504924 -0.013161417 0.348863240 0.170398772 0.017845411 0.985213578 -2.430553928
35001633 0.498842400 0.886830922 0.500000000 0.500000000 0.000000000 0.000000000 0.984318733 0.026689161 -0.174368382 0.690232706 -0.029358806 0.999487638 -0.012748504 0.348725045 0.173938796 0.017667839 0.984597981 -2.442074080
35035000 0.498842400 0.886830922 0.500000000 0.500000000 0.000000000 0.000000000 0.983753324 0.027164795 -0.177458227 0.700507729 -0.029843247 0.999477148 -0.012441244 0.349551316 0.177027479 0.017535046 0.984049678 -2.454654551
35068367 0.498842400 0.886830922 0.500000000 0.500000000 0.000000000 0.000000000 0.983113050 0.027142450 -0.180975169 0.713067792 -0.029839570 0.999480307 -0.012196849 0.350499783 0.180550069 0.017391102 0.983412027 -2.466508844
35101733 0.498842400 0.886830922 0.500000000 0.500000000 0.000000000 0.000000000 0.982490003 0.027210744 -0.184317440 0.724747370 -0.029989395 0.999474466 -0.012303974 0.353494193 0.183885783 0.017616101 0.982789755 -2.478438954
35135100 0.498842400 0.886830922 0.500000000 0.500000000 0.000000000 0.000000000 0.981833816 0.027511822 -0.187737674 0.736927657 -0.030338703 0.999465227 -0.012200297 0.354943035 0.187301621 0.017674381 0.982143402 -2.490063189
35168467 0.498842400 0.886830922 0.500000000 0.500000000 0.000000000 0.000000000 0.981152058 0.027942991 -0.191206336 0.749294823 -0.030834936 0.999450445 -0.012165523 0.356976901 0.190761313 0.017832063 0.981474459 -2.501983790
35201833 0.498842400 0.886830922 0.500000000 0.500000000 0.000000000 0.000000000 0.980409741 0.028492641 -0.194897220 0.762957726 -0.031470247 0.999430239 -0.012197851 0.359309517 0.194438636 0.018092355 0.980747819 -2.514069310
35235200 0.498842400 0.886830922 0.500000000 0.500000000 0.000000000 0.000000000 0.979662478 0.029026821 -0.198541909 0.776411973 -0.032048848 0.999413967 -0.012023864 0.360494644 0.198076546 0.018142367 0.980018616 -2.526038171
35268567 0.498842400 0.886830922 0.500000000 0.500000000 0.000000000 0.000000000 0.978852093 0.029663401 -0.202407226 0.790810165 -0.032777719 0.999390006 -0.012051115 0.362958788 0.201926291 0.018430706 0.979227304 -2.537521028
35301933 0.498842400 0.886830922 0.500000000 0.500000000 0.000000000 0.000000000 0.977943361 0.030426957 -0.206642047 0.807077256 -0.033586912 0.999366164 -0.011800257 0.363948256 0.206152022 0.018480452 0.978345454 -2.548479508
35335300 0.498842400 0.886830922 0.500000000 0.500000000 0.000000000 0.000000000 0.976995230 0.030830523 -0.211020917 0.823877596 -0.034075100 0.999350131 -0.011755804 0.366299557 0.210521340 0.018675923 0.977410853 -2.557605643
35368667 0.498842400 0.886830922 0.500000000 0.500000000 0.000000000 0.000000000 0.976002634 0.030764600 -0.215574637 0.841579683 -0.034050196 0.999353468 -0.011542969 0.368146493 0.215080142 0.018606326 0.976419151 -2.566769927
35402033 0.498842400 0.886830922 0.500000000 0.500000000 0.000000000 0.000000000 0.974972308 0.031183951 -0.220128611 0.859607844 -0.034573663 0.999335289 -0.011562070 0.371080953 0.219621733 0.018883349 0.975402355 -2.576090347
35435400 0.498842400 0.886830922 0.500000000 0.500000000 0.000000000 0.000000000 0.973878920 0.031649154 -0.224851415 0.878584809 -0.035098232 0.999319315 -0.011357797 0.372857508 0.224338904 0.018953007 0.974326849 -2.586008620
35468767 0.498842400 0.886830922 0.500000000 0.500000000 0.000000000 0.000000000 0.972884297 0.032040644 -0.229062378 0.894423710 -0.035465106 0.999312043 -0.010847885 0.373128220 0.228557214 0.018677458 0.973351300 -2.595119117
35502133 0.498842400 0.886830922 0.500000000 0.500000000 0.000000000 0.000000000 0.971763790 0.032476630 -0.233710006 0.912577088 -0.035951082 0.999297142 -0.010620667 0.374356556 0.233200803 0.018722907 0.972248316 -2.602957851
35535500 0.498842400 0.886830922 0.500000000 0.500000000 0.000000000 0.000000000 0.970707953 0.032773215 -0.238016680 0.929149616 -0.036289565 0.999287128 -0.010405653 0.376247041 0.237505987 0.018738372 0.971205294 -2.612593793
35568867 0.498842400 0.886830922 0.500000000 0.500000000 0.000000000 0.000000000 0.969640672 0.032882985 -0.242313132 0.945489239 -0.036439944 0.999283671 -0.010210839 0.378532803 0.241803795 0.018730722 0.970144391 -2.620453027
35602233 0.498842400 0.886830922 0.500000000 0.500000000 0.000000000 0.000000000 0.968523085 0.032903593 -0.246739507 0.962511991 -0.036472589 0.999285519 -0.009907048 0.380146557 0.246237248 0.018594433 0.969031215 -2.628524915
35635600 0.498842400 0.886830922 0.500000000 0.500000000 0.000000000 0.000000000 0.967450440 0.033258263 -0.250865698 0.978036357 -0.036800910 0.999278009 -0.009442521 0.380966504 0.250370532 0.018367257 0.967975855 -2.636751954
35668967 0.498842400 0.886830922 0.500000000 0.500000000 0.000000000 0.000000000 0.966331244 0.033563081 -0.255102783 0.994149414 -0.037102178 0.999270320 -0.009072427 0.382080905 0.254612148 0.018231839 0.966871381 -2.644372416
35702333 0.498842400 0.886830922 0.500000000 0.500000000 0.000000000 0.000000000 0.965272784 0.033359587 -0.259105414 1.008597812 -0.036910146 0.999279380 -0.008848948 0.383761599 0.258623511 0.018105268 0.965808511 -2.649458759
35735700 0.498842400 0.886830922 0.500000000 0.500000000 0.000000000 0.000000000 0.964231849 0.033230707 -0.262969047 1.022277580 -0.036750913 0.999288499 -0.008477563 0.384945419 0.262500226 0.017838689 0.964767039 -2.656287964
35769067 0.498842400 0.886830922 0.500000000 0.500000000 0.000000000 0.000000000 0.963201761 0.032940332 -0.266753197 1.035347546 -0.036453247 0.999301493 -0.008226745 0.386777287 0.266295880 0.017648036 0.963729739 -2.661720445
35802433 0.498842400 0.886830922 0.500000000 0.500000000 0.000000000 0.000000000 0.962117910 0.032907076 -0.270640522 1.049401339 -0.036399025 0.999306202 -0.007892064 0.387740547 0.270193040 0.017444147 0.962648153 -2.666847176
35835800 0.498842400 0.886830922 0.500000000 0.500000000 0.000000000 0.000000000 0.961080849 0.033016767 -0.274287343 1.062316217 -0.036514744 0.999303818 -0.007655617 0.389032311 0.273843616 0.017373199 0.961617291 -2.671844949
35869167 0.498842400 0.886830922 0.500000000 0.500000000 0.000000000 0.000000000 0.960038483 0.033285908 -0.277881593 1.075131447 -0.036735758 0.999298990 -0.007215903 0.389531367 0.277446598 0.017135736 0.960588217 -2.678253371
35902533 0.498842400 0.886830922 0.500000000 0.500000000 0.000000000 0.000000000 0.959048510 0.033519540 -0.281251401 1.086881515 -0.036920398 0.999295056 -0.006800118 0.389748995 0.280825198 0.016905556 0.959610045 -2.684211063
35935900 0.498842400 0.886830922 0.500000000 0.500000000 0.000000000 0.000000000 0.958015800 0.033715997 -0.284726173 1.099210526 -0.037092954 0.999290824 -0.006474806 0.390476066 0.284305930 0.016764302 0.958587050 -2.690406761
35969267 0.498842400 0.886830922 0.500000000 0.500000000 0.000000000 0.000000000 0.957019925 0.033668865 -0.288061202 1.110733742 -0.036934502 0.999300241 -0.005907603 0.390113258 0.287660718 0.016293090 0.957593799 -2.696679877
36002633 0.498842400 0.886830922 0.500000000 0.500000000 0.000000000 0.000000000 0.956172168 0.033815835 -0.290845871 1.119688029 -0.036923125 0.999304593 -0.005200507 0.388633808 0.290467769 0.015711520 0.956755757 -2.703483781
36036000 0.498842400 0.886830922 0.500000000 0.500000000 0.000000000 0.000000000 0.955245674 0.034020666 -0.293850780 1.129734533 -0.036978446 0.999305844 -0.004514022 0.387276731 0.293493241 0.015178145 0.955840647 -2.709766188
36069367 0.498842400 0.886830922 0.500000000 0.500000000 0.000000000 0.000000000 0.954310954 0.034156114 -0.296856821 1.139679126 -0.036979098 0.999308467 -0.003897712 0.386297140 0.296518415 0.014697127 0.954914033 -2.715799158
36102733 0.498842400 0.886830922 0.500000000 0.500000000 0.000000000 0.000000000 0.953356802 0.034313735 -0.299889028 1.149915740 -0.036982559 0.999310732 -0.003226158 0.385191085 0.299571604 0.014166343 0.953968644 -2.721747331
36136100 0.498842400 0.886830922 0.500000000 0.500000000 0.000000000 0.000000000 0.952445388 0.034627683 -0.302735418 1.159638558 -0.037154339 0.999306202 -0.002589123 0.384463042 0.302435726 0.013713933 0.953071117 -2.728296164
36169467 0.498842400 0.886830922 0.500000000 0.500000000 0.000000000 0.000000000 0.951574981 0.034760196 -0.305445254 1.168750349 -0.037188865 0.999305964 -0.002134329 0.384588211 0.305159062 0.013390136 0.952207267 -2.735378171
36202833 0.498842400 0.886830922 0.500000000 0.500000000 0.000000000 0.000000000 0.950777113 0.034757242 -0.307920218 1.176585672 -0.037042551 0.999312460 -0.001577893 0.384200839 0.307653636 0.012906374 0.951410890 -2.742334933
36236200 0.498842400 0.886830922 0.500000000 0.500000000 0.000000000 0.000000000 0.949927211 0.034432188 -0.310568333 1.185187137 -0.036629669 0.999328136 -0.001244384 0.385069757 0.310316831 0.012558091 0.950550258 -2.749473125
36269567 0.498842400 0.886830922 0.500000000 0.500000000 0.000000000 0.000000000 0.949035943 0.034284677 -0.313297540 1.194217596 -0.036316723 0.999340117 -0.000650568 0.384801486 0.313068509 0.011995353 0.949654818 -2.756909394
36302933 0.498842400 0.886830922 0.500000000 0.500000000 0.000000000 0.000000000 0.948164225 0.034476906 -0.315905005 1.202589292 -0.036333680 0.999339700 0.000012179 0.383991245 0.315696836 0.011466444 0.948790848 -2.763944904
36336300 0.498842400 0.886830922 0.500000000 0.500000000 0.000000000 0.000000000 0.947244406 0.034647662 -0.318633884 1.212042300 -0.036392655 0.999337435 0.000476935 0.384237280 0.318439305 0.011144159 0.947877765 -2.771023458
36369667 0.498842400 0.886830922 0.500000000 0.500000000 0.000000000 0.000000000 0.946414471 0.034562431 -0.321099728 1.219957727 -0.036182217 0.999344766 0.000923114 0.384590168 0.320921242 0.010744452 0.947044909 -2.777541326
36403033 0.498842400 0.886830922 0.500000000 0.500000000 0.000000000 0.000000000 0.945543885 0.034523003 -0.323658735 1.228521294 -0.036012996 0.999350369 0.001386364 0.384704747 0.323496342 0.010345052 0.946172893 -2.783499852
36436400 0.498842400 0.886830922 0.500000000 0.500000000 0.000000000 0.000000000 0.944696844 0.034449227 -0.326130509 1.236305114 -0.035825979 0.999356449 0.001785691 0.385351504 0.325982124 0.009997007 0.945323050 -2.789248968
36469767 0.498842400 0.886830922 0.500000000 0.500000000 0.000000000 0.000000000 0.943706989 0.034328833 -0.328996420 1.245992383 -0.035678446 0.999361455 0.001935932 0.387643176 0.328852803 0.009911128 0.944329202 -2.794505395
36503133 0.498842400 0.886830922 0.500000000 0.500000000 0.000000000 0.000000000 0.942699134 0.034569658 -0.331848294 1.255791358 -0.035840143 0.999354899 0.002292869 0.388633348 0.331713498 0.009732005 0.943329990 -2.801451588
36536500 0.498842400 0.886830922 0.500000000 0.500000000 0.000000000 0.000000000 0.941661656 0.034896523 -0.334747016 1.266280972 -0.036077656 0.999345362 0.002690788 0.389244972 0.334621787 0.009543076 0.942304194 -2.806677076
36569867 0.498842400 0.886830922 0.500000000 0.500000000 0.000000000 0.000000000 0.940648019 0.035229005 -0.337550282 1.276364087 -0.036336157 0.999334991 0.003039680 0.390044173 0.337432891 0.009406011 0.941302598 -2.812098570
36603233 0.498842400 0.886830922 0.500000000 0.500000000 0.000000000 0.000000000 0.939698219 0.035609003 -0.340145975 1.284873931 -0.036616020 0.999323428 0.003459987 0.390325643 0.340039045 0.009203449 0.940366268 -2.817548191
36636600 0.498842400 0.886830922 0.500000000 0.500000000 0.000000000 0.000000000 0.938664258 0.036103178 -0.342937231 1.294624576 -0.036917232 0.999309659 0.004156360 0.389156791 0.342850566 0.008758866 0.939349115 -2.822633688
36669967 0.498842400 0.886830922 0.500000000 0.500000000 0.000000000 0.000000000 0.937655091 0.036358133 -0.345660329 1.303868558 -0.037039176 0.999303043 0.004636980 0.389053906 0.345588028 0.008455086 0.938348234 -2.828504612
36703333 0.498842400 0.886830922 0.500000000 0.500000000 0.000000000 0.000000000 0.936593711 0.036849767 -0.348474205 1.314012535 -0.037409354 0.999286890 0.005125551 0.389033090 0.348414570 0.008235636 0.937304378 -2.833619529
36736700 0.498842400 0.886830922 0.500000000 0.500000000 0.000000000 0.000000000 0.935576081 0.037291799 -0.351150513 1.323341156 -0.037627425 0.999274611 0.005870491 0.387384254 0.351114720 0.007720599 0.936300635 -2.838156857
36770067 0.498842400 0.886830922 0.500000000 0.500000000 0.000000000 0.000000000 0.934587061 0.037580833 -0.353743851 1.332251885 -0.037756626 0.999266446 0.006406927 0.386873615 0.353725135 0.007368343 0.935320377 -2.842841010
36803433 0.498842400 0.886830922 0.500000000 0.500000000 0.000000000 0.000000000 0.933638275 0.037875716 -0.356209159 1.340784824 -0.037864372 0.999258339 0.007007106 0.386160693 0.356210351 0.006945534 0.934379995 -2.846956849
36836800 0.498842400 0.886830922 0.500000000 0.500000000 0.000000000 0.000000000 0.932750702 0.037967432 -0.358517289 1.348186446 -0.037755050 0.999258161 0.007595783 0.385263045 0.358539701 0.006450866 0.933492184 -2.851201308
36870167 0.498842400 0.886830922 0.500000000 0.500000000 0.000000000 0.000000000 0.931806564 0.038016371 -0.360958785 1.357122101 -0.037715651 0.999257445 0.007880264 0.386216920 0.360990345 0.006270915 0.932548463 -2.855023331
36903533 0.498842400 0.886830922 0.500000000 0.500000000 0.000000000 0.000000000 0.931014240 0.038361918 -0.362961262 1.363475541 -0.037965089 0.999245167 0.008229314 0.386429859 0.363002986 0.006118249 0.931767881 -2.859600586
36936900 0.498842400 0.886830922 0.500000000 0.500000000 0.000000000 0.000000000 0.930150390 0.038694482 -0.365134239 1.370934355 -0.038238831 0.999232650 0.008481614 0.387201309 0.365182251 0.006073130 0.930916250 -2.863282274
36970267 0.498842400 0.886830922 0.500000000 0.500000000 0.000000000 0.000000000 0.929409325 0.039059989 -0.366977692 1.376430380 -0.038396131 0.999221027 0.009111842 0.385558546 0.367047757 0.005621892 0.930185139 -2.867491639
37003633 0.498842400 0.886830922 0.500000000 0.500000000 0.000000000 0.000000000 0.928632915 0.039250903 -0.368917733 1.382303151 -0.038369287 0.999216259 0.009728887 0.384153090 0.369010448 0.005120546 0.929411113 -2.870993310
37037000 0.498842400 0.886830922 0.500000000 0.500000000 0.000000000 0.000000000 0.927718699 0.039383091 -0.371196657 1.390072618 -0.038330562 0.999212921 0.010215909 0.383643279 0.371306837 0.004750687 0.928498089 -2.874390751
37070367 0.498842400 0.886830922 0.500000000 0.500000000 0.000000000 0.000000000 0.926848292 0.039553545 -0.373346716 1.397291061 -0.038272023 0.999208450 0.010847502 0.382265728 0.373480260 0.004234746 0.927628458 -2.877545751
37103733 0.498842400 0.886830922 0.500000000 0.500000000 0.000000000 0.000000000 0.926018119 0.039750870 -0.375380188 1.403896564 -0.038301118 0.999202073 0.011326171 0.381684655 0.375530869 0.003889241 0.926801741 -2.880319333
37137100 0.498842400 0.886830922 0.500000000 0.500000000 0.000000000 0.000000000 0.925101578 0.039945327 -0.377612859 1.411773591 -0.038343161 0.999195397 0.011763020 0.381334861 0.377778918 0.003596883 0.925888836 -2.883253690
37170467 0.498842400 0.886830922 0.500000000 0.500000000 0.000000000 0.000000000 0.924191177 0.040344279 -0.379793346 1.419389748 -0.038634080 0.999179840 0.012127415 0.381316733 0.379971117 0.003464917 0.924991846 -2.886257416
37203833 0.498842400 0.886830922 0.500000000 0.500000000 0.000000000 0.000000000 0.923202276 0.040699370 -0.382153273 1.427839211 -0.038852520 0.999166131 0.012551757 0.380843019 0.382345438 0.003259808 0.924013734 -2.889306698
37237200 0.498842400 0.886830922 0.500000000 0.500000000 0.000000000 0.000000000 0.922040999 0.041201118 -0.384893239 1.438695091 -0.039179567 0.999146342 0.013096561 0.379784059 0.385104269 0.003004384 0.922868192 -2.891760654
37270567 0.498842400 0.886830922 0.500000000 0.500000000 0.000000000 0.000000000 0.920964479 0.041837174 -0.387393981 1.448343250 -0.039565798 0.999121130 0.013840461 0.377706973 0.387632549 0.002580979 0.921810389 -2.894450178
37303933 0.498842400 0.886830922 0.500000000 0.500000000 0.000000000 0.000000000 0.919817746 0.042484522 -0.390038997 1.458875879 -0.040033992 0.999094367 0.014414129 0.376541688 0.390298158 0.002356447 0.920685530 -2.896542414
37337300 0.498842400 0.886830922 0.500000000 0.500000000 0.000000000 0.000000000 0.918710649 0.043080617 -0.392574519 1.468715876 -0.040412262 0.999069571 0.015063019 0.374966878 0.392858177 0.002026267 0.919596851 -2.898670288
37370667 0.498842400 0.886830922 0.500000000 0.500000000 0.000000000 0.000000000 0.917530715 0.043630362 -0.395264179 1.479604796 -0.040755652 0.999046266 0.015671005 0.373713702 0.395570934 0.001730620 0.918433785 -2.900627983
