https://www.youtube.com/watch?v=R4HqVpJ9HpA
114514400 0.506594472 0.900612424 0.500000000 0.500000000 0.000000000 0.000000000 0.996384919 0.012584219 -0.084016457 -0.704517841 -0.012489147 0.999920607 0.001657075 -0.017027158 0.084030636 -0.000601791 0.996463001 -0.026568922
114547767 0.506594472 0.900612424 0.500000000 0.500000000 0.000000000 0.000000000 0.996228218 0.012612457 -0.085850500 -0.712337801 -0.012522320 0.999920309 0.001588396 -0.017247792 0.085863695 -0.000507358 0.996306777 -0.028220884
114581133 0.506594472 0.900612424 0.500000000 0.500000000 0.000000000 0.000000000 0.996055841 0.012889167 -0.087787278 -0.719826511 -0.012828387 0.999916911 0.001256522 -0.016697464 0.087796181 -0.000125397 0.996138453 -0.029729568
114614500 0.506594472 0.900612424 0.500000000 0.500000000 0.000000000 0.000000000 0.995878875 0.013085743 -0.089744225 -0.727349953 -0.013035241 0.999914348 0.001148848 -0.016707004 0.089751571 0.000025724 0.995964170 -0.031527239
114647867 0.506594472 0.900612424 0.500000000 0.500000000 0.000000000 0.000000000 0.995665193 0.013308824 -0.092052579 -0.734191929 -0.013261256 0.999911427 0.001128422 -0.016792232 0.092059441 0.000097203 0.995753527 -0.033247010
114681233 0.506594472 0.900612424 0.500000000 0.500000000 0.000000000 0.000000000 0.995492578 0.013433464 -0.093883313 -0.741874584 -0.013469672 0.999909222 0.000248038 -0.015583364 0.093878128 0.001017657 0.995583177 -0.034768318
114714600 0.506594472 0.900612424 0.500000000 0.500000000 0.000000000 0.000000000 0.995302439 0.013698318 -0.095840625 -0.749304497 -0.013679582 0.999906063 0.000852563 -0.016404454 0.095843300 0.000462502 0.995396316 -0.036372802
114747967 0.506594472 0.900612424 0.500000000 0.500000000 0.000000000 0.000000000 0.995083809 0.013863031 -0.098061621 -0.756364066 -0.013828059 0.999903858 0.001036298 -0.016799591 0.098066561 0.000324798 0.995179832 -0.038358549
114781333 0.506594472 0.900612424 0.500000000 0.500000000 0.000000000 0.000000000 0.994866014 0.014008856 -0.100226775 -0.763545455 -0.014037310 0.999901354 0.000421372 -0.015957492 0.100222796 0.000987706 0.994964540 -0.039967551
114814700 0.506594472 0.900612424 0.500000000 0.500000000 0.000000000 0.000000000 0.994646013 0.014207644 -0.102359146 -0.770967585 -0.014244098 0.999898493 0.000374815 -0.015994427 0.102354079 0.001085205 0.994747460 -0.041733237
114848067 0.506594472 0.900612424 0.500000000 0.500000000 0.000000000 0.000000000 0.994385779 0.014417993 -0.104828775 -0.777686845 -0.014457593 0.999895394 0.000382145 -0.016081365 0.104823321 0.001135573 0.994490206 -0.043938381
114881433 0.506594472 0.900612424 0.500000000 0.500000000 0.000000000 0.000000000 0.994185627 0.014661315 -0.106676884 -0.785624066 -0.014836696 0.999889553 -0.000850552 -0.014298934 0.106652632 0.002428339 0.994293392 -0.045594095
114914800 0.506594472 0.900612424 0.500000000 0.500000000 0.000000000 0.000000000 0.993912876 0.014807836 -0.109169014 -0.792700763 -0.014900196 0.999888957 -0.000030281 -0.015639385 0.109156452 0.001656737 0.994023204 -0.047919293
114948167 0.506594472 0.900612424 0.500000000 0.500000000 0.000000000 0.000000000 0.993703187 0.015064636 -0.111026950 -0.800685925 -0.015175039 0.999884844 -0.000149368 -0.015385174 0.111011907 0.001833265 0.993817389 -0.049363701
114981533 0.506594472 0.900612424 0.500000000 0.500000000 0.000000000 0.000000000 0.993432522 0.015255274 -0.113397837 -0.807874211 -0.015185987 0.999883592 0.001474853 -0.017776861 0.113407142 0.000256892 0.993548572 -0.051264871
115014900 0.506594472 0.900612424 0.500000000 0.500000000 0.000000000 0.000000000 0.993224680 0.015277790 -0.115201004 -0.815879009 -0.015264564 0.999882996 0.000997038 -0.017331362 0.115202755 0.000768210 0.993341684 -0.052811557
115048267 0.506594472 0.900612424 0.500000000 0.500000000 0.000000000 0.000000000 0.992992222 0.015444400 -0.117166102 -0.823846835 -0.015451053 0.999880254 0.000851572 -0.017291120 0.117165230 0.000964736 0.993111968 -0.054529105
115081633 0.506594472 0.900612424 0.500000000 0.500000000 0.000000000 0.000000000 0.992734134 0.015758483 -0.119291954 -0.831700354 -0.015822550 0.999874711 0.000410099 -0.016763179 0.119283475 0.001480384 0.992859125 -0.056546315
115115000 0.506594472 0.900612424 0.500000000 0.500000000 0.000000000 0.000000000 0.992512763 0.015891235 -0.121102668 -0.839597708 -0.016014457 0.999871731 -0.000044214 -0.016165941 0.121086434 0.001983277 0.992639959 -0.057925857
115148367 0.506594472 0.900612424 0.500000000 0.500000000 0.000000000 0.000000000 0.992287338 0.016144473 -0.122903258 -0.847801117 -0.016258130 0.999867797 0.000078146 -0.016360368 0.122888274 0.001920634 0.992418647 -0.059646821
115181733 0.506594472 0.900612424 0.500000000 0.500000000 0.000000000 0.000000000 0.992057383 0.016280409 -0.124727950 -0.855542949 -0.016359767 0.999866068 0.000388051 -0.017019496 0.124717563 0.001655551 0.992190897 -0.061024439
115215100 0.506594472 0.900612424 0.500000000 0.500000000 0.000000000 0.000000000 0.991800249 0.016366750 -0.126745194 -0.862860698 -0.016465489 0.999864399 0.000268681 -0.016957188 0.126732394 0.001820444 0.991935253 -0.062824793
115248467 0.506594472 0.900612424 0.500000000 0.500000000 0.000000000 0.000000000 0.991562188 0.016558519 -0.128569975 -0.870483274 -0.016678693 0.999860883 0.000141973 -0.016739124 0.128554434 0.002003604 0.991700411 -0.064458514
115281833 0.506594472 0.900612424 0.500000000 0.500000000 0.000000000 0.000000000 0.991314173 0.016743708 -0.130444884 -0.878092058 -0.016911598 0.999856949 -0.000179325 -0.016314431 0.130423218 0.002383799 0.991455555 -0.066109595
115315200 0.506594472 0.900612424 0.500000000 0.500000000 0.000000000 0.000000000 0.991074741 0.016958339 -0.132224306 -0.885669411 -0.017129282 0.999853253 -0.000155393 -0.016347418 0.132202268 0.002418913 0.991219819 -0.067541845
115348567 0.506594472 0.900612424 0.500000000 0.500000000 0.000000000 0.000000000 0.990809441 0.017001625 -0.134192199 -0.892910899 -0.017136663 0.999853134 0.000148742 -0.017009686 0.134175017 0.002152231 0.990955293 -0.069267226
115381933 0.506594472 0.900612424 0.500000000 0.500000000 0.000000000 0.000000000 0.990563273 0.017322948 -0.135957211 -0.900427897 -0.017521946 0.999846458 -0.000267040 -0.016288090 0.135931715 0.002646755 0.990714669 -0.070700380
115415300 0.506594472 0.900612424 0.500000000 0.500000000 0.000000000 0.000000000 0.990347087 0.017345570 -0.137520298 -0.908166623 -0.017481543 0.999847174 0.000219050 -0.017108747 0.137503073 0.002187131 0.990498900 -0.072161512
115448667 0.506594472 0.900612424 0.500000000 0.500000000 0.000000000 0.000000000 0.990067005 0.017737789 -0.139473021 -0.915389391 -0.017938191 0.999839067 -0.000179786 -0.016303036 0.139447391 0.002679894 0.990225852 -0.074021917
115482033 0.506594472 0.900612424 0.500000000 0.500000000 0.000000000 0.000000000 0.989870667 0.017876871 -0.140841901 -0.923329297 -0.017999098 0.999837935 0.000406094 -0.017109465 0.140826344 0.002133047 0.990032017 -0.075020270
115515400 0.506594472 0.900612424 0.500000000 0.500000000 0.000000000 0.000000000 0.989562511 0.018109776 -0.142961681 -0.930055392 -0.018338673 0.999831796 -0.000283524 -0.016143710 0.142932504 0.002902292 0.989728212 -0.077067738
115548767 0.506594472 0.900612424 0.500000000 0.500000000 0.000000000 0.000000000 0.989332080 0.018215429 -0.144534424 -0.937603306 -0.018436821 0.999830008 -0.000192381 -0.016335055 0.144506350 0.002855084 0.989499748 -0.078183578
115582133 0.506594472 0.900612424 0.500000000 0.500000000 0.000000000 0.000000000 0.989031911 0.018413214 -0.146549836 -0.944444585 -0.018591404 0.999827147 0.000153809 -0.016840700 0.146527335 0.002572445 0.989203274 -0.079989712
115615500 0.506594472 0.900612424 0.500000000 0.500000000 0.000000000 0.000000000 0.988740563 0.018601855 -0.148479328 -0.951387863 -0.018737739 0.999824345 0.000483736 -0.017285520 0.148462236 0.002303878 0.988915384 -0.081698018
115648867 0.506594472 0.900612424 0.500000000 0.500000000 0.000000000 0.000000000 0.988468468 0.018675448 -0.150270760 -0.958587759 -0.018914238 0.999821126 -0.000159847 -0.016452121 0.150240898 0.003000261 0.988644838 -0.083299112
115682233 0.506594472 0.900612424 0.500000000 0.500000000 0.000000000 0.000000000 0.988162041 0.019043982 -0.152227297 -0.965412602 -0.019214792 0.999815345 0.000349059 -0.016950897 0.152205840 0.002580089 0.988345444 -0.085185986
115715600 0.506594472 0.900612424 0.500000000 0.500000000 0.000000000 0.000000000 0.987928450 0.019093782 -0.153729469 -0.972893511 -0.019144213 0.999816060 0.001152392 -0.018185884 0.153723195 0.001804549 0.988112330 -0.086090226
115748967 0.506594472 0.900612424 0.500000000 0.500000000 0.000000000 0.000000000 0.987684131 0.019257225 -0.155271307 -0.980408868 -0.019348860 0.999812365 0.000921282 -0.017863396 0.155259907 0.002094387 0.987871408 -0.087362265
115782333 0.506594472 0.900612424 0.500000000 0.500000000 0.000000000 0.000000000 0.987436354 0.019517260 -0.156807214 -0.987770573 -0.019621085 0.999807119 0.000885938 -0.017750514 0.156794250 0.002201920 0.987628818 -0.088572728
115815700 0.506594472 0.900612424 0.500000000 0.500000000 0.000000000 0.000000000 0.987189531 0.019855905 -0.158311695 -0.995162087 -0.019830070 0.999801874 0.001742965 -0.018785439 0.158314928 0.001418695 0.987387657 -0.089878581
115849067 0.506594472 0.900612424 0.500000000 0.500000000 0.000000000 0.000000000 0.986863315 0.020038061 -0.160309911 -1.001682057 -0.020160656 0.999796391 0.000861880 -0.017619787 0.160294533 0.002381395 0.987066329 -0.091776091
115882433 0.506594472 0.900612424 0.500000000 0.500000000 0.000000000 0.000000000 0.986643970 0.020193383 -0.161635265 -1.009330827 -0.020180766 0.999794841 0.001719990 -0.018765651 0.161636844 0.001564905 0.986849070 -0.093021458
115915800 0.506594472 0.900612424 0.500000000 0.500000000 0.000000000 0.000000000 0.986337543 0.020402325 -0.163468674 -1.016204681 -0.020414161 0.999790311 0.001607616 -0.018550085 0.163467199 0.001751423 0.986547232 -0.094451090
115949167 0.506594472 0.900612424 0.500000000 0.500000000 0.000000000 0.000000000 0.986140013 0.020699080 -0.164618939 -1.023915019 -0.020648740 0.999784768 0.002017246 -0.018926686 0.164625257 0.001409886 0.986355186 -0.095528688
115982533 0.506594472 0.900612424 0.500000000 0.500000000 0.000000000 0.000000000 0.985792875 0.020800522 -0.166672528 -1.029924403 -0.020689564 0.999783039 0.002402225 -0.019420455 0.166686341 0.001080285 0.986009359 -0.097337451
116015900 0.506594472 0.900612424 0.500000000 0.500000000 0.000000000 0.000000000 0.985561252 0.021012528 -0.168010324 -1.037558585 -0.020875828 0.999778748 0.002580024 -0.019592515 0.168027356 0.000964583 0.985781848 -0.098439977
116049267 0.506594472 0.900612424 0.500000000 0.500000000 0.000000000 0.000000000 0.985290527 0.021292984 -0.169555709 -1.044419214 -0.021184545 0.999772608 0.002448810 -0.019365426 0.169569284 0.001179171 0.985517561 -0.099795809
116082633 0.506594472 0.900612424 0.500000000 0.500000000 0.000000000 0.000000000 0.984949887 0.021548076 -0.171491697 -1.050691908 -0.021272516 0.999767780 0.003444541 -0.020586912 0.171526104 0.000255360 0.985179543 -0.101491421
116116000 0.506594472 0.900612424 0.500000000 0.500000000 0.000000000 0.000000000 0.984634995 0.021676801 -0.173274621 -1.057240753 -0.021446750 0.999764860 0.003200032 -0.020255160 0.173303246 0.000565315 0.984868348 -0.102970082
116149367 0.506594472 0.900612424 0.500000000 0.500000000 0.000000000 0.000000000 0.984327137 0.021941727 -0.174981818 -1.063706520 -0.021746691 0.999758899 0.003032197 -0.019797843 0.175006166 0.000820601 0.984566987 -0.104489542
116182733 0.506594472 0.900612424 0.500000000 0.500000000 0.000000000 0.000000000 0.984009385 0.022262804 -0.176719964 -1.070201523 -0.022021394 0.999751985 0.003327431 -0.020059296 0.176750198 0.000617397 0.984255552 -0.106019358
116216100 0.506594472 0.900612424 0.500000000 0.500000000 0.000000000 0.000000000 0.983749509 0.022451852 -0.178137034 -1.077148133 -0.022167854 0.999747813 0.003584730 -0.020268747 0.178172603 0.000422439 0.983999133 -0.107177945
116249467 0.506594472 0.900612424 0.500000000 0.500000000 0.000000000 0.000000000 0.983363330 0.022568006 -0.180242300 -1.082983460 -0.022278428 0.999745190 0.003631036 -0.020343116 0.180278316 0.000444887 0.983615518 -0.109122366
116282833 0.506594472 0.900612424 0.500000000 0.500000000 0.000000000 0.000000000 0.983051777 0.022754485 -0.181910500 -1.089281478 -0.022270592 0.999740899 0.004702556 -0.021752817 0.181970373 -0.000571602 0.983303845 -0.110516344
116316200 0.506594472 0.900612424 0.500000000 0.500000000 0.000000000 0.000000000 0.982695639 0.023021521 -0.183791503 -1.095685096 -0.022586612 0.999734938 0.004459697 -0.021193086 0.183845460 -0.000231297 0.982955158 -0.112375958
116349567 0.506594472 0.900612424 0.500000000 0.500000000 0.000000000 0.000000000 0.982314169 0.023310319 -0.185783625 -1.101735800 -0.022813635 0.999728143 0.004811114 -0.021476347 0.185845271 -0.000487625 0.982578874 -0.114197365
116382933 0.506594472 0.900612424 0.500000000 0.500000000 0.000000000 0.000000000 0.981948137 0.023613697 -0.187670544 -1.107921653 -0.022705246 0.999717772 0.006989161 -0.024375044 0.187782615 -0.002601888 0.982207179 -0.115609167
116416300 0.506594472 0.900612424 0.500000000 0.500000000 0.000000000 0.000000000 0.981607497 0.023942411 -0.189403087 -1.114609560 -0.023209466 0.999712110 0.006087187 -0.022618533 0.189494297 -0.001579284 0.981880546 -0.117157508
116449667 0.506594472 0.900612424 0.500000000 0.500000000 0.000000000 0.000000000 0.981201470 0.024101125 -0.191475362 -1.120801506 -0.023472182 0.999709070 0.005552540 -0.021736514 0.191553488 -0.000953816 0.981481731 -0.119182587
116483033 0.506594472 0.900612424 0.500000000 0.500000000 0.000000000 0.000000000 0.980745494 0.024420718 -0.193757460 -1.126462939 -0.023375552 0.999697268 0.007678967 -0.024627806 0.193886325 -0.003001924 0.981019437 -0.120932653
116516400 0.506594472 0.900612424 0.500000000 0.500000000 0.000000000 0.000000000 0.980392635 0.024721799 -0.195497096 -1.133283415 -0.023685306 0.999690294 0.007638181 -0.024191915 0.195625380 -0.002858008 0.980674565 -0.122766017
