https://www.youtube.com/watch?v=MHpyCI-8VAc
119820000 0.501005622 0.890676677 0.500000000 0.500000000 0.000000000 0.000000000 0.999940157 0.003880078 0.010227351 -0.006285873 -0.003911566 0.999987662 0.003060577 0.123782806 -0.010215350 -0.003100399 0.999943018 -0.044857275
119853000 0.501005622 0.890676677 0.500000000 0.500000000 0.000000000 0.000000000 0.999931633 0.003928301 0.011013608 -0.007239533 -0.003963890 0.999987006 0.003211360 0.127297350 -0.011000850 -0.003254797 0.999934196 -0.044661833
119887000 0.501005622 0.890676677 0.500000000 0.500000000 0.000000000 0.000000000 0.999927282 0.003870510 0.011419886 -0.007876742 -0.003908762 0.999986827 0.003329179 0.130227827 -0.011406850 -0.003373575 0.999929249 -0.044447141
119920000 0.501005622 0.890676677 0.500000000 0.500000000 0.000000000 0.000000000 0.999925137 0.003801329 0.011631865 -0.009022196 -0.003840524 0.999987006 0.003349128 0.132821180 -0.011618983 -0.003393550 0.999926746 -0.043869620
119953000 0.501005622 0.890676677 0.500000000 0.500000000 0.000000000 0.000000000 0.999919772 0.003790228 0.012086513 -0.009499925 -0.003831330 0.999986947 0.003379253 0.135303309 -0.012073547 -0.003425290 0.999921262 -0.043292361
119987000 0.501005622 0.890676677 0.500000000 0.500000000 0.000000000 0.000000000 0.999913692 0.003782102 0.012580510 -0.010150574 -0.003826267 0.999986589 0.003488399 0.137785863 -0.012567148 -0.003536234 0.999914765 -0.042515540
120020000 0.501005622 0.890676677 0.500000000 0.500000000 0.000000000 0.000000000 0.999909341 0.004216878 0.012785575 -0.010966348 -0.004262744 0.999984562 0.003562195 0.140067575 -0.012770357 -0.003616374 0.999911904 -0.041350902
120053000 0.501005622 0.890676677 0.500000000 0.500000000 0.000000000 0.000000000 0.999901116 0.004599167 0.013291307 -0.011316954 -0.004645464 0.999983251 0.003454539 0.142140817 -0.013275196 -0.003515942 0.999905705 -0.040279804
120087000 0.501005622 0.890676677 0.500000000 0.500000000 0.000000000 0.000000000 0.999893248 0.004664865 0.013848333 -0.011952602 -0.004715060 0.999982417 0.003594157 0.144232761 -0.013831323 -0.003659069 0.999897659 -0.039136017
120120000 0.501005622 0.890676677 0.500000000 0.500000000 0.000000000 0.000000000 0.999888659 0.004970940 0.014069809 -0.012636973 -0.005029310 0.999978900 0.004116267 0.145744853 -0.014049049 -0.004186571 0.999892533 -0.037514308
120154000 0.501005622 0.890676677 0.500000000 0.500000000 0.000000000 0.000000000 0.999882281 0.005048284 0.014490178 -0.013184172 -0.005107296 0.999978781 0.004038396 0.147145325 -0.014469484 -0.004111926 0.999886870 -0.035630475
120187000 0.501005622 0.890676677 0.500000000 0.500000000 0.000000000 0.000000000 0.999872983 0.005188103 0.015070449 -0.013969804 -0.005248503 0.999978364 0.003971070 0.148291971 -0.015049520 -0.004049663 0.999878526 -0.033568668
120220000 0.501005622 0.890676677 0.500000000 0.500000000 0.000000000 0.000000000 0.999868453 0.005288349 0.015333242 -0.014834961 -0.005351250 0.999977410 0.004064156 0.149229776 -0.015311403 -0.004145673 0.999874175 -0.030998272
120254000 0.501005622 0.890676677 0.500000000 0.500000000 0.000000000 0.000000000 0.999863625 0.005420750 0.015599236 -0.015446080 -0.005486073 0.999976337 0.004147768 0.149778587 -0.015576383 -0.004232781 0.999869704 -0.028366735
120287000 0.501005622 0.890676677 0.500000000 0.500000000 0.000000000 0.000000000 0.999860466 0.005484896 0.015779383 -0.016220152 -0.005550215 0.999976218 0.004098693 0.150030475 -0.015756527 -0.004185700 0.999867082 -0.025541314
120320000 0.501005622 0.890676677 0.500000000 0.500000000 0.000000000 0.000000000 0.999859691 0.005664869 0.015764711 -0.016939897 -0.005730131 0.999975204 0.004097702 0.150205671 -0.015741108 -0.004187461 0.999867320 -0.022252498
120354000 0.501005622 0.890676677 0.500000000 0.500000000 0.000000000 0.000000000 0.999856412 0.005770709 0.015931154 -0.017295656 -0.005841093 0.999973357 0.004375012 0.149957491 -0.015905483 -0.004467439 0.999863505 -0.018909009
120387000 0.501005622 0.890676677 0.500000000 0.500000000 0.000000000 0.000000000 0.999848664 0.006028528 0.016318243 -0.017990012 -0.006103735 0.999970973 0.004562914 0.149522634 -0.016290260 -0.004661826 0.999856412 -0.015405313
120420000 0.501005622 0.890676677 0.500000000 0.500000000 0.000000000 0.000000000 0.999844313 0.005975122 0.016603362 -0.018118900 -0.006050420 0.999971628 0.004488616 0.148892120 -0.016576070 -0.004588374 0.999852061 -0.011882761
120454000 0.501005622 0.890676677 0.500000000 0.500000000 0.000000000 0.000000000 0.999834716 0.006037144 0.017150126 -0.018480514 -0.006113096 0.999971747 0.004379649 0.148187848 -0.017123202 -0.004483765 0.999843359 -0.008150825
120487000 0.501005622 0.890676677 0.500000000 0.500000000 0.000000000 0.000000000 0.999829531 0.006059410 0.017439570 -0.019228248 -0.006134429 0.999972165 0.004251340 0.147479391 -0.017413324 -0.004357597 0.999838889 -0.004371743
120521000 0.501005622 0.890676677 0.500000000 0.500000000 0.000000000 0.000000000 0.999832332 0.006196935 0.017229727 -0.020030272 -0.006271649 0.999971151 0.004285684 0.146824565 -0.017202672 -0.004393025 0.999842346 -0.000618969
120554000 0.501005622 0.890676677 0.500000000 0.500000000 0.000000000 0.000000000 0.999825537 0.006376223 0.017556077 -0.020749041 -0.006458204 0.999968469 0.004616919 0.145882334 -0.017526085 -0.004729494 0.999835193 0.003260512
120587000 0.501005622 0.890676677 0.500000000 0.500000000 0.000000000 0.000000000 0.999820888 0.006507732 0.017770905 -0.021500711 -0.006597450 0.999965787 0.004994640 0.145111832 -0.017737793 -0.005110988 0.999829590 0.007261520
120621000 0.501005622 0.890676677 0.500000000 0.500000000 0.000000000 0.000000000 0.999815941 0.006753317 0.017956560 -0.022467867 -0.006853760 0.999961197 0.005538060 0.143556394 -0.017918464 -0.005660111 0.999823451 0.011851404
120654000 0.501005622 0.890676677 0.500000000 0.500000000 0.000000000 0.000000000 0.999812186 0.006789655 0.018153459 -0.022661785 -0.006889069 0.999961555 0.005419423 0.142422227 -0.018115966 -0.005543465 0.999820530 0.016604672
120687000 0.501005622 0.890676677 0.500000000 0.500000000 0.000000000 0.000000000 0.999808311 0.006912383 0.018319661 -0.023392313 -0.007012215 0.999960899 0.005390797 0.140907702 -0.018281680 -0.005518225 0.999817669 0.021444919
120721000 0.501005622 0.890676677 0.500000000 0.500000000 0.000000000 0.000000000 0.999798954 0.007034611 0.018775864 -0.024763102 -0.007139749 0.999959171 0.005538468 0.139119133 -0.018736135 -0.005671409 0.999808371 0.026803697
120754000 0.501005622 0.890676677 0.500000000 0.500000000 0.000000000 0.000000000 0.999795556 0.007176111 0.018903276 -0.026215977 -0.007280859 0.999958515 0.005478310 0.137755067 -0.018863179 -0.005614823 0.999806285 0.032488846
120787000 0.501005622 0.890676677 0.500000000 0.500000000 0.000000000 0.000000000 0.999792159 0.007403031 0.018994983 -0.027376527 -0.007510201 0.999956250 0.005576896 0.135552347 -0.018952867 -0.005718394 0.999804020 0.038188603
120821000 0.501005622 0.890676677 0.500000000 0.500000000 0.000000000 0.000000000 0.999781966 0.007394764 0.019527093 -0.028572704 -0.007499106 0.999957979 0.005275629 0.133295547 -0.019487260 -0.005420915 0.999795437 0.043814347
120854000 0.501005622 0.890676677 0.500000000 0.500000000 0.000000000 0.000000000 0.999774873 0.007547559 0.019831048 -0.030902488 -0.007641602 0.999959886 0.004670755 0.131512160 -0.019794999 -0.004821244 0.999792457 0.049938177
120888000 0.501005622 0.890676677 0.500000000 0.500000000 0.000000000 0.000000000 0.999774277 0.007693144 0.019805200 -0.033017872 -0.007780633 0.999960303 0.004344260 0.128991126 -0.019770993 -0.004497376 0.999794424 0.055927585
120921000 0.501005622 0.890676677 0.500000000 0.500000000 0.000000000 0.000000000 0.999768436 0.007879608 0.020025544 -0.035429864 -0.007962021 0.999960124 0.004039022 0.126669455 -0.019992920 -0.004197530 0.999791324 0.062105566
120954000 0.501005622 0.890676677 0.500000000 0.500000000 0.000000000 0.000000000 0.999763012 0.008091166 0.020208873 -0.038132742 -0.008175642 0.999958158 0.004101058 0.124339869 -0.020174844 -0.004265306 0.999787390 0.068286254
120988000 0.501005622 0.890676677 0.500000000 0.500000000 0.000000000 0.000000000 0.999761164 0.008196683 0.020257840 -0.040728356 -0.008291404 0.999955058 0.004596239 0.121669525 -0.020219255 -0.004763107 0.999784231 0.074925864
121021000 0.501005622 0.890676677 0.500000000 0.500000000 0.000000000 0.000000000 0.999755681 0.008448310 0.020426398 -0.043263272 -0.008553285 0.999950647 0.005057283 0.118898452 -0.020382665 -0.005230761 0.999778569 0.081679761
121054000 0.501005622 0.890676677 0.500000000 0.500000000 0.000000000 0.000000000 0.999743044 0.008656406 0.020950291 -0.045903061 -0.008772156 0.999946713 0.005439434 0.115869968 -0.020902090 -0.005621816 0.999765694 0.088590184
121088000 0.501005622 0.890676677 0.500000000 0.500000000 0.000000000 0.000000000 0.999748707 0.008791273 0.020621778 -0.048625336 -0.008910699 0.999944031 0.005706499 0.112710568 -0.020570457 -0.005888820 0.999771059 0.095602964
121121000 0.501005622 0.890676677 0.500000000 0.500000000 0.000000000 0.000000000 0.999760449 0.008797282 0.020041768 -0.051473028 -0.008920660 0.999941766 0.006074958 0.109206215 -0.019987157 -0.006252288 0.999780715 0.103003715
121155000 0.501005622 0.890676677 0.500000000 0.500000000 0.000000000 0.000000000 0.999764979 0.008684264 0.019863732 -0.054298530 -0.008815568 0.999939799 0.006532219 0.105523498 -0.019805809 -0.006705794 0.999781370 0.110535851
121188000 0.501005622 0.890676677 0.500000000 0.500000000 0.000000000 0.000000000 0.999772847 0.008983826 0.019326903 -0.057821945 -0.009122293 0.999933243 0.007088261 0.101838934 -0.019261934 -0.007262957 0.999788105 0.118345704
121221000 0.501005622 0.890676677 0.500000000 0.500000000 0.000000000 0.000000000 0.999787331 0.009468773 0.018320404 -0.060564057 -0.009602980 0.999927580 0.007251471 0.098006158 -0.018250415 -0.007425859 0.999805868 0.126760841
121255000 0.501005622 0.890676677 0.500000000 0.500000000 0.000000000 0.000000000 0.999786556 0.010096504 0.018025177 -0.063424955 -0.010225563 0.999922633 0.007082169 0.094138302 -0.017952276 -0.007264975 0.999812424 0.135435382
121288000 0.501005622 0.890676677 0.500000000 0.500000000 0.000000000 0.000000000 0.999799132 0.010711852 0.016938381 -0.066734505 -0.010830551 0.999917328 0.006931561 0.090427764 -0.016862730 -0.007113621 0.999832511 0.144052880
121321000 0.501005622 0.890676677 0.500000000 0.500000000 0.000000000 0.000000000 0.999812722 0.011353613 0.015672410 -0.070137205 -0.011469583 0.999907374 0.007329653 0.086663297 -0.015587740 -0.007508036 0.999850333 0.152921786
121355000 0.501005622 0.890676677 0.500000000 0.500000000 0.000000000 0.000000000 0.999825239 0.011754423 0.014536838 -0.073190041 -0.011873730 0.999896288 0.008148249 0.082889499 -0.014439552 -0.008319432 0.999861121 0.161393417
121388000 0.501005622 0.890676677 0.500000000 0.500000000 0.000000000 0.000000000 0.999840021 0.012277849 0.013004988 -0.076783809 -0.012394440 0.999883354 0.008922817 0.078918321 -0.012893918 -0.009082579 0.999875605 0.170272244
121421000 0.501005622 0.890676677 0.500000000 0.500000000 0.000000000 0.000000000 0.999851406 0.012959586 0.011365005 -0.080456169 -0.013061169 0.999875009 0.008909936 0.074675763 -0.011248115 -0.009057052 0.999895692 0.179624315
121455000 0.501005622 0.890676677 0.500000000 0.500000000 0.000000000 0.000000000 0.999860168 0.013586869 0.009746707 -0.083689778 -0.013671593 0.999868870 0.008679290 0.070702496 -0.009627504 -0.008811329 0.999914825 0.188934181
121488000 0.501005622 0.890676677 0.500000000 0.500000000 0.000000000 0.000000000 0.999864817 0.014268136 0.008170330 -0.087262976 -0.014341162 0.999857128 0.008950182 0.066727041 -0.008041460 -0.009066145 0.999926567 0.198406152
121522000 0.501005622 0.890676677 0.500000000 0.500000000 0.000000000 0.000000000 0.999870241 0.014937414 0.006031962 -0.090438759 -0.014993364 0.999843955 0.009339391 0.062930261 -0.005891514 -0.009428618 0.999938190 0.208024104
121555000 0.501005622 0.890676677 0.500000000 0.500000000 0.000000000 0.000000000 0.999871373 0.015690226 0.003330602 -0.093695331 -0.015721550 0.999830365 0.009596503 0.059283499 -0.003179466 -0.009647631 0.999948382 0.217703452
121588000 0.501005622 0.890676677 0.500000000 0.500000000 0.000000000 0.000000000 0.999865115 0.016421622 0.000170609 -0.096843216 -0.016422503 0.999818683 0.009638631 0.055875409 -0.000012296 -0.009640132 0.999953508 0.227285696
121622000 0.501005622 0.890676677 0.500000000 0.500000000 0.000000000 0.000000000 0.999843001 0.017384876 -0.003425374 -0.099999345 -0.017350296 0.999800682 0.009878397 0.052384478 0.003596426 -0.009817415 0.999945343 0.236331920
121655000 0.501005622 0.890676677 0.500000000 0.500000000 0.000000000 0.000000000 0.999806881 0.018254351 -0.007280936 -0.103196351 -0.018179610 0.999782681 0.010202552 0.048710192 0.007465595 -0.010068217 0.999921441 0.244692469
121688000 0.501005622 0.890676677 0.500000000 0.500000000 0.000000000 0.000000000 0.999749005 0.019311285 -0.011358347 -0.106570883 -0.019191066 0.999759674 0.010599623 0.044469964 0.011560310 -0.010378985 0.999879301 0.252747997
121722000 0.501005622 0.890676677 0.500000000 0.500000000 0.000000000 0.000000000 0.999669850 0.020410024 -0.015608565 -0.110576130 -0.020244258 0.999737740 0.010705434 0.040383872 0.015822969 -0.010385916 0.999820888 0.260523405
121755000 0.501005622 0.890676677 0.500000000 0.500000000 0.000000000 0.000000000 0.999552369 0.021612851 -0.020685464 -0.114721441 -0.021391416 0.999712110 0.010866932 0.035773735 0.020914374 -0.010419576 0.999726951 0.268172544
121789000 0.501005622 0.890676677 0.500000000 0.500000000 0.000000000 0.000000000 0.999393880 0.022915680 -0.026204977 -0.119852674 -0.022637188 0.999684572 0.010875242 0.031197999 0.026445925 -0.010275443 0.999597430 0.275775729
121822000 0.501005622 0.890676677 0.500000000 0.500000000 0.000000000 0.000000000 0.999174297 0.024533644 -0.032384913 -0.125717071 -0.024190528 0.999647439 0.010944617 0.026476794 0.032642007 -0.010152172 0.999415517 0.283411801
121855000 0.501005622 0.890676677 0.500000000 0.500000000 0.000000000 0.000000000 0.998878002 0.026030384 -0.039562624 -0.130932155 -0.025607197 0.999609709 0.011166082 0.021812805 0.039837841 -0.010140466 0.999154687 0.290827706
121889000 0.501005622 0.890676677 0.500000000 0.500000000 0.000000000 0.000000000 0.998515487 0.027841024 -0.046815984 -0.137341152 -0.027324663 0.999558926 0.011633740 0.017189869 0.047119230 -0.010337238 0.998835802 0.297781576
121922000 0.501005622 0.890676677 0.500000000 0.500000000 0.000000000 0.000000000 0.998027742 0.029521273 -0.055399127 -0.144289895 -0.028888376 0.999508321 0.012190735 0.013155156 0.055731773 -0.010566302 0.998389840 0.303893076
121956000 0.501005622 0.890676677 0.500000000 0.500000000 0.000000000 0.000000000 0.997405946 0.031597923 -0.064675830 -0.151938234 -0.030807823 0.999438465 0.013177662 0.009325323 0.065055899 -0.011150957 0.997819304 0.309908498
121989000 0.501005622 0.890676677 0.500000000 0.500000000 0.000000000 0.000000000 0.996707022 0.033806533 -0.073703736 -0.160649134 -0.032862350 0.999362051 0.013986129 0.004997756 0.074129537 -0.011517996 0.997182131 0.315554236
122022000 0.501005622 0.890676677 0.500000000 0.500000000 0.000000000 0.000000000 0.995833933 0.035919908 -0.083812833 -0.168840177 -0.034836210 0.999289930 0.014357282 -0.000043580 0.084269032 -0.011377746 0.996378064 0.320352431
122056000 0.501005622 0.890676677 0.500000000 0.500000000 0.000000000 0.000000000 0.994816780 0.038342234 -0.094177529 -0.178834015 -0.037112769 0.999201894 0.014772381 -0.004775234 0.094668776 -0.011200624 0.995445788 0.324771953
122089000 0.501005622 0.890676677 0.500000000 0.500000000 0.000000000 0.000000000 0.993563950 0.040823389 -0.105660230 -0.189072131 -0.039417777 0.999104798 0.015358265 -0.009486477 0.106192611 -0.011094526 0.994283676 0.328693455
122122000 0.501005622 0.890676677 0.500000000 0.500000000 0.000000000 0.000000000 0.992162347 0.043589704 -0.117105767 -0.200950985 -0.041983314 0.998987794 0.016150497 -0.014274943 0.117691226 -0.011107427 0.992988110 0.332710459
122156000 0.501005622 0.890676677 0.500000000 0.500000000 0.000000000 0.000000000 0.990496457 0.046277456 -0.129518792 -0.212830924 -0.044499572 0.998871684 0.016588869 -0.017832700 0.130140334 -0.010667685 0.991438210 0.337304151
122189000 0.501005622 0.890676677 0.500000000 0.500000000 0.000000000 0.000000000 0.988495052 0.049214337 -0.143022627 -0.224357235 -0.047165629 0.998730600 0.017681636 -0.022505479 0.143711269 -0.010732458 0.989561439 0.340827195
122223000 0.501005622 0.890676677 0.500000000 0.500000000 0.000000000 0.000000000 0.986267269 0.052317813 -0.156651750 -0.236470111 -0.050061855 0.998578191 0.018314868 -0.025981073 0.157387212 -0.010221077 0.987484097 0.344621709
122256000 0.501005622 0.890676677 0.500000000 0.500000000 0.000000000 0.000000000 0.983776450 0.055089004 -0.170731053 -0.249667942 -0.052654792 0.998436630 0.018756613 -0.028899503 0.171497419 -0.009462507 0.985139132 0.347927913
122289000 0.501005622 0.890676677 0.500000000 0.500000000 0.000000000 0.000000000 0.980849683 0.058029089 -0.185920805 -0.262470739 -0.055453587 0.998279929 0.019027686 -0.031140212 0.186705172 -0.008353323 0.982380450 0.351848238
122323000 0.501005622 0.890676677 0.500000000 0.500000000 0.000000000 0.000000000 0.977723181 0.061085761 -0.200813249 -0.275354331 -0.058338374 0.998104930 0.019576490 -0.033454151 0.201628536 -0.007425270 0.979433894 0.354841976
122356000 0.501005622 0.890676677 0.500000000 0.500000000 0.000000000 0.000000000 0.974461436 0.064277329 -0.215158805 -0.289664076 -0.061374668 0.997911334 0.020151764 -0.036112242 0.216004714 -0.006431818 0.976371109 0.357245607
122389000 0.501005622 0.890676677 0.500000000 0.500000000 0.000000000 0.000000000 0.970662177 0.067131475 -0.230885789 -0.302750061 -0.064149082 0.997731626 0.020408789 -0.037908254 0.231732130 -0.004998927 0.972766817 0.359388822
122423000 0.501005622 0.890676677 0.500000000 0.500000000 0.000000000 0.000000000 0.966360271 0.070344262 -0.247385427 -0.314699993 -0.067141391 0.997514606 0.021370094 -0.040026488 0.248273835 -0.004041408 0.968681455 0.362759425
122456000 0.501005622 0.890676677 0.500000000 0.500000000 0.000000000 0.000000000 0.961979806 0.073387846 -0.263076186 -0.327695809 -0.070028648 0.997299314 0.022136200 -0.041115332 0.263990253 -0.002871708 0.964521050 0.363447889
122489000 0.501005622 0.890676677 0.500000000 0.500000000 0.000000000 0.000000000 0.957476616 0.076068029 -0.278302342 -0.341520074 -0.072738953 0.997102022 0.022284186 -0.040581046 0.279190928 -0.001093167 0.960235000 0.366382620
122523000 0.501005622 0.890676677 0.500000000 0.500000000 0.000000000 0.000000000 0.952364087 0.079028025 -0.294545740 -0.352107348 -0.075249933 0.996872067 0.024157520 -0.043858307 0.295533508 -0.000842209 0.955331981 0.367178310
122556000 0.501005622 0.890676677 0.500000000 0.500000000 0.000000000 0.000000000 0.947216034 0.081499681 -0.310063928 -0.365871054 -0.077724248 0.996672988 0.024533262 -0.043595479 0.311031789 0.000861186 0.950399101 0.369510079
122590000 0.501005622 0.890676677 0.500000000 0.500000000 0.000000000 0.000000000 0.941500545 0.084585331 -0.326223880 -0.377411004 -0.080318436 0.996415496 0.026553195 -0.046598653 0.327300549 0.001201945 0.944919527 0.369372156
122623000 0.501005622 0.890676677 0.500000000 0.500000000 0.000000000 0.000000000 0.935796976 0.087016955 -0.341631413 -0.390950522 -0.082563668 0.996203959 0.027584706 -0.047242884 0.342734903 0.002392656 0.939429104 0.368664700
122656000 0.501005622 0.890676677 0.500000000 0.500000000 0.000000000 0.000000000 0.929861426 0.089758240 -0.356792986 -0.405293094 -0.085071936 0.995957315 0.028840991 -0.047352265 0.357939303 0.003534946 0.933738172 0.368507386
122690000 0.501005622 0.890676677 0.500000000 0.500000000 0.000000000 0.000000000 0.923545122 0.093044646 -0.372031063 -0.419096633 -0.087849937 0.995653450 0.030929781 -0.048875925 0.373291850 0.004117857 0.927704811 0.367594126
122723000 0.501005622 0.890676677 0.500000000 0.500000000 0.000000000 0.000000000 0.916705310 0.095930576 -0.387877226 -0.431534551 -0.090211585 0.995376647 0.032973368 -0.051287894 0.389247060 0.004764158 0.921121061 0.364715433
