https://www.youtube.com/watch?v=Ql78fGWQ3a4
247447000 0.507122108 0.901550376 0.500000000 0.500000000 0.000000000 0.000000000 0.988646865 0.032943219 -0.146602005 -0.146210367 -0.031774089 0.999441922 0.010310117 0.033224860 0.146859840 -0.005534920 0.989141822 -0.442717553
247480000 0.507122108 0.901550376 0.500000000 0.500000000 0.000000000 0.000000000 0.988562703 0.032833524 -0.147192881 -0.146014644 -0.031719133 0.999447644 0.009912429 0.033367259 0.147437036 -0.005130228 0.989058137 -0.456851954
247847000 0.507122108 0.901550376 0.500000000 0.500000000 0.000000000 0.000000000 0.988243103 0.032820441 -0.149326339 -0.166372132 -0.031993870 0.999456584 0.007934849 0.039161356 0.149505615 -0.003064032 0.988756120 -0.614109771
247881000 0.507122108 0.901550376 0.500000000 0.500000000 0.000000000 0.000000000 0.988252938 0.033066452 -0.149207190 -0.167998581 -0.032143284 0.999446332 0.008595088 0.039539301 0.149408787 -0.003698112 0.988768578 -0.625281692
247914000 0.507122108 0.901550376 0.500000000 0.500000000 0.000000000 0.000000000 0.988319874 0.033183597 -0.148737133 -0.170276127 -0.032103073 0.999437869 0.009660256 0.038112934 0.148974076 -0.004772504 0.988829613 -0.637054858
247948000 0.507122108 0.901550376 0.500000000 0.500000000 0.000000000 0.000000000 0.988432884 0.032797370 -0.148069948 -0.171105946 -0.031542990 0.999443889 0.010812462 0.035457614 0.148342222 -0.006016825 0.988917768 -0.647687937
247981000 0.507122108 0.901550376 0.500000000 0.500000000 0.000000000 0.000000000 0.988441348 0.033023298 -0.147963375 -0.171672745 -0.031726055 0.999434769 0.011119553 0.035674157 0.148246944 -0.006296732 0.988930345 -0.659790170
248014000 0.507122108 0.901550376 0.500000000 0.500000000 0.000000000 0.000000000 0.988472164 0.032770764 -0.147813469 -0.172726954 -0.031433426 0.999441147 0.011375021 0.035428374 0.148103625 -0.006597608 0.988949835 -0.671556046
248048000 0.507122108 0.901550376 0.500000000 0.500000000 0.000000000 0.000000000 0.988522589 0.032316089 -0.147576362 -0.172567776 -0.030843485 0.999449074 0.012256730 0.033339495 0.147891149 -0.007564285 0.988974690 -0.682563829
248081000 0.507122108 0.901550376 0.500000000 0.500000000 0.000000000 0.000000000 0.988645554 0.033127658 -0.146569133 -0.174253326 -0.031696361 0.999424398 0.012090700 0.035664929 0.146885306 -0.007307708 0.989126563 -0.692659259
248114000 0.507122108 0.901550376 0.500000000 0.500000000 0.000000000 0.000000000 0.988789797 0.032582015 -0.145716056 -0.174807773 -0.031057309 0.999436557 0.012726862 0.033544948 0.146048620 -0.008058643 0.989244580 -0.704167534
248148000 0.507122108 0.901550376 0.500000000 0.500000000 0.000000000 0.000000000 0.988987088 0.033007488 -0.144274145 -0.176533199 -0.031554963 0.999425769 0.012345119 0.034772776 0.144598782 -0.007656599 0.989460766 -0.715976875
248181000 0.507122108 0.901550376 0.500000000 0.500000000 0.000000000 0.000000000 0.989157140 0.032829538 -0.143144637 -0.177736560 -0.031404607 0.999432266 0.012203124 0.034586018 0.143463984 -0.007575407 0.989626527 -0.726861751
248214000 0.507122108 0.901550376 0.500000000 0.500000000 0.000000000 0.000000000 0.989141464 0.032318223 -0.143368900 -0.175932732 -0.030800119 0.999443650 0.012796128 0.032500270 0.143702686 -0.008241403 0.989586592 -0.740033783
248248000 0.507122108 0.901550376 0.500000000 0.500000000 0.000000000 0.000000000 0.989147782 0.031904347 -0.143418059 -0.172564777 -0.030304935 0.999451876 0.013323284 0.030965612 0.143764526 -0.008832421 0.989572525 -0.752996085
248281000 0.507122108 0.901550376 0.500000000 0.500000000 0.000000000 0.000000000 0.989206314 0.032045871 -0.142982230 -0.172078835 -0.030456871 0.999447763 0.013288665 0.030903396 0.143329114 -0.008790440 0.989636064 -0.765914880
248315000 0.507122108 0.901550376 0.500000000 0.500000000 0.000000000 0.000000000 0.989118814 0.031500939 -0.143706918 -0.168207833 -0.029878817 0.999463260 0.013432410 0.028542426 0.144052908 -0.008992456 0.989529133 -0.780751405
248348000 0.507122108 0.901550376 0.500000000 0.500000000 0.000000000 0.000000000 0.989155114 0.031660303 -0.143421561 -0.164748667 -0.030150218 0.999464810 0.012690690 0.029760824 0.143746585 -0.008228870 0.989580333 -0.793435116
248381000 0.507122108 0.901550376 0.500000000 0.500000000 0.000000000 0.000000000 0.989201188 0.031254623 -0.143192902 -0.160881338 -0.029721705 0.999475837 0.012832307 0.029807830 0.143518910 -0.008437796 0.989611626 -0.806942470
248415000 0.507122108 0.901550376 0.500000000 0.500000000 0.000000000 0.000000000 0.989231050 0.031304829 -0.142975494 -0.156504122 -0.029832795 0.999477625 0.012428356 0.031240822 0.143289879 -0.008029157 0.989648163 -0.820515431
248448000 0.507122108 0.901550376 0.500000000 0.500000000 0.000000000 0.000000000 0.989173412 0.031215977 -0.143392816 -0.150220269 -0.029739963 0.999480426 0.012425842 0.030678148 0.143706203 -0.008026815 0.989587843 -0.833987117
248481000 0.507122108 0.901550376 0.500000000 0.500000000 0.000000000 0.000000000 0.989224851 0.031592719 -0.142954811 -0.145164554 -0.030247668 0.999475420 0.011572894 0.032781817 0.143245444 -0.007124145 0.989661574 -0.848668360
248515000 0.507122108 0.901550376 0.500000000 0.500000000 0.000000000 0.000000000 0.989343166 0.031388767 -0.142178908 -0.140417619 -0.030045100 0.999481380 0.011588042 0.033318845 0.142468914 -0.007192770 0.989773154 -0.860936959
248548000 0.507122108 0.901550376 0.500000000 0.500000000 0.000000000 0.000000000 0.989323497 0.031037457 -0.142392844 -0.132717826 -0.029685086 0.999491870 0.011612476 0.034066795 0.142680898 -0.007261552 0.989742100 -0.873194025
248582000 0.507122108 0.901550376 0.500000000 0.500000000 0.000000000 0.000000000 0.989456058 0.030132871 -0.141664237 -0.126065826 -0.028789993 0.999519110 0.011519828 0.035055408 0.141943231 -0.007319851 0.989847720 -0.884614953
248615000 0.507122108 0.901550376 0.500000000 0.500000000 0.000000000 0.000000000 0.989588380 0.029599501 -0.140849769 -0.120300889 -0.028296411 0.999536335 0.011245843 0.036618625 0.141117319 -0.007143213 0.989967108 -0.895988909
248648000 0.507122108 0.901550376 0.500000000 0.500000000 0.000000000 0.000000000 0.989724100 0.028902818 -0.140038475 -0.114082566 -0.027642965 0.999558091 0.010933679 0.038517288 0.140292600 -0.006950247 0.990085721 -0.907530694
248682000 0.507122108 0.901550376 0.500000000 0.500000000 0.000000000 0.000000000 0.989897430 0.028906707 -0.138807401 -0.109128582 -0.027606357 0.999555171 0.011284610 0.039207211 0.139071852 -0.007338640 0.990255117 -0.918452553
248715000 0.507122108 0.901550376 0.500000000 0.500000000 0.000000000 0.000000000 0.990017772 0.028876534 -0.137952641 -0.103937670 -0.027518384 0.999552310 0.011742560 0.040928100 0.138229966 -0.007829110 0.990369201 -0.929086167
248749000 0.507122108 0.901550376 0.500000000 0.500000000 0.000000000 0.000000000 0.990129113 0.028317863 -0.137267619 -0.097498338 -0.026762465 0.999555171 0.013163845 0.040181337 0.137579322 -0.009360286 0.990446508 -0.939023972
248782000 0.507122108 0.901550376 0.500000000 0.500000000 0.000000000 0.000000000 0.990257442 0.028455213 -0.136310384 -0.091297237 -0.026894636 0.999550104 0.013277035 0.042393028 0.136626869 -0.009481665 0.990577221 -0.948533226
248815000 0.507122108 0.901550376 0.500000000 0.500000000 0.000000000 0.000000000 0.990514874 0.027960932 -0.134530365 -0.086959070 -0.026457140 0.999566019 0.012953253 0.044294856 0.134834170 -0.009271102 0.990824819 -0.957354699
248849000 0.507122108 0.901550376 0.500000000 0.500000000 0.000000000 0.000000000 0.990750432 0.027419960 -0.132897645 -0.081963119 -0.026006605 0.999585390 0.012359407 0.046331891 0.133181438 -0.008788871 0.991052687 -0.966309587
248882000 0.507122108 0.901550376 0.500000000 0.500000000 0.000000000 0.000000000 0.990945101 0.026566433 -0.131613255 -0.076290968 -0.025137708 0.999605775 0.012505375 0.046085872 0.131893605 -0.009083685 0.991222262 -0.975002787
