https://www.youtube.com/watch?v=iQPHJgDapRo
210310100 0.499864397 0.888647870 0.500000000 0.500000000 0.000000000 0.000000000 0.997810662 0.007977308 0.065652117 0.243361298 -0.020479802 0.981173337 0.192040175 0.032107327 -0.062884144 -0.192964271 0.979188621 -0.410638357
210343467 0.499864397 0.888647870 0.500000000 0.500000000 0.000000000 0.000000000 0.997579813 0.007991240 0.069069982 0.255798657 -0.021731414 0.979442775 0.200548142 0.031690331 -0.066047467 -0.201563761 0.977246046 -0.429138065
210376833 0.499864397 0.888647870 0.500000000 0.500000000 0.000000000 0.000000000 0.997354269 0.008138468 0.072237290 0.267957882 -0.023156088 0.977517784 0.209577709 0.030787915 -0.068907589 -0.210695967 0.975119948 -0.446727615
210410200 0.499864397 0.888647870 0.500000000 0.500000000 0.000000000 0.000000000 0.997129679 0.008220612 0.075265363 0.279014034 -0.024517283 0.975583851 0.218254611 0.030392826 -0.071633488 -0.219473451 0.972985148 -0.464020576
210443567 0.499864397 0.888647870 0.500000000 0.500000000 0.000000000 0.000000000 0.996935844 0.008331189 0.077778570 0.289780150 -0.025799481 0.973694682 0.226391315 0.029139317 -0.073846474 -0.227704272 0.970926106 -0.480582548
210476933 0.499864397 0.888647870 0.500000000 0.500000000 0.000000000 0.000000000 0.996752799 0.008612959 0.080060802 0.300143595 -0.027177155 0.971905708 0.233796313 0.028135925 -0.075797871 -0.235212952 0.968983769 -0.496710668
210510300 0.499864397 0.888647870 0.500000000 0.500000000 0.000000000 0.000000000 0.996587694 0.008980773 0.082050778 0.309982055 -0.028581480 0.970112205 0.240967765 0.027284944 -0.077434376 -0.242490649 0.967058539 -0.512993118
210543667 0.499864397 0.888647870 0.500000000 0.500000000 0.000000000 0.000000000 0.996469140 0.009703060 0.083397351 0.320134080 -0.030178633 0.968308330 0.247927800 0.026528390 -0.078348696 -0.249569207 0.965182185 -0.528329048
210577033 0.499864397 0.888647870 0.500000000 0.500000000 0.000000000 0.000000000 0.996339440 0.010388497 0.084851973 0.329185274 -0.031752266 0.966550767 0.254502326 0.026599348 -0.079369836 -0.256264955 0.963342488 -0.543547730
210610400 0.499864397 0.888647870 0.500000000 0.500000000 0.000000000 0.000000000 0.996160269 0.010674489 0.086894982 0.338578645 -0.033253036 0.964289486 0.262754589 0.025325391 -0.080987148 -0.264635235 0.960941851 -0.561282104
210643767 0.499864397 0.888647870 0.500000000 0.500000000 0.000000000 0.000000000 0.995986223 0.011246234 0.088797018 0.347061751 -0.034993410 0.962039292 0.270658135 0.024448211 -0.082382336 -0.272679090 0.958571494 -0.577497274
210677133 0.499864397 0.888647870 0.500000000 0.500000000 0.000000000 0.000000000 0.995791376 0.011622994 0.090909302 0.355197193 -0.036691152 0.959524333 0.279225379 0.022054058 -0.083984256 -0.281385779 0.955912471 -0.593588620
210710500 0.499864397 0.888647870 0.500000000 0.500000000 0.000000000 0.000000000 0.995597303 0.012249012 0.092929766 0.363025282 -0.038633663 0.956920505 0.287768275 0.019718836 -0.085401528 -0.290091544 0.953180730 -0.609722795
210743867 0.499864397 0.888647870 0.500000000 0.500000000 0.000000000 0.000000000 0.995382965 0.012889664 0.095113955 0.370923856 -0.040602367 0.954459786 0.295563757 0.017468925 -0.086972728 -0.298060983 0.950576365 -0.625496815
210777233 0.499864397 0.888647870 0.500000000 0.500000000 0.000000000 0.000000000 0.995174527 0.013420605 0.097198255 0.378635247 -0.042407960 0.952131391 0.302733243 0.014688892 -0.088482648 -0.305394411 0.948106050 -0.640904824
210810600 0.499864397 0.888647870 0.500000000 0.500000000 0.000000000 0.000000000 0.994970679 0.014112248 0.099167652 0.385902068 -0.044356722 0.949738383 0.309886247 0.011271014 -0.089810133 -0.312726498 0.945587814 -0.656522985
210843967 0.499864397 0.888647870 0.500000000 0.500000000 0.000000000 0.000000000 0.994741499 0.014519415 0.101383269 0.392605496 -0.046206381 0.947053969 0.317732245 0.006421843 -0.091402143 -0.320746005 0.942744732 -0.672663846
210877333 0.499864397 0.888647870 0.500000000 0.500000000 0.000000000 0.000000000 0.994526625 0.015125041 0.103383191 0.400393844 -0.048245896 0.944142163 0.325987577 0.000618882 -0.092677854 -0.329191148 0.939704239 -0.688382859
210910700 0.499864397 0.888647870 0.500000000 0.500000000 0.000000000 0.000000000 0.994308293 0.016202707 0.105302088 0.408517865 -0.050697636 0.941251218 0.333880007 -0.005004545 -0.093705960 -0.337318212 0.936715305 -0.704255246
210944067 0.499864397 0.888647870 0.500000000 0.500000000 0.000000000 0.000000000 0.994032562 0.017144568 0.107727945 0.416253534 -0.053162154 0.938492656 0.341182232 -0.010555974 -0.095252462 -0.344873309 0.933803737 -0.721032643
210977433 0.499864397 0.888647870 0.500000000 0.500000000 0.000000000 0.000000000 0.993742287 0.017960068 0.110243961 0.423837910 -0.055542324 0.935768843 0.348212123 -0.016441273 -0.096908957 -0.352156311 0.930910647 -0.738766578
211010800 0.499864397 0.888647870 0.500000000 0.500000000 0.000000000 0.000000000 0.993402481 0.018613717 0.113159552 0.430804233 -0.057976846 0.932869911 0.355517179 -0.023096403 -0.098945647 -0.359732270 0.927794397 -0.757225509
211044167 0.499864397 0.888647870 0.500000000 0.500000000 0.000000000 0.000000000 0.993009329 0.019161358 0.116470404 0.437339446 -0.060552489 0.929698348 0.363310337 -0.030648391 -0.101320818 -0.367823124 0.924359381 -0.776235450
211077533 0.499864397 0.888647870 0.500000000 0.500000000 0.000000000 0.000000000 0.992576301 0.019921152 0.119980931 0.443397609 -0.063454010 0.926413000 0.371123403 -0.038289281 -0.103758685 -0.375981569 0.920799673 -0.795071540
211110900 0.499864397 0.888647870 0.500000000 0.500000000 0.000000000 0.000000000 0.992129803 0.020861393 0.123463437 0.450346730 -0.066542186 0.923105657 0.378745466 -0.046377577 -0.106068633 -0.383980185 0.917228818 -0.813573990
211144267 0.499864397 0.888647870 0.500000000 0.500000000 0.000000000 0.000000000 0.991734564 0.022029649 0.126401275 0.457694818 -0.069611683 0.919936478 0.385838121 -0.054654911 -0.107781269 -0.391447991 0.913866341 -0.832080317
211177633 0.499864397 0.888647870 0.500000000 0.500000000 0.000000000 0.000000000 0.991294444 0.023216315 0.129600868 0.463838964 -0.072745092 0.917024076 0.392141521 -0.061543242 -0.109743036 -0.398155510 0.910729706 -0.851000257
211211000 0.499864397 0.888647870 0.500000000 0.500000000 0.000000000 0.000000000 0.990708590 0.023392031 0.133974880 0.467995671 -0.075560205 0.913741410 0.399208277 -0.069848831 -0.113080099 -0.405622244 0.907019019 -0.870831904
211244367 0.499864397 0.888647870 0.500000000 0.500000000 0.000000000 0.000000000 0.990095735 0.023704076 0.138378382 0.472704968 -0.078685395 0.909981668 0.407114178 -0.079920304 -0.116271526 -0.413970351 0.902834117 -0.889697364
211277733 0.499864397 0.888647870 0.500000000 0.500000000 0.000000000 0.000000000 0.989425361 0.024277585 0.142996490 0.476479172 -0.082256757 0.905937016 0.415345609 -0.090562293 -0.119462222 -0.422715932 0.898354053 -0.908284611
211311100 0.499864397 0.888647870 0.500000000 0.500000000 0.000000000 0.000000000 0.988785744 0.025049550 0.147225186 0.481306380 -0.085837819 0.902044773 0.423021346 -0.101182031 -0.122207224 -0.430914968 0.894079268 -0.925898825
211344467 0.499864397 0.888647870 0.500000000 0.500000000 0.000000000 0.000000000 0.988235414 0.026397012 0.150645271 0.486444700 -0.089486405 0.898585737 0.429576397 -0.110664308 -0.124028154 -0.438003302 0.890376389 -0.942963313
211377833 0.499864397 0.888647870 0.500000000 0.500000000 0.000000000 0.000000000 0.987658203 0.027654251 0.154163867 0.490996759 -0.093005694 0.895514131 0.435206145 -0.118610558 -0.126020625 -0.444173038 0.887033880 -0.959899780
211411200 0.499864397 0.888647870 0.500000000 0.500000000 0.000000000 0.000000000 0.986892521 0.028100712 0.158913404 0.493046855 -0.096450962 0.892202437 0.441216469 -0.127040906 -0.129384428 -0.450760603 0.883218288 -0.977352164
211444567 0.499864397 0.888647870 0.500000000 0.500000000 0.000000000 0.000000000 0.986034095 0.028173812 0.164143249 0.495229313 -0.099968106 0.888408720 0.448036104 -0.137548355 -0.133203402 -0.458187968 0.878817737 -0.994438373
211477933 0.499864397 0.888647870 0.500000000 0.500000000 0.000000000 0.000000000 0.985194206 0.028869830 0.168993801 0.498380043 -0.103946127 0.884462774 0.454885513 -0.148087868 -0.136336252 -0.465716839 0.874368489 -1.010431636
211511300 0.499864397 0.888647870 0.500000000 0.500000000 0.000000000 0.000000000 0.984416664 0.029868063 0.173296764 0.501332413 -0.108000457 0.880405605 0.461759537 -0.158275720 -0.138779581 -0.473279923 0.869911671 -1.025397896
211544667 0.499864397 0.888647870 0.500000000 0.500000000 0.000000000 0.000000000 0.983601868 0.030574843 0.177743077 0.503402679 -0.111909293 0.876322567 0.468545735 -0.168463796 -0.141434550 -0.480753541 0.865374088 -1.040016150
211578033 0.499864397 0.888647870 0.500000000 0.500000000 0.000000000 0.000000000 0.982751310 0.031105839 0.182297304 0.505364699 -0.115757383 0.872224748 0.475209653 -0.178570212 -0.144222423 -0.488115162 0.860780716 -1.054604470
211611400 0.499864397 0.888647870 0.500000000 0.500000000 0.000000000 0.000000000 0.981897593 0.031383675 0.186794579 0.507308047 -0.119416639 0.868063927 0.481876224 -0.189427284 -0.147026598 -0.495459497 0.856097579 -1.069097591
211644767 0.499864397 0.888647870 0.500000000 0.500000000 0.000000000 0.000000000 0.981051862 0.031770613 0.191122517 0.508498424 -0.123089239 0.864005208 0.488204926 -0.199867553 -0.149620280 -0.502479494 0.851544559 -1.083501924
211678133 0.499864397 0.888647870 0.500000000 0.500000000 0.000000000 0.000000000 0.980251431 0.032018859 0.195145890 0.509484377 -0.126538932 0.859895229 0.494538248 -0.211192288 -0.151970461 -0.509465396 0.846965194 -1.097933952
211711500 0.499864397 0.888647870 0.500000000 0.500000000 0.000000000 0.000000000 0.979434490 0.031897921 0.199224934 0.510798385 -0.129751801 0.855737686 0.500876725 -0.223225497 -0.154507369 -0.516425729 0.842277825 -1.112702051
211744867 0.499864397 0.888647870 0.500000000 0.500000000 0.000000000 0.000000000 0.978691697 0.032400645 0.202762723 0.513603534 -0.133233726 0.851579845 0.507011354 -0.236000345 -0.156241164 -0.523222625 0.837751031 -1.126957392
211778233 0.499864397 0.888647870 0.500000000 0.500000000 0.000000000 0.000000000 0.977962494 0.032750770 0.206195861 0.515578965 -0.136622995 0.847188950 0.513424814 -0.251141351 -0.157871798 -0.530281305 0.832993567 -1.141125709
211811600 0.499864397 0.888647870 0.500000000 0.500000000 0.000000000 0.000000000 0.977268994 0.033484448 0.209342152 0.519513702 -0.140113652 0.843063474 0.519241869 -0.264778714 -0.159102201 -0.536770701 0.828591406 -1.155525250
211844967 0.499864397 0.888647870 0.500000000 0.500000000 0.000000000 0.000000000 0.976560771 0.034244027 0.212500304 0.523116779 -0.143674821 0.838829875 0.525092304 -0.279147544 -0.160270333 -0.543315530 0.824088395 -1.170013519
211878333 0.499864397 0.888647870 0.500000000 0.500000000 0.000000000 0.000000000 0.975777149 0.034454465 0.216036662 0.526232145 -0.147062838 0.834406495 0.531166971 -0.294329980 -0.161961317 -0.550071537 0.819261789 -1.185400102
211911700 0.499864397 0.888647870 0.500000000 0.500000000 0.000000000 0.000000000 0.975010157 0.035405505 0.219320774 0.530123428 -0.150968358 0.829847753 0.537178934 -0.311244155 -0.162983760 -0.556865454 0.814455152 -1.199602889
211945067 0.499864397 0.888647870 0.500000000 0.500000000 0.000000000 0.000000000 0.974218786 0.036350418 0.222657666 0.534426515 -0.154936656 0.825187922 0.543193817 -0.328755388 -0.163989097 -0.563687444 0.809545577 -1.215205775
211978433 0.499864397 0.888647870 0.500000000 0.500000000 0.000000000 0.000000000 0.973418415 0.036726840 0.226070181 0.538962312 -0.158472836 0.820636511 0.549037457 -0.345642988 -0.165357023 -0.570269167 0.804642856 -1.230573524
212011800 0.499864397 0.888647870 0.500000000 0.500000000 0.000000000 0.000000000 0.972564578 0.036706306 0.229718938 0.541648468 -0.161815628 0.816188216 0.554664314 -0.361360184 -0.167134210 -0.576618969 0.799735427 -1.245768366
212045167 0.499864397 0.888647870 0.500000000 0.500000000 0.000000000 0.000000000 0.971747518 0.037432205 0.233035669 0.546360753 -0.165592432 0.811683714 0.560132802 -0.377804309 -0.168184251 -0.582896590 0.794950068 -1.261329576
212078533 0.499864397 0.888647870 0.500000000 0.500000000 0.000000000 0.000000000 0.970960140 0.038367771 0.236144587 0.550873413 -0.169359654 0.807398796 0.565176547 -0.393412522 -0.168978289 -0.588757277 0.790449977 -1.275929115
212111900 0.499864397 0.888647870 0.500000000 0.500000000 0.000000000 0.000000000 0.970145762 0.039759129 0.239241302 0.556948817 -0.173446149 0.803234041 0.569852173 -0.409680478 -0.169509932 -0.594335139 0.786150217 -1.290979488
212145267 0.499864397 0.888647870 0.500000000 0.500000000 0.000000000 0.000000000 0.968965769 0.040574253 0.243842363 0.560707403 -0.177912012 0.799313068 0.573973775 -0.425179851 -0.171617836 -0.599543393 0.781725645 -1.306571184
212178633 0.499864397 0.888647870 0.500000000 0.500000000 0.000000000 0.000000000 0.967631340 0.041047677 0.249007359 0.562915763 -0.182522357 0.795228839 0.578184009 -0.440612385 -0.174284711 -0.604918361 0.776980460 -1.322579752
212212000 0.499864397 0.888647870 0.500000000 0.500000000 0.000000000 0.000000000 0.966214001 0.041895423 0.254313439 0.565050396 -0.187707052 0.790549576 0.582921445 -0.457726884 -0.176625654 -0.610963285 0.771704137 -1.338700172
212245367 0.499864397 0.888647870 0.500000000 0.500000000 0.000000000 0.000000000 0.964536130 0.042391963 0.260524482 0.564236569 -0.193351418 0.785375834 0.588047624 -0.477122481 -0.179681137 -0.617565930 0.765719891 -1.352961395
212278733 0.499864397 0.888647870 0.500000000 0.500000000 0.000000000 0.000000000 0.962778509 0.042958129 0.266855985 0.562406637 -0.199225962 0.780003130 0.593215108 -0.496095412 -0.182665080 -0.624299407 0.759528637 -1.366891729
212312100 0.499864397 0.888647870 0.500000000 0.500000000 0.000000000 0.000000000 0.960933745 0.044266708 0.273215741 0.560993018 -0.205773622 0.774432540 0.598257005 -0.516546096 -0.185104296 -0.631105900 0.753287256 -1.379761647
212345467 0.499864397 0.888647870 0.500000000 0.500000000 0.000000000 0.000000000 0.959052324 0.045569405 0.279539138 0.559544089 -0.212279871 0.769031763 0.602932334 -0.536763772 -0.187499210 -0.637584150 0.747215152 -1.391960354
212378833 0.499864397 0.888647870 0.500000000 0.500000000 0.000000000 0.000000000 0.956972301 0.046624731 0.286409080 0.557831154 -0.218898147 0.763928771 0.607039034 -0.556236965 -0.190493092 -0.643613994 0.741264760 -1.404500546
212412200 0.499864397 0.888647870 0.500000000 0.500000000 0.000000000 0.000000000 0.954745233 0.046993885 0.293688893 0.554267609 -0.225314662 0.758854091 0.611043215 -0.575438183 -0.194151714 -0.649562955 0.735100687 -1.416655834
212445567 0.499864397 0.888647870 0.500000000 0.500000000 0.000000000 0.000000000 0.952449143 0.048182424 0.300863862 0.551300445 -0.232350171 0.753629148 0.614862978 -0.594836942 -0.197114199 -0.655531466 0.728988647 -1.427856243
212478933 0.499864397 0.888647870 0.500000000 0.500000000 0.000000000 0.000000000 0.950049102 0.049713679 0.308115661 0.548607842 -0.239813775 0.748095572 0.618742585 -0.616317695 -0.199739978 -0.661726236 0.722649515 -1.438657323
212512300 0.499864397 0.888647870 0.500000000 0.500000000 0.000000000 0.000000000 0.947442353 0.051589105 0.315739691 0.544009402 -0.247535184 0.743438721 0.621309221 -0.635775711 -0.202680320 -0.666811347 0.717135489 -1.449415904
212545667 0.499864397 0.888647870 0.500000000 0.500000000 0.000000000 0.000000000 0.944674909 0.053540003 0.323609024 0.539707808 -0.255192220 0.739797413 0.622556567 -0.653494716 -0.206073448 -0.670696080 0.712531090 -1.461836874
212579033 0.499864397 0.888647870 0.500000000 0.500000000 0.000000000 0.000000000 0.941640973 0.054924741 0.332107782 0.534180561 -0.262781441 0.736535430 0.623266757 -0.670120941 -0.210376382 -0.674165249 0.707985163 -1.475280083
212612400 0.499864397 0.888647870 0.500000000 0.500000000 0.000000000 0.000000000 0.938337266 0.055443786 0.341246516 0.526723026 -0.270428509 0.732653975 0.624569118 -0.688000973 -0.215387136 -0.678339243 0.702470064 -1.488286284
212645767 0.499864397 0.888647870 0.500000000 0.500000000 0.000000000 0.000000000 0.934940875 0.056635365 0.350254148 0.519056990 -0.278853714 0.727669835 0.626687467 -0.709298144 -0.219376713 -0.683585405 0.696121275 -1.499376856
212679133 0.499864397 0.888647870 0.500000000 0.500000000 0.000000000 0.000000000 0.931412041 0.058219891 0.359279931 0.511428297 -0.287849456 0.721936584 0.629245758 -0.733321325 -0.222742707 -0.689505637 0.689179003 -1.508691385
212712500 0.499864397 0.888647870 0.500000000 0.500000000 0.000000000 0.000000000 0.927622020 0.059624434 0.368730664 0.502772081 -0.296998918 0.716396034 0.631322682 -0.758312886 -0.226514935 -0.695141435 0.682253122 -1.518755055
212745867 0.499864397 0.888647870 0.500000000 0.500000000 0.000000000 0.000000000 0.923512936 0.061087389 0.378671557 0.492475337 -0.306140870 0.712171018 0.631735861 -0.781070206 -0.231087804 -0.699343085 0.676400542 -1.529332619
212779233 0.499864397 0.888647870 0.500000000 0.500000000 0.000000000 0.000000000 0.919183254 0.062523514 0.388835400 0.481475888 -0.315009832 0.709293604 0.630611897 -0.800304748 -0.236370385 -0.702134907 0.671666324 -1.541396617
212812600 0.499864397 0.888647870 0.500000000 0.500000000 0.000000000 0.000000000 0.914373517 0.063928328 0.399792790 0.468825520 -0.324419379 0.706460059 0.629020035 -0.819586818 -0.242225438 -0.704859793 0.666707993 -1.554039051
212845967 0.499864397 0.888647870 0.500000000 0.500000000 0.000000000 0.000000000 0.909047604 0.065861531 0.411454350 0.454178834 -0.334789574 0.703334928 0.627085268 -0.839376688 -0.248089403 -0.707800984 0.661414683 -1.566078322
212879333 0.499864397 0.888647870 0.500000000 0.500000000 0.000000000 0.000000000 0.903109789 0.068108238 0.423974067 0.436467223 -0.346107513 0.699866176 0.624817491 -0.859643842 -0.254169911 -0.711019397 0.655628800 -1.577616681
212912700 0.499864397 0.888647870 0.500000000 0.500000000 0.000000000 0.000000000 0.896481931 0.070511736 0.437433749 0.416453245 -0.358253568 0.696278512 0.621973157 -0.880031137 -0.260719299 -0.714299858 0.649462163 -1.590022142
212946067 0.499864397 0.888647870 0.500000000 0.500000000 0.000000000 0.000000000 0.889101505 0.072818033 0.451880544 0.393684416 -0.370689303 0.693683684 0.617569745 -0.898100685 -0.268491924 -0.716589510 0.643748105 -1.604696371
212979433 0.499864397 0.888647870 0.500000000 0.500000000 0.000000000 0.000000000 0.881083250 0.074504949 0.467055976 0.367502832 -0.382827222 0.692234695 0.611763418 -0.912552226 -0.277732939 -0.717816234 0.638438940 -1.621379726
213012800 0.499864397 0.888647870 0.500000000 0.500000000 0.000000000 0.000000000 0.873946607 0.075483628 0.480124533 0.343970223 -0.393077880 0.690769792 0.606899381 -0.925097609 -0.285844564 -0.719123960 0.633366883 -1.636849624
213046167 0.499864397 0.888647870 0.500000000 0.500000000 0.000000000 0.000000000 0.864907086 0.076231524 0.496109307 0.313037851 -0.405341595 0.689020276 0.600790501 -0.937640565 -0.296030223 -0.720721722 0.626838326 -1.654211039
213079533 0.499864397 0.888647870 0.500000000 0.500000000 0.000000000 0.000000000 0.853635669 0.076605216 0.515206516 0.274481013 -0.420028746 0.686182678 0.593910038 -0.951511815 -0.308029205 -0.723384380 0.617926419 -1.671556682
213112900 0.499864397 0.888647870 0.500000000 0.500000000 0.000000000 0.000000000 0.841047943 0.077823602 0.535333395 0.233913278 -0.437070936 0.680875063 0.587688804 -0.970201015 -0.318759084 -0.728253126 0.606662989 -1.683903158
213146267 0.499864397 0.888647870 0.500000000 0.500000000 0.000000000 0.000000000 0.827180445 0.079642922 0.556263924 0.188164894 -0.456326604 0.672884345 0.582230806 -0.995852058 -0.327930689 -0.735447943 0.592939973 -1.690285800
213179633 0.499864397 0.888647870 0.500000000 0.500000000 0.000000000 0.000000000 0.812205493 0.081062742 0.577711880 0.139666810 -0.476283163 0.663982391 0.576438844 -1.022585290 -0.336862803 -0.743341267 0.577898979 -1.693322182
213213000 0.499864397 0.888647870 0.500000000 0.500000000 0.000000000 0.000000000 0.795985699 0.082058191 0.599727631 0.088312790 -0.496364474 0.655550122 0.569101334 -1.046850273 -0.346452087 -0.750680029 0.562539279 -1.697145639
213246367 0.499864397 0.888647870 0.500000000 0.500000000 0.000000000 0.000000000 0.779119730 0.082913853 0.621367633 0.035734613 -0.515866816 0.647970617 0.560370862 -1.068172442 -0.356165469 -0.757138908 0.547619224 -1.700488521
213279733 0.499864397 0.888647870 0.500000000 0.500000000 0.000000000 0.000000000 0.761821926 0.084238604 0.642285883 -0.015653888 -0.535134912 0.640581608 0.550713956 -1.088077324 -0.365045160 -0.763255596 0.533088148 -1.700884624
213313100 0.499864397 0.888647870 0.500000000 0.500000000 0.000000000 0.000000000 0.744511366 0.085682668 0.662088573 -0.068116245 -0.553816319 0.633078396 0.540831983 -1.106784074 -0.372814059 -0.769330978 0.518786550 -1.700646205
213346467 0.499864397 0.888647870 0.500000000 0.500000000 0.000000000 0.000000000 0.727244556 0.088701375 0.680622816 -0.116900728 -0.572342038 0.625718653 0.530000687 -1.122851413 -0.378866613 -0.774989188 0.505818069 -1.700592356
213379833 0.499864397 0.888647870 0.500000000 0.500000000 0.000000000 0.000000000 0.709750175 0.092453755 0.698360205 -0.163272924 -0.590550423 0.618565738 0.518292069 -1.138902390 -0.384063631 -0.780274808 0.493625730 -1.700381530
213413200 0.499864397 0.888647870 0.500000000 0.500000000 0.000000000 0.000000000 0.692284584 0.094945468 0.715351224 -0.208087324 -0.606689811 0.613328874 0.505722463 -1.148785261 -0.390729517 -0.784100175 0.482200563 -1.700659682
213446567 0.499864397 0.888647870 0.500000000 0.500000000 0.000000000 0.000000000 0.674403191 0.095967397 0.732100129 -0.255408512 -0.621886969 0.608340144 0.493131697 -1.156520221 -0.398041308 -0.787853122 0.469947428 -1.700417327
213479933 0.499864397 0.888647870 0.500000000 0.500000000 0.000000000 0.000000000 0.656426966 0.096583471 0.748181343 -0.301989842 -0.637073100 0.602138638 0.481213987 -1.166274207 -0.404031575 -0.792528033 0.456790775 -1.698430138
213513300 0.499864397 0.888647870 0.500000000 0.500000000 0.000000000 0.000000000 0.638685167 0.097825140 0.763224423 -0.346690888 -0.652439415 0.594687939 0.469754279 -1.177566516 -0.407926589 -0.797982752 0.443643302 -1.693969731
213546667 0.499864397 0.888647870 0.500000000 0.500000000 0.000000000 0.000000000 0.621395290 0.099474303 0.777156830 -0.386545940 -0.667512774 0.586575031 0.458646327 -1.190708809 -0.410237253 -0.803762794 0.430895299 -1.686262723
213580033 0.499864397 0.888647870 0.500000000 0.500000000 0.000000000 0.000000000 0.604160845 0.100166120 0.790541828 -0.427968012 -0.681243956 0.579589605 0.447194129 -1.201396114 -0.413396120 -0.808729053 0.418402910 -1.679661644
213613400 0.499864397 0.888647870 0.500000000 0.500000000 0.000000000 0.000000000 0.586895108 0.101592988 0.803263962 -0.466912021 -0.693903625 0.574310362 0.434356272 -1.207693792 -0.417195261 -0.812309384 0.407555670 -1.675431397
213646767 0.499864397 0.888647870 0.500000000 0.500000000 0.000000000 0.000000000 0.570201159 0.103019878 0.815019965 -0.503794387 -0.705255806 0.570164919 0.421338588 -1.211177730 -0.421289533 -0.815045297 0.397764057 -1.672704310
213680133 0.499864397 0.888647870 0.500000000 0.500000000 0.000000000 0.000000000 0.553173542 0.103651561 0.826592624 -0.541554528 -0.716490328 0.565416813 0.408589602 -1.215465857 -0.425018400 -0.818266571 0.387038976 -1.668320043
213713500 0.499864397 0.888647870 0.500000000 0.500000000 0.000000000 0.000000000 0.535694599 0.103327751 0.838066041 -0.578574028 -0.727997482 0.559383869 0.396370232 -1.222081016 -0.427844584 -0.822443306 0.374881268 -1.658816091
213746867 0.499864397 0.888647870 0.500000000 0.500000000 0.000000000 0.000000000 0.518204331 0.102869332 0.849047780 -0.616234832 -0.740035295 0.551584244 0.384840995 -1.232788115 -0.428733051 -0.827751577 0.361960292 -1.647165085
213780233 0.499864397 0.888647870 0.500000000 0.500000000 0.000000000 0.000000000 0.501548469 0.104287416 0.858820856 -0.648609085 -0.751825750 0.543688238 0.373043090 -1.243334888 -0.428027093 -0.832782805 0.351091951 -1.634972125
213813600 0.499864397 0.888647870 0.500000000 0.500000000 0.000000000 0.000000000 0.485039532 0.105603091 0.868092537 -0.680588593 -0.762092173 0.537907302 0.360376507 -1.251251627 -0.428896457 -0.836363375 0.341385603 -1.625522042
213846967 0.499864397 0.888647870 0.500000000 0.500000000 0.000000000 0.000000000 0.468154758 0.106469035 0.877208889 -0.712236310 -0.770178139 0.535826564 0.345999241 -1.251355724 -0.433193654 -0.837588310 0.332849890 -1.621795852
213880333 0.499864397 0.888647870 0.500000000 0.500000000 0.000000000 0.000000000 0.450303495 0.106683008 0.886479259 -0.748133112 -0.777302146 0.535375655 0.330415368 -1.245877570 -0.439349681 -0.837849438 0.324006438 -1.621740221
213913700 0.499864397 0.888647870 0.500000000 0.500000000 0.000000000 0.000000000 0.432100296 0.107863598 0.895351768 -0.782883240 -0.785010278 0.533678889 0.314556420 -1.241374672 -0.443901122 -0.838780224 0.315276831 -1.622397824
213947067 0.499864397 0.888647870 0.500000000 0.500000000 0.000000000 0.000000000 0.414183795 0.110392325 0.903474033 -0.814209395 -0.793379962 0.530278206 0.298920035 -1.237705993 -0.446094126 -0.840606034 0.307215720 -1.620338369
213980433 0.499864397 0.888647870 0.500000000 0.500000000 0.000000000 0.000000000 0.395980477 0.113079153 0.911269784 -0.844529004 -0.802085638 0.525738895 0.283297181 -1.235875393 -0.447054923 -0.843096495 0.298881501 -1.615815749
214013800 0.499864397 0.888647870 0.500000000 0.500000000 0.000000000 0.000000000 0.376454473 0.113717683 0.919429362 -0.878242984 -0.810018063 0.522048473 0.267088264 -1.231398019 -0.449614048 -0.845300913 0.288640857 -1.608854995
214047167 0.499864397 0.888647870 0.500000000 0.500000000 0.000000000 0.000000000 0.355731755 0.112772726 0.927759230 -0.916900057 -0.817432404 0.518766463 0.250370950 -1.226335550 -0.453055352 -0.847445369 0.276725769 -1.601553656
214080533 0.499864397 0.888647870 0.500000000 0.500000000 0.000000000 0.000000000 0.334960699 0.112384483 0.935505748 -0.955518940 -0.824581802 0.515385389 0.233329609 -1.220217359 -0.455923378 -0.849557340 0.265304059 -1.595089060
214113900 0.499864397 0.888647870 0.500000000 0.500000000 0.000000000 0.000000000 0.314137191 0.113175929 0.942607582 -0.991095411 -0.831567049 0.511839747 0.215676397 -1.212287934 -0.458054632 -0.851593375 0.254901260 -1.587170171
214147267 0.499864397 0.888647870 0.500000000 0.500000000 0.000000000 0.000000000 0.292973399 0.113680825 0.949338317 -1.026600707 -0.838384867 0.507878304 0.197915152 -1.204277636 -0.459649205 -0.853894770 0.244103119 -1.578421491
214180633 0.499864397 0.888647870 0.500000000 0.500000000 0.000000000 0.000000000 0.271515161 0.113562703 0.955710769 -1.064790879 -0.844774008 0.503897607 0.180122450 -1.195852054 -0.461125195 -0.856265545 0.232750654 -1.567974984
214214000 0.499864397 0.888647870 0.500000000 0.500000000 0.000000000 0.000000000 0.250209302 0.114271782 0.961424589 -1.099407410 -0.850262761 0.500890851 0.161745355 -1.184545481 -0.463085860 -0.857933760 0.222488582 -1.558965285
