https://www.youtube.com/watch?v=uZ2uZPTbJIY
73782044 0.562183520 0.999437374 0.500000000 0.500000000 0.000000000 0.000000000 0.999088705 0.002550125 0.042605542 -0.276214683 -0.002665699 0.999992907 0.002656062 0.016621215 -0.042598467 -0.002767215 0.999088466 -0.063008742
73823756 0.562183520 0.999437374 0.500000000 0.500000000 0.000000000 0.000000000 0.998980522 0.002704340 0.045062046 -0.291440501 -0.002828513 0.999992371 0.002692047 0.017322378 -0.045054421 -0.002816761 0.998980582 -0.071894986
73865456 0.562183520 0.999437374 0.500000000 0.500000000 0.000000000 0.000000000 0.998863578 0.002886530 0.047573563 -0.307087382 -0.003023215 0.999991477 0.002801431 0.017791722 -0.047565073 -0.002942072 0.998863816 -0.080173499
73907167 0.562183520 0.999437374 0.500000000 0.500000000 0.000000000 0.000000000 0.998742998 0.002997926 0.050034393 -0.322394231 -0.003145117 0.999990940 0.002863330 0.018479408 -0.050025355 -0.003017095 0.998743415 -0.088757863
73948878 0.562183520 0.999437374 0.500000000 0.500000000 0.000000000 0.000000000 0.998615205 0.003150254 0.052514758 -0.338295131 -0.003300443 0.999990702 0.002773460 0.020156553 -0.052505534 -0.002942942 0.998616278 -0.097084820
73990589 0.562183520 0.999437374 0.500000000 0.500000000 0.000000000 0.000000000 0.998487949 0.003211654 0.054876745 -0.353334972 -0.003372036 0.999990284 0.002830238 0.021003113 -0.054867122 -0.003011005 0.998489141 -0.105193770
74032289 0.562183520 0.999437374 0.500000000 0.500000000 0.000000000 0.000000000 0.998344719 0.003423032 0.057411436 -0.369445757 -0.003589688 0.999989629 0.002799950 0.022431693 -0.057401255 -0.003001404 0.998346686 -0.113226641
74074000 0.562183520 0.999437374 0.500000000 0.500000000 0.000000000 0.000000000 0.998202622 0.003547320 0.059824727 -0.384862464 -0.003716213 0.999989390 0.002712108 0.024009034 -0.059814472 -0.002929554 0.998205185 -0.121066519
74115711 0.562183520 0.999437374 0.500000000 0.500000000 0.000000000 0.000000000 0.998059154 0.003625082 0.062167142 -0.400127667 -0.003800415 0.999989152 0.002702338 0.025252443 -0.062156670 -0.002933354 0.998062074 -0.129113070
74157422 0.562183520 0.999437374 0.500000000 0.500000000 0.000000000 0.000000000 0.997916520 0.003680459 0.064413704 -0.414885811 -0.003862929 0.999988854 0.002708473 0.026544780 -0.064403020 -0.002951656 0.997919619 -0.137154624
74199122 0.562183520 0.999437374 0.500000000 0.500000000 0.000000000 0.000000000 0.997765183 0.003853138 0.066706903 -0.430220206 -0.004036335 0.999988437 0.002611746 0.028199076 -0.066696070 -0.002875161 0.997769177 -0.145117357
74240833 0.562183520 0.999437374 0.500000000 0.500000000 0.000000000 0.000000000 0.997608185 0.003945506 0.069010153 -0.445543859 -0.004140656 0.999987841 0.002685026 0.029132927 -0.068998717 -0.002964352 0.997612357 -0.153011569
74282544 0.562183520 0.999437374 0.500000000 0.500000000 0.000000000 0.000000000 0.997449517 0.004048442 0.071260981 -0.460678067 -0.004252128 0.999987304 0.002706845 0.030467104 -0.071249120 -0.003002952 0.997454047 -0.161107769
74324256 0.562183520 0.999437374 0.500000000 0.500000000 0.000000000 0.000000000 0.997277021 0.004192802 0.073626980 -0.476543778 -0.004411473 0.999986351 0.002807611 0.031388171 -0.073614202 -0.003124770 0.997281909 -0.168974769
74365956 0.562183520 0.999437374 0.500000000 0.500000000 0.000000000 0.000000000 0.997100711 0.004300022 0.075971514 -0.492782971 -0.004528885 0.999985695 0.002840458 0.032838322 -0.075958215 -0.003176289 0.997105956 -0.176775255
74407667 0.562183520 0.999437374 0.500000000 0.500000000 0.000000000 0.000000000 0.996926725 0.004421492 0.078214571 -0.508300788 -0.004657350 0.999985158 0.002833361 0.034278232 -0.078200877 -0.003188926 0.996932507 -0.184641086
74449378 0.562183520 0.999437374 0.500000000 0.500000000 0.000000000 0.000000000 0.996746063 0.004523960 0.080478564 -0.523914653 -0.004773399 0.999984384 0.002907332 0.035414305 -0.080464154 -0.003282028 0.996752083 -0.192186572
74491089 0.562183520 0.999437374 0.500000000 0.500000000 0.000000000 0.000000000 0.996551931 0.004677078 0.082839735 -0.540225631 -0.004942079 0.999983311 0.002994194 0.036507056 -0.082824349 -0.003393270 0.996558368 -0.199833552
74532789 0.562183520 0.999437374 0.500000000 0.500000000 0.000000000 0.000000000 0.996371865 0.004705981 0.084976174 -0.555451975 -0.004988104 0.999982715 0.003108005 0.037621624 -0.084960081 -0.003520599 0.996378124 -0.207635218
74574500 0.562183520 0.999437374 0.500000000 0.500000000 0.000000000 0.000000000 0.996198416 0.004857692 0.086977988 -0.570081990 -0.005150392 0.999981821 0.003141120 0.038862643 -0.086961143 -0.003577149 0.996205270 -0.215338453
74616211 0.562183520 0.999437374 0.500000000 0.500000000 0.000000000 0.000000000 0.996020734 0.004939799 0.088984504 -0.584474304 -0.005248466 0.999980986 0.003235128 0.040037780 -0.088966832 -0.003689287 0.996027768 -0.222979418
74657922 0.562183520 0.999437374 0.500000000 0.500000000 0.000000000 0.000000000 0.995839596 0.005114336 0.090980090 -0.598793338 -0.005424243 0.999980271 0.003159377 0.042085607 -0.090962142 -0.003639730 0.995847702 -0.230530753
74699622 0.562183520 0.999437374 0.500000000 0.500000000 0.000000000 0.000000000 0.995659053 0.005152978 0.092932910 -0.613299852 -0.005484392 0.999979496 0.003311123 0.043273062 -0.092913941 -0.003806430 0.995666862 -0.238155360
74741333 0.562183520 0.999437374 0.500000000 0.500000000 0.000000000 0.000000000 0.995481312 0.005292959 0.094809741 -0.627468014 -0.005624969 0.999978960 0.003234948 0.045566850 -0.094790623 -0.003753632 0.995490134 -0.246046396
74783044 0.562183520 0.999437374 0.500000000 0.500000000 0.000000000 0.000000000 0.995305300 0.005310875 0.096639499 -0.641327807 -0.005650658 0.999978781 0.003242639 0.047237306 -0.096620224 -0.003773492 0.995314181 -0.253818475
74824756 0.562183520 0.999437374 0.500000000 0.500000000 0.000000000 0.000000000 0.995113790 0.005307018 0.098591901 -0.656134280 -0.005648087 0.999979019 0.003180615 0.049496529 -0.098572947 -0.003721929 0.995122850 -0.261417563
74866456 0.562183520 0.999437374 0.500000000 0.500000000 0.000000000 0.000000000 0.994918585 0.005406435 0.100537650 -0.670650447 -0.005762170 0.999978125 0.003248272 0.051153884 -0.100517891 -0.003811081 0.994927943 -0.269163364
74908167 0.562183520 0.999437374 0.500000000 0.500000000 0.000000000 0.000000000 0.994724631 0.005347961 0.102441497 -0.685349607 -0.005706617 0.999978542 0.003208333 0.053366244 -0.102422141 -0.003776003 0.994733870 -0.276639447
74949878 0.562183520 0.999437374 0.500000000 0.500000000 0.000000000 0.000000000 0.994524419 0.005390601 0.104365222 -0.700048980 -0.005756670 0.999978304 0.003206667 0.055269787 -0.104345672 -0.003789905 0.994533896 -0.284448030
74991589 0.562183520 0.999437374 0.500000000 0.500000000 0.000000000 0.000000000 0.994319618 0.005446896 0.106296040 -0.714949743 -0.005811263 0.999978244 0.003118414 0.057836366 -0.106276743 -0.003718414 0.994329631 -0.291664240
75033289 0.562183520 0.999437374 0.500000000 0.500000000 0.000000000 0.000000000 0.994110405 0.005481956 0.108233064 -0.729874927 -0.005863420 0.999977648 0.003206539 0.059659309 -0.108213067 -0.003822270 0.994120359 -0.298914275
75075000 0.562183520 0.999437374 0.500000000 0.500000000 0.000000000 0.000000000 0.993894100 0.005672161 0.110192344 -0.744855590 -0.006070312 0.999976218 0.003278096 0.061391347 -0.110171132 -0.003926982 0.993904889 -0.306293052
75116711 0.562183520 0.999437374 0.500000000 0.500000000 0.000000000 0.000000000 0.993688941 0.005684422 0.112026922 -0.759485558 -0.006088797 0.999976099 0.003267815 0.063659929 -0.112005673 -0.003929300 0.993699789 -0.313758271
75158422 0.562183520 0.999437374 0.500000000 0.500000000 0.000000000 0.000000000 0.993483722 0.005716399 0.113830857 -0.773666671 -0.006134974 0.999975622 0.003327191 0.065612715 -0.113809064 -0.004003860 0.993494570 -0.320760843
75200122 0.562183520 0.999437374 0.500000000 0.500000000 0.000000000 0.000000000 0.993278205 0.005744336 0.115609102 -0.788008938 -0.006174541 0.999975264 0.003363431 0.067844825 -0.115586922 -0.004054656 0.993289113 -0.327871653
75241833 0.562183520 0.999437374 0.500000000 0.500000000 0.000000000 0.000000000 0.993065834 0.005779699 0.117417276 -0.802428629 -0.006203562 0.999975502 0.003244735 0.070649587 -0.117395647 -0.003950641 0.993077338 -0.334932921
75283544 0.562183520 0.999437374 0.500000000 0.500000000 0.000000000 0.000000000 0.992850184 0.005851502 0.119223729 -0.816833932 -0.006287211 0.999974847 0.003278745 0.072823847 -0.119201541 -0.004004887 0.992861986 -0.341777232
75325256 0.562183520 0.999437374 0.500000000 0.500000000 0.000000000 0.000000000 0.992609978 0.006024922 0.121198550 -0.832305013 -0.006460746 0.999974012 0.003203304 0.075758964 -0.121176094 -0.003962665 0.992623091 -0.348736682
75366956 0.562183520 0.999437374 0.500000000 0.500000000 0.000000000 0.000000000 0.992375314 0.006029910 0.123105220 -0.847402347 -0.006467702 0.999974072 0.003156925 0.078280202 -0.123082995 -0.003929062 0.992388606 -0.355396672
75408667 0.562183520 0.999437374 0.500000000 0.500000000 0.000000000 0.000000000 0.992137909 0.006143191 0.124998294 -0.862589905 -0.006590191 0.999973297 0.003162859 0.080866154 -0.124975525 -0.003961755 0.992151916 -0.362272089
75450378 0.562183520 0.999437374 0.500000000 0.500000000 0.000000000 0.000000000 0.991895914 0.006195892 0.126901940 -0.878005689 -0.006654315 0.999972761 0.003188800 0.083383354 -0.126878724 -0.004007403 0.991910160 -0.369378222
75492089 0.562183520 0.999437374 0.500000000 0.500000000 0.000000000 0.000000000 0.991634905 0.006404676 0.128915250 -0.893937093 -0.006861457 0.999971628 0.003099448 0.086756233 -0.128891751 -0.003958068 0.991650760 -0.375951210
75533789 0.562183520 0.999437374 0.500000000 0.500000000 0.000000000 0.000000000 0.991382718 0.006493460 0.130836204 -0.909272463 -0.006948604 0.999971271 0.003022500 0.089838387 -0.130812824 -0.003905583 0.991399407 -0.382217424
75575500 0.562183520 0.999437374 0.500000000 0.500000000 0.000000000 0.000000000 0.991117239 0.006583946 0.132827982 -0.924786710 -0.007051577 0.999970496 0.003050466 0.092505675 -0.132803977 -0.003960016 0.991134405 -0.388581555
75617211 0.562183520 0.999437374 0.500000000 0.500000000 0.000000000 0.000000000 0.990857184 0.006719043 0.134747624 -0.940001703 -0.007188048 0.999969661 0.002994410 0.095475810 -0.134723410 -0.003935605 0.990875423 -0.395009830
75658922 0.562183520 0.999437374 0.500000000 0.500000000 0.000000000 0.000000000 0.990603805 0.006825296 0.136592671 -0.954646194 -0.007307894 0.999968708 0.003031975 0.097880803 -0.136567712 -0.004001690 0.990622640 -0.401413589
75700622 0.562183520 0.999437374 0.500000000 0.500000000 0.000000000 0.000000000 0.990341306 0.006946042 0.138476908 -0.969603552 -0.007443327 0.999967575 0.003073560 0.100701929 -0.138451070 -0.004074602 0.990360916 -0.407693617
75742333 0.562183520 0.999437374 0.500000000 0.500000000 0.000000000 0.000000000 0.990081608 0.007018809 0.140317813 -0.984042116 -0.007528462 0.999966860 0.003101645 0.102986085 -0.140291378 -0.004127259 0.990101635 -0.414026312
75784044 0.562183520 0.999437374 0.500000000 0.500000000 0.000000000 0.000000000 0.989820361 0.007076624 0.142146200 -0.998638323 -0.007601790 0.999966145 0.003151836 0.105566950 -0.142119080 -0.004200317 0.989840627 -0.420595676
75825756 0.562183520 0.999437374 0.500000000 0.500000000 0.000000000 0.000000000 0.989552200 0.007161061 0.143997237 -1.013121804 -0.007703805 0.999965191 0.003211906 0.107934659 -0.143969208 -0.004287675 0.989572883 -0.426836078
75867456 0.562183520 0.999437374 0.500000000 0.500000000 0.000000000 0.000000000 0.989283979 0.007189848 0.145826802 -1.027509100 -0.007750958 0.999964595 0.003279954 0.110508144 -0.145798057 -0.004375103 0.989304721 -0.433290186
75909167 0.562183520 0.999437374 0.500000000 0.500000000 0.000000000 0.000000000 0.988991320 0.007235750 0.147796720 -1.042454692 -0.007822708 0.999963641 0.003390486 0.112660166 -0.147766814 -0.004509332 0.989011943 -0.439203880
75950878 0.562183520 0.999437374 0.500000000 0.500000000 0.000000000 0.000000000 0.988691211 0.007258254 0.149789870 -1.057580993 -0.007857432 0.999963343 0.003408683 0.115241051 -0.149759635 -0.004547098 0.988711953 -0.445346671
75992589 0.562183520 0.999437374 0.500000000 0.500000000 0.000000000 0.000000000 0.988374233 0.007417881 0.151859507 -1.072946801 -0.008039206 0.999961615 0.003477867 0.117786704 -0.151827887 -0.004658265 0.988395989 -0.451078904
76034289 0.562183520 0.999437374 0.500000000 0.500000000 0.000000000 0.000000000 0.988059819 0.007542578 0.153885856 -1.088007479 -0.008173504 0.999960601 0.003467698 0.120660653 -0.153853640 -0.004684080 0.988082528 -0.456928594
76076000 0.562183520 0.999437374 0.500000000 0.500000000 0.000000000 0.000000000 0.987719357 0.007612022 0.156052873 -1.103851800 -0.008261120 0.999959707 0.003511326 0.123420570 -0.156019852 -0.004757376 0.987742484 -0.462551291
76117711 0.562183520 0.999437374 0.500000000 0.500000000 0.000000000 0.000000000 0.987367868 0.007734695 0.158255547 -1.119583747 -0.008385926 0.999958873 0.003447694 0.126509279 -0.158222377 -0.004731261 0.987392187 -0.468026392
76159422 0.562183520 0.999437374 0.500000000 0.500000000 0.000000000 0.000000000 0.987025917 0.007790050 0.160372049 -1.135154242 -0.008460326 0.999958098 0.003497100 0.129079573 -0.160338089 -0.004808528 0.987050414 -0.473619422
76201122 0.562183520 0.999437374 0.500000000 0.500000000 0.000000000 0.000000000 0.986663222 0.007956252 0.162580281 -1.150587414 -0.008642965 0.999956489 0.003516973 0.131781426 -0.162545219 -0.004875243 0.986689031 -0.478938639
76242833 0.562183520 0.999437374 0.500000000 0.500000000 0.000000000 0.000000000 0.986298382 0.008079948 0.164773285 -1.166061196 -0.008783405 0.999955177 0.003541061 0.134628945 -0.164737284 -0.004939813 0.986325085 -0.484086727
76284544 0.562183520 0.999437374 0.500000000 0.500000000 0.000000000 0.000000000 0.985918045 0.008200659 0.167028144 -1.181891297 -0.008915657 0.999954045 0.003531292 0.137716761 -0.166991502 -0.004970730 0.985945821 -0.489412414
76326256 0.562183520 0.999437374 0.500000000 0.500000000 0.000000000 0.000000000 0.985519290 0.008371186 0.169356704 -1.197772157 -0.009109746 0.999952078 0.003584424 0.140248028 -0.169318587 -0.005075315 0.985548317 -0.494172279
76367956 0.562183520 0.999437374 0.500000000 0.500000000 0.000000000 0.000000000 0.985118449 0.008523799 0.171665445 -1.213705707 -0.009278477 0.999950469 0.003594327 0.143369326 -0.171626300 -0.005133632 0.985148728 -0.498999437
76409667 0.562183520 0.999437374 0.500000000 0.500000000 0.000000000 0.000000000 0.984714389 0.008680337 0.173960254 -1.229314023 -0.009459021 0.999948621 0.003647630 0.146084376 -0.173919663 -0.005237367 0.984745920 -0.503385186
76451378 0.562183520 0.999437374 0.500000000 0.500000000 0.000000000 0.000000000 0.984277070 0.008813933 0.176411256 -1.245832000 -0.009603194 0.999947309 0.003620717 0.149100424 -0.176370040 -0.005257900 0.984309912 -0.508033837
76493089 0.562183520 0.999437374 0.500000000 0.500000000 0.000000000 0.000000000 0.983830690 0.008978541 0.178875968 -1.262220011 -0.009786531 0.999945521 0.003635130 0.152152952 -0.178833589 -0.005326928 0.983864903 -0.512315284
76534789 0.562183520 0.999437374 0.500000000 0.500000000 0.000000000 0.000000000 0.983390450 0.009158394 0.181271538 -1.278169073 -0.009975582 0.999943793 0.003596883 0.155354688 -0.181228399 -0.005345429 0.983426511 -0.516647053
76576500 0.562183520 0.999437374 0.500000000 0.500000000 0.000000000 0.000000000 0.982930660 0.009370110 0.183737487 -1.294171064 -0.010177274 0.999942243 0.003450499 0.159216119 -0.183694541 -0.005261548 0.982969284 -0.520615031
76618211 0.562183520 0.999437374 0.500000000 0.500000000 0.000000000 0.000000000 0.982484639 0.009584523 0.186097100 -1.309757755 -0.010385767 0.999940515 0.003331075 0.163063987 -0.186054096 -0.005205492 0.982525706 -0.524633090
76659922 0.562183520 0.999437374 0.500000000 0.500000000 0.000000000 0.000000000 0.982032120 0.009739900 0.188462287 -1.325221608 -0.010551134 0.999938905 0.003301709 0.166435208 -0.188418612 -0.005230876 0.982074857 -0.528582204
76701622 0.562183520 0.999437374 0.500000000 0.500000000 0.000000000 0.000000000 0.981552601 0.009882058 0.190936640 -1.341015863 -0.010707802 0.999937236 0.003293414 0.169387850 -0.190892115 -0.005277171 0.981596828 -0.532498032
76743333 0.562183520 0.999437374 0.500000000 0.500000000 0.000000000 0.000000000 0.981076419 0.009985832 0.193363219 -1.356509254 -0.010846488 0.999935448 0.003392822 0.172077783 -0.193316862 -0.005425930 0.981121361 -0.536404035
76785044 0.562183520 0.999437374 0.500000000 0.500000000 0.000000000 0.000000000 0.980584979 0.010088137 0.195835009 -1.372248147 -0.010975271 0.999933839 0.003445333 0.174894645 -0.195787296 -0.005527784 0.980630815 -0.540213513
76826756 0.562183520 0.999437374 0.500000000 0.500000000 0.000000000 0.000000000 0.980082989 0.010239243 0.198324159 -1.387957844 -0.011160737 0.999931514 0.003529110 0.177226420 -0.198274434 -0.005672264 0.980130136 -0.544122318
76868456 0.562183520 0.999437374 0.500000000 0.500000000 0.000000000 0.000000000 0.979570925 0.010415433 0.200828955 -1.403935341 -0.011376039 0.999928713 0.003629693 0.179703786 -0.200776830 -0.005840180 0.979619622 -0.547791498
