https://www.youtube.com/watch?v=H0BdxsvcZEs
96963533 0.521514659 0.927137175 0.500000000 0.500000000 0.000000000 0.000000000 0.983612955 0.027917979 -0.178118303 0.044923571 -0.029830707 0.999522388 -0.008068930 0.036987314 0.177807957 0.013250099 0.983976007 -0.244392879
96996900 0.521514659 0.927137175 0.500000000 0.500000000 0.000000000 0.000000000 0.982238650 0.029260918 -0.185340285 0.046649726 -0.031286824 0.999478340 -0.008014848 0.038975539 0.185009062 0.013671203 0.982641697 -0.256268496
97030267 0.521514659 0.927137175 0.500000000 0.500000000 0.000000000 0.000000000 0.980852425 0.030437710 -0.192359135 0.047948625 -0.032551561 0.999439299 -0.007837599 0.040389845 0.192012727 0.013949119 0.981293321 -0.267323457
97063633 0.521514659 0.927137175 0.500000000 0.500000000 0.000000000 0.000000000 0.979424298 0.032002039 -0.199258476 0.048411509 -0.034246664 0.999382734 -0.007827674 0.042938491 0.198884994 0.014490552 0.979915679 -0.278740959
97097000 0.521514659 0.927137175 0.500000000 0.500000000 0.000000000 0.000000000 0.977989852 0.033375122 -0.205966011 0.048793335 -0.035699468 0.999333858 -0.007578087 0.044607343 0.205575883 0.014764168 0.978529811 -0.291428236
97130367 0.521514659 0.927137175 0.500000000 0.500000000 0.000000000 0.000000000 0.976447582 0.034870926 -0.212918103 0.049860640 -0.037325349 0.999274909 -0.007517472 0.047206597 0.212501571 0.015287660 0.977041125 -0.302975978
97163733 0.521514659 0.927137175 0.500000000 0.500000000 0.000000000 0.000000000 0.974871337 0.036261730 -0.219797596 0.050426375 -0.038701970 0.999227643 -0.006804979 0.047547280 0.219381079 0.015140579 0.975521743 -0.316332336
97197100 0.521514659 0.927137175 0.500000000 0.500000000 0.000000000 0.000000000 0.973287404 0.037087101 -0.226574928 0.050400136 -0.039513081 0.999199927 -0.006179650 0.047649021 0.226164460 0.014967249 0.973974109 -0.330076761
97230467 0.521514659 0.927137175 0.500000000 0.500000000 0.000000000 0.000000000 0.971448123 0.038504552 -0.234106794 0.053587581 -0.040954974 0.999145210 -0.005612774 0.048451026 0.233690575 0.015040356 0.972194672 -0.342633100
97263833 0.521514659 0.927137175 0.500000000 0.500000000 0.000000000 0.000000000 0.969701827 0.040059585 -0.240984693 0.053675982 -0.042522788 0.999082863 -0.005027625 0.049943233 0.240562260 0.015122638 0.970515907 -0.356552160
97297200 0.521514659 0.927137175 0.500000000 0.500000000 0.000000000 0.000000000 0.967893839 0.041114755 -0.247973889 0.054371270 -0.043702405 0.999032378 -0.004937278 0.052385756 0.247530952 0.015615816 0.968754113 -0.371554120
97330567 0.521514659 0.927137175 0.500000000 0.500000000 0.000000000 0.000000000 0.965862274 0.041892629 -0.255646288 0.057390240 -0.044429943 0.999003887 -0.004155385 0.052332664 0.255217552 0.015371880 0.966761470 -0.385934443
97363933 0.521514659 0.927137175 0.500000000 0.500000000 0.000000000 0.000000000 0.963937581 0.043146383 -0.262607574 0.057967820 -0.045671262 0.998950362 -0.003515325 0.053323186 0.262180239 0.015382173 0.964896321 -0.401174588
97397300 0.521514659 0.927137175 0.500000000 0.500000000 0.000000000 0.000000000 0.961959362 0.044533554 -0.269538462 0.057977940 -0.047273759 0.998875201 -0.003680263 0.057684237 0.269071370 0.016282359 0.962982595 -0.417444063
97430667 0.521514659 0.927137175 0.500000000 0.500000000 0.000000000 0.000000000 0.959772706 0.045459092 -0.277073681 0.061191434 -0.048149526 0.998835921 -0.002910522 0.058037111 0.276618838 0.016134407 0.960844278 -0.433059078
97464033 0.521514659 0.927137175 0.500000000 0.500000000 0.000000000 0.000000000 0.957422197 0.046598081 -0.284905940 0.065246246 -0.049257006 0.998783767 -0.002170338 0.059107808 0.284458280 0.016111543 0.958553016 -0.448343214
97497400 0.521514659 0.927137175 0.500000000 0.500000000 0.000000000 0.000000000 0.955127656 0.047532737 -0.292355537 0.067659684 -0.050246701 0.998735249 -0.001776587 0.061102032 0.291901350 0.016386768 0.956308067 -0.464537205
97530767 0.521514659 0.927137175 0.500000000 0.500000000 0.000000000 0.000000000 0.952783406 0.048490658 -0.299753964 0.069947494 -0.051316690 0.998681188 -0.001557878 0.063805256 0.299283117 0.016866701 0.954015255 -0.480447526
97564133 0.521514659 0.927137175 0.500000000 0.500000000 0.000000000 0.000000000 0.950348914 0.049393181 -0.307241321 0.072783440 -0.052287720 0.998631358 -0.001191249 0.065760557 0.306761980 0.017197052 0.951630890 -0.496431747
97597500 0.521514659 0.927137175 0.500000000 0.500000000 0.000000000 0.000000000 0.947629988 0.050874285 -0.315292299 0.078044246 -0.053970851 0.998541892 -0.001091973 0.069443647 0.314777017 0.018051378 0.948993981 -0.510580270
97630867 0.521514659 0.927137175 0.500000000 0.500000000 0.000000000 0.000000000 0.945260108 0.052181955 -0.322118640 0.079377759 -0.055570573 0.998453856 -0.001326733 0.073991740 0.321551383 0.019154426 0.946698368 -0.526748079
97664233 0.521514659 0.927137175 0.500000000 0.500000000 0.000000000 0.000000000 0.942620456 0.053053834 -0.329623908 0.082897629 -0.056577429 0.998397589 -0.001098900 0.076906920 0.329037428 0.019685119 0.944111705 -0.544031976
97697600 0.521514659 0.927137175 0.500000000 0.500000000 0.000000000 0.000000000 0.939995646 0.054189514 -0.336855561 0.085824424 -0.057813134 0.998327136 -0.000728003 0.079237033 0.336252600 0.020158995 0.941556036 -0.561206611
97730967 0.521514659 0.927137175 0.500000000 0.500000000 0.000000000 0.000000000 0.937286258 0.055239692 -0.344155550 0.089008271 -0.059041232 0.998255372 -0.000567224 0.082489863 0.343523800 0.020851018 0.938912451 -0.579089331
97764333 0.521514659 0.927137175 0.500000000 0.500000000 0.000000000 0.000000000 0.934511542 0.056449305 -0.351428002 0.092431009 -0.060440551 0.998171747 -0.000387832 0.085745922 0.350763619 0.021602936 0.936214805 -0.596017471
97797700 0.521514659 0.927137175 0.500000000 0.500000000 0.000000000 0.000000000 0.931663871 0.057111960 -0.358804435 0.096003093 -0.061237849 0.998123169 -0.000134669 0.088323913 0.358123362 0.022097878 0.933412731 -0.613084896
97831067 0.521514659 0.927137175 0.500000000 0.500000000 0.000000000 0.000000000 0.928456008 0.058446445 -0.366815299 0.101850138 -0.062863931 0.998022079 -0.000096915 0.092169269 0.366084099 0.023149431 0.930293798 -0.629810428
97864433 0.521514659 0.927137175 0.500000000 0.500000000 0.000000000 0.000000000 0.925142586 0.059646893 -0.374904543 0.108158857 -0.063975967 0.997951031 0.000900990 0.092880008 0.374190122 0.023151336 0.927062988 -0.646266011
97897800 0.521514659 0.927137175 0.500000000 0.500000000 0.000000000 0.000000000 0.922322810 0.061205007 -0.381542444 0.109835497 -0.065924600 0.997824371 0.000702631 0.097847464 0.380755335 0.024504982 0.924351037 -0.663611187
97931167 0.521514659 0.927137175 0.500000000 0.500000000 0.000000000 0.000000000 0.918984652 0.062329520 -0.389335573 0.115562721 -0.067089587 0.997745991 0.001373439 0.099352850 0.388543636 0.024858193 0.921094954 -0.680346608
97964533 0.521514659 0.927137175 0.500000000 0.500000000 0.000000000 0.000000000 0.915695786 0.063389093 -0.396841347 0.120701083 -0.068143390 0.997673273 0.002124248 0.100633657 0.396052659 0.025096951 0.917884767 -0.697915915
97997900 0.521514659 0.927137175 0.500000000 0.500000000 0.000000000 0.000000000 0.912450790 0.064219713 -0.404115587 0.125205902 -0.069181949 0.997601330 0.002327441 0.103587287 0.403295726 0.025833828 0.914704978 -0.714267583
98031267 0.521514659 0.927137175 0.500000000 0.500000000 0.000000000 0.000000000 0.908941805 0.065674864 -0.411717862 0.131285215 -0.070710696 0.997492313 0.003007571 0.105653850 0.410882920 0.026379148 0.911306381 -0.731425871
98064633 0.521514659 0.927137175 0.500000000 0.500000000 0.000000000 0.000000000 0.905316472 0.066731155 -0.419462770 0.137411686 -0.071830802 0.997410178 0.003644494 0.107551699 0.418619633 0.026830925 0.907765210 -0.748212101
98098000 0.521514659 0.927137175 0.500000000 0.500000000 0.000000000 0.000000000 0.901533961 0.067888126 -0.427349687 0.144610608 -0.072924644 0.997326851 0.004592520 0.108405246 0.426519126 0.027024012 0.904074728 -0.765153701
98131367 0.521514659 0.927137175 0.500000000 0.500000000 0.000000000 0.000000000 0.897576571 0.069296360 -0.435378402 0.152654949 -0.074762568 0.997190833 0.004585812 0.112842776 0.434473127 0.028433891 0.900235832 -0.780097301
98164733 0.521514659 0.927137175 0.500000000 0.500000000 0.000000000 0.000000000 0.893454254 0.070346408 -0.443611205 0.161188567 -0.075954743 0.997098029 0.005140031 0.114850013 0.442685425 0.029101990 0.896204591 -0.796404239
98198100 0.521514659 0.927137175 0.500000000 0.500000000 0.000000000 0.000000000 0.889462829 0.071959101 -0.451306760 0.168046849 -0.077919841 0.996945083 0.005389845 0.118623955 0.450315893 0.030371685 0.892352581 -0.812834199
98231467 0.521514659 0.927137175 0.500000000 0.500000000 0.000000000 0.000000000 0.885313570 0.072842926 -0.459253520 0.176012093 -0.078872949 0.996866226 0.006069327 0.119786554 0.458256423 0.030849421 0.888284504 -0.827968315
98264833 0.521514659 0.927137175 0.500000000 0.500000000 0.000000000 0.000000000 0.880813420 0.074028492 -0.467640400 0.186187386 -0.079999298 0.996769547 0.007109937 0.120394252 0.466656059 0.031148376 0.883890212 -0.843459846
98298200 0.521514659 0.927137175 0.500000000 0.500000000 0.000000000 0.000000000 0.875963330 0.075626418 -0.476412565 0.197469581 -0.081846550 0.996615052 0.007715699 0.123015620 0.475383431 0.032234054 0.879188001 -0.857584248
98331567 0.521514659 0.927137175 0.500000000 0.500000000 0.000000000 0.000000000 0.870716453 0.076965779 -0.485725403 0.210791301 -0.083226815 0.996492624 0.008706301 0.123387158 0.484691858 0.032844659 0.874068081 -0.870814326
98364933 0.521514659 0.927137175 0.500000000 0.500000000 0.000000000 0.000000000 0.865578055 0.078840673 -0.494528890 0.222320203 -0.085358828 0.996305645 0.009432578 0.125943337 0.493445575 0.034047775 0.869109988 -0.882527801
98398300 0.521514659 0.927137175 0.500000000 0.500000000 0.000000000 0.000000000 0.860303044 0.080249764 -0.503426909 0.234650396 -0.086923555 0.996162236 0.010252100 0.127217197 0.502317607 0.034939744 0.863977015 -0.893603160
98431667 0.521514659 0.927137175 0.500000000 0.500000000 0.000000000 0.000000000 0.855050206 0.081711233 -0.512066841 0.246255862 -0.088589452 0.996007383 0.011007481 0.128810584 0.510921836 0.035951775 0.858875036 -0.904285811
98465033 0.521514659 0.927137175 0.500000000 0.500000000 0.000000000 0.000000000 0.849399149 0.082868621 -0.521204233 0.259711398 -0.089880697 0.995881915 0.011862470 0.129906780 0.520040870 0.036770228 0.853349566 -0.915823468
98498400 0.521514659 0.927137175 0.500000000 0.500000000 0.000000000 0.000000000 0.843734682 0.084211960 -0.530113339 0.272259366 -0.091626108 0.995716989 0.012342939 0.132465881 0.528882265 0.038158055 0.847836971 -0.927047045
98531767 0.521514659 0.927137175 0.500000000 0.500000000 0.000000000 0.000000000 0.837765634 0.085827798 -0.539242327 0.285796811 -0.093630232 0.995522320 0.012987291 0.134825107 0.537942469 0.039609078 0.842050493 -0.939102474
98565133 0.521514659 0.927137175 0.500000000 0.500000000 0.000000000 0.000000000 0.831989229 0.087320141 -0.547876954 0.297955347 -0.095500402 0.995336294 0.013611819 0.137050673 0.546510398 0.040997583 0.836448193 -0.950235438
98598500 0.521514659 0.927137175 0.500000000 0.500000000 0.000000000 0.000000000 0.826258898 0.088807151 -0.556245923 0.309098656 -0.097261198 0.995154619 0.014407139 0.138926779 0.554830134 0.042197119 0.830892861 -0.961244342
98631867 0.521514659 0.927137175 0.500000000 0.500000000 0.000000000 0.000000000 0.820135593 0.090113789 -0.565028429 0.321792320 -0.098835565 0.994987249 0.015226675 0.140402707 0.563568234 0.043356966 0.824930966 -0.972189762
98665233 0.521514659 0.927137175 0.500000000 0.500000000 0.000000000 0.000000000 0.814261556 0.091367684 -0.573262632 0.332489143 -0.100352235 0.994823039 0.016016588 0.142198669 0.571758270 0.044486493 0.819215119 -0.983972796
98698600 0.521514659 0.927137175 0.500000000 0.500000000 0.000000000 0.000000000 0.808017671 0.092824288 -0.581799865 0.344339466 -0.102214001 0.994621694 0.016731404 0.144685454 0.580223858 0.045948826 0.813159883 -0.995761070
98731967 0.521514659 0.927137175 0.500000000 0.500000000 0.000000000 0.000000000 0.801883161 0.093884036 -0.590058625 0.354954012 -0.103129387 0.994503558 0.018083446 0.144280986 0.588513196 0.046351574 0.807157815 -1.009271655
98765333 0.521514659 0.927137175 0.500000000 0.500000000 0.000000000 0.000000000 0.795383513 0.095042296 -0.598608375 0.367385121 -0.104349367 0.994354904 0.019224593 0.144647269 0.597056329 0.047173478 0.800811112 -1.020782962
98798700 0.521514659 0.927137175 0.500000000 0.500000000 0.000000000 0.000000000 0.789357722 0.096320517 -0.606330574 0.376828783 -0.105980858 0.994167805 0.019959340 0.146673818 0.604716837 0.048504375 0.794962168 -1.034024676
98832067 0.521514659 0.927137175 0.500000000 0.500000000 0.000000000 0.000000000 0.783185840 0.097740829 -0.614057541 0.386125510 -0.108060405 0.993935347 0.020383570 0.150246294 0.612325788 0.050391186 0.788998008 -1.047855199
98865433 0.521514659 0.927137175 0.500000000 0.500000000 0.000000000 0.000000000 0.776946843 0.098872945 -0.621753752 0.395392009 -0.109035514 0.993799090 0.021785222 0.149761822 0.620052278 0.050867282 0.782909751 -1.061959418
98898800 0.521514659 0.927137175 0.500000000 0.500000000 0.000000000 0.000000000 0.770663142 0.100411214 -0.629282057 0.404390144 -0.111040935 0.993560016 0.022548568 0.152499756 0.627493620 0.052498717 0.776849806 -1.076217820
98932167 0.521514659 0.927137175 0.500000000 0.500000000 0.000000000 0.000000000 0.764378667 0.101599231 -0.636712492 0.413072599 -0.112308584 0.993391037 0.023686484 0.153308135 0.634911001 0.053402837 0.770737410 -1.090857415
98965533 0.521514659 0.927137175 0.500000000 0.500000000 0.000000000 0.000000000 0.757873058 0.102829620 -0.644247234 0.422264860 -0.113842748 0.993194044 0.024604551 0.154585722 0.642392576 0.054695748 0.764421463 -1.104447561
98998900 0.521514659 0.927137175 0.500000000 0.500000000 0.000000000 0.000000000 0.751259804 0.104070202 -0.651750028 0.431628198 -0.115017138 0.993023574 0.025986049 0.154415813 0.649907470 0.055440146 0.757988572 -1.118297625
99032267 0.521514659 0.927137175 0.500000000 0.500000000 0.000000000 0.000000000 0.744636893 0.105045296 -0.659152031 0.440662050 -0.116300404 0.992851317 0.026841747 0.155950444 0.657259583 0.056672294 0.751530528 -1.132217815
99065633 0.521514659 0.927137175 0.500000000 0.500000000 0.000000000 0.000000000 0.738021612 0.106201097 -0.666367352 0.449325509 -0.117029339 0.992716610 0.028598959 0.153985566 0.664551139 0.056877881 0.745074928 -1.146090953
99099000 0.521514659 0.927137175 0.500000000 0.500000000 0.000000000 0.000000000 0.731459975 0.107201897 -0.673404813 0.457415606 -0.118174784 0.992550194 0.029645080 0.155114457 0.671566129 0.057895280 0.738679290 -1.159689812
99132367 0.521514659 0.927137175 0.500000000 0.500000000 0.000000000 0.000000000 0.724861264 0.108299963 -0.680328786 0.465183421 -0.119300947 0.992378294 0.030864337 0.155472368 0.678486168 0.058791511 0.732256830 -1.173258582
99165733 0.521514659 0.927137175 0.500000000 0.500000000 0.000000000 0.000000000 0.718146682 0.109160177 -0.687276781 0.473507779 -0.119948208 0.992255747 0.032264151 0.155002379 0.685476303 0.059267223 0.725678742 -1.186198594
99199100 0.521514659 0.927137175 0.500000000 0.500000000 0.000000000 0.000000000 0.711238027 0.110234067 -0.694254220 0.482126095 -0.120522924 0.992126107 0.034059014 0.153250566 0.692542195 0.059449483 0.718923509 -1.198753478
99232467 0.521514659 0.927137175 0.500000000 0.500000000 0.000000000 0.000000000 0.704257071 0.110999361 -0.701214075 0.490968799 -0.121947899 0.991935253 0.034542248 0.156462977 0.699393094 0.061184958 0.712113559 -1.211328458
