https://www.youtube.com/watch?v=zlJe3D-y744
110477033 0.579913063 1.030956627 0.500000000 0.500000000 0.000000000 0.000000000 0.993482709 0.029705631 -0.110044055 0.041287692 -0.030864645 0.999484479 -0.008843496 0.071355186 0.109724618 0.012182332 0.993887365 -0.256807521
110510400 0.579913063 1.030956627 0.500000000 0.500000000 0.000000000 0.000000000 0.993050814 0.030015139 -0.113794461 0.043322404 -0.031246765 0.999470711 -0.009054698 0.073597589 0.113462448 0.012547484 0.993463039 -0.269134723
110543767 0.579913063 1.030956627 0.500000000 0.500000000 0.000000000 0.000000000 0.992646396 0.030090904 -0.117250696 0.044883694 -0.031338174 0.999470055 -0.008808220 0.074369685 0.116923504 0.012417871 0.993063271 -0.280626729
110577133 0.579913063 1.030956627 0.500000000 0.500000000 0.000000000 0.000000000 0.992311060 0.030323233 -0.119996689 0.044659875 -0.031574942 0.999464869 -0.008543232 0.075461911 0.119673423 0.012266432 0.992737532 -0.292870654
110610500 0.579913063 1.030956627 0.500000000 0.500000000 0.000000000 0.000000000 0.991928637 0.030624459 -0.123043515 0.045861081 -0.031913329 0.999454319 -0.008517302 0.076939560 0.122715533 0.012375284 0.992364705 -0.304477834
110643867 0.579913063 1.030956627 0.500000000 0.500000000 0.000000000 0.000000000 0.991570830 0.030852474 -0.125838771 0.046874360 -0.032151073 0.999448538 -0.008301157 0.077770571 0.125513270 0.012277036 0.992015958 -0.315926658
110677233 0.579913063 1.030956627 0.500000000 0.500000000 0.000000000 0.000000000 0.991258383 0.031067457 -0.128224969 0.046960492 -0.032392196 0.999441087 -0.008258470 0.079172875 0.127896741 0.012339766 0.991710722 -0.328259079
110710600 0.579913063 1.030956627 0.500000000 0.500000000 0.000000000 0.000000000 0.990957558 0.031514786 -0.130422294 0.046500786 -0.032865427 0.999426007 -0.008215985 0.081045992 0.130088508 0.012428077 0.991424501 -0.339633150
110743967 0.579913063 1.030956627 0.500000000 0.500000000 0.000000000 0.000000000 0.990644515 0.031697236 -0.132735640 0.046722552 -0.033085212 0.999418378 -0.008263668 0.083055716 0.132396504 0.012577944 0.991117001 -0.350943535
110777333 0.579913063 1.030956627 0.500000000 0.500000000 0.000000000 0.000000000 0.990326226 0.032180749 -0.134975433 0.047193929 -0.033605546 0.999400795 -0.008290308 0.084718842 0.134627774 0.012746032 0.990814269 -0.361916468
110810700 0.579913063 1.030956627 0.500000000 0.500000000 0.000000000 0.000000000 0.990066171 0.032825533 -0.136716768 0.046049712 -0.034251191 0.999380529 -0.008087877 0.086312318 0.136366591 0.012690246 0.990577161 -0.374360798
110844067 0.579913063 1.030956627 0.500000000 0.500000000 0.000000000 0.000000000 0.989801884 0.032918181 -0.138595179 0.045921625 -0.034384828 0.999375045 -0.008200576 0.088487899 0.138238609 0.012882517 0.990315139 -0.386093093
110877433 0.579913063 1.030956627 0.500000000 0.500000000 0.000000000 0.000000000 0.989536047 0.033404104 -0.140365735 0.045596229 -0.034894932 0.999357581 -0.008172573 0.090766743 0.140002564 0.012985108 0.990065992 -0.397965939
110910800 0.579913063 1.030956627 0.500000000 0.500000000 0.000000000 0.000000000 0.989291191 0.033775341 -0.141993716 0.045364033 -0.035377875 0.999335468 -0.008775887 0.094327513 0.141602948 0.013705343 0.989828646 -0.409374216
110944167 0.579913063 1.030956627 0.500000000 0.500000000 0.000000000 0.000000000 0.989065230 0.034167018 -0.143466428 0.044516918 -0.035781331 0.999321878 -0.008686486 0.096173249 0.143072352 0.013724920 0.989617050 -0.421905393
110977533 0.579913063 1.030956627 0.500000000 0.500000000 0.000000000 0.000000000 0.988858163 0.034336884 -0.144846365 0.044092213 -0.036019117 0.999310493 -0.009006732 0.098751641 0.144437239 0.014123620 0.989413142 -0.434402461
111010900 0.579913063 1.030956627 0.500000000 0.500000000 0.000000000 0.000000000 0.988621652 0.035052195 -0.146282420 0.043852747 -0.036738116 0.999285817 -0.008838627 0.100350063 0.145868137 0.014112200 0.989203393 -0.446872606
111044267 0.579913063 1.030956627 0.500000000 0.500000000 0.000000000 0.000000000 0.988410234 0.035317753 -0.147640839 0.043738425 -0.037051331 0.999272764 -0.009007319 0.102560103 0.147215351 0.014373216 0.989000022 -0.458643847
111077633 0.579913063 1.030956627 0.500000000 0.500000000 0.000000000 0.000000000 0.988211513 0.035565373 -0.148906201 0.043397527 -0.037313100 0.999263465 -0.008959043 0.104420493 0.148477897 0.014409582 0.988810718 -0.470393418
111111000 0.579913063 1.030956627 0.500000000 0.500000000 0.000000000 0.000000000 0.988013625 0.035597820 -0.150206164 0.043487513 -0.037387889 0.999259293 -0.009109410 0.106687783 0.149770632 0.014616113 0.988612711 -0.482741448
111144367 0.579913063 1.030956627 0.500000000 0.500000000 0.000000000 0.000000000 0.987805665 0.035894215 -0.151497900 0.043375447 -0.037679501 0.999249995 -0.008929051 0.108042759 0.151063770 0.014528533 0.988417268 -0.496060130
111177733 0.579913063 1.030956627 0.500000000 0.500000000 0.000000000 0.000000000 0.987618744 0.036106389 -0.152661487 0.043433162 -0.037911654 0.999241173 -0.008930008 0.109601899 0.152223215 0.014607092 0.988238215 -0.508290361
111211100 0.579913063 1.030956627 0.500000000 0.500000000 0.000000000 0.000000000 0.987427413 0.036237977 -0.153863236 0.043604318 -0.038060758 0.999235630 -0.008916742 0.111511025 0.153422505 0.014660788 0.988051891 -0.519760051
111244467 0.579913063 1.030956627 0.500000000 0.500000000 0.000000000 0.000000000 0.987211823 0.036424447 -0.155196905 0.044411341 -0.038296506 0.999225080 -0.009088728 0.113452399 0.154745594 0.014915999 0.987841725 -0.530541173
111277833 0.579913063 1.030956627 0.500000000 0.500000000 0.000000000 0.000000000 0.987024307 0.036681898 -0.156324863 0.044911041 -0.038530789 0.999218583 -0.008812377 0.114270796 0.155879453 0.014721352 0.987666368 -0.540804964
111311200 0.579913063 1.030956627 0.500000000 0.500000000 0.000000000 0.000000000 0.986834586 0.036534123 -0.157552272 0.045930048 -0.038466364 0.999217272 -0.009231302 0.116691231 0.157091692 0.015170231 0.987467527 -0.550523434
111344567 0.579913063 1.030956627 0.500000000 0.500000000 0.000000000 0.000000000 0.986596227 0.036479697 -0.159050822 0.047800133 -0.038406957 0.999221087 -0.009059214 0.117733759 0.158596456 0.015046444 0.987228811 -0.561179715
111377933 0.579913063 1.030956627 0.500000000 0.500000000 0.000000000 0.000000000 0.986388206 0.036101203 -0.160421237 0.049474141 -0.038063623 0.999233186 -0.009175764 0.119304657 0.159966961 0.015157078 0.987006009 -0.571347158
111411300 0.579913063 1.030956627 0.500000000 0.500000000 0.000000000 0.000000000 0.986244321 0.035833251 -0.161363184 0.050008510 -0.037845772 0.999239266 -0.009414704 0.121415405 0.160903066 0.015392113 0.986850202 -0.580786621
111444667 0.579913063 1.030956627 0.500000000 0.500000000 0.000000000 0.000000000 0.986085296 0.035698362 -0.162362054 0.050986728 -0.037700191 0.999246180 -0.009264186 0.122344523 0.161908939 0.015256358 0.986687779 -0.590355810
111478033 0.579913063 1.030956627 0.500000000 0.500000000 0.000000000 0.000000000 0.985913515 0.035871379 -0.163364127 0.052033745 -0.037938651 0.999234438 -0.009551109 0.124933274 0.162896439 0.015614381 0.986519635 -0.600112587
111511400 0.579913063 1.030956627 0.500000000 0.500000000 0.000000000 0.000000000 0.985743761 0.035833105 -0.164393649 0.053197581 -0.037977930 0.999229312 -0.009921398 0.127378364 0.163911432 0.016023286 0.986344934 -0.610701156
111544767 0.579913063 1.030956627 0.500000000 0.500000000 0.000000000 0.000000000 0.985611677 0.035892762 -0.165170699 0.053785294 -0.038067576 0.999224961 -0.010019354 0.129346058 0.164683059 0.016162841 0.986214101 -0.621018857
111578133 0.579913063 1.030956627 0.500000000 0.500000000 0.000000000 0.000000000 0.985484362 0.035697516 -0.165970728 0.054533669 -0.037910465 0.999229252 -0.010183526 0.131272578 0.165479273 0.016327733 0.986078084 -0.631822562
111611500 0.579913063 1.030956627 0.500000000 0.500000000 0.000000000 0.000000000 0.985417783 0.035962079 -0.166308552 0.053744407 -0.038149837 0.999222219 -0.009977974 0.132566898 0.165820375 0.016177118 0.986023307 -0.642683994
111644867 0.579913063 1.030956627 0.500000000 0.500000000 0.000000000 0.000000000 0.985309124 0.035971407 -0.166949123 0.054212176 -0.038201522 0.999218345 -0.010164882 0.134575781 0.166452989 0.016393263 0.985913098 -0.653180796
111678233 0.579913063 1.030956627 0.500000000 0.500000000 0.000000000 0.000000000 0.985211492 0.035842597 -0.167551950 0.054671141 -0.038111508 0.999219954 -0.010344580 0.136882732 0.167050481 0.016577257 0.985808969 -0.664327436
111711600 0.579913063 1.030956627 0.500000000 0.500000000 0.000000000 0.000000000 0.985102892 0.035837900 -0.168190047 0.055171035 -0.038102180 0.999221265 -0.010253733 0.138210866 0.167691588 0.016509390 0.985701263 -0.674792490
111744967 0.579913063 1.030956627 0.500000000 0.500000000 0.000000000 0.000000000 0.984961271 0.035834447 -0.169018179 0.056467176 -0.038142636 0.999217868 -0.010428452 0.140369006 0.168512300 0.016718421 0.985557735 -0.686422819
111778333 0.579913063 1.030956627 0.500000000 0.500000000 0.000000000 0.000000000 0.984878898 0.035687838 -0.169528514 0.056566190 -0.038026076 0.999220908 -0.010564862 0.142439370 0.169019401 0.016851613 0.985468626 -0.696430481
111811700 0.579913063 1.030956627 0.500000000 0.500000000 0.000000000 0.000000000 0.984787643 0.035987999 -0.169994429 0.056752431 -0.038329836 0.999209821 -0.010513207 0.144021377 0.169481754 0.016869135 0.985388935 -0.707062031
111845067 0.579913063 1.030956627 0.500000000 0.500000000 0.000000000 0.000000000 0.984642625 0.036255453 -0.170776010 0.057597457 -0.038594440 0.999200881 -0.010395192 0.145007345 0.170262665 0.016826553 0.985255063 -0.716085935
111878433 0.579913063 1.030956627 0.500000000 0.500000000 0.000000000 0.000000000 0.984484673 0.036614746 -0.171607897 0.058755774 -0.039069142 0.999176562 -0.010945750 0.148067655 0.171065807 0.017480496 0.985104501 -0.724809169
111911800 0.579913063 1.030956627 0.500000000 0.500000000 0.000000000 0.000000000 0.984338224 0.037422981 -0.172272563 0.059451559 -0.039975896 0.999135911 -0.011372434 0.150986915 0.171698123 0.018081073 0.984983683 -0.732864271
111945167 0.579913063 1.030956627 0.500000000 0.500000000 0.000000000 0.000000000 0.984162450 0.037641063 -0.173226520 0.061335149 -0.040231314 0.999124587 -0.011464959 0.152429556 0.172643334 0.018252512 0.984815300 -0.742253737
111978533 0.579913063 1.030956627 0.500000000 0.500000000 0.000000000 0.000000000 0.984073579 0.038251474 -0.173597395 0.061270681 -0.040898267 0.999094903 -0.011694015 0.154743977 0.172992960 0.018607603 0.984747291 -0.750306061
112011900 0.579913063 1.030956627 0.500000000 0.500000000 0.000000000 0.000000000 0.983968437 0.038588572 -0.174117804 0.062007223 -0.041303642 0.999074638 -0.011995420 0.156953164 0.173493788 0.018994814 0.984651744 -0.758297006
112045267 0.579913063 1.030956627 0.500000000 0.500000000 0.000000000 0.000000000 0.983851016 0.039006218 -0.174687564 0.063175936 -0.041764580 0.999053717 -0.012140623 0.158843221 0.174048707 0.019240318 0.984549046 -0.767070489
112078633 0.579913063 1.030956627 0.500000000 0.500000000 0.000000000 0.000000000 0.983710110 0.039105639 -0.175456971 0.064948755 -0.041956920 0.999040365 -0.012569083 0.161261981 0.174797073 0.019725967 0.984406888 -0.774752292
112112000 0.579913063 1.030956627 0.500000000 0.500000000 0.000000000 0.000000000 0.983595371 0.039175827 -0.176083371 0.066517685 -0.042070065 0.999033511 -0.012732357 0.163073007 0.175414383 0.019931326 0.984292924 -0.782655000
112145367 0.579913063 1.030956627 0.500000000 0.500000000 0.000000000 0.000000000 0.983485222 0.039446604 -0.176637366 0.067790080 -0.042393465 0.999017179 -0.012938987 0.164764325 0.175953373 0.020213572 0.984190941 -0.789756880
112178733 0.579913063 1.030956627 0.500000000 0.500000000 0.000000000 0.000000000 0.983427823 0.039604560 -0.176921308 0.068326147 -0.042633705 0.999001563 -0.013351444 0.167309354 0.176215887 0.020672992 0.984134436 -0.796102364
112212100 0.579913063 1.030956627 0.500000000 0.500000000 0.000000000 0.000000000 0.983386219 0.039692983 -0.177132770 0.068913156 -0.042776708 0.998991787 -0.013622897 0.169300434 0.176413447 0.020973725 0.984092653 -0.802475858
112245467 0.579913063 1.030956627 0.500000000 0.500000000 0.000000000 0.000000000 0.983275831 0.039650999 -0.177753940 0.070735740 -0.042750493 0.998992682 -0.013639459 0.170760500 0.177034065 0.021010419 0.983980417 -0.810416669
112278833 0.579913063 1.030956627 0.500000000 0.500000000 0.000000000 0.000000000 0.983264983 0.039628107 -0.177818909 0.071107833 -0.042747866 0.998991311 -0.013746273 0.172377950 0.177094817 0.021117607 0.983967185 -0.816896984
112312200 0.579913063 1.030956627 0.500000000 0.500000000 0.000000000 0.000000000 0.983098090 0.039406586 -0.178788230 0.073873255 -0.042540386 0.999000430 -0.013726723 0.173516147 0.178068593 0.021100435 0.983791828 -0.823892573
112345567 0.579913063 1.030956627 0.500000000 0.500000000 0.000000000 0.000000000 0.983100772 0.039394144 -0.178776324 0.073534347 -0.042549130 0.998998404 -0.013846315 0.175362505 0.178051800 0.021219101 0.983792305 -0.829457714
112378933 0.579913063 1.030956627 0.500000000 0.500000000 0.000000000 0.000000000 0.982955277 0.039005451 -0.179659456 0.076266589 -0.042165052 0.999015331 -0.013800084 0.176464354 0.178944275 0.021140214 0.983632088 -0.836198481
112412300 0.579913063 1.030956627 0.500000000 0.500000000 0.000000000 0.000000000 0.982864022 0.038495064 -0.180267856 0.078284664 -0.041689601 0.999033034 -0.013964582 0.178117291 0.179555967 0.021240579 0.983518422 -0.842257963
112445667 0.579913063 1.030956627 0.500000000 0.500000000 0.000000000 0.000000000 0.982834280 0.037983321 -0.180538118 0.079238751 -0.041178174 0.999054015 -0.013980054 0.179540078 0.179836318 0.021174308 0.983468652 -0.847872264
112479033 0.579913063 1.030956627 0.500000000 0.500000000 0.000000000 0.000000000 0.982797801 0.037454154 -0.180847228 0.080626776 -0.040637717 0.999076843 -0.013929320 0.180607684 0.180158570 0.021038923 0.983412564 -0.853850135
112512400 0.579913063 1.030956627 0.500000000 0.500000000 0.000000000 0.000000000 0.982761562 0.037154131 -0.181105852 0.081624194 -0.040328484 0.999090135 -0.013875632 0.181740951 0.180425525 0.020940160 0.983365715 -0.859137044
