https://www.youtube.com/watch?v=TeiRg5dXGWM
92792700 0.503151442 0.894491496 0.500000000 0.500000000 0.000000000 0.000000000 0.963175297 -0.002474063 0.268862784 0.101245463 0.001888869 0.999995232 0.002435219 -0.076100362 -0.268867522 -0.001837697 0.963175416 0.025155687
92826067 0.503151442 0.894491496 0.500000000 0.500000000 0.000000000 0.000000000 0.960894763 -0.002789618 0.276899755 0.105681272 0.002139017 0.999994218 0.002651617 -0.079681477 -0.276905566 -0.001955631 0.960895121 0.024191019
92859433 0.503151442 0.894491496 0.500000000 0.500000000 0.000000000 0.000000000 0.958533466 -0.002948670 0.284964710 0.110834547 0.002303846 0.999993980 0.002598004 -0.082185244 -0.284970641 -0.001833759 0.958534479 0.023559376
92892800 0.503151442 0.894491496 0.500000000 0.500000000 0.000000000 0.000000000 0.956047118 -0.003137609 0.293196231 0.116007789 0.002442239 0.999993265 0.002737733 -0.084917779 -0.293202847 -0.001901347 0.956048369 0.022597566
92926167 0.503151442 0.894491496 0.500000000 0.500000000 0.000000000 0.000000000 0.953470409 -0.003349921 0.301468015 0.121068374 0.002638353 0.999992669 0.002767476 -0.087642906 -0.301475078 -0.001843327 0.953472257 0.021609576
92959533 0.503151442 0.894491496 0.500000000 0.500000000 0.000000000 0.000000000 0.950889528 -0.003707832 0.309508234 0.126695126 0.003038332 0.999991894 0.002645111 -0.090278098 -0.309515536 -0.001574820 0.950893104 0.020435942
92992900 0.503151442 0.894491496 0.500000000 0.500000000 0.000000000 0.000000000 0.948164880 -0.003967796 0.317754030 0.131750977 0.003246411 0.999990821 0.002799733 -0.093779008 -0.317762226 -0.001623048 0.948169053 0.018773330
93026267 0.503151442 0.894491496 0.500000000 0.500000000 0.000000000 0.000000000 0.945325315 -0.004346163 0.326099843 0.137111077 0.003563019 0.999989152 0.002998783 -0.097237128 -0.326109350 -0.001672925 0.945330560 0.016758195
93059633 0.503151442 0.894491496 0.500000000 0.500000000 0.000000000 0.000000000 0.942399502 -0.004688937 0.334456533 0.142822545 0.003871732 0.999987662 0.003110004 -0.100650987 -0.334466994 -0.001635940 0.942406058 0.014756052
93093000 0.503151442 0.894491496 0.500000000 0.500000000 0.000000000 0.000000000 0.939368546 -0.004947731 0.342873484 0.148280783 0.004135528 0.999986649 0.003099920 -0.104047707 -0.342884243 -0.001494004 0.939376473 0.012549183
93126367 0.503151442 0.894491496 0.500000000 0.500000000 0.000000000 0.000000000 0.936255097 -0.005178388 0.351282835 0.153580445 0.004329034 0.999985516 0.003203212 -0.107512705 -0.351294309 -0.001478308 0.936263919 0.009723184
93159733 0.503151442 0.894491496 0.500000000 0.500000000 0.000000000 0.000000000 0.933083773 -0.005371340 0.359618932 0.159231891 0.004514313 0.999984622 0.003222925 -0.110545980 -0.359630704 -0.001383826 0.933093667 0.007307270
93193100 0.503151442 0.894491496 0.500000000 0.500000000 0.000000000 0.000000000 0.929817080 -0.005573802 0.367979854 0.165175046 0.004700910 0.999983609 0.003268453 -0.113684275 -0.367992043 -0.001309223 0.929828048 0.004900024
93226467 0.503151442 0.894491496 0.500000000 0.500000000 0.000000000 0.000000000 0.926357150 -0.005810209 0.376601487 0.171547930 0.004954793 0.999982476 0.003240029 -0.116467846 -0.376613736 -0.001135441 0.926369727 0.002392163
93259833 0.503151442 0.894491496 0.500000000 0.500000000 0.000000000 0.000000000 0.922714770 -0.005951112 0.385437459 0.177231568 0.005102125 0.999981761 0.003225417 -0.118917028 -0.385449648 -0.001009590 0.922728300 -0.000292673
93293200 0.503151442 0.894491496 0.500000000 0.500000000 0.000000000 0.000000000 0.919040442 -0.006228608 0.394114017 0.183295784 0.005227456 0.999979794 0.003613773 -0.122519955 -0.394128591 -0.001260989 0.919054449 -0.002963352
93326567 0.503151442 0.894491496 0.500000000 0.500000000 0.000000000 0.000000000 0.915227652 -0.006537716 0.402884156 0.190039356 0.005605354 0.999978185 0.003493310 -0.124746789 -0.402898222 -0.000938865 0.915244281 -0.005767266
93359933 0.503151442 0.894491496 0.500000000 0.500000000 0.000000000 0.000000000 0.911245763 -0.007019752 0.411803246 0.196397252 0.006090330 0.999975085 0.003569155 -0.127430287 -0.411818057 -0.000744360 0.911265790 -0.008929350
93393300 0.503151442 0.894491496 0.500000000 0.500000000 0.000000000 0.000000000 0.907176852 -0.007214602 0.420687586 0.203244594 0.006272257 0.999973774 0.003623511 -0.129380614 -0.420702696 -0.000648504 0.907198310 -0.011668041
93426667 0.503151442 0.894491496 0.500000000 0.500000000 0.000000000 0.000000000 0.902891934 -0.007622448 0.429800004 0.210146938 0.006627150 0.999970794 0.003812529 -0.131544615 -0.429816484 -0.000593953 0.902916074 -0.014720235
93460033 0.503151442 0.894491496 0.500000000 0.500000000 0.000000000 0.000000000 0.898446083 -0.008071607 0.439009637 0.216466259 0.007050571 0.999967337 0.003956143 -0.134220842 -0.439027250 -0.000459112 0.898473620 -0.018122437
93493400 0.503151442 0.894491496 0.500000000 0.500000000 0.000000000 0.000000000 0.893968701 -0.008314203 0.448052317 0.223429904 0.007329177 0.999965429 0.003932264 -0.136583471 -0.448069513 -0.000231466 0.893998682 -0.021345141
93526767 0.503151442 0.894491496 0.500000000 0.500000000 0.000000000 0.000000000 0.889172256 -0.008717206 0.457489580 0.230085102 0.007700599 0.999961972 0.004086905 -0.139125200 -0.457507819 -0.000111018 0.889205575 -0.024530366
93560133 0.503151442 0.894491496 0.500000000 0.500000000 0.000000000 0.000000000 0.884099722 -0.009110093 0.467209429 0.236223103 0.008050724 0.999958515 0.004263768 -0.141338869 -0.467228889 -0.000008223 0.884136379 -0.028018140
93593500 0.503151442 0.894491496 0.500000000 0.500000000 0.000000000 0.000000000 0.878988445 -0.009373764 0.476750880 0.242455390 0.008324952 0.999956071 0.004312135 -0.143460369 -0.476770371 0.000178611 0.879027843 -0.031146692
93626867 0.503151442 0.894491496 0.500000000 0.500000000 0.000000000 0.000000000 0.873848915 -0.009817550 0.486098439 0.248640217 0.008695309 0.999951780 0.004564282 -0.145602945 -0.486119807 0.000238283 0.873892128 -0.034748786
93660233 0.503151442 0.894491496 0.500000000 0.500000000 0.000000000 0.000000000 0.868567169 -0.010278712 0.495464802 0.253825475 0.009019687 0.999947131 0.004932672 -0.148024387 -0.495489329 0.000184580 0.868614018 -0.039254144
93693600 0.503151442 0.894491496 0.500000000 0.500000000 0.000000000 0.000000000 0.863333046 -0.010699217 0.504521191 0.259723173 0.009433265 0.999942660 0.005063326 -0.150163657 -0.504546463 0.000387946 0.863384485 -0.043536169
93726967 0.503151442 0.894491496 0.500000000 0.500000000 0.000000000 0.000000000 0.857946754 -0.010920140 0.513622522 0.265684035 0.009773630 0.999940038 0.004934036 -0.151508081 -0.513645589 0.000786816 0.858002067 -0.047526355
93760333 0.503151442 0.894491496 0.500000000 0.500000000 0.000000000 0.000000000 0.852313519 -0.011279818 0.522909582 0.271315193 0.010174686 0.999935806 0.004985701 -0.153020932 -0.522932291 0.001071061 0.852373540 -0.052314552
93793700 0.503151442 0.894491496 0.500000000 0.500000000 0.000000000 0.000000000 0.846583128 -0.011616467 0.532129765 0.277156332 0.010446005 0.999931872 0.005209750 -0.154596585 -0.532154083 0.001148144 0.846646786 -0.057606088
93827067 0.503151442 0.894491496 0.500000000 0.500000000 0.000000000 0.000000000 0.840899348 -0.011848688 0.541061878 0.283679836 0.010678439 0.999928951 0.005301341 -0.156267960 -0.541086197 0.001319802 0.840966105 -0.063606619
93860433 0.503151442 0.894491496 0.500000000 0.500000000 0.000000000 0.000000000 0.835022688 -0.012301845 0.550077975 0.290209916 0.011252765 0.999922752 0.005280307 -0.157239648 -0.550100446 0.001780723 0.835096598 -0.069945665
93893800 0.503151442 0.894491496 0.500000000 0.500000000 0.000000000 0.000000000 0.828932703 -0.012587484 0.559206665 0.296337072 0.011552183 0.999918759 0.005383484 -0.158582931 -0.559229016 0.001997512 0.829010785 -0.075541927
93927167 0.503151442 0.894491496 0.500000000 0.500000000 0.000000000 0.000000000 0.823003829 -0.012996256 0.567887068 0.302827286 0.011829550 0.999913573 0.005739463 -0.160013100 -0.567912579 0.001994249 0.823086441 -0.082543962
93960533 0.503151442 0.894491496 0.500000000 0.500000000 0.000000000 0.000000000 0.817022920 -0.013216505 0.576453686 0.310063315 0.012224386 0.999909580 0.005599246 -0.160343524 -0.576475620 0.002472081 0.817110598 -0.089046857
93993900 0.503151442 0.894491496 0.500000000 0.500000000 0.000000000 0.000000000 0.810598612 -0.013396231 0.585448921 0.316337786 0.012356027 0.999907017 0.005771991 -0.162284389 -0.585471809 0.002555055 0.810688734 -0.096756288
94027267 0.503151442 0.894491496 0.500000000 0.500000000 0.000000000 0.000000000 0.803935289 -0.013754060 0.594557762 0.322891698 0.012923751 0.999900460 0.005656023 -0.163043995 -0.594576359 0.003136840 0.804033041 -0.104750280
94060633 0.503151442 0.894491496 0.500000000 0.500000000 0.000000000 0.000000000 0.797272623 -0.014208288 0.603452206 0.329769379 0.013425519 0.999893010 0.005804883 -0.164276661 -0.603470087 0.003473585 0.797378063 -0.113026103
94094000 0.503151442 0.894491496 0.500000000 0.500000000 0.000000000 0.000000000 0.790690541 -0.014633426 0.612041116 0.337727341 0.013897934 0.999885678 0.005951870 -0.165158077 -0.612058222 0.003800020 0.790803552 -0.121793998
94127367 0.503151442 0.894491496 0.500000000 0.500000000 0.000000000 0.000000000 0.783921838 -0.014964901 0.620679140 0.344620632 0.014205094 0.999880075 0.006166507 -0.166341855 -0.620697021 0.003982747 0.784040391 -0.130694881
94160733 0.503151442 0.894491496 0.500000000 0.500000000 0.000000000 0.000000000 0.776989162 -0.015256527 0.629329085 0.352246652 0.014669009 0.999873638 0.006128650 -0.167042997 -0.629343033 0.004469740 0.777114749 -0.140152559
94194100 0.503151442 0.894491496 0.500000000 0.500000000 0.000000000 0.000000000 0.769811690 -0.015596355 0.638080478 0.359813465 0.015176257 0.999866068 0.006129956 -0.167482812 -0.638090611 0.004964761 0.769945264 -0.150149058
94227467 0.503151442 0.894491496 0.500000000 0.500000000 0.000000000 0.000000000 0.762350261 -0.015669391 0.646974981 0.366177002 0.015139154 0.999865055 0.006377275 -0.169244911 -0.646987557 0.004932936 0.762484610 -0.160844771
94260833 0.503151442 0.894491496 0.500000000 0.500000000 0.000000000 0.000000000 0.754708588 -0.015917158 0.655867040 0.372773208 0.015486130 0.999859333 0.006445518 -0.170077198 -0.655877352 0.005292355 0.754848897 -0.171767985
94294200 0.503151442 0.894491496 0.500000000 0.500000000 0.000000000 0.000000000 0.747143328 -0.016254185 0.664464176 0.379657265 0.015945407 0.999851525 0.006528971 -0.170694715 -0.664471626 0.005717074 0.747291625 -0.182991671
94327567 0.503151442 0.894491496 0.500000000 0.500000000 0.000000000 0.000000000 0.739485443 -0.016634583 0.672966957 0.386040637 0.016245313 0.999844491 0.006863374 -0.171366085 -0.672976494 0.005857194 0.739640653 -0.194528863
94360933 0.503151442 0.894491496 0.500000000 0.500000000 0.000000000 0.000000000 0.731805384 -0.016878843 0.681304574 0.393349378 0.016526433 0.999838769 0.007018871 -0.171688348 -0.681313217 0.006123087 0.731966376 -0.206044432
94394300 0.503151442 0.894491496 0.500000000 0.500000000 0.000000000 0.000000000 0.723639846 -0.016813422 0.689972937 0.398621299 0.016494732 0.999839008 0.007064725 -0.173182650 -0.689980626 0.006268603 0.723800659 -0.217546704
94427667 0.503151442 0.894491496 0.500000000 0.500000000 0.000000000 0.000000000 0.715458632 -0.017044190 0.698447168 0.404862660 0.016943112 0.999831676 0.007043091 -0.173198621 -0.698449671 0.006794828 0.715626955 -0.229663218
94461033 0.503151442 0.894491496 0.500000000 0.500000000 0.000000000 0.000000000 0.706818819 -0.017286517 0.707183361 0.408967975 0.017107777 0.999826729 0.007340983 -0.173944063 -0.707187712 0.006909590 0.706992090 -0.241984378
94494400 0.503151442 0.894491496 0.500000000 0.500000000 0.000000000 0.000000000 0.698501706 -0.017425930 0.715396225 0.414982874 0.017312875 0.999822378 0.007450085 -0.173947254 -0.715398967 0.007181669 0.698679328 -0.254588713
94527767 0.503151442 0.894491496 0.500000000 0.500000000 0.000000000 0.000000000 0.689778030 -0.017661026 0.723805487 0.418312396 0.017501410 0.999817073 0.007717137 -0.174369750 -0.723809361 0.007344505 0.689960897 -0.266921375
94561133 0.503151442 0.894491496 0.500000000 0.500000000 0.000000000 0.000000000 0.681234241 -0.017828422 0.731848359 0.422281169 0.017532380 0.999813974 0.008036430 -0.174845506 -0.731855512 0.007356353 0.681420088 -0.279747265
94594500 0.503151442 0.894491496 0.500000000 0.500000000 0.000000000 0.000000000 0.672590673 -0.018142687 0.739792287 0.426051524 0.017882377 0.999805987 0.008261302 -0.174360182 -0.739798605 0.007672770 0.672784626 -0.293381212
94627867 0.503151442 0.894491496 0.500000000 0.500000000 0.000000000 0.000000000 0.663807929 -0.018340385 0.747678220 0.428688208 0.018056042 0.999800920 0.008494281 -0.174384565 -0.747685134 0.007861538 0.664006889 -0.306947379
94661233 0.503151442 0.894491496 0.500000000 0.500000000 0.000000000 0.000000000 0.655257761 -0.018634381 0.755175531 0.431750191 0.018228669 0.999794662 0.008853674 -0.174236944 -0.755185425 0.007964406 0.655462861 -0.320840560
94694600 0.503151442 0.894491496 0.500000000 0.500000000 0.000000000 0.000000000 0.646708012 -0.018909834 0.762503207 0.434030553 0.018324176 0.999789298 0.009253021 -0.174372578 -0.762517512 0.007988240 0.646918297 -0.334434079
94727967 0.503151442 0.894491496 0.500000000 0.500000000 0.000000000 0.000000000 0.638171434 -0.019152619 0.769656062 0.436342803 0.018704813 0.999781132 0.009369835 -0.173948394 -0.769667029 0.008416711 0.638390005 -0.348153475
94761333 0.503151442 0.894491496 0.500000000 0.500000000 0.000000000 0.000000000 0.629545510 -0.019373229 0.776722074 0.438762813 0.019053046 0.999773383 0.009493847 -0.173617937 -0.776730001 0.008822112 0.629771948 -0.362162217
94794700 0.503151442 0.894491496 0.500000000 0.500000000 0.000000000 0.000000000 0.620751441 -0.019631853 0.783761621 0.440368925 0.019444304 0.999764442 0.009642155 -0.173376202 -0.783766270 0.009254317 0.620986938 -0.375868953
94828067 0.503151442 0.894491496 0.500000000 0.500000000 0.000000000 0.000000000 0.611848056 -0.020121748 0.790719330 0.441241104 0.019798284 0.999752760 0.010121454 -0.173424419 -0.790727496 0.009462094 0.612095177 -0.389049695
94861433 0.503151442 0.894491496 0.500000000 0.500000000 0.000000000 0.000000000 0.603117764 -0.020555453 0.797387242 0.441748465 0.020244317 0.999740362 0.010459672 -0.172929089 -0.797395229 0.009834145 0.603377283 -0.401700262
94894800 0.503151442 0.894491496 0.500000000 0.500000000 0.000000000 0.000000000 0.594196081 -0.020667687 0.804054618 0.441892504 0.020240208 0.999737442 0.010740078 -0.173126161 -0.804065526 0.009892521 0.594458401 -0.415176672
94928167 0.503151442 0.894491496 0.500000000 0.500000000 0.000000000 0.000000000 0.585009217 -0.020635447 0.810764074 0.440980906 0.020353569 0.999734938 0.010758926 -0.172914789 -0.810771167 0.010207871 0.585274160 -0.428435076
94961533 0.503151442 0.894491496 0.500000000 0.500000000 0.000000000 0.000000000 0.575892866 -0.020479679 0.817268610 0.440400704 0.020284593 0.999736369 0.010758430 -0.172966054 -0.817273498 0.010382258 0.576156437 -0.441534328
94994900 0.503151442 0.894491496 0.500000000 0.500000000 0.000000000 0.000000000 0.567036629 -0.020334847 0.823441565 0.439557088 0.020096218 0.999739170 0.010849892 -0.173185866 -0.823447406 0.010395775 0.567297339 -0.453942919
95028267 0.503151442 0.894491496 0.500000000 0.500000000 0.000000000 0.000000000 0.558307350 -0.020472532 0.829381526 0.439153223 0.020662718 0.999728501 0.010768055 -0.171382252 -0.829376817 0.011125391 0.558578849 -0.466669835
95061633 0.503151442 0.894491496 0.500000000 0.500000000 0.000000000 0.000000000 0.549482346 -0.020696167 0.835248947 0.438023396 0.020662954 0.999724030 0.011178137 -0.171434470 -0.835249782 0.011116522 0.549758375 -0.478698000
95095000 0.503151442 0.894491496 0.500000000 0.500000000 0.000000000 0.000000000 0.540622056 -0.020886444 0.841006279 0.436738074 0.020511197 0.999721825 0.011642990 -0.171645472 -0.841015518 0.010955589 0.540900111 -0.491007235
95128367 0.503151442 0.894491496 0.500000000 0.500000000 0.000000000 0.000000000 0.531842709 -0.021436611 0.846571803 0.434810425 0.020817392 0.999708414 0.012236155 -0.170117505 -0.846587241 0.011115707 0.532133877 -0.502586737
95161733 0.503151442 0.894491496 0.500000000 0.500000000 0.000000000 0.000000000 0.523420334 -0.021730209 0.851797521 0.433385358 0.020898147 0.999701440 0.012661703 -0.168598980 -0.851818323 0.011173596 0.523718178 -0.514253882
95195100 0.503151442 0.894491496 0.500000000 0.500000000 0.000000000 0.000000000 0.515122056 -0.021966707 0.856835306 0.431778112 0.021083577 0.999693811 0.012953906 -0.167013864 -0.856857479 0.011392309 0.515427470 -0.525849701
95228467 0.503151442 0.894491496 0.500000000 0.500000000 0.000000000 0.000000000 0.507038951 -0.022086788 0.861640096 0.430697788 0.021402314 0.999686003 0.013031017 -0.165493907 -0.861657381 0.011833858 0.507352471 -0.537400484
95261833 0.503151442 0.894491496 0.500000000 0.500000000 0.000000000 0.000000000 0.498398960 -0.022023048 0.866668046 0.427960160 0.021367287 0.999685645 0.013115393 -0.164746277 -0.866684437 0.011981647 0.498712867 -0.549303922
95295200 0.503151442 0.894491496 0.500000000 0.500000000 0.000000000 0.000000000 0.490145266 -0.022082677 0.871361017 0.426363293 0.021358190 0.999683142 0.013320616 -0.163603120 -0.871379077 0.012081658 0.490461618 -0.560927095
95328567 0.503151442 0.894491496 0.500000000 0.500000000 0.000000000 0.000000000 0.481905401 -0.022204719 0.875941873 0.424909098 0.021362934 0.999679446 0.013588446 -0.162616788 -0.875962794 0.012164343 0.482225269 -0.572861740
95361933 0.503151442 0.894491496 0.500000000 0.500000000 0.000000000 0.000000000 0.473614633 -0.022312891 0.880449474 0.422988080 0.021185866 0.999678373 0.013938084 -0.162338687 -0.880477309 0.012051804 0.473935038 -0.585000397
95395300 0.503151442 0.894491496 0.500000000 0.500000000 0.000000000 0.000000000 0.465330631 -0.022493666 0.884851098 0.421106436 0.021527812 0.999668956 0.014091264 -0.160333350 -0.884875119 0.012491811 0.465660810 -0.597091985
95428667 0.503151442 0.894491496 0.500000000 0.500000000 0.000000000 0.000000000 0.456834763 -0.022578923 0.889265001 0.419454952 0.021535438 0.999665558 0.014318831 -0.159534997 -0.889290869 0.012609371 0.457168221 -0.609486910
95462033 0.503151442 0.894491496 0.500000000 0.500000000 0.000000000 0.000000000 0.447900087 -0.022631755 0.893797159 0.416905916 0.021478072 0.999663472 0.014549284 -0.159068768 -0.893825591 0.012680413 0.448235422 -0.622356412
95495400 0.503151442 0.894491496 0.500000000 0.500000000 0.000000000 0.000000000 0.439066440 -0.022729510 0.898167014 0.414647222 0.021812040 0.999654949 0.014635064 -0.157605815 -0.898189783 0.013165090 0.439410746 -0.634966367
95528767 0.503151442 0.894491496 0.500000000 0.500000000 0.000000000 0.000000000 0.430287153 -0.023000602 0.902399004 0.412716618 0.021858241 0.999647677 0.015056730 -0.156854867 -0.902427375 0.013246138 0.430638313 -0.648307397
95562133 0.503151442 0.894491496 0.500000000 0.500000000 0.000000000 0.000000000 0.421495944 -0.023306295 0.906530738 0.410287252 0.022122642 0.999636412 0.015413948 -0.155326537 -0.906560421 0.013557939 0.421858311 -0.661709537
95595500 0.503151442 0.894491496 0.500000000 0.500000000 0.000000000 0.000000000 0.412410825 -0.023294425 0.910700083 0.406859559 0.022399575 0.999630094 0.015425475 -0.153878282 -0.910722554 0.014037661 0.412780076 -0.675110607
95628867 0.503151442 0.894491496 0.500000000 0.500000000 0.000000000 0.000000000 0.403443933 -0.023438646 0.914704144 0.403862449 0.022924714 0.999616981 0.015503190 -0.152777690 -0.914717138 0.014714663 0.403826714 -0.688851480
95662233 0.503151442 0.894491496 0.500000000 0.500000000 0.000000000 0.000000000 0.394376904 -0.023650384 0.918644369 0.399829640 0.023899740 0.999594569 0.015474204 -0.150247795 -0.918637931 0.015852693 0.394782245 -0.702996108
95695600 0.503151442 0.894491496 0.500000000 0.500000000 0.000000000 0.000000000 0.385307908 -0.023905192 0.922478378 0.395505990 0.024238339 0.999581695 0.015779195 -0.148776120 -0.922469676 0.016279494 0.385726154 -0.717023465
95728967 0.503151442 0.894491496 0.500000000 0.500000000 0.000000000 0.000000000 0.375819176 -0.023928851 0.926384032 0.390019781 0.024599183 0.999571919 0.015839828 -0.147893627 -0.926366448 0.016835378 0.376246929 -0.730928339
95762333 0.503151442 0.894491496 0.500000000 0.500000000 0.000000000 0.000000000 0.366347790 -0.024110518 0.930165589 0.384792829 0.025433162 0.999550223 0.015892107 -0.146601942 -0.930130363 0.017835014 0.366796225 -0.745042173
95795700 0.503151442 0.894491496 0.500000000 0.500000000 0.000000000 0.000000000 0.356963903 -0.024498995 0.933796883 0.379620346 0.025866857 0.999531925 0.016335452 -0.146189407 -0.933759987 0.018323224 0.357430518 -0.759220915
95829067 0.503151442 0.894491496 0.500000000 0.500000000 0.000000000 0.000000000 0.347235173 -0.024704041 0.937452614 0.374554753 0.026772816 0.999506652 0.016422579 -0.143715516 -0.937395811 0.019395750 0.347725242 -0.773105684
95862433 0.503151442 0.894491496 0.500000000 0.500000000 0.000000000 0.000000000 0.337319642 -0.024834434 0.941062570 0.369217356 0.027169980 0.999492347 0.016637426 -0.143455903 -0.940998018 0.019956520 0.337823153 -0.787107892
95895800 0.503151442 0.894491496 0.500000000 0.500000000 0.000000000 0.000000000 0.327025235 -0.025147591 0.944680929 0.362832051 0.028477481 0.999454141 0.016747462 -0.141574143 -0.944586456 0.021425292 0.327562869 -0.801411233
95929167 0.503151442 0.894491496 0.500000000 0.500000000 0.000000000 0.000000000 0.316320032 -0.025314037 0.948314726 0.355945973 0.029384494 0.999425709 0.016876880 -0.140167473 -0.948197365 0.022527253 0.316882193 -0.815420996
95962533 0.503151442 0.894491496 0.500000000 0.500000000 0.000000000 0.000000000 0.305459529 -0.025467793 0.951864421 0.349162931 0.030003021 0.999403358 0.017111564 -0.138676468 -0.951732278 0.023331916 0.306041390 -0.829306671
95995900 0.503151442 0.894491496 0.500000000 0.500000000 0.000000000 0.000000000 0.294029146 -0.025565952 0.955454469 0.340996831 0.030869355 0.999374688 0.017241510 -0.136743146 -0.955297828 0.024424756 0.294634491 -0.842833702
96029267 0.503151442 0.894491496 0.500000000 0.500000000 0.000000000 0.000000000 0.282847613 -0.025944946 0.958813906 0.333909404 0.031701911 0.999340832 0.017689599 -0.135533576 -0.958640814 0.025392773 0.283483684 -0.855521901
96062633 0.503151442 0.894491496 0.500000000 0.500000000 0.000000000 0.000000000 0.271336019 -0.026092151 0.962130964 0.326101253 0.032947950 0.999298394 0.017808260 -0.132672858 -0.961920559 0.026868219 0.272005320 -0.867781273
96096000 0.503151442 0.894491496 0.500000000 0.500000000 0.000000000 0.000000000 0.259620249 -0.026560996 0.965345442 0.316889697 0.033392388 0.999270797 0.018513877 -0.132116946 -0.965133309 0.027428614 0.260317862 -0.880368293
96129367 0.503151442 0.894491496 0.500000000 0.500000000 0.000000000 0.000000000 0.248615131 -0.026695197 0.968234420 0.309343609 0.034625329 0.999226153 0.018658869 -0.129479052 -0.967983246 0.028886558 0.249347076 -0.893434112
96162733 0.503151442 0.894491496 0.500000000 0.500000000 0.000000000 0.000000000 0.236918300 -0.026864633 0.971158087 0.299581382 0.035619762 0.999185741 0.018950349 -0.127662755 -0.970876396 0.030102735 0.237682298 -0.907824986
96196100 0.503151442 0.894491496 0.500000000 0.500000000 0.000000000 0.000000000 0.226036847 -0.027014717 0.973744094 0.291358902 0.036376413 0.999152243 0.019275501 -0.126598001 -0.973439336 0.031064345 0.226827934 -0.920135050
96229467 0.503151442 0.894491496 0.500000000 0.500000000 0.000000000 0.000000000 0.215087533 -0.027033232 0.976220548 0.282860953 0.036649812 0.999136090 0.019592866 -0.127228655 -0.975906849 0.031564120 0.215892479 -0.932231270
96262833 0.503151442 0.894491496 0.500000000 0.500000000 0.000000000 0.000000000 0.203689739 -0.027116915 0.978659868 0.272858043 0.037669014 0.999093235 0.019842986 -0.126016570 -0.978310525 0.032823339 0.204526514 -0.943024148
96296200 0.503151442 0.894491496 0.500000000 0.500000000 0.000000000 0.000000000 0.192488834 -0.027016677 0.980927169 0.262139665 0.038517825 0.999058604 0.019957641 -0.124524131 -0.980542898 0.033941559 0.193348259 -0.954088227
96329567 0.503151442 0.894491496 0.500000000 0.500000000 0.000000000 0.000000000 0.181992859 -0.027115375 0.982925892 0.252666409 0.039013062 0.999031723 0.020336244 -0.123533906 -0.982525587 0.034645896 0.182874486 -0.964643025
96362933 0.503151442 0.894491496 0.500000000 0.500000000 0.000000000 0.000000000 0.172297448 -0.027569590 0.984659076 0.244899051 0.040317319 0.998968005 0.020915428 -0.120642346 -0.984219551 0.036095139 0.173231170 -0.974895547
96396300 0.503151442 0.894491496 0.500000000 0.500000000 0.000000000 0.000000000 0.161764815 -0.027464172 0.986447096 0.234942400 0.041213904 0.998928487 0.021053115 -0.119372078 -0.985968351 0.037249681 0.162723392 -0.984329874
96429667 0.503151442 0.894491496 0.500000000 0.500000000 0.000000000 0.000000000 0.151122242 -0.027462821 0.988133550 0.224650446 0.042700998 0.998862326 0.021230437 -0.116560470 -0.987592399 0.038985897 0.152122989 -0.994410133
96463033 0.503151442 0.894491496 0.500000000 0.500000000 0.000000000 0.000000000 0.140842512 -0.027595328 0.989647329 0.214272066 0.043849494 0.998804390 0.021610184 -0.114338222 -0.989060462 0.040351905 0.141884148 -1.004066074
96496400 0.503151442 0.894491496 0.500000000 0.500000000 0.000000000 0.000000000 0.130724654 -0.028062064 0.991021514 0.203553007 0.044648763 0.998751760 0.022391384 -0.113127415 -0.990412831 0.041320778 0.131814420 -1.013422217
96529767 0.503151442 0.894491496 0.500000000 0.500000000 0.000000000 0.000000000 0.120511845 -0.027898483 0.992319763 0.192320280 0.045478534 0.998710632 0.022555038 -0.111898678 -0.991669595 0.042411100 0.121625245 -1.022689916
96563133 0.503151442 0.894491496 0.500000000 0.500000000 0.000000000 0.000000000 0.111059569 -0.027863763 0.993423045 0.182573926 0.046820562 0.998643637 0.022775894 -0.109590862 -0.992710233 0.043983143 0.112213530 -1.031306259
96596500 0.503151442 0.894491496 0.500000000 0.500000000 0.000000000 0.000000000 0.101435296 -0.027864009 0.994451821 0.171647629 0.047920797 0.998584151 0.023091815 -0.107951414 -0.993687332 0.045312602 0.102626950 -1.039634318
96629867 0.503151442 0.894491496 0.500000000 0.500000000 0.000000000 0.000000000 0.091763087 -0.027621917 0.995397687 0.160764840 0.048935577 0.998532534 0.023197666 -0.106359159 -0.994577706 0.046581671 0.092980124 -1.047435803
96663233 0.503151442 0.894491496 0.500000000 0.500000000 0.000000000 0.000000000 0.081864513 -0.027346537 0.996268213 0.148788850 0.050107419 0.998472273 0.023289651 -0.104194542 -0.995383084 0.048013832 0.083109714 -1.054378563
96696600 0.503151442 0.894491496 0.500000000 0.500000000 0.000000000 0.000000000 0.072791383 -0.027323179 0.996972859 0.138586783 0.051111385 0.998413324 0.023630891 -0.102218735 -0.996036649 0.049236540 0.074072413 -1.060492860
96729967 0.503151442 0.894491496 0.500000000 0.500000000 0.000000000 0.000000000 0.063740507 -0.027353015 0.997591555 0.128149234 0.051985029 0.998358190 0.024052482 -0.099946249 -0.996611595 0.050326709 0.065057799 -1.065930705
96763333 0.503151442 0.894491496 0.500000000 0.500000000 0.000000000 0.000000000 0.054560386 -0.027151199 0.998141289 0.117415504 0.052445564 0.998328328 0.024289509 -0.099080055 -0.997132182 0.051022835 0.055893138 -1.070797950
96796700 0.503151442 0.894491496 0.500000000 0.500000000 0.000000000 0.000000000 0.045283146 -0.027026089 0.998608530 0.106582852 0.053696640 0.998254657 0.024581572 -0.097106671 -0.997529984 0.052508790 0.046655323 -1.075081973
96830067 0.503151442 0.894491496 0.500000000 0.500000000 0.000000000 0.000000000 0.036129650 -0.027269833 0.998974979 0.095498333 0.054992095 0.998167276 0.025258899 -0.095073088 -0.997832894 0.054023132 0.037563059 -1.079000873
96863433 0.503151442 0.894491496 0.500000000 0.500000000 0.000000000 0.000000000 0.027894478 -0.027492205 0.999232769 0.085650337 0.055838570 0.998103738 0.025902361 -0.093458584 -0.998050094 0.055073194 0.029376710 -1.082344910
96896800 0.503151442 0.894491496 0.500000000 0.500000000 0.000000000 0.000000000 0.019892206 -0.027478013 0.999424458 0.075950281 0.056482360 0.998056710 0.026316203 -0.092546503 -0.998205423 0.055926368 0.021405574 -1.085426793
96930167 0.503151442 0.894491496 0.500000000 0.500000000 0.000000000 0.000000000 0.012091164 -0.027254350 0.999555409 0.067234279 0.057711646 0.997981191 0.026513316 -0.091015123 -0.998260081 0.057365414 0.013639648 -1.088471985
96963533 0.503151442 0.894491496 0.500000000 0.500000000 0.000000000 0.000000000 0.003785155 -0.027183251 0.999623299 0.057041680 0.058805496 0.997906566 0.026913896 -0.089917543 -0.998262286 0.058681469 0.005375755 -1.091115598
