https://www.youtube.com/watch?v=T_iSr1T1dos
154454000 0.510318360 0.907232623 0.500000000 0.500000000 0.000000000 0.000000000 0.999896705 -0.001179173 0.014325810 0.006556715 0.001182862 0.999999285 -0.000249047 0.003906115 -0.014325506 0.000265967 0.999897361 0.012768356
154487000 0.510318360 0.907232623 0.500000000 0.500000000 0.000000000 0.000000000 0.999815822 -0.001451027 0.019136745 0.008046662 0.001447834 0.999998927 0.000180693 0.003951542 -0.019136988 -0.000152953 0.999816835 0.012494185
154520000 0.510318360 0.907232623 0.500000000 0.500000000 0.000000000 0.000000000 0.999712169 -0.001696182 0.023930993 0.009494670 0.001677141 0.999998271 0.000815715 0.003641795 -0.023932336 -0.000775345 0.999713302 0.012237306
154554000 0.510318360 0.907232623 0.500000000 0.500000000 0.000000000 0.000000000 0.999590695 -0.002017041 0.028537821 0.011347754 0.001978773 0.999997079 0.001369146 0.003529218 -0.028540500 -0.001312116 0.999591768 0.011745894
154587000 0.510318360 0.907232623 0.500000000 0.500000000 0.000000000 0.000000000 0.999440491 -0.002305635 0.033367682 0.012755340 0.002245418 0.999995768 0.001842003 0.003514176 -0.033371791 -0.001766048 0.999441445 0.011494436
154620000 0.510318360 0.907232623 0.500000000 0.500000000 0.000000000 0.000000000 0.999269664 -0.002600410 0.038122687 0.014246069 0.002509943 0.999993920 0.002420730 0.003351709 -0.038128752 -0.002323276 0.999270141 0.011332110
154654000 0.510318360 0.907232623 0.500000000 0.500000000 0.000000000 0.000000000 0.999074280 -0.002878593 0.042922515 0.015624885 0.002759093 0.999992132 0.002843061 0.003501241 -0.042930361 -0.002722002 0.999074340 0.011049410
154687000 0.510318360 0.907232623 0.500000000 0.500000000 0.000000000 0.000000000 0.998863280 -0.003183488 0.047561146 0.017401309 0.003026285 0.999989748 0.003376929 0.003387656 -0.047571406 -0.003229156 0.998862624 0.010587813
154721000 0.510318360 0.907232623 0.500000000 0.500000000 0.000000000 0.000000000 0.998628438 -0.003442588 0.052244127 0.018965433 0.003243275 0.999987125 0.003899347 0.003338382 -0.052256878 -0.003724556 0.998626709 0.010315326
154754000 0.510318360 0.907232623 0.500000000 0.500000000 0.000000000 0.000000000 0.998369336 -0.003766020 0.056960847 0.020456563 0.003533097 0.999984980 0.004189337 0.003755059 -0.056975771 -0.003981257 0.998367608 0.010140589
154787000 0.510318360 0.907232623 0.500000000 0.500000000 0.000000000 0.000000000 0.998096585 -0.004166450 0.061528854 0.022164335 0.003874641 0.999980688 0.004861187 0.003507144 -0.061547920 -0.004613532 0.998093486 0.009716984
154821000 0.510318360 0.907232623 0.500000000 0.500000000 0.000000000 0.000000000 0.997795761 -0.004542502 0.066204563 0.023918796 0.004204793 0.999977410 0.005239439 0.003813751 -0.066226870 -0.004949513 0.997792304 0.009533357
154854000 0.510318360 0.907232623 0.500000000 0.500000000 0.000000000 0.000000000 0.997468829 -0.004826110 0.070941426 0.025268860 0.004432464 0.999973893 0.005705267 0.003995965 -0.070967108 -0.005376380 0.997464180 0.009471431
154888000 0.510318360 0.907232623 0.500000000 0.500000000 0.000000000 0.000000000 0.997125804 -0.005125143 0.075589798 0.026872125 0.004653141 0.999968588 0.006419057 0.003712407 -0.075620323 -0.006048877 0.997118354 0.009273685
154921000 0.510318360 0.907232623 0.500000000 0.500000000 0.000000000 0.000000000 0.996754169 -0.005463505 0.080319509 0.028167277 0.004923538 0.999963939 0.006919240 0.003851896 -0.080354422 -0.006501325 0.996745169 0.009082815
154954000 0.510318360 0.907232623 0.500000000 0.500000000 0.000000000 0.000000000 0.996360064 -0.005880916 0.085041717 0.029537836 0.005235781 0.999955833 0.007807150 0.003341026 -0.085083880 -0.007333472 0.996346831 0.008807989
154988000 0.510318360 0.907232623 0.500000000 0.500000000 0.000000000 0.000000000 0.995956302 -0.006271374 0.089619778 0.031135859 0.005531040 0.999948502 0.008506802 0.003253556 -0.089668520 -0.007976713 0.995939732 0.008661705
155021000 0.510318360 0.907232623 0.500000000 0.500000000 0.000000000 0.000000000 0.995543540 -0.006758678 0.094060719 0.032925177 0.005933132 0.999941409 0.009053625 0.003401268 -0.094116397 -0.008455203 0.995525301 0.008417930
155055000 0.510318360 0.907232623 0.500000000 0.500000000 0.000000000 0.000000000 0.995097876 -0.007174816 0.098634258 0.034434262 0.006252643 0.999933839 0.009655358 0.003427534 -0.098697007 -0.008991302 0.995076895 0.008161752
155088000 0.510318360 0.907232623 0.500000000 0.500000000 0.000000000 0.000000000 0.994628072 -0.007564080 0.103236340 0.035897151 0.006545331 0.999926507 0.010203324 0.003558602 -0.103305936 -0.009472798 0.994604528 0.007679996
155121000 0.510318360 0.907232623 0.500000000 0.500000000 0.000000000 0.000000000 0.994135976 -0.007952922 0.107844666 0.037390075 0.006834004 0.999918938 0.010740893 0.003685116 -0.107921347 -0.009940897 0.994109750 0.007379666
155155000 0.510318360 0.907232623 0.500000000 0.500000000 0.000000000 0.000000000 0.993614495 -0.008305719 0.112522461 0.038712769 0.007065906 0.999909937 0.011412698 0.003602330 -0.112607114 -0.010544748 0.993583620 0.007106903
155188000 0.510318360 0.907232623 0.500000000 0.500000000 0.000000000 0.000000000 0.993065357 -0.008807029 0.117233478 0.039983846 0.007449248 0.999900043 0.012014983 0.003721392 -0.117327578 -0.011058362 0.993031681 0.006933343
155221000 0.510318360 0.907232623 0.500000000 0.500000000 0.000000000 0.000000000 0.992506564 -0.009187772 0.121845469 0.041410756 0.007714696 0.999891400 0.012555964 0.003857809 -0.121947601 -0.011521876 0.992469668 0.006523599
155255000 0.510318360 0.907232623 0.500000000 0.500000000 0.000000000 0.000000000 0.991931260 -0.009613536 0.126411930 0.042899570 0.008015479 0.999881506 0.013144271 0.003959604 -0.126523316 -0.012024961 0.991890728 0.006312312
155288000 0.510318360 0.907232623 0.500000000 0.500000000 0.000000000 0.000000000 0.991335273 -0.009995711 0.130975157 0.044329592 0.008245683 0.999869406 0.013897058 0.003766430 -0.131096959 -0.012696664 0.991288245 0.005943373
155322000 0.510318360 0.907232623 0.500000000 0.500000000 0.000000000 0.000000000 0.990737379 -0.010490971 0.135385901 0.045918049 0.008601895 0.999857426 0.014530733 0.003821470 -0.135519043 -0.013231565 0.990686357 0.005632191
155355000 0.510318360 0.907232623 0.500000000 0.500000000 0.000000000 0.000000000 0.990123332 -0.011036369 0.139764175 0.047542603 0.009010714 0.999845088 0.015117907 0.003965038 -0.139909372 -0.013709217 0.990069389 0.005183694
155388000 0.510318360 0.907232623 0.500000000 0.500000000 0.000000000 0.000000000 0.989490569 -0.011477003 0.144141302 0.049135040 0.009296878 0.999832094 0.015789388 0.003946471 -0.144298330 -0.014283386 0.989431143 0.005021076
155422000 0.510318360 0.907232623 0.500000000 0.500000000 0.000000000 0.000000000 0.988863766 -0.012037146 0.148335949 0.051073703 0.009670084 0.999814332 0.016668344 0.003523201 -0.148509040 -0.015048301 0.988796532 0.004584601
155455000 0.510318360 0.907232623 0.500000000 0.500000000 0.000000000 0.000000000 0.988168895 -0.012497749 0.152859733 0.052326883 0.009987094 0.999802530 0.017181410 0.003759097 -0.153044268 -0.015451509 0.988098502 0.004265692
155488000 0.510318360 0.907232623 0.500000000 0.500000000 0.000000000 0.000000000 0.987474144 -0.013082110 0.157237649 0.053852303 0.010428330 0.999789119 0.017690705 0.004114511 -0.157435909 -0.015829388 0.987402320 0.003986626
155522000 0.510318360 0.907232623 0.500000000 0.500000000 0.000000000 0.000000000 0.986739278 -0.013610797 0.161741525 0.055136750 0.010764658 0.999771655 0.018460179 0.003901331 -0.161955848 -0.016474292 0.986660480 0.003496950
155555000 0.510318360 0.907232623 0.500000000 0.500000000 0.000000000 0.000000000 0.985971928 -0.014170402 0.166308597 0.056274519 0.011128659 0.999753594 0.019207451 0.003754869 -0.166539788 -0.017087217 0.985886693 0.003018089
155588000 0.510318360 0.907232623 0.500000000 0.500000000 0.000000000 0.000000000 0.985203624 -0.014588465 0.170765966 0.057635249 0.011378612 0.999740005 0.019760508 0.003809281 -0.171009839 -0.017525045 0.985113442 0.002635600
155622000 0.510318360 0.907232623 0.500000000 0.500000000 0.000000000 0.000000000 0.984370887 -0.015044981 0.175463915 0.058577717 0.011716782 0.999731541 0.019988630 0.004567233 -0.175717533 -0.017620353 0.984282911 0.002265204
155655000 0.510318360 0.907232623 0.500000000 0.500000000 0.000000000 0.000000000 0.983566821 -0.015586696 0.179870531 0.059995947 0.012088088 0.999716163 0.020530483 0.004731402 -0.180139467 -0.018018810 0.983476043 0.001998532
155689000 0.510318360 0.907232623 0.500000000 0.500000000 0.000000000 0.000000000 0.982731879 -0.016095068 0.184333831 0.061248212 0.012422751 0.999701023 0.021059737 0.004878130 -0.184617668 -0.018406142 0.982638061 0.001659193
155722000 0.510318360 0.907232623 0.500000000 0.500000000 0.000000000 0.000000000 0.981900156 -0.016670302 0.188664243 0.062654696 0.012828043 0.999685049 0.021568444 0.005058166 -0.188964367 -0.018757865 0.981804788 0.001303290
155755000 0.510318360 0.907232623 0.500000000 0.500000000 0.000000000 0.000000000 0.981051385 -0.017158564 0.192986548 0.064224260 0.013152421 0.999670982 0.022020800 0.005280696 -0.193300903 -0.019065296 0.980954289 0.001027049
155789000 0.510318360 0.907232623 0.500000000 0.500000000 0.000000000 0.000000000 0.980179250 -0.017665908 0.197323456 0.065618342 0.013470463 0.999654174 0.022583889 0.005364197 -0.197654188 -0.019478220 0.980078280 0.000743230
155822000 0.510318360 0.907232623 0.500000000 0.500000000 0.000000000 0.000000000 0.979279339 -0.018173596 0.201697007 0.067042563 0.013814995 0.999640107 0.022996446 0.005717244 -0.202042341 -0.019733502 0.979177952 0.000560146
155855000 0.510318360 0.907232623 0.500000000 0.500000000 0.000000000 0.000000000 0.978340983 -0.018787397 0.206145361 0.068263194 0.014231187 0.999621093 0.023562610 0.005828787 -0.206509933 -0.020118574 0.978237629 0.000386577
155889000 0.510318360 0.907232623 0.500000000 0.500000000 0.000000000 0.000000000 0.977383316 -0.019244976 0.210598052 0.069439512 0.014506689 0.999606192 0.024021121 0.006055451 -0.210977405 -0.020422760 0.977277577 0.000086398
155922000 0.510318360 0.907232623 0.500000000 0.500000000 0.000000000 0.000000000 0.976420045 -0.019732742 0.214975566 0.070713836 0.014791803 0.999588728 0.024568435 0.006053456 -0.215371951 -0.020809237 0.976310372 -0.000130104
155955000 0.510318360 0.907232623 0.500000000 0.500000000 0.000000000 0.000000000 0.975435257 -0.020322278 0.219347000 0.071880878 0.015164418 0.999568105 0.025172871 0.006085897 -0.219763830 -0.021228235 0.975322127 -0.000383996
155989000 0.510318360 0.907232623 0.500000000 0.500000000 0.000000000 0.000000000 0.974446654 -0.020877853 0.223646581 0.073220915 0.015522854 0.999549806 0.025675600 0.006220548 -0.224081933 -0.021547869 0.974332094 -0.000880816
156022000 0.510318360 0.907232623 0.500000000 0.500000000 0.000000000 0.000000000 0.973439991 -0.021450596 0.227935269 0.074557158 0.015915282 0.999532759 0.026095141 0.006487693 -0.228388518 -0.021774400 0.973326564 -0.001280448
156056000 0.510318360 0.907232623 0.500000000 0.500000000 0.000000000 0.000000000 0.972409129 -0.022074362 0.232235283 0.075923431 0.016353497 0.999514222 0.026530631 0.006828720 -0.232708111 -0.022000767 0.972297728 -0.001553222
156089000 0.510318360 0.907232623 0.500000000 0.500000000 0.000000000 0.000000000 0.971348107 -0.022619314 0.236582354 0.077123711 0.016669599 0.999493241 0.027118955 0.006826362 -0.237075880 -0.022398213 0.971232891 -0.001696837
156122000 0.510318360 0.907232623 0.500000000 0.500000000 0.000000000 0.000000000 0.970243275 -0.023150217 0.241022944 0.078198498 0.016993802 0.999474823 0.027590472 0.006923494 -0.241535097 -0.022673575 0.970127165 -0.001985490
156156000 0.510318360 0.907232623 0.500000000 0.500000000 0.000000000 0.000000000 0.969103515 -0.023678435 0.245515093 0.079152365 0.017276786 0.999453127 0.028195780 0.006818267 -0.246048465 -0.023082918 0.968982637 -0.002429495
156189000 0.510318360 0.907232623 0.500000000 0.500000000 0.000000000 0.000000000 0.967939317 -0.024149306 0.250020504 0.079979084 0.017573658 0.999439299 0.028499786 0.007182527 -0.250568569 -0.023192288 0.967821002 -0.003017928
156222000 0.510318360 0.907232623 0.500000000 0.500000000 0.000000000 0.000000000 0.966803372 -0.024749571 0.254319966 0.081295827 0.017963473 0.999418795 0.028971532 0.007388178 -0.254889190 -0.023441305 0.966686070 -0.003401365
156256000 0.510318360 0.907232623 0.500000000 0.500000000 0.000000000 0.000000000 0.965604007 -0.025308467 0.258782476 0.082224331 0.018311208 0.999399543 0.029414259 0.007580965 -0.259371519 -0.023663906 0.965487659 -0.003774798
156289000 0.510318360 0.907232623 0.500000000 0.500000000 0.000000000 0.000000000 0.964380562 -0.025805444 0.263256878 0.083218590 0.018617064 0.999383569 0.029764092 0.007919128 -0.263862669 -0.023802841 0.964266539 -0.004193974
156323000 0.510318360 0.907232623 0.500000000 0.500000000 0.000000000 0.000000000 0.963184893 -0.026350232 0.267545462 0.084445169 0.018911369 0.999360621 0.030343395 0.007904355 -0.268173933 -0.024166649 0.963067353 -0.004361277
156356000 0.510318360 0.907232623 0.500000000 0.500000000 0.000000000 0.000000000 0.961969554 -0.026992181 0.271819770 0.085680307 0.019332260 0.999338031 0.030819196 0.008091979 -0.272471696 -0.024392238 0.961854577 -0.004534452
156389000 0.510318360 0.907232623 0.500000000 0.500000000 0.000000000 0.000000000 0.960709095 -0.027520400 0.276189506 0.086736124 0.019650038 0.999319255 0.031223830 0.008330528 -0.276860774 -0.024569884 0.960595846 -0.004895545
156423000 0.510318360 0.907232623 0.500000000 0.500000000 0.000000000 0.000000000 0.959436119 -0.028117362 0.280520529 0.087939785 0.020062240 0.999300957 0.031545889 0.008875194 -0.281211406 -0.024638394 0.959329486 -0.005058677
156456000 0.510318360 0.907232623 0.500000000 0.500000000 0.000000000 0.000000000 0.958116174 -0.028600639 0.284948021 0.088909691 0.020352572 0.999284923 0.031865671 0.009372444 -0.285655648 -0.024731589 0.958013177 -0.005116634
156489000 0.510318360 0.907232623 0.500000000 0.500000000 0.000000000 0.000000000 0.956822753 -0.029249951 0.289196491 0.090269613 0.020699576 0.999254704 0.032581054 0.009080740 -0.289933980 -0.025188051 0.956715167 -0.005353529
