https://www.youtube.com/watch?v=kUUNDHU0iNk
131172711 0.508175805 0.903423598 0.500000000 0.500000000 0.000000000 0.000000000 0.999988437 0.004811105 0.000040988 -0.020505834 -0.004811113 0.999988437 0.000183346 0.131471172 -0.000040106 -0.000183541 1.000000000 -0.075520224
131214422 0.508175805 0.903423598 0.500000000 0.500000000 0.000000000 0.000000000 0.999987662 0.004969159 -0.000029719 -0.021186704 -0.004969158 0.999987662 0.000048015 0.137740466 0.000029957 -0.000047867 1.000000000 -0.079154389
131256122 0.508175805 0.903423598 0.500000000 0.500000000 0.000000000 0.000000000 0.999987841 0.004935457 0.000042216 -0.022437761 -0.004935463 0.999987781 0.000146258 0.143868377 -0.000041494 -0.000146464 1.000000000 -0.082687283
131297833 0.508175805 0.903423598 0.500000000 0.500000000 0.000000000 0.000000000 0.999987721 0.004953946 -0.000038740 -0.023378838 -0.004953940 0.999987721 0.000163211 0.150079322 0.000039548 -0.000163017 1.000000000 -0.085956935
131339544 0.508175805 0.903423598 0.500000000 0.500000000 0.000000000 0.000000000 0.999987721 0.004951225 -0.000075729 -0.025664151 -0.004951206 0.999987721 0.000253391 0.162198341 0.000076983 -0.000253013 0.999999940 -0.092992621
131381256 0.508175805 0.903423598 0.500000000 0.500000000 0.000000000 0.000000000 0.999987006 0.005098159 -0.000219405 -0.026726105 -0.005098130 0.999987006 0.000133247 0.168379319 0.000220082 -0.000132127 0.999999940 -0.096775289
131422956 0.508175805 0.903423598 0.500000000 0.500000000 0.000000000 0.000000000 0.999987006 0.005095424 -0.000187025 -0.027849130 -0.005095412 0.999987006 0.000068116 0.174636082 0.000187370 -0.000067162 1.000000000 -0.100263493
131464667 0.508175805 0.903423598 0.500000000 0.500000000 0.000000000 0.000000000 0.999987006 0.005091387 -0.000137825 -0.029335181 -0.005091375 0.999987006 0.000088569 0.180516991 0.000138274 -0.000087866 1.000000000 -0.103901766
131506378 0.508175805 0.903423598 0.500000000 0.500000000 0.000000000 0.000000000 0.999986470 0.005186680 -0.000405671 -0.032161613 -0.005186639 0.999986529 0.000101935 0.192441585 0.000406194 -0.000099829 0.999999940 -0.111646218
131548089 0.508175805 0.903423598 0.500000000 0.500000000 0.000000000 0.000000000 0.999986768 0.005129504 -0.000323385 -0.033573164 -0.005129480 0.999986827 0.000073705 0.198139210 0.000323759 -0.000072045 0.999999940 -0.115519696
131589789 0.508175805 0.903423598 0.500000000 0.500000000 0.000000000 0.000000000 0.999987125 0.005071709 -0.000207983 -0.035320868 -0.005071691 0.999987125 0.000084618 0.203886766 0.000208410 -0.000083562 1.000000000 -0.119710530
131631500 0.508175805 0.903423598 0.500000000 0.500000000 0.000000000 0.000000000 0.999987006 0.005077233 -0.000474162 -0.037111727 -0.005077182 0.999987125 0.000109586 0.209595023 0.000474712 -0.000107177 0.999999881 -0.123841774
131673211 0.508175805 0.903423598 0.500000000 0.500000000 0.000000000 0.000000000 0.999986649 0.005139007 -0.000512293 -0.040826434 -0.005138927 0.999986768 0.000157103 0.220829067 0.000513093 -0.000154468 0.999999881 -0.132231269
131714922 0.508175805 0.903423598 0.500000000 0.500000000 0.000000000 0.000000000 0.999986589 0.005152854 -0.000465214 -0.042908238 -0.005152853 0.999986708 0.000003147 0.226682747 0.000465224 -0.000000750 0.999999881 -0.136559432
131756622 0.508175805 0.903423598 0.500000000 0.500000000 0.000000000 0.000000000 0.999986470 0.005161804 -0.000652979 -0.044860096 -0.005161764 0.999986649 0.000061900 0.232202480 0.000653290 -0.000058528 0.999999762 -0.141091916
131798333 0.508175805 0.903423598 0.500000000 0.500000000 0.000000000 0.000000000 0.999986231 0.005202001 -0.000712693 -0.046914171 -0.005201882 0.999986470 0.000168830 0.237483698 0.000713561 -0.000165121 0.999999762 -0.145531184
131840044 0.508175805 0.903423598 0.500000000 0.500000000 0.000000000 0.000000000 0.999985039 0.005418045 -0.000778402 -0.051644829 -0.005418055 0.999985337 -0.000012045 0.249056173 0.000778326 0.000016262 0.999999702 -0.155094813
131881756 0.508175805 0.903423598 0.500000000 0.500000000 0.000000000 0.000000000 0.999984622 0.005508899 -0.000675455 -0.054690666 -0.005508881 0.999984801 0.000028809 0.254569954 0.000675604 -0.000025087 0.999999762 -0.159945348
131923456 0.508175805 0.903423598 0.500000000 0.500000000 0.000000000 0.000000000 0.999984443 0.005505858 -0.000875240 -0.057314943 -0.005505748 0.999984860 0.000128923 0.259987114 0.000875937 -0.000124102 0.999999583 -0.164810045
131965167 0.508175805 0.903423598 0.500000000 0.500000000 0.000000000 0.000000000 0.999984980 0.005396626 -0.000962192 -0.060367553 -0.005396484 0.999985456 0.000149737 0.265102272 0.000962986 -0.000144542 0.999999523 -0.169918259
132006878 0.508175805 0.903423598 0.500000000 0.500000000 0.000000000 0.000000000 0.999983191 0.005700881 -0.001065328 -0.067083787 -0.005700943 0.999983728 -0.000055149 0.276533927 0.001064996 0.000061222 0.999999404 -0.180005492
132048589 0.508175805 0.903423598 0.500000000 0.500000000 0.000000000 0.000000000 0.999983370 0.005649537 -0.001159550 -0.069991868 -0.005649630 0.999984026 -0.000077300 0.281949586 0.001159095 0.000083850 0.999999344 -0.184873037
132090289 0.508175805 0.903423598 0.500000000 0.500000000 0.000000000 0.000000000 0.999983609 0.005595156 -0.001233628 -0.073631037 -0.005595064 0.999984324 0.000077768 0.286844512 0.001234044 -0.000070865 0.999999225 -0.190292036
132132000 0.508175805 0.903423598 0.500000000 0.500000000 0.000000000 0.000000000 0.999983907 0.005572883 -0.001046628 -0.077666947 -0.005572876 0.999984443 0.000009280 0.292050678 0.001046663 -0.000003447 0.999999464 -0.195461219
132173711 0.508175805 0.903423598 0.500000000 0.500000000 0.000000000 0.000000000 0.999984264 0.005472701 -0.001216451 -0.085496246 -0.005472698 0.999985039 0.000005936 0.302506391 0.001216465 0.000000722 0.999999285 -0.206124522
132215422 0.508175805 0.903423598 0.500000000 0.500000000 0.000000000 0.000000000 0.999984205 0.005486329 -0.001226809 -0.089694719 -0.005486363 0.999984920 -0.000024733 0.307934156 0.001226655 0.000031464 0.999999225 -0.211720166
132257122 0.508175805 0.903423598 0.500000000 0.500000000 0.000000000 0.000000000 0.999984145 0.005472722 -0.001340032 -0.093737623 -0.005472688 0.999985039 0.000028913 0.312845503 0.001340171 -0.000021579 0.999999106 -0.217708690
132298833 0.508175805 0.903423598 0.500000000 0.500000000 0.000000000 0.000000000 0.999983430 0.005613691 -0.001274202 -0.098006977 -0.005613874 0.999984205 -0.000140149 0.318384484 0.001273395 0.000147300 0.999999166 -0.223841790
132340544 0.508175805 0.903423598 0.500000000 0.500000000 0.000000000 0.000000000 0.999983609 0.005614562 -0.001113550 -0.107134915 -0.005614764 0.999984205 -0.000178178 0.328674703 0.001112532 0.000184427 0.999999344 -0.236509991
132382256 0.508175805 0.903423598 0.500000000 0.500000000 0.000000000 0.000000000 0.999983668 0.005565465 -0.001291100 -0.111584542 -0.005565665 0.999984503 -0.000151225 0.333490479 0.001290239 0.000158408 0.999999166 -0.243291373
132423956 0.508175805 0.903423598 0.500000000 0.500000000 0.000000000 0.000000000 0.999983907 0.005517602 -0.001302139 -0.116354556 -0.005517774 0.999984741 -0.000129114 0.338400109 0.001301407 0.000136296 0.999999166 -0.250126336
132465667 0.508175805 0.903423598 0.500000000 0.500000000 0.000000000 0.000000000 0.999983251 0.005651624 -0.001235174 -0.120908305 -0.005651987 0.999983966 -0.000290123 0.343779220 0.001233514 0.000297099 0.999999166 -0.257221614
132507378 0.508175805 0.903423598 0.500000000 0.500000000 0.000000000 0.000000000 0.999983132 0.005660570 -0.001293227 -0.130425067 -0.005660776 0.999983966 -0.000155740 0.353686297 0.001292325 0.000163058 0.999999166 -0.271948075
132549089 0.508175805 0.903423598 0.500000000 0.500000000 0.000000000 0.000000000 0.999984503 0.005448554 -0.001143596 -0.135634289 -0.005448574 0.999985158 -0.000014739 0.358280700 0.001143498 0.000020970 0.999999344 -0.279721516
132590789 0.508175805 0.903423598 0.500000000 0.500000000 0.000000000 0.000000000 0.999983788 0.005527207 -0.001360719 -0.140155725 -0.005527379 0.999984741 -0.000122914 0.363442370 0.001360019 0.000130433 0.999999046 -0.287663881
132632500 0.508175805 0.903423598 0.500000000 0.500000000 0.000000000 0.000000000 0.999983728 0.005549592 -0.001326472 -0.145040614 -0.005549827 0.999984562 -0.000173844 0.368595017 0.001325487 0.000181203 0.999999106 -0.295802724
132674211 0.508175805 0.903423598 0.500000000 0.500000000 0.000000000 0.000000000 0.999982774 0.005719430 -0.001325743 -0.155052787 -0.005719910 0.999983549 -0.000359023 0.379071707 0.001323668 0.000366600 0.999999046 -0.312392730
132715922 0.508175805 0.903423598 0.500000000 0.500000000 0.000000000 0.000000000 0.999984384 0.005432760 -0.001321331 -0.160514352 -0.005432972 0.999985218 -0.000157062 0.383431241 0.001320458 0.000164238 0.999999106 -0.321532827
132757622 0.508175805 0.903423598 0.500000000 0.500000000 0.000000000 0.000000000 0.999983370 0.005603446 -0.001373536 -0.165630871 -0.005603937 0.999984264 -0.000354229 0.389037344 0.001371530 0.000361921 0.999998987 -0.330858071
132799333 0.508175805 0.903423598 0.500000000 0.500000000 0.000000000 0.000000000 0.999984264 0.005464266 -0.001278681 -0.171102102 -0.005464494 0.999985039 -0.000175526 0.393734261 0.001277703 0.000182510 0.999999166 -0.340398930
132841044 0.508175805 0.903423598 0.500000000 0.500000000 0.000000000 0.000000000 0.999983728 0.005584503 -0.001188300 -0.181516419 -0.005585059 0.999984324 -0.000465145 0.404825774 0.001185684 0.000471774 0.999999166 -0.359743320
132882756 0.508175805 0.903423598 0.500000000 0.500000000 0.000000000 0.000000000 0.999984384 0.005478732 -0.001087087 -0.186906603 -0.005479169 0.999984920 -0.000398882 0.410495427 0.001084885 0.000404832 0.999999344 -0.369686426
132924456 0.508175805 0.903423598 0.500000000 0.500000000 0.000000000 0.000000000 0.999984384 0.005500815 -0.000980336 -0.192634701 -0.005501157 0.999984801 -0.000346064 0.415816318 0.000978418 0.000351451 0.999999464 -0.380201582
132966167 0.508175805 0.903423598 0.500000000 0.500000000 0.000000000 0.000000000 0.999985158 0.005352812 -0.001041053 -0.198234383 -0.005353149 0.999985635 -0.000320973 0.421397837 0.001039320 0.000326541 0.999999404 -0.390671551
133007878 0.508175805 0.903423598 0.500000000 0.500000000 0.000000000 0.000000000 0.999984264 0.005515454 -0.001020282 -0.209835078 -0.005515789 0.999984741 -0.000325436 0.432925604 0.001018472 0.000331059 0.999999404 -0.412309970
133049589 0.508175805 0.903423598 0.500000000 0.500000000 0.000000000 0.000000000 0.999984086 0.005555215 -0.000966660 -0.215717576 -0.005555592 0.999984503 -0.000388210 0.438894057 0.000964488 0.000393574 0.999999464 -0.423289974
133091289 0.508175805 0.903423598 0.500000000 0.500000000 0.000000000 0.000000000 0.999984622 0.005452219 -0.001011073 -0.221735364 -0.005452662 0.999985039 -0.000435381 0.444677675 0.001008685 0.000440887 0.999999404 -0.434573451
133133000 0.508175805 0.903423598 0.500000000 0.500000000 0.000000000 0.000000000 0.999985039 0.005384617 -0.000984050 -0.228079136 -0.005384983 0.999985456 -0.000369036 0.450480128 0.000982049 0.000374330 0.999999464 -0.446199217
133174711 0.508175805 0.903423598 0.500000000 0.500000000 0.000000000 0.000000000 0.999984026 0.005558793 -0.001009556 -0.240309645 -0.005559359 0.999984384 -0.000558683 0.463335688 0.001006435 0.000564287 0.999999344 -0.469739030
133216422 0.508175805 0.903423598 0.500000000 0.500000000 0.000000000 0.000000000 0.999984086 0.005560210 -0.000971936 -0.246911793 -0.005560610 0.999984443 -0.000409666 0.469082144 0.000969643 0.000415064 0.999999464 -0.482017360
133258122 0.508175805 0.903423598 0.500000000 0.500000000 0.000000000 0.000000000 0.999983490 0.005630357 -0.001125891 -0.253404945 -0.005630902 0.999984026 -0.000481485 0.475364133 0.001123162 0.000487817 0.999999225 -0.494408707
133299833 0.508175805 0.903423598 0.500000000 0.500000000 0.000000000 0.000000000 0.999982536 0.005798256 -0.001135438 -0.260267767 -0.005798846 0.999983072 -0.000516104 0.481712483 0.001132426 0.000522679 0.999999225 -0.506925557
133341544 0.508175805 0.903423598 0.500000000 0.500000000 0.000000000 0.000000000 0.999982774 0.005773225 -0.001077538 -0.274597911 -0.005773608 0.999983251 -0.000352553 0.493900461 0.001075484 0.000358768 0.999999344 -0.532313614
133383256 0.508175805 0.903423598 0.500000000 0.500000000 0.000000000 0.000000000 0.999982297 0.005812280 -0.001265488 -0.281867180 -0.005812858 0.999983013 -0.000453822 0.500385264 0.001262828 0.000461170 0.999999106 -0.545538897
133424956 0.508175805 0.903423598 0.500000000 0.500000000 0.000000000 0.000000000 0.999982357 0.005800932 -0.001269265 -0.289356063 -0.005801450 0.999983072 -0.000404588 0.506690250 0.001266896 0.000411945 0.999999106 -0.558508674
133508378 0.508175805 0.903423598 0.500000000 0.500000000 0.000000000 0.000000000 0.999982595 0.005694133 -0.001536990 -0.311963631 -0.005694852 0.999983668 -0.000463615 0.526671857 0.001534325 0.000472360 0.999998689 -0.599243617
133550089 0.508175805 0.903423598 0.500000000 0.500000000 0.000000000 0.000000000 0.999982655 0.005653671 -0.001636187 -0.319960187 -0.005654516 0.999983907 -0.000511897 0.533820666 0.001633266 0.000521140 0.999998510 -0.612688807
133591789 0.508175805 0.903423598 0.500000000 0.500000000 0.000000000 0.000000000 0.999983132 0.005559969 -0.001683428 -0.328346349 -0.005560621 0.999984443 -0.000382650 0.540287378 0.001681274 0.000392005 0.999998510 -0.627520127
133633500 0.508175805 0.903423598 0.500000000 0.500000000 0.000000000 0.000000000 0.999982059 0.005696405 -0.001851886 -0.345096339 -0.005697505 0.999983609 -0.000589383 0.555003239 0.001848498 0.000599923 0.999998093 -0.655691537
133675211 0.508175805 0.903423598 0.500000000 0.500000000 0.000000000 0.000000000 0.999981761 0.005732885 -0.001886841 -0.354141747 -0.005733895 0.999983430 -0.000530722 0.561832549 0.001883767 0.000541532 0.999998093 -0.670377664
133716922 0.508175805 0.903423598 0.500000000 0.500000000 0.000000000 0.000000000 0.999980271 0.005952028 -0.002010955 -0.362666625 -0.005953239 0.999982119 -0.000597007 0.569186698 0.002007365 0.000608967 0.999997795 -0.685125108
133758622 0.508175805 0.903423598 0.500000000 0.500000000 0.000000000 0.000000000 0.999980390 0.005976654 -0.001863634 -0.371731630 -0.005977587 0.999981999 -0.000495222 0.575840469 0.001860640 0.000506352 0.999998152 -0.700411941
133800333 0.508175805 0.903423598 0.500000000 0.500000000 0.000000000 0.000000000 0.999980628 0.005916161 -0.001935339 -0.390166389 -0.005917212 0.999982357 -0.000537572 0.590692386 0.001932124 0.000549014 0.999997973 -0.730231864
133842044 0.508175805 0.903423598 0.500000000 0.500000000 0.000000000 0.000000000 0.999980688 0.005927964 -0.001874282 -0.400067392 -0.005928852 0.999982297 -0.000468269 0.597836540 0.001871473 0.000479373 0.999998152 -0.745528997
133883756 0.508175805 0.903423598 0.500000000 0.500000000 0.000000000 0.000000000 0.999979615 0.006061578 -0.001993271 -0.409440720 -0.006062771 0.999981463 -0.000593428 0.605538220 0.001989637 0.000605500 0.999997854 -0.761343383
133925456 0.508175805 0.903423598 0.500000000 0.500000000 0.000000000 0.000000000 0.999979496 0.006137146 -0.001817473 -0.419183967 -0.006138247 0.999980986 -0.000600335 0.613014176 0.001813755 0.000611479 0.999998152 -0.777433649
133967167 0.508175805 0.903423598 0.500000000 0.500000000 0.000000000 0.000000000 0.999977887 0.006410737 -0.001765757 -0.438618965 -0.006411865 0.999979258 -0.000634018 0.628375699 0.001761656 0.000645325 0.999998212 -0.808596390
134008878 0.508175805 0.903423598 0.500000000 0.500000000 0.000000000 0.000000000 0.999978423 0.006364583 -0.001613011 -0.449173575 -0.006365646 0.999979496 -0.000655068 0.636165547 0.001608809 0.000665321 0.999998510 -0.824638318
134050589 0.508175805 0.903423598 0.500000000 0.500000000 0.000000000 0.000000000 0.999976218 0.006679870 -0.001701352 -0.458790617 -0.006681387 0.999977291 -0.000887601 0.644352953 0.001695385 0.000898947 0.999998152 -0.840519858
134092289 0.508175805 0.903423598 0.500000000 0.500000000 0.000000000 0.000000000 0.999978304 0.006386940 -0.001596847 -0.469503461 -0.006387994 0.999979377 -0.000656085 0.651459242 0.001592624 0.000666271 0.999998510 -0.856887396
134134000 0.508175805 0.903423598 0.500000000 0.500000000 0.000000000 0.000000000 0.999978960 0.006302954 -0.001522183 -0.491173933 -0.006304034 0.999979854 -0.000706161 0.667318850 0.001517701 0.000715742 0.999998569 -0.889631645
134175711 0.508175805 0.903423598 0.500000000 0.500000000 0.000000000 0.000000000 0.999978840 0.006338722 -0.001461528 -0.502192833 -0.006339727 0.999979675 -0.000683801 0.675182130 0.001457164 0.000693052 0.999998689 -0.906372949
134217422 0.508175805 0.903423598 0.500000000 0.500000000 0.000000000 0.000000000 0.999978960 0.006317704 -0.001474859 -0.513391405 -0.006318809 0.999979734 -0.000746085 0.683683595 0.001470116 0.000755388 0.999998629 -0.922749735
134259122 0.508175805 0.903423598 0.500000000 0.500000000 0.000000000 0.000000000 0.999977410 0.006552341 -0.001479696 -0.524265736 -0.006553692 0.999978125 -0.000909715 0.692309869 0.001473703 0.000919392 0.999998510 -0.939603608
134300833 0.508175805 0.903423598 0.500000000 0.500000000 0.000000000 0.000000000 0.999978065 0.006475253 -0.001381237 -0.546541217 -0.006476676 0.999978483 -0.001027985 0.709378958 0.001374551 0.001036908 0.999998510 -0.973292934
134342544 0.508175805 0.903423598 0.500000000 0.500000000 0.000000000 0.000000000 0.999980271 0.006143169 -0.001303407 -0.558332612 -0.006144148 0.999980867 -0.000748427 0.717139954 0.001298784 0.000756421 0.999998868 -0.990766602
134384256 0.508175805 0.903423598 0.500000000 0.500000000 0.000000000 0.000000000 0.999976516 0.006732689 -0.001288404 -0.569307424 -0.006734154 0.999976695 -0.001136572 0.726653128 0.001280722 0.001145222 0.999998510 -1.007744823
134425956 0.508175805 0.903423598 0.500000000 0.500000000 0.000000000 0.000000000 0.999976635 0.006737148 -0.001174059 -0.580769516 -0.006738342 0.999976754 -0.001015909 0.735084642 0.001167187 0.001023796 0.999998808 -1.025303469
