https://www.youtube.com/watch?v=4R4gsxxEvvM
69936533 0.473255758 0.841343628 0.500000000 0.500000000 0.000000000 0.000000000 0.986424267 0.016597137 0.163376004 0.234302033 -0.025311086 0.998357296 0.051400427 0.013236125 -0.162254527 -0.054837853 0.985223949 -0.139229732
69969900 0.473255758 0.841343628 0.500000000 0.500000000 0.000000000 0.000000000 0.985778511 0.015880965 0.167297646 0.235964605 -0.024979156 0.998312652 0.052420028 0.013910665 -0.166182876 -0.055853494 0.984511852 -0.148277488
70003267 0.473255758 0.841343628 0.500000000 0.500000000 0.000000000 0.000000000 0.985079825 0.015201789 0.171425194 0.236911167 -0.024696274 0.998268306 0.053389680 0.014567300 -0.170316711 -0.056826662 0.983749449 -0.157576892
70036633 0.473255758 0.841343628 0.500000000 0.500000000 0.000000000 0.000000000 0.984323621 0.014491417 0.175775409 0.236757787 -0.024403658 0.998223066 0.054361593 0.015381602 -0.174675286 -0.057798963 0.982928216 -0.167226539
70070000 0.473255758 0.841343628 0.500000000 0.500000000 0.000000000 0.000000000 0.983553112 0.013716086 0.180097625 0.236250537 -0.024080884 0.998168707 0.055491347 0.016488768 -0.179006696 -0.058915596 0.982082248 -0.177438790
70103367 0.473255758 0.841343628 0.500000000 0.500000000 0.000000000 0.000000000 0.982761681 0.013078245 0.184413835 0.235436083 -0.023920624 0.998105109 0.056692105 0.017369447 -0.183322966 -0.060126122 0.981212258 -0.187413307
70136733 0.473255758 0.841343628 0.500000000 0.500000000 0.000000000 0.000000000 0.981924891 0.012497430 0.188858077 0.233752591 -0.023864517 0.998029292 0.058034912 0.018193881 -0.187760606 -0.061492931 0.980288029 -0.197967661
70170100 0.473255758 0.841343628 0.500000000 0.500000000 0.000000000 0.000000000 0.981060982 0.011725066 0.193343952 0.231528196 -0.023628868 0.997955918 0.059377402 0.019405215 -0.192252547 -0.062821351 0.979332626 -0.208879801
70203467 0.473255758 0.841343628 0.500000000 0.500000000 0.000000000 0.000000000 0.980126500 0.011134911 0.198060781 0.227881788 -0.023595696 0.997879207 0.060665578 0.020540098 -0.196965232 -0.064133324 0.978310585 -0.220488236
70236833 0.473255758 0.841343628 0.500000000 0.500000000 0.000000000 0.000000000 0.979215801 0.010359559 0.202556506 0.224325332 -0.023407267 0.997793794 0.062126182 0.021603905 -0.201466024 -0.065576233 0.977297902 -0.232062748
70270200 0.473255758 0.841343628 0.500000000 0.500000000 0.000000000 0.000000000 0.978344023 0.009374646 0.206772953 0.219892428 -0.022976303 0.997718751 0.063477688 0.022006678 -0.205706179 -0.066853896 0.976327598 -0.244408681
70303567 0.473255758 0.841343628 0.500000000 0.500000000 0.000000000 0.000000000 0.977556944 0.008134139 0.210514367 0.214916686 -0.022168079 0.997678459 0.064391352 0.023165445 -0.209501877 -0.067612909 0.975467801 -0.257017515
70336933 0.473255758 0.841343628 0.500000000 0.500000000 0.000000000 0.000000000 0.976783812 0.007109557 0.214109346 0.209412577 -0.021488760 0.997659981 0.064905860 0.024689909 -0.213146880 -0.067999944 0.974650919 -0.269963199
70370300 0.473255758 0.841343628 0.500000000 0.500000000 0.000000000 0.000000000 0.976041973 0.005946520 0.217500940 0.203701005 -0.020654259 0.997644663 0.065410800 0.026130239 -0.216599688 -0.068336010 0.973865867 -0.283162831
70403667 0.473255758 0.841343628 0.500000000 0.500000000 0.000000000 0.000000000 0.975276768 0.004858390 0.220933452 0.197461854 -0.019884741 0.997632027 0.065839924 0.028189664 -0.220090404 -0.068605356 0.973064005 -0.296880803
70437033 0.473255758 0.841343628 0.500000000 0.500000000 0.000000000 0.000000000 0.974498630 0.003691640 0.224362999 0.191208910 -0.019001352 0.997631013 0.066115610 0.031010901 -0.223587409 -0.068692774 0.972260237 -0.310560831
70470400 0.473255758 0.841343628 0.500000000 0.500000000 0.000000000 0.000000000 0.973685384 0.002636208 0.227881193 0.184522571 -0.018251766 0.997623146 0.066444866 0.034267575 -0.227164388 -0.068855628 0.971419215 -0.324483210
70503767 0.473255758 0.841343628 0.500000000 0.500000000 0.000000000 0.000000000 0.972804964 0.001723236 0.231619447 0.177035081 -0.017689925 0.997604489 0.066875808 0.037305423 -0.230949357 -0.069154441 0.970505059 -0.338540131
70537133 0.473255758 0.841343628 0.500000000 0.500000000 0.000000000 0.000000000 0.971927524 0.000847091 0.235278964 0.169510498 -0.017129058 0.997594655 0.067167714 0.040642762 -0.234656140 -0.069312252 0.969604194 -0.352436198
70570500 0.473255758 0.841343628 0.500000000 0.500000000 0.000000000 0.000000000 0.971018732 -0.000063741 0.239003345 0.161757514 -0.016558524 0.997579157 0.067539744 0.042934594 -0.238429055 -0.069539897 0.968667030 -0.366065897
70603867 0.473255758 0.841343628 0.500000000 0.500000000 0.000000000 0.000000000 0.970107496 -0.000951277 0.242673680 0.154585159 -0.015960105 0.997577250 0.067712292 0.045946857 -0.242150143 -0.069561303 0.967741966 -0.379489302
70637233 0.473255758 0.841343628 0.500000000 0.500000000 0.000000000 0.000000000 0.969133556 -0.001622505 0.246530965 0.146983741 -0.015573682 0.997578263 0.067786835 0.049256040 -0.246043921 -0.069533892 0.966761291 -0.393103739
70670600 0.473255758 0.841343628 0.500000000 0.500000000 0.000000000 0.000000000 0.968162179 -0.002339159 0.250312835 0.139942310 -0.015188997 0.997564912 0.068070322 0.052340601 -0.249862522 -0.069705114 0.965769053 -0.406258805
70703967 0.473255758 0.841343628 0.500000000 0.500000000 0.000000000 0.000000000 0.967112005 -0.003007184 0.254333049 0.132243282 -0.014877398 0.997549295 0.068366759 0.055131885 -0.253915340 -0.069902129 0.964697182 -0.419903245
70737333 0.473255758 0.841343628 0.500000000 0.500000000 0.000000000 0.000000000 0.966074944 -0.003614125 0.258236647 0.124977587 -0.014654728 0.997523904 0.068784736 0.057598251 -0.257845819 -0.070235603 0.963629842 -0.433458545
70770700 0.473255758 0.841343628 0.500000000 0.500000000 0.000000000 0.000000000 0.964969993 -0.004149493 0.262327492 0.116733263 -0.014514955 0.997499168 0.069171600 0.060430843 -0.261958480 -0.070556186 0.962496519 -0.446694266
70804067 0.473255758 0.841343628 0.500000000 0.500000000 0.000000000 0.000000000 0.963886738 -0.004778986 0.266269594 0.109596144 -0.014321790 0.997461915 0.069746755 0.062750279 -0.265927106 -0.071041428 0.961371899 -0.460394034
70837433 0.473255758 0.841343628 0.500000000 0.500000000 0.000000000 0.000000000 0.962713957 -0.005537922 0.270464808 0.101830315 -0.014045433 0.997418761 0.070417151 0.064885100 -0.270156622 -0.071590371 0.960151136 -0.475028023
70870800 0.473255758 0.841343628 0.500000000 0.500000000 0.000000000 0.000000000 0.961486816 -0.006367323 0.274777204 0.093622542 -0.013796105 0.997353375 0.071386002 0.066170473 -0.274504513 -0.072427556 0.958854258 -0.489751817
70904167 0.473255758 0.841343628 0.500000000 0.500000000 0.000000000 0.000000000 0.960292995 -0.007361687 0.278896272 0.085950028 -0.013404902 0.997279823 0.072479621 0.067476120 -0.278671175 -0.073340252 0.957582176 -0.504843857
70937533 0.473255758 0.841343628 0.500000000 0.500000000 0.000000000 0.000000000 0.959073365 -0.008293833 0.283036292 0.078458701 -0.013103009 0.997200251 0.073620804 0.068530861 -0.282854438 -0.074316375 0.956279457 -0.520280885
70970900 0.473255758 0.841343628 0.500000000 0.500000000 0.000000000 0.000000000 0.957737982 -0.009038258 0.287499934 0.069963321 -0.013005186 0.997123420 0.074670695 0.069750148 -0.287347823 -0.075253949 0.954865456 -0.536802118
71004267 0.473255758 0.841343628 0.500000000 0.500000000 0.000000000 0.000000000 0.956395626 -0.009782449 0.291910470 0.061817975 -0.012941873 0.997037947 0.075814426 0.070961172 -0.291787475 -0.076286450 0.953436136 -0.553594366
71037633 0.473255758 0.841343628 0.500000000 0.500000000 0.000000000 0.000000000 0.955036283 -0.010590438 0.296299696 0.053464419 -0.012882111 0.996935904 0.077154562 0.071296262 -0.296208888 -0.077502370 0.951973557 -0.570464640
71071000 0.473255758 0.841343628 0.500000000 0.500000000 0.000000000 0.000000000 0.953648329 -0.011203190 0.300714791 0.045273596 -0.012956649 0.996851385 0.078226954 0.072619377 -0.300644338 -0.078497261 0.950500488 -0.588359275
71104367 0.473255758 0.841343628 0.500000000 0.500000000 0.000000000 0.000000000 0.952271700 -0.011897777 0.305019736 0.037332692 -0.012884747 0.996782839 0.079107270 0.074479743 -0.304979652 -0.079261720 0.949054778 -0.606003688
71137733 0.473255758 0.841343628 0.500000000 0.500000000 0.000000000 0.000000000 0.950846732 -0.012335011 0.309416085 0.028998325 -0.013051480 0.996722043 0.079842441 0.075801373 -0.309386700 -0.079956256 0.947568953 -0.624022795
71171100 0.473255758 0.841343628 0.500000000 0.500000000 0.000000000 0.000000000 0.949486673 -0.012783921 0.313546807 0.021485170 -0.013057435 0.996695042 0.080177926 0.077901075 -0.313535541 -0.080221988 0.946181774 -0.642152550
71204467 0.473255758 0.841343628 0.500000000 0.500000000 0.000000000 0.000000000 0.948029876 -0.013266263 0.317904592 0.012425613 -0.012897465 0.996707022 0.080054715 0.080918698 -0.317919761 -0.079994425 0.944736958 -0.660546768
71237833 0.473255758 0.841343628 0.500000000 0.500000000 0.000000000 0.000000000 0.946668744 -0.013794462 0.321913064 0.004300708 -0.012705550 0.996707916 0.080074407 0.083109621 -0.321957886 -0.079894021 0.943376958 -0.678761095
71271200 0.473255758 0.841343628 0.500000000 0.500000000 0.000000000 0.000000000 0.945272803 -0.014332185 0.325966060 -0.004214727 -0.012428119 0.996728241 0.079864934 0.086254203 -0.326044202 -0.079545297 0.942001998 -0.697797435
71304567 0.473255758 0.841343628 0.500000000 0.500000000 0.000000000 0.000000000 0.943922698 -0.015055210 0.329823017 -0.011957495 -0.012023419 0.996729791 0.079906963 0.089233129 -0.329947442 -0.079391599 0.940654933 -0.716000331
71337933 0.473255758 0.841343628 0.500000000 0.500000000 0.000000000 0.000000000 0.942507684 -0.015645290 0.333818078 -0.020412650 -0.011788471 0.996725321 0.079998001 0.091802889 -0.333976537 -0.079333939 0.939236820 -0.734316608
71371300 0.473255758 0.841343628 0.500000000 0.500000000 0.000000000 0.000000000 0.941086113 -0.016159302 0.337780684 -0.028965243 -0.011533966 0.996742666 0.079818428 0.095336630 -0.337970227 -0.079011962 0.937834322 -0.751728758
71404667 0.473255758 0.841343628 0.500000000 0.500000000 0.000000000 0.000000000 0.939639807 -0.016597010 0.341762483 -0.037256069 -0.011357415 0.996759653 0.079631649 0.097998360 -0.341976702 -0.078706607 0.936406553 -0.769254886
71438033 0.473255758 0.841343628 0.500000000 0.500000000 0.000000000 0.000000000 0.938149214 -0.016861485 0.345820457 -0.045015148 -0.011164082 0.996820867 0.078889079 0.100587727 -0.346051216 -0.077870488 0.934978485 -0.785974471
71471400 0.473255758 0.841343628 0.500000000 0.500000000 0.000000000 0.000000000 0.936469674 -0.017161759 0.350328445 -0.053688996 -0.010817359 0.996914029 0.077752538 0.103688601 -0.350581706 -0.076602526 0.933394074 -0.803213988
71504767 0.473255758 0.841343628 0.500000000 0.500000000 0.000000000 0.000000000 0.934799314 -0.017720334 0.354734004 -0.062055688 -0.010195862 0.997004211 0.076672472 0.106186042 -0.355029941 -0.075290196 0.931818187 -0.820023994
71538133 0.473255758 0.841343628 0.500000000 0.500000000 0.000000000 0.000000000 0.933070183 -0.018485483 0.359218985 -0.071365715 -0.009317365 0.997101307 0.075512864 0.108892548 -0.359573632 -0.073805779 0.930193245 -0.837035186
71571500 0.473255758 0.841343628 0.500000000 0.500000000 0.000000000 0.000000000 0.931318402 -0.019103056 0.363704622 -0.080544024 -0.008614905 0.997188628 0.074435592 0.111466000 -0.364104062 -0.072456524 0.928535581 -0.853817849
71604867 0.473255758 0.841343628 0.500000000 0.500000000 0.000000000 0.000000000 0.929560125 -0.019948093 0.368130445 -0.089773745 -0.007709682 0.997264922 0.073506951 0.114328523 -0.368589908 -0.071167298 0.926863909 -0.870289149
71638233 0.473255758 0.841343628 0.500000000 0.500000000 0.000000000 0.000000000 0.927750468 -0.020659614 0.372628897 -0.099306998 -0.006927309 0.997341275 0.072542682 0.116805218 -0.373136878 -0.069882818 0.925140679 -0.887032643
71671600 0.473255758 0.841343628 0.500000000 0.500000000 0.000000000 0.000000000 0.925873280 -0.021393135 0.377228111 -0.109523203 -0.006170813 0.997406423 0.071710035 0.119008785 -0.377783835 -0.068722211 0.923339963 -0.903961482
71704967 0.473255758 0.841343628 0.500000000 0.500000000 0.000000000 0.000000000 0.923964918 -0.022034662 0.381842047 -0.120022052 -0.005507801 0.997469068 0.070887715 0.121270013 -0.382437617 -0.067600869 0.921505094 -0.920631061
71738333 0.473255758 0.841343628 0.500000000 0.500000000 0.000000000 0.000000000 0.922006249 -0.022718718 0.386507839 -0.130945777 -0.004749608 0.997538149 0.069964834 0.123606447 -0.387145847 -0.066343777 0.919628501 -0.937507637
71771700 0.473255758 0.841343628 0.500000000 0.500000000 0.000000000 0.000000000 0.919972956 -0.023389170 0.391283453 -0.142591138 -0.003967927 0.997611403 0.068962000 0.126298180 -0.391961783 -0.064995758 0.917682707 -0.954481187
71805067 0.473255758 0.841343628 0.500000000 0.500000000 0.000000000 0.000000000 0.917937815 -0.024121454 0.395990252 -0.154582174 -0.003019595 0.997696161 0.067773595 0.129658937 -0.396712750 -0.063407674 0.915750206 -0.971223370
71838433 0.473255758 0.841343628 0.500000000 0.500000000 0.000000000 0.000000000 0.915862560 -0.024744688 0.400728673 -0.166914268 -0.002286875 0.997761250 0.066837624 0.132612236 -0.401485413 -0.062130496 0.913755596 -0.988207637
71871800 0.473255758 0.841343628 0.500000000 0.500000000 0.000000000 0.000000000 0.913738132 -0.025414579 0.405508012 -0.180117398 -0.001568049 0.997813761 0.066069730 0.135325347 -0.406300604 -0.061006285 0.911700606 -1.004748806
71905167 0.473255758 0.841343628 0.500000000 0.500000000 0.000000000 0.000000000 0.911534011 -0.025909895 0.410407633 -0.193471775 -0.000942028 0.997878909 0.065090477 0.139029196 -0.411223590 -0.059718803 0.909576178 -1.021771786
71938533 0.473255758 0.841343628 0.500000000 0.500000000 0.000000000 0.000000000 0.909320652 -0.026546843 0.415248334 -0.206986654 -0.000176346 0.997938037 0.064184390 0.142455461 -0.416096002 -0.058437418 0.907441020 -1.038304025
71971900 0.473255758 0.841343628 0.500000000 0.500000000 0.000000000 0.000000000 0.906955719 -0.026998082 0.420359939 -0.221274577 0.000363660 0.997993648 0.063312627 0.146337278 -0.421225876 -0.057268884 0.905145884 -1.055038639
72005267 0.473255758 0.841343628 0.500000000 0.500000000 0.000000000 0.000000000 0.904576600 -0.027412970 0.425428867 -0.235402107 0.000826175 0.998041272 0.062553197 0.150363621 -0.426310360 -0.056232676 0.902827442 -1.071193419
72038633 0.473255758 0.841343628 0.500000000 0.500000000 0.000000000 0.000000000 0.902068079 -0.028057730 0.430680811 -0.250098987 0.001261523 0.998051763 0.062378187 0.153205563 -0.431591928 -0.055726059 0.900346041 -1.087327950
72072000 0.473255758 0.841343628 0.500000000 0.500000000 0.000000000 0.000000000 0.899616778 -0.028929561 0.435720891 -0.265015553 0.001855982 0.998047411 0.062433094 0.156220982 -0.436676264 -0.055357169 0.897913933 -1.103140803
72105367 0.473255758 0.841343628 0.500000000 0.500000000 0.000000000 0.000000000 0.897343218 -0.029964227 0.440315008 -0.279029370 0.002419347 0.998011470 0.062985949 0.157951474 -0.441326767 -0.055454738 0.895631313 -1.118640183
72138733 0.473255758 0.841343628 0.500000000 0.500000000 0.000000000 0.000000000 0.895193160 -0.030979592 0.444600403 -0.292591130 0.002968907 0.997973561 0.063560605 0.159573869 -0.445668519 -0.055579040 0.893471062 -1.133980817
72172100 0.473255758 0.841343628 0.500000000 0.500000000 0.000000000 0.000000000 0.893107653 -0.032033633 0.448700994 -0.305785692 0.003488118 0.997924447 0.064300910 0.160552149 -0.449829489 -0.055862512 0.891365707 -1.149196612
72205467 0.473255758 0.841343628 0.500000000 0.500000000 0.000000000 0.000000000 0.890992105 -0.032809142 0.452831745 -0.318903338 0.003785268 0.997887671 0.064852335 0.161893698 -0.454002976 -0.056068830 0.889234245 -1.164348783
72238833 0.473255758 0.841343628 0.500000000 0.500000000 0.000000000 0.000000000 0.888837218 -0.033917651 0.456966132 -0.331940646 0.004442347 0.997847736 0.065423071 0.163516636 -0.458201587 -0.056120455 0.887074828 -1.179523542
72272200 0.473255758 0.841343628 0.500000000 0.500000000 0.000000000 0.000000000 0.886622965 -0.034940977 0.461171180 -0.344910635 0.004898365 0.997795582 0.066181391 0.164535221 -0.462467015 -0.056418955 0.884839654 -1.195034611
72305567 0.473255758 0.841343628 0.500000000 0.500000000 0.000000000 0.000000000 0.884356260 -0.036016371 0.465421110 -0.357943578 0.005443631 0.997747064 0.066866584 0.165918059 -0.466780841 -0.056600302 0.882559955 -1.210741519
72338933 0.473255758 0.841343628 0.500000000 0.500000000 0.000000000 0.000000000 0.882042050 -0.037155181 0.469703436 -0.371044254 0.006015758 0.997692704 0.067624167 0.166817887 -0.471132278 -0.056821737 0.880230427 -1.226897689
72372300 0.473255758 0.841343628 0.500000000 0.500000000 0.000000000 0.000000000 0.879689276 -0.038554452 0.473983467 -0.384490160 0.006915263 0.997639835 0.068314984 0.167967255 -0.475498646 -0.056818243 0.877879679 -1.243300338
72405667 0.473255758 0.841343628 0.500000000 0.500000000 0.000000000 0.000000000 0.877238274 -0.040028114 0.478383511 -0.398452951 0.007932074 0.997590184 0.068926565 0.169425566 -0.479989707 -0.056670446 0.875441790 -1.260159999
72439033 0.473255758 0.841343628 0.500000000 0.500000000 0.000000000 0.000000000 0.874838352 -0.041867327 0.482602358 -0.412090579 0.009279552 0.997523665 0.069716901 0.170885314 -0.484326124 -0.056512684 0.873060465 -1.276865668
72472400 0.473255758 0.841343628 0.500000000 0.500000000 0.000000000 0.000000000 0.872341931 -0.043666556 0.486942321 -0.426194070 0.010542694 0.997451842 0.070559591 0.172184156 -0.488782614 -0.056418408 0.870579422 -1.294589444
72505767 0.473255758 0.841343628 0.500000000 0.500000000 0.000000000 0.000000000 0.869830132 -0.045306593 0.491266608 -0.440245462 0.011704531 0.997389138 0.071259364 0.174264029 -0.493212521 -0.056233499 0.868089378 -1.312126128
72539133 0.473255758 0.841343628 0.500000000 0.500000000 0.000000000 0.000000000 0.867235184 -0.047029000 0.495672703 -0.454952885 0.012867507 0.997313619 0.072111107 0.176090141 -0.497732431 -0.056159217 0.865510583 -1.329437443
72572500 0.473255758 0.841343628 0.500000000 0.500000000 0.000000000 0.000000000 0.864658117 -0.048750024 0.499989748 -0.469116999 0.014112327 0.997244656 0.072828218 0.178541004 -0.502162457 -0.055915494 0.862963676 -1.346748786
72605867 0.473255758 0.841343628 0.500000000 0.500000000 0.000000000 0.000000000 0.862056851 -0.050409395 0.504298449 -0.483487029 0.015262605 0.997172058 0.073586598 0.180973789 -0.506581783 -0.055738922 0.860388339 -1.363572973
72639233 0.473255758 0.841343628 0.500000000 0.500000000 0.000000000 0.000000000 0.859379470 -0.051880840 0.508699656 -0.498340803 0.016400672 0.997124314 0.073987171 0.184089822 -0.511075258 -0.055240043 0.857759058 -1.380428149
72672600 0.473255758 0.841343628 0.500000000 0.500000000 0.000000000 0.000000000 0.856689394 -0.053465378 0.513054371 -0.513282479 0.017605703 0.997065127 0.074506417 0.186837987 -0.515532136 -0.054796174 0.855116367 -1.397095165
72705967 0.473255758 0.841343628 0.500000000 0.500000000 0.000000000 0.000000000 0.853940785 -0.055016421 0.517453730 -0.528834212 0.018663416 0.996993661 0.075202033 0.189462544 -0.520035446 -0.054560628 0.852400303 -1.413676092
72739333 0.473255758 0.841343628 0.500000000 0.500000000 0.000000000 0.000000000 0.851232946 -0.056562055 0.521730959 -0.544229326 0.019768354 0.996925116 0.075825788 0.192167280 -0.524415553 -0.054231647 0.849733651 -1.429743904
72772700 0.473255758 0.841343628 0.500000000 0.500000000 0.000000000 0.000000000 0.848484635 -0.058074448 0.526023865 -0.559904075 0.020832900 0.996855617 0.076451741 0.195159908 -0.528809786 -0.053909525 0.847026587 -1.445213131
72806067 0.473255758 0.841343628 0.500000000 0.500000000 0.000000000 0.000000000 0.845696688 -0.059618529 0.530323207 -0.575676017 0.021713158 0.996761382 0.077429570 0.197031897 -0.533221900 -0.053966939 0.844252288 -1.460337067
72839433 0.473255758 0.841343628 0.500000000 0.500000000 0.000000000 0.000000000 0.842877686 -0.060981512 0.534638643 -0.591610594 0.022420334 0.996674895 0.078335427 0.198990693 -0.537637889 -0.054040406 0.841442287 -1.474877489
72872800 0.473255758 0.841343628 0.500000000 0.500000000 0.000000000 0.000000000 0.840014815 -0.062408481 0.538962185 -0.607617360 0.023260038 0.996591568 0.079146534 0.200838357 -0.542064607 -0.053947981 0.838603377 -1.489688546
72906167 0.473255758 0.841343628 0.500000000 0.500000000 0.000000000 0.000000000 0.837178469 -0.064075597 0.543163419 -0.623600489 0.024194153 0.996480167 0.080261722 0.201846542 -0.546394408 -0.054052010 0.835781991 -1.503902658
72939533 0.473255758 0.841343628 0.500000000 0.500000000 0.000000000 0.000000000 0.834313631 -0.065618776 0.547370970 -0.640126345 0.025136517 0.996386230 0.081133105 0.203075015 -0.550716758 -0.053931452 0.832948029 -1.518463114
72972900 0.473255758 0.841343628 0.500000000 0.500000000 0.000000000 0.000000000 0.831491053 -0.067442819 0.551429152 -0.656811969 0.026380310 0.996277213 0.082071736 0.204320363 -0.554911494 -0.053695042 0.830174744 -1.532823881
73006267 0.473255758 0.841343628 0.500000000 0.500000000 0.000000000 0.000000000 0.828603804 -0.069264546 0.555534124 -0.673999987 0.027572080 0.996161580 0.083077438 0.204761981 -0.559156060 -0.053521048 0.827333093 -1.547749316
73039633 0.473255758 0.841343628 0.500000000 0.500000000 0.000000000 0.000000000 0.825768054 -0.071207531 0.559496760 -0.691205831 0.028873261 0.996034563 0.084151603 0.205480414 -0.563270330 -0.053335208 0.824549496 -1.562316470
73073000 0.473255758 0.841343628 0.500000000 0.500000000 0.000000000 0.000000000 0.822921395 -0.073034391 0.563441515 -0.708229353 0.030114856 0.995916426 0.085109077 0.206399258 -0.567356527 -0.053070124 0.821760356 -1.576708817
73106367 0.473255758 0.841343628 0.500000000 0.500000000 0.000000000 0.000000000 0.819945097 -0.074895784 0.567521513 -0.725957599 0.031159803 0.995773733 0.086393066 0.205886706 -0.571593523 -0.053153709 0.818813503 -1.591865004
73139733 0.473255758 0.841343628 0.500000000 0.500000000 0.000000000 0.000000000 0.816923022 -0.076635815 0.571632504 -0.744236828 0.032290962 0.995655477 0.087335192 0.206817362 -0.575842083 -0.052887563 0.815848529 -1.606501132
73173100 0.473255758 0.841343628 0.500000000 0.500000000 0.000000000 0.000000000 0.813887537 -0.078420885 0.575705826 -0.762758385 0.033415344 0.995527267 0.088367701 0.207185375 -0.580060720 -0.052683964 0.812867761 -1.621547142
73206467 0.473255758 0.841343628 0.500000000 0.500000000 0.000000000 0.000000000 0.810741127 -0.080131106 0.579894662 -0.782263989 0.034520902 0.995407760 0.089284502 0.208280396 -0.584386110 -0.052368131 0.809784174 -1.636592011
73239833 0.473255758 0.841343628 0.500000000 0.500000000 0.000000000 0.000000000 0.807711542 -0.082066827 0.583838224 -0.801632694 0.035917018 0.995274842 0.090210699 0.209411072 -0.588482797 -0.051894493 0.806842566 -1.651456430
73273200 0.473255758 0.841343628 0.500000000 0.500000000 0.000000000 0.000000000 0.804973960 -0.084072590 0.587323368 -0.820513317 0.037445907 0.995135069 0.091126293 0.210678247 -0.592127323 -0.051361434 0.804205954 -1.666313793
73306567 0.473255758 0.841343628 0.500000000 0.500000000 0.000000000 0.000000000 0.802515507 -0.086232223 0.590366662 -0.838321175 0.039165229 0.994979858 0.092092969 0.211952634 -0.595344365 -0.050784189 0.801864088 -1.681236439
73339933 0.473255758 0.841343628 0.500000000 0.500000000 0.000000000 0.000000000 0.800092459 -0.088274188 0.593346238 -0.855982888 0.040904548 0.994839668 0.092848398 0.213842009 -0.598480523 -0.050016742 0.799574494 -1.696247930
73373300 0.473255758 0.841343628 0.500000000 0.500000000 0.000000000 0.000000000 0.797642648 -0.090323634 0.596328616 -0.873489066 0.042635407 0.994693398 0.093633778 0.215411537 -0.601621449 -0.049261581 0.797260880 -1.710782524
73406667 0.473255758 0.841343628 0.500000000 0.500000000 0.000000000 0.000000000 0.795078397 -0.092378616 0.599430203 -0.891058567 0.044248920 0.994533658 0.094576962 0.216649941 -0.604890406 -0.048671961 0.794819891 -1.725742151
73440033 0.473255758 0.841343628 0.500000000 0.500000000 0.000000000 0.000000000 0.792454422 -0.094343945 0.602590382 -0.908821423 0.045871902 0.994385362 0.095359720 0.218045147 -0.608203709 -0.047926266 0.792332828 -1.740148950
73473400 0.473255758 0.841343628 0.500000000 0.500000000 0.000000000 0.000000000 0.789718747 -0.096293360 0.605864584 -0.927003412 0.047417052 0.994230747 0.096212395 0.219339351 -0.611633837 -0.047252420 0.789728582 -1.754019451
73506767 0.473255758 0.841343628 0.500000000 0.500000000 0.000000000 0.000000000 0.786952913 -0.098249622 0.609140515 -0.944781454 0.048875917 0.994064808 0.097191788 0.219814444 -0.615074217 -0.046713062 0.787084222 -1.768258190
73540133 0.473255758 0.841343628 0.500000000 0.500000000 0.000000000 0.000000000 0.784228981 -0.100301184 0.612310827 -0.962311870 0.050454833 0.993888259 0.098185472 0.220416416 -0.618416727 -0.046105850 0.784496665 -1.782213674
73573500 0.473255758 0.841343628 0.500000000 0.500000000 0.000000000 0.000000000 0.781387985 -0.102195635 0.615620673 -0.980308509 0.051908534 0.993724942 0.099076673 0.221226305 -0.621882856 -0.045461360 0.781789601 -1.795854754
73606867 0.473255758 0.841343628 0.500000000 0.500000000 0.000000000 0.000000000 0.778494358 -0.104396574 0.618908584 -0.998010368 0.053565394 0.993523479 0.100208804 0.221827246 -0.625361681 -0.044859905 0.779044509 -1.809745926
73640233 0.473255758 0.841343628 0.500000000 0.500000000 0.000000000 0.000000000 0.775474846 -0.106733955 0.622291446 -1.015931567 0.055189680 0.993294060 0.101592258 0.221812093 -0.628961742 -0.044438176 0.776165187 -1.823752075
73673600 0.473255758 0.841343628 0.500000000 0.500000000 0.000000000 0.000000000 0.772400856 -0.109269679 0.625665307 -1.033715701 0.056996033 0.993040085 0.103066906 0.222022964 -0.632572830 -0.043948520 0.773252964 -1.837829116
73706967 0.473255758 0.841343628 0.500000000 0.500000000 0.000000000 0.000000000 0.769274056 -0.111663379 0.629085660 -1.051422058 0.058663189 0.992794693 0.104486160 0.222034142 -0.636220157 -0.043474320 0.770281672 -1.851921905
73740333 0.473255758 0.841343628 0.500000000 0.500000000 0.000000000 0.000000000 0.766090810 -0.114085339 0.632526219 -1.069103997 0.060329195 0.992539585 0.105950661 0.221904776 -0.639894724 -0.043008026 0.767258108 -1.866344870
73773700 0.473255758 0.841343628 0.500000000 0.500000000 0.000000000 0.000000000 0.762936890 -0.116335705 0.635919273 -1.086000952 0.061714850 0.992289007 0.107488647 0.220826417 -0.643520474 -0.042761393 0.764233530 -1.881367551
73807067 0.473255758 0.841343628 0.500000000 0.500000000 0.000000000 0.000000000 0.759571254 -0.118670382 0.639506698 -1.104049948 0.063237935 0.992030859 0.108976111 0.220113995 -0.647342563 -0.042334039 0.761022627 -1.896793280
73840433 0.473255758 0.841343628 0.500000000 0.500000000 0.000000000 0.000000000 0.756210387 -0.120894782 0.643063188 -1.122072537 0.064770840 0.991787016 0.110286981 0.219953765 -0.651114881 -0.041748423 0.757830143 -1.912076143
73873800 0.473255758 0.841343628 0.500000000 0.500000000 0.000000000 0.000000000 0.752763152 -0.123104841 0.646678329 -1.140214364 0.066445753 0.991550624 0.111410528 0.220399292 -0.654929459 -0.040896717 0.754582584 -1.927646561
73907167 0.473255758 0.841343628 0.500000000 0.500000000 0.000000000 0.000000000 0.749310076 -0.125073701 0.650300682 -1.157997408 0.067923374 0.991338670 0.112401426 0.220927175 -0.658726692 -0.040052902 0.751315475 -1.943183176
73940533 0.473255758 0.841343628 0.500000000 0.500000000 0.000000000 0.000000000 0.745701134 -0.126908019 0.654082656 -1.177149253 0.069349401 0.991144121 0.113242880 0.222211068 -0.662661672 -0.039085105 0.747898340 -1.958428316
73973900 0.473255758 0.841343628 0.500000000 0.500000000 0.000000000 0.000000000 0.742184639 -0.128616452 0.657738388 -1.195440710 0.070674919 0.990960598 0.114027098 0.223143698 -0.666458607 -0.038143553 0.744565666 -1.973788889
74007267 0.473255758 0.841343628 0.500000000 0.500000000 0.000000000 0.000000000 0.738652170 -0.130248010 0.661383688 -1.213403589 0.072091520 0.990791798 0.114605352 0.225024993 -0.670220673 -0.036973339 0.741240323 -1.989329753
74040633 0.473255758 0.841343628 0.500000000 0.500000000 0.000000000 0.000000000 0.734943092 -0.131813645 0.665194571 -1.232701857 0.073363788 0.990624368 0.115243860 0.225790490 -0.674148679 -0.035896480 0.737722874 -2.004292794
74074000 0.473255758 0.841343628 0.500000000 0.500000000 0.000000000 0.000000000 0.731266499 -0.133351356 0.668929517 -1.250705539 0.074718438 0.990462005 0.115767606 0.228602661 -0.677987099 -0.034675602 0.734255493 -2.019162266
74107367 0.473255758 0.841343628 0.500000000 0.500000000 0.000000000 0.000000000 0.727409720 -0.134755865 0.672841728 -1.270302976 0.075888589 0.990311265 0.116295040 0.231192710 -0.681994140 -0.033533134 0.730588436 -2.032760626
74140733 0.473255758 0.841343628 0.500000000 0.500000000 0.000000000 0.000000000 0.723545969 -0.136211038 0.676703632 -1.289468079 0.076970465 0.990144253 0.117003813 0.233287263 -0.685971439 -0.032571446 0.726899087 -2.045722277
74174100 0.473255758 0.841343628 0.500000000 0.500000000 0.000000000 0.000000000 0.719766319 -0.137552172 0.680452704 -1.307847825 0.078075513 0.989994347 0.117539026 0.236127320 -0.689812064 -0.031473935 0.723304033 -2.058005530
74207467 0.473255758 0.841343628 0.500000000 0.500000000 0.000000000 0.000000000 0.715609491 -0.138787866 0.684573591 -1.329013539 0.078764133 0.989844084 0.118342265 0.236634631 -0.694045603 -0.030766997 0.719273329 -2.070485549
74240833 0.473255758 0.841343628 0.500000000 0.500000000 0.000000000 0.000000000 0.711697161 -0.139860228 0.688423038 -1.348294699 0.079451501 0.989718258 0.118933864 0.237745733 -0.697978914 -0.029948654 0.715491772 -2.082595544
74274200 0.473255758 0.841343628 0.500000000 0.500000000 0.000000000 0.000000000 0.707672656 -0.140815839 0.692365766 -1.368253544 0.079968914 0.989604473 0.119532436 0.238342852 -0.702000260 -0.029222094 0.711576879 -2.093886885
74307567 0.473255758 0.841343628 0.500000000 0.500000000 0.000000000 0.000000000 0.703740895 -0.141646385 0.696193218 -1.387019349 0.080455557 0.989508867 0.119996123 0.239719210 -0.705886424 -0.028433567 0.707754135 -2.104979135
74340933 0.473255758 0.841343628 0.500000000 0.500000000 0.000000000 0.000000000 0.699426591 -0.142292053 0.700396597 -1.408279065 0.080268800 0.989419878 0.120852165 0.237516129 -0.710182607 -0.028307226 0.703448176 -2.115804897
74374300 0.473255758 0.841343628 0.500000000 0.500000000 0.000000000 0.000000000 0.695209205 -0.143014312 0.704436719 -1.428978026 0.080635644 0.989338219 0.121275455 0.238689089 -0.714270294 -0.027509103 0.699329078 -2.125834571
74407667 0.473255758 0.841343628 0.500000000 0.500000000 0.000000000 0.000000000 0.690881789 -0.143728465 0.708536863 -1.450122888 0.080455765 0.989236891 0.122218177 0.235954642 -0.718477011 -0.027432440 0.695009530 -2.136188315
74441033 0.473255758 0.841343628 0.500000000 0.500000000 0.000000000 0.000000000 0.686307669 -0.144507378 0.712810934 -1.472527681 0.080823056 0.989145994 0.122710533 0.237093677 -0.722806633 -0.026605627 0.690537989 -2.146319117
74474400 0.473255758 0.841343628 0.500000000 0.500000000 0.000000000 0.000000000 0.681587219 -0.145388931 0.717147768 -1.496012435 0.081002422 0.989030242 0.123522438 0.236347588 -0.727239609 -0.026100617 0.685887218 -2.155880488
74507767 0.473255758 0.841343628 0.500000000 0.500000000 0.000000000 0.000000000 0.676912129 -0.146622658 0.721312523 -1.519198829 0.081496835 0.988863528 0.124527983 0.235155348 -0.731538296 -0.025509816 0.681322992 -2.165369658
74541133 0.473255758 0.841343628 0.500000000 0.500000000 0.000000000 0.000000000 0.672158599 -0.147891954 0.725486577 -1.542983509 0.081937887 0.988687515 0.125631094 0.232702491 -0.735859334 -0.024999185 0.676672816 -2.175144365
74574500 0.473255758 0.841343628 0.500000000 0.500000000 0.000000000 0.000000000 0.667193115 -0.148968026 0.729836881 -1.568265749 0.082355373 0.988543749 0.126486436 0.231108239 -0.740318120 -0.024284892 0.671817899 -2.184265557
74607867 0.473255758 0.841343628 0.500000000 0.500000000 0.000000000 0.000000000 0.662532032 -0.150119185 0.733836174 -1.590706552 0.083052844 0.988392532 0.127210289 0.230814019 -0.744414866 -0.023333715 0.667309523 -2.193803357
74641233 0.473255758 0.841343628 0.500000000 0.500000000 0.000000000 0.000000000 0.657514632 -0.151056334 0.738143921 -1.615566805 0.083392441 0.988267243 0.127959162 0.230015648 -0.748812497 -0.022579405 0.662397146 -2.202460580
74674600 0.473255758 0.841343628 0.500000000 0.500000000 0.000000000 0.000000000 0.652118981 -0.152053311 0.742711663 -1.642454842 0.083767675 0.988133073 0.128747687 0.229684960 -0.753474534 -0.021743581 0.657117486 -2.210192469
74707967 0.473255758 0.841343628 0.500000000 0.500000000 0.000000000 0.000000000 0.646870852 -0.152953014 0.747103393 -1.667685894 0.083754122 0.988002539 0.129754290 0.227332889 -0.757986367 -0.021361286 0.651920497 -2.217777838
74741333 0.473255758 0.841343628 0.500000000 0.500000000 0.000000000 0.000000000 0.641291738 -0.153910905 0.751702309 -1.694521196 0.084046833 0.987870991 0.130564436 0.227388467 -0.762680173 -0.020551696 0.646449208 -2.224280248
74774700 0.473255758 0.841343628 0.500000000 0.500000000 0.000000000 0.000000000 0.635587752 -0.155030370 0.756302714 -1.721399619 0.084342636 0.987710357 0.131584823 0.227508476 -0.767407715 -0.019845132 0.640852273 -2.229836756
74808067 0.473255758 0.841343628 0.500000000 0.500000000 0.000000000 0.000000000 0.629873812 -0.156515732 0.760763943 -1.747828355 0.084886931 0.987490416 0.132879227 0.226690575 -0.772044778 -0.019118223 0.635280490 -2.234485716
74841433 0.473255758 0.841343628 0.500000000 0.500000000 0.000000000 0.000000000 0.624328911 -0.157988161 0.765018404 -1.772912409 0.085140817 0.987262487 0.134401873 0.223819818 -0.776507854 -0.018776678 0.629827738 -2.239187557
74874800 0.473255758 0.841343628 0.500000000 0.500000000 0.000000000 0.000000000 0.618503749 -0.159658417 0.769390821 -1.799271798 0.085794792 0.987007976 0.135847375 0.221696027 -0.781084061 -0.018012390 0.624166012 -2.243431062
74908167 0.473255758 0.841343628 0.500000000 0.500000000 0.000000000 0.000000000 0.612779140 -0.161242381 0.773629487 -1.824027472 0.086529873 0.986766934 0.137126297 0.220324953 -0.785502553 -0.017086070 0.618622482 -2.247269438
74941533 0.473255758 0.841343628 0.500000000 0.500000000 0.000000000 0.000000000 0.606643081 -0.162713587 0.778144240 -1.851195328 0.087065771 0.986540079 0.138413444 0.218614740 -0.790192187 -0.016217830 0.612644494 -2.250377281
74974900 0.473255758 0.841343628 0.500000000 0.500000000 0.000000000 0.000000000 0.600541472 -0.164425358 0.782505095 -1.876993460 0.088086851 0.986276507 0.139640063 0.218113819 -0.794726789 -0.014931241 0.606783688 -2.253142018
75008267 0.473255758 0.841343628 0.500000000 0.500000000 0.000000000 0.000000000 0.594275892 -0.165887266 0.786967337 -1.903206628 0.088325858 0.986039996 0.141151413 0.214743189 -0.799396455 -0.014373316 0.600631893 -2.255731098
75041633 0.473255758 0.841343628 0.500000000 0.500000000 0.000000000 0.000000000 0.588020802 -0.167421728 0.791328907 -1.928861456 0.088967420 0.985794783 0.142455012 0.213065096 -0.803938031 -0.013364021 0.594562948 -2.257770636
75075000 0.473255758 0.841343628 0.500000000 0.500000000 0.000000000 0.000000000 0.581443429 -0.169004098 0.795839906 -1.955893013 0.089263059 0.985533118 0.144071341 0.208581537 -0.808675230 -0.012730224 0.588117540 -2.259804468
75108367 0.473255758 0.841343628 0.500000000 0.500000000 0.000000000 0.000000000 0.574899554 -0.170746714 0.800209999 -1.982658445 0.090144470 0.985247910 0.145466596 0.206164098 -0.813243151 -0.011494178 0.581810474 -2.261370999
75141733 0.473255758 0.841343628 0.500000000 0.500000000 0.000000000 0.000000000 0.568331182 -0.172403693 0.804535031 -2.009141059 0.091023855 0.984973729 0.146769762 0.203916354 -0.817749560 -0.010181957 0.575484157 -2.263166309
75175100 0.473255758 0.841343628 0.500000000 0.500000000 0.000000000 0.000000000 0.561669588 -0.174039871 0.808849394 -2.035496691 0.091911376 0.984699130 0.148053616 0.201461978 -0.822240591 -0.008814757 0.569071829 -2.265067995
75208467 0.473255758 0.841343628 0.500000000 0.500000000 0.000000000 0.000000000 0.554855883 -0.175498277 0.813225210 -2.062027003 0.092576429 0.984450817 0.149285629 0.198845378 -0.826779604 -0.007546523 0.562475324 -2.266506777
75241833 0.473255758 0.841343628 0.500000000 0.500000000 0.000000000 0.000000000 0.548014402 -0.176860049 0.817557752 -2.088235332 0.093229972 0.984216392 0.150420189 0.196484240 -0.831257105 -0.006211544 0.555853426 -2.267790777
75275200 0.473255758 0.841343628 0.500000000 0.500000000 0.000000000 0.000000000 0.540829182 -0.178105295 0.822059751 -2.116330494 0.093602009 0.983998477 0.151610181 0.193838874 -0.835908175 -0.005048765 0.548846126 -2.268411924
75308567 0.473255758 0.841343628 0.500000000 0.500000000 0.000000000 0.000000000 0.533769906 -0.179386109 0.826383889 -2.143305339 0.094056919 0.983771265 0.152798414 0.191066058 -0.840382636 -0.003832076 0.541980028 -2.268960416
75341933 0.473255758 0.841343628 0.500000000 0.500000000 0.000000000 0.000000000 0.526459336 -0.180516303 0.830815554 -2.171483344 0.094172426 0.983567834 0.154031888 0.187329072 -0.844968736 -0.002851609 0.534808099 -2.269105268
75375300 0.473255758 0.841343628 0.500000000 0.500000000 0.000000000 0.000000000 0.519302964 -0.181655869 0.835060239 -2.198748503 0.094705440 0.983361125 0.155021772 0.185369037 -0.849326372 -0.001418516 0.527866125 -2.269545189
75408667 0.473255758 0.841343628 0.500000000 0.500000000 0.000000000 0.000000000 0.512145221 -0.182723045 0.839237452 -2.225659474 0.095564812 0.983164310 0.155741036 0.184090444 -0.853565812 0.000439538 0.520984828 -2.269519893
75442033 0.473255758 0.841343628 0.500000000 0.500000000 0.000000000 0.000000000 0.504840493 -0.183265120 0.843534231 -2.252753345 0.096387558 0.983060062 0.155892044 0.184610045 -0.857814372 0.002605584 0.513953030 -2.268779727
75475400 0.473255758 0.841343628 0.500000000 0.500000000 0.000000000 0.000000000 0.497215897 -0.183705866 0.847955465 -2.280272380 0.097415730 0.982967913 0.155834019 0.186504116 -0.862140656 0.005121051 0.506643116 -2.266814549
75508767 0.473255758 0.841343628 0.500000000 0.500000000 0.000000000 0.000000000 0.489270568 -0.183895499 0.852523744 -2.308863258 0.098130710 0.982917368 0.155704290 0.188581356 -0.866593719 0.007477241 0.498958319 -2.263068116
75542133 0.473255758 0.841343628 0.500000000 0.500000000 0.000000000 0.000000000 0.481448442 -0.184080631 0.856925726 -2.335789448 0.098681815 0.982864201 0.155691504 0.189985253 -0.870901406 0.009605553 0.491363853 -2.259265017
75575500 0.473255758 0.841343628 0.500000000 0.500000000 0.000000000 0.000000000 0.473543763 -0.184200898 0.861293375 -2.362682674 0.099353790 0.982816517 0.155565247 0.192196351 -0.875148654 0.011905816 0.483707696 -2.254547805
75608867 0.473255758 0.841343628 0.500000000 0.500000000 0.000000000 0.000000000 0.465460360 -0.184262112 0.865675509 -2.389999654 0.099773645 0.982777834 0.155541003 0.193611650 -0.879427016 0.013973429 0.475828618 -2.249519602
75642233 0.473255758 0.841343628 0.500000000 0.500000000 0.000000000 0.000000000 0.457260132 -0.184425011 0.870000362 -2.417510856 0.100548573 0.982709944 0.155470565 0.196123736 -0.883630693 0.016386807 0.467897743 -2.243895738
75675600 0.473255758 0.841343628 0.500000000 0.500000000 0.000000000 0.000000000 0.448989600 -0.184449434 0.874292135 -2.444714390 0.101006933 0.982667565 0.155441642 0.198122825 -0.887809634 0.018517885 0.459838182 -2.238187338
75708967 0.473255758 0.841343628 0.500000000 0.500000000 0.000000000 0.000000000 0.440903604 -0.184398323 0.878408372 -2.470557794 0.101511642 0.982633889 0.155325472 0.200481637 -0.891795576 0.020685110 0.451965421 -2.232044687
75742333 0.473255758 0.841343628 0.500000000 0.500000000 0.000000000 0.000000000 0.432730228 -0.184534639 0.882435024 -2.496514590 0.101972364 0.982563615 0.155468106 0.201006545 -0.895737767 0.022708232 0.444002420 -2.225706611
75775700 0.473255758 0.841343628 0.500000000 0.500000000 0.000000000 0.000000000 0.424407274 -0.184644878 0.886444986 -2.522867436 0.102655448 0.982487202 0.155501500 0.202215812 -0.899633408 0.025002442 0.435929537 -2.218761543
75809067 0.473255758 0.841343628 0.500000000 0.500000000 0.000000000 0.000000000 0.415907353 -0.184990644 0.890392900 -2.549772206 0.103921995 0.982345998 0.155552551 0.204696504 -0.903449655 0.027835956 0.427789509 -2.211442457
75842433 0.473255758 0.841343628 0.500000000 0.500000000 0.000000000 0.000000000 0.407354265 -0.185271710 0.894280076 -2.576651861 0.105233632 0.982206285 0.155552700 0.207486533 -0.907187104 0.030743290 0.419602722 -2.204115664
75875800 0.473255758 0.841343628 0.500000000 0.500000000 0.000000000 0.000000000 0.398811519 -0.185415655 0.898092628 -2.603109718 0.106366463 0.982088923 0.155523479 0.210028994 -0.910843313 0.033502385 0.411390364 -2.196900096
75909167 0.473255758 0.841343628 0.500000000 0.500000000 0.000000000 0.000000000 0.389774859 -0.185588554 0.902015746 -2.631912301 0.107814126 0.981943369 0.155445412 0.213542844 -0.914577305 0.036661327 0.402745932 -2.188362667
75942533 0.473255758 0.841343628 0.500000000 0.500000000 0.000000000 0.000000000 0.380887002 -0.185592324 0.905803859 -2.659351257 0.108722672 0.981841803 0.155454457 0.215873135 -0.918207228 0.039270829 0.394148856 -2.179726171
75975900 0.473255758 0.841343628 0.500000000 0.500000000 0.000000000 0.000000000 0.371681750 -0.185472056 0.909644306 -2.688056618 0.109761477 0.981746733 0.155324727 0.220009337 -0.921848714 0.042112540 0.385255039 -2.169793730
76009267 0.473255758 0.841343628 0.500000000 0.500000000 0.000000000 0.000000000 0.362452000 -0.185366541 0.913382590 -2.716163075 0.110221460 0.981669605 0.155486554 0.221925295 -0.925461948 0.044317957 0.376239449 -2.159122954
76042633 0.473255758 0.841343628 0.500000000 0.500000000 0.000000000 0.000000000 0.352787167 -0.185298845 0.917172611 -2.746064422 0.110974468 0.981563270 0.155621931 0.225541795 -0.929099500 0.046881318 0.366846383 -2.146892831
76076000 0.473255758 0.841343628 0.500000000 0.500000000 0.000000000 0.000000000 0.343101352 -0.185287878 0.920841932 -2.775410752 0.111749835 0.981440127 0.155843720 0.228623183 -0.932627201 0.049433745 0.357439309 -2.134023026
76109367 0.473255758 0.841343628 0.500000000 0.500000000 0.000000000 0.000000000 0.333414137 -0.185443476 0.924362361 -2.804241726 0.112413898 0.981289029 0.156316698 0.230114626 -0.936054528 0.051792972 0.348022074 -2.120640295
76142733 0.473255758 0.841343628 0.500000000 0.500000000 0.000000000 0.000000000 0.323626280 -0.185558558 0.927811444 -2.832983000 0.112776712 0.981155932 0.156890035 0.230245876 -0.939439952 0.053861782 0.338454515 -2.106625636
76176100 0.473255758 0.841343628 0.500000000 0.500000000 0.000000000 0.000000000 0.313616604 -0.185739279 0.931206524 -2.862028417 0.113099292 0.981007814 0.157582521 0.229360797 -0.942790091 0.055898301 0.328667313 -2.091915031
76209467 0.473255758 0.841343628 0.500000000 0.500000000 0.000000000 0.000000000 0.303452104 -0.185814083 0.934553325 -2.891030919 0.113268502 0.980881333 0.158246726 0.228492190 -0.946090400 0.057835158 0.318697393 -2.075952818
76242833 0.473255758 0.841343628 0.500000000 0.500000000 0.000000000 0.000000000 0.293299109 -0.185927749 0.937766790 -2.919518610 0.113892436 0.980716169 0.158821791 0.229075877 -0.949212372 0.060222249 0.308818936 -2.059741184
76276200 0.473255758 0.841343628 0.500000000 0.500000000 0.000000000 0.000000000 0.282916307 -0.185926288 0.940951526 -2.948203993 0.114464194 0.980565846 0.159337834 0.229782923 -0.952290058 0.062625989 0.298699975 -2.042681707
76309567 0.473255758 0.841343628 0.500000000 0.500000000 0.000000000 0.000000000 0.272664160 -0.185697734 0.944018304 -2.975645034 0.114755668 0.980469167 0.159722686 0.229932263 -0.955241024 0.064780809 0.288648665 -2.025374571
76342933 0.473255758 0.841343628 0.500000000 0.500000000 0.000000000 0.000000000 0.261886120 -0.185297981 0.947143257 -3.004209172 0.115437813 0.980363667 0.159878507 0.231849367 -0.958169997 0.067466184 0.278134048 -2.006378241
76376300 0.473255758 0.841343628 0.500000000 0.500000000 0.000000000 0.000000000 0.250815839 -0.184542403 0.950281799 -3.032813161 0.116057172 0.980312765 0.159742400 0.234036888 -0.961052656 0.070221096 0.267295420 -1.986129681
76409667 0.473255758 0.841343628 0.500000000 0.500000000 0.000000000 0.000000000 0.239685953 -0.183703557 0.953311920 -3.060818802 0.116868958 0.980253875 0.159511566 0.237117115 -0.963790596 0.073179886 0.256422341 -1.965927224
76443033 0.473255758 0.841343628 0.500000000 0.500000000 0.000000000 0.000000000 0.228562489 -0.182884842 0.956196785 -3.088577856 0.117746219 0.980179012 0.159326538 0.240119038 -0.966382444 0.076172486 0.245566159 -1.945656894
76476400 0.473255758 0.841343628 0.500000000 0.500000000 0.000000000 0.000000000 0.217054218 -0.181885436 0.959064722 -3.117473193 0.118557259 0.980126441 0.159048051 0.243841254 -0.968933225 0.079182036 0.234304428 -1.924556775
76509767 0.473255758 0.841343628 0.500000000 0.500000000 0.000000000 0.000000000 0.205916673 -0.180858016 0.961711347 -3.144133022 0.119805686 0.980038762 0.158652470 0.249295675 -0.971207976 0.082549296 0.223474145 -1.904189127
76543133 0.473255758 0.841343628 0.500000000 0.500000000 0.000000000 0.000000000 0.193942755 -0.180001885 0.964357555 -3.173878377 0.120554253 0.979944706 0.158666521 0.251911002 -0.973577380 0.085485183 0.211753160 -1.881855159
76576500 0.473255758 0.841343628 0.500000000 0.500000000 0.000000000 0.000000000 0.182668567 -0.179055914 0.966732204 -3.200279772 0.121332347 0.979865551 0.158562139 0.254958143 -0.975659072 0.088331573 0.200715914 -1.860749543
76609867 0.473255758 0.841343628 0.500000000 0.500000000 0.000000000 0.000000000 0.171048015 -0.178354949 0.968985081 -3.227730610 0.121958077 0.979748130 0.158807650 0.256152925 -0.977685452 0.091011822 0.189335793 -1.839247910
76643233 0.473255758 0.841343628 0.500000000 0.500000000 0.000000000 0.000000000 0.159085125 -0.177678809 0.971144795 -3.256745027 0.123594597 0.979517579 0.158964410 0.261104052 -0.979497969 0.094739377 0.177786812 -1.815784007
76676600 0.473255758 0.841343628 0.500000000 0.500000000 0.000000000 0.000000000 0.148196742 -0.177622259 0.972876191 -3.280912614 0.124366038 0.979276419 0.159846291 0.260238873 -0.981106937 0.097304054 0.167215750 -1.795922275
76709967 0.473255758 0.841343628 0.500000000 0.500000000 0.000000000 0.000000000 0.136919424 -0.177530453 0.974543989 -3.306770991 0.125421643 0.978998601 0.160720706 0.260372167 -0.982610047 0.100223131 0.156310096 -1.774405425
76743333 0.473255758 0.841343628 0.500000000 0.500000000 0.000000000 0.000000000 0.126170009 -0.177025944 0.976085544 -3.329809061 0.126870260 0.978748024 0.161109433 0.263906137 -0.983862340 0.103509046 0.145947978 -1.754068759
76776700 0.473255758 0.841343628 0.500000000 0.500000000 0.000000000 0.000000000 0.114837348 -0.176452443 0.977587283 -3.354361354 0.128301069 0.978489876 0.161543816 0.267839189 -0.985064089 0.106874242 0.135006219 -1.731605309
76810067 0.473255758 0.841343628 0.500000000 0.500000000 0.000000000 0.000000000 0.103235386 -0.175956294 0.978969812 -3.379178937 0.128967360 0.978288114 0.162233770 0.268902848 -0.986260533 0.109506883 0.123686567 -1.707249529
76843433 0.473255758 0.841343628 0.500000000 0.500000000 0.000000000 0.000000000 0.091868103 -0.175476551 0.980187833 -3.402311858 0.129612237 0.978083491 0.162951916 0.270111339 -0.987299800 0.112074256 0.112598583 -1.682945617
76876800 0.473255758 0.841343628 0.500000000 0.500000000 0.000000000 0.000000000 0.080099516 -0.175027892 0.981299818 -3.426511257 0.130115509 0.977875590 0.163796350 0.270926870 -0.988258064 0.114562318 0.101101212 -1.657067932
76910167 0.473255758 0.841343628 0.500000000 0.500000000 0.000000000 0.000000000 0.068627201 -0.174413756 0.982278049 -3.449061479 0.130295604 0.977732897 0.164503574 0.271200812 -0.989097238 0.116697088 0.089824416 -1.631591324
76943533 0.473255758 0.841343628 0.500000000 0.500000000 0.000000000 0.000000000 0.057214539 -0.173812389 0.983115315 -3.470928098 0.130687937 0.977558970 0.165224373 0.271849153 -0.989771247 0.119028084 0.078645773 -1.605658022
76976900 0.473255758 0.841343628 0.500000000 0.500000000 0.000000000 0.000000000 0.045312498 -0.173115715 0.983858585 -3.494164143 0.130926669 0.977404118 0.165950060 0.271742733 -0.990355968 0.121293709 0.066954084 -1.578256961
77010267 0.473255758 0.841343628 0.500000000 0.500000000 0.000000000 0.000000000 0.033939697 -0.172278717 0.984463394 -3.515205144 0.131773859 0.977202654 0.166465163 0.274002319 -0.990698636 0.124076769 0.055867795 -1.550979656
77043633 0.473255758 0.841343628 0.500000000 0.500000000 0.000000000 0.000000000 0.021710070 -0.171488374 0.984946907 -3.539051008 0.132318869 0.977005363 0.167189136 0.274278759 -0.990969419 0.126697376 0.043902002 -1.522018396
77077000 0.473255758 0.841343628 0.500000000 0.500000000 0.000000000 0.000000000 0.010036910 -0.171028957 0.985214889 -3.560649649 0.132922590 0.976749003 0.168205172 0.273309315 -0.991075575 0.129269063 0.032537155 -1.494448276
77110367 0.473255758 0.841343628 0.500000000 0.500000000 0.000000000 0.000000000 -0.002241742 -0.170830354 0.985297918 -3.584728422 0.133338049 0.976451159 0.169599891 0.270555014 -0.991068065 0.131757900 0.020589236 -1.464900251
77143733 0.473255758 0.841343628 0.500000000 0.500000000 0.000000000 0.000000000 -0.014122565 -0.170700237 0.985221803 -3.606984613 0.134101823 0.976095080 0.171041206 0.268867241 -0.990866899 0.134535581 0.009106247 -1.435933622
77177100 0.473255758 0.841343628 0.500000000 0.500000000 0.000000000 0.000000000 -0.025910858 -0.170565978 0.985005498 -3.628690061 0.134276018 0.975813270 0.172506392 0.264904902 -0.990605175 0.136732414 -0.002381238 -1.407312800
77210467 0.473255758 0.841343628 0.500000000 0.500000000 0.000000000 0.000000000 -0.037215337 -0.170380935 0.984675229 -3.648277473 0.135087833 0.975455344 0.173891172 0.263676250 -0.990134478 0.139489070 -0.013285507 -1.379261384
77243833 0.473255758 0.841343628 0.500000000 0.500000000 0.000000000 0.000000000 -0.049286254 -0.169966862 0.984216511 -3.670446939 0.135518372 0.975163221 0.175189734 0.261815254 -0.989548206 0.142013863 -0.025028512 -1.348380640
77277200 0.473255758 0.841343628 0.500000000 0.500000000 0.000000000 0.000000000 -0.060930140 -0.169659719 0.983617365 -3.690834176 0.135714427 0.974888623 0.176560953 0.258503887 -0.988872647 0.144248948 -0.036374830 -1.318305356
77310567 0.473255758 0.841343628 0.500000000 0.500000000 0.000000000 0.000000000 -0.073145024 -0.169147566 0.982872784 -3.712873422 0.135744333 0.974652827 0.177835003 0.255346654 -0.988040149 0.146427155 -0.048330184 -1.286170197
77343933 0.473255758 0.841343628 0.500000000 0.500000000 0.000000000 0.000000000 -0.085153081 -0.168965086 0.981936753 -3.733644229 0.135920525 0.974333405 0.179443717 0.252082147 -0.987053454 0.148745537 -0.060001668 -1.254586323
77377300 0.473255758 0.841343628 0.500000000 0.500000000 0.000000000 0.000000000 -0.097398892 -0.168751284 0.980834544 -3.754993830 0.136203468 0.973987639 0.181098565 0.248784480 -0.985881388 0.151231870 -0.071880803 -1.221132638
77410667 0.473255758 0.841343628 0.500000000 0.500000000 0.000000000 0.000000000 -0.109792553 -0.168866172 0.979504883 -3.776433673 0.136249065 0.973603070 0.183120832 0.243626009 -0.984571874 0.153561920 -0.083886504 -1.187062712
77444033 0.473255758 0.841343628 0.500000000 0.500000000 0.000000000 0.000000000 -0.121674649 -0.169770136 0.977943420 -3.796473751 0.135012433 0.973275721 0.185757920 0.231217069 -0.983344734 0.154636562 -0.095501907 -1.154942300
77477400 0.473255758 0.841343628 0.500000000 0.500000000 0.000000000 0.000000000 -0.133903533 -0.170810759 0.976162672 -3.818130308 0.135149404 0.972682655 0.188740715 0.222716144 -0.981735468 0.157200858 -0.107160680 -1.121483858
77510767 0.473255758 0.841343628 0.500000000 0.500000000 0.000000000 0.000000000 -0.145585567 -0.171837896 0.974308252 -3.838092092 0.135283753 0.972092628 0.191661835 0.213791300 -0.980052650 0.159711272 -0.118275777 -1.089241654
77544133 0.473255758 0.841343628 0.500000000 0.500000000 0.000000000 0.000000000 -0.157557398 -0.172809586 0.972271800 -3.858884579 0.135519981 0.971470118 0.194628209 0.205539762 -0.978166640 0.162427381 -0.129643157 -1.055661596
77577500 0.473255758 0.841343628 0.500000000 0.500000000 0.000000000 0.000000000 -0.169336408 -0.173918590 0.970091522 -3.878102851 0.135025352 0.970931053 0.197638750 0.194532182 -0.976265013 0.164454386 -0.140930563 -1.021335317
77610867 0.473255758 0.841343628 0.500000000 0.500000000 0.000000000 0.000000000 -0.181111410 -0.175066918 0.967755258 -3.896305463 0.134303436 0.970407009 0.200680956 0.182920879 -0.974249065 0.166318476 -0.152239695 -0.985866783
77644233 0.473255758 0.841343628 0.500000000 0.500000000 0.000000000 0.000000000 -0.193167254 -0.176213339 0.965212524 -3.914504388 0.133631542 0.969848871 0.203803346 0.171914786 -0.972023189 0.168350980 -0.163795382 -0.949393969
77677600 0.473255758 0.841343628 0.500000000 0.500000000 0.000000000 0.000000000 -0.205116898 -0.177182570 0.962566078 -3.931607977 0.133233041 0.969267607 0.206807286 0.162154420 -0.969626725 0.170665264 -0.175206587 -0.912977499
77710967 0.473255758 0.841343628 0.500000000 0.500000000 0.000000000 0.000000000 -0.216996789 -0.178258538 0.959758461 -3.947416496 0.132565841 0.968696058 0.209891051 0.151202041 -0.967129111 0.172776878 -0.186572939 -0.876898877
77744333 0.473255758 0.841343628 0.500000000 0.500000000 0.000000000 0.000000000 -0.229058653 -0.179596737 0.956701159 -3.963106991 0.131317943 0.968146324 0.213186130 0.137620646 -0.964514256 0.174464151 -0.198178023 -0.839782831
77777700 0.473255758 0.841343628 0.500000000 0.500000000 0.000000000 0.000000000 -0.241280928 -0.180774316 0.953469515 -3.978547544 0.130091652 0.967604339 0.216374665 0.124801286 -0.961696267 0.176245511 -0.209947243 -0.801916900
77811067 0.473255758 0.841343628 0.500000000 0.500000000 0.000000000 0.000000000 -0.253260970 -0.182326481 0.950061023 -3.992946455 0.129307136 0.966886044 0.220025212 0.111822652 -0.958717108 0.178573459 -0.221298367 -0.764192306
77844433 0.473255758 0.841343628 0.500000000 0.500000000 0.000000000 0.000000000 -0.265233040 -0.183878466 0.946488321 -4.006752928 0.128250554 0.966195643 0.223646551 0.097975043 -0.955616653 0.180706099 -0.232684493 -0.726748205
77877800 0.473255758 0.841343628 0.500000000 0.500000000 0.000000000 0.000000000 -0.277044922 -0.185684875 0.942744493 -4.020139897 0.126980066 0.965469062 0.227476463 0.082601737 -0.952429593 0.182730958 -0.243900031 -0.689917639
77911167 0.473255758 0.841343628 0.500000000 0.500000000 0.000000000 0.000000000 -0.288804978 -0.187664211 0.938815117 -4.033282667 0.125577345 0.964703023 0.231470078 0.066203082 -0.949116409 0.184743628 -0.255044669 -0.653542932
77944533 0.473255758 0.841343628 0.500000000 0.500000000 0.000000000 0.000000000 -0.300675005 -0.189361170 0.934738934 -4.046467840 0.124325804 0.963945746 0.235269487 0.051283773 -0.945588529 0.186951816 -0.266291887 -0.616183312
77977900 0.473255758 0.841343628 0.500000000 0.500000000 0.000000000 0.000000000 -0.312435478 -0.191302240 0.930477023 -4.058545086 0.122644588 0.963191092 0.239209697 0.034271341 -0.941988528 0.188855574 -0.277472883 -0.579393690
78011267 0.473255758 0.841343628 0.500000000 0.500000000 0.000000000 0.000000000 -0.324158728 -0.193143591 0.926075935 -4.069931598 0.121105962 0.962408304 0.243112400 0.018129167 -0.938218772 0.190960318 -0.288582206 -0.542424884
78044633 0.473255758 0.841343628 0.500000000 0.500000000 0.000000000 0.000000000 -0.335990548 -0.194917455 0.921475708 -4.081221677 0.119344659 0.961655498 0.246932298 0.001706260 -0.934273601 0.192940131 -0.299844801 -0.504668440
78078000 0.473255758 0.841343628 0.500000000 0.500000000 0.000000000 0.000000000 -0.347909421 -0.196659803 0.916670024 -4.091942385 0.117822528 0.960828543 0.250851333 -0.013787959 -0.930095077 0.195277929 -0.311110348 -0.466612611
78111367 0.473255758 0.841343628 0.500000000 0.500000000 0.000000000 0.000000000 -0.359356344 -0.198564202 0.911830723 -4.101027224 0.115684569 0.960085034 0.254664034 -0.031296684 -0.926002204 0.196999878 -0.322041839 -0.429291285
78144733 0.473255758 0.841343628 0.500000000 0.500000000 0.000000000 0.000000000 -0.371455133 -0.200062230 0.906640053 -4.112245408 0.113895431 0.959314167 0.258349001 -0.046646524 -0.921438515 0.199227229 -0.333555996 -0.389524392
78178100 0.473255758 0.841343628 0.500000000 0.500000000 0.000000000 0.000000000 -0.383156568 -0.201568022 0.901421845 -4.122472722 0.112088405 0.958540738 0.261984497 -0.061679866 -0.916857243 0.201420024 -0.344677746 -0.350699545
78211467 0.473255758 0.841343628 0.500000000 0.500000000 0.000000000 0.000000000 -0.394429713 -0.203019425 0.896218896 -4.131410268 0.110209845 0.957798481 0.265472800 -0.076725087 -0.912293255 0.203482509 -0.355409443 -0.312777239
78244833 0.473255758 0.841343628 0.500000000 0.500000000 0.000000000 0.000000000 -0.405373156 -0.204463944 0.890992224 -4.139093573 0.108208105 0.957081318 0.268861234 -0.091609755 -0.907724440 0.205401704 -0.365850389 -0.275868003
78278200 0.473255758 0.841343628 0.500000000 0.500000000 0.000000000 0.000000000 -0.416324735 -0.206072256 0.885555148 -4.146565854 0.106194213 0.956289589 0.272457391 -0.107728044 -0.902993083 0.207471579 -0.376243323 -0.238700541
78311567 0.473255758 0.841343628 0.500000000 0.500000000 0.000000000 0.000000000 -0.427609503 -0.207361475 0.879858673 -4.154635426 0.104395717 0.955493629 0.275922894 -0.122094518 -0.897915184 0.209840730 -0.386930496 -0.199668797
78344933 0.473255758 0.841343628 0.500000000 0.500000000 0.000000000 0.000000000 -0.438901722 -0.208808780 0.873935997 -4.162058307 0.102661960 0.954600453 0.279639989 -0.137055038 -0.892651021 0.212454453 -0.397539049 -0.161090645
78378300 0.473255758 0.841343628 0.500000000 0.500000000 0.000000000 0.000000000 -0.449929416 -0.210103065 0.867997825 -4.168280711 0.100808702 0.953771949 0.283119619 -0.151416335 -0.887356281 0.214885578 -0.407949835 -0.122503169
78411667 0.473255758 0.841343628 0.500000000 0.500000000 0.000000000 0.000000000 -0.460763872 -0.211443618 0.861967683 -4.173433926 0.098783955 0.952953696 0.286567658 -0.165732092 -0.882008135 0.217188597 -0.418199390 -0.084162916
78445033 0.473255758 0.841343628 0.500000000 0.500000000 0.000000000 0.000000000 -0.471768290 -0.212431177 0.855749786 -4.178808453 0.096839570 0.952188253 0.289757967 -0.178830094 -0.876388490 0.219569057 -0.428640455 -0.044260949
78478400 0.473255758 0.841343628 0.500000000 0.500000000 0.000000000 0.000000000 -0.482908517 -0.213073224 0.849352181 -4.183373968 0.094756342 0.951534033 0.292581916 -0.191557693 -0.870528936 0.221771806 -0.439313889 -0.003026510
78511767 0.473255758 0.841343628 0.500000000 0.500000000 0.000000000 0.000000000 -0.493885189 -0.213347882 0.842947245 -4.186799676 0.093463749 0.950789928 0.295403272 -0.202197850 -0.864489436 0.224680305 -0.449640751 0.037867831
78545133 0.473255758 0.841343628 0.500000000 0.500000000 0.000000000 0.000000000 -0.504948854 -0.213174045 0.836411059 -4.190445089 0.092092633 0.950185657 0.297768623 -0.211851355 -0.858222365 0.227385223 -0.460163385 0.079159030
78578500 0.473255758 0.841343628 0.500000000 0.500000000 0.000000000 0.000000000 -0.515664816 -0.213011473 0.829889119 -4.193069425 0.090551540 0.949628234 0.300011098 -0.222629562 -0.851991951 0.229852900 -0.470401317 0.119406432
78611867 0.473255758 0.841343628 0.500000000 0.500000000 0.000000000 0.000000000 -0.526774883 -0.212595060 0.822989404 -4.196351843 0.089479648 0.948968172 0.302411646 -0.231923477 -0.845281959 0.232943654 -0.480869651 0.161792801
78645233 0.473255758 0.841343628 0.500000000 0.500000000 0.000000000 0.000000000 -0.537547410 -0.212077603 0.816128552 -4.198673360 0.088229366 0.948397517 0.304561496 -0.241101731 -0.838604987 0.235722750 -0.491097182 0.203224545
78678600 0.473255758 0.841343628 0.500000000 0.500000000 0.000000000 0.000000000 -0.548296273 -0.211618483 0.809066653 -4.200172563 0.086651795 0.947870851 0.306646973 -0.251446512 -0.831782818 0.238240466 -0.501376927 0.244785758
78711967 0.473255758 0.841343628 0.500000000 0.500000000 0.000000000 0.000000000 -0.559114993 -0.210981175 0.801796317 -4.201684766 0.084793746 0.947457373 0.308438838 -0.262016204 -0.824742675 0.240440086 -0.511847734 0.287582978
78745333 0.473255758 0.841343628 0.500000000 0.500000000 0.000000000 0.000000000 -0.570063651 -0.210238472 0.794246316 -4.203163281 0.083534606 0.946865261 0.310593247 -0.271408148 -0.817342877 0.243404970 -0.522211254 0.331025429
78778700 0.473255758 0.841343628 0.500000000 0.500000000 0.000000000 0.000000000 -0.580418229 -0.209930822 0.786793351 -4.202981564 0.081897117 0.946251035 0.312892646 -0.283037648 -0.810189843 0.246044695 -0.532028615 0.372117782
78812067 0.473255758 0.841343628 0.500000000 0.500000000 0.000000000 0.000000000 -0.590906739 -0.210113093 0.778897762 -4.203068904 0.079846814 0.945515335 0.315634698 -0.298236747 -0.802778780 0.248703167 -0.541934490 0.414317282
78845433 0.473255758 0.841343628 0.500000000 0.500000000 0.000000000 0.000000000 -0.601170838 -0.210360155 0.770935953 -4.203322939 0.078069977 0.944655240 0.318640232 -0.313502504 -0.795297861 0.251744181 -0.551476359 0.455130778
78878800 0.473255758 0.841343628 0.500000000 0.500000000 0.000000000 0.000000000 -0.610912681 -0.210961431 0.763073325 -4.202437473 0.076245524 0.943686306 0.321935982 -0.329836716 -0.788017929 0.254855722 -0.560425103 0.494090603
78912167 0.473255758 0.841343628 0.500000000 0.500000000 0.000000000 0.000000000 -0.620639801 -0.211453319 0.755045533 -4.201228117 0.074869134 0.942569196 0.325511724 -0.345130450 -0.780513167 0.258555144 -0.569164634 0.532938564
78945533 0.473255758 0.841343628 0.500000000 0.500000000 0.000000000 0.000000000 -0.630535543 -0.211588174 0.746763289 -4.199927974 0.072975069 0.941701829 0.328439206 -0.360362123 -0.772722185 0.261587709 -0.578335822 0.573726402
78978900 0.473255758 0.841343628 0.500000000 0.500000000 0.000000000 0.000000000 -0.640490115 -0.211716995 0.738206148 -4.198162835 0.071388304 0.940671980 0.331722707 -0.374850929 -0.764641166 0.265164405 -0.587377012 0.615578743
79012267 0.473255758 0.841343628 0.500000000 0.500000000 0.000000000 0.000000000 -0.650040984 -0.211899608 0.729757011 -4.194819770 0.069340080 0.939787269 0.334651738 -0.389966716 -0.756728947 0.268138736 -0.596207082 0.656626057
79045633 0.473255758 0.841343628 0.500000000 0.500000000 0.000000000 0.000000000 -0.659892380 -0.211699128 0.720919907 -4.191659769 0.067467697 0.938915312 0.337470204 -0.403381951 -0.748324871 0.271332830 -0.605300248 0.699839122
79079000 0.473255758 0.841343628 0.500000000 0.500000000 0.000000000 0.000000000 -0.669846535 -0.211328447 0.711790621 -4.187800133 0.065481193 0.938092470 0.340139300 -0.416749058 -0.739606559 0.274450034 -0.614539921 0.744406237
79112367 0.473255758 0.841343628 0.500000000 0.500000000 0.000000000 0.000000000 -0.679626226 -0.210906565 0.702585697 -4.183009425 0.063587986 0.937233806 0.342854708 -0.429094584 -0.730797350 0.277689070 -0.623557508 0.789054706
79145733 0.473255758 0.841343628 0.500000000 0.500000000 0.000000000 0.000000000 -0.689050138 -0.210460037 0.693481445 -4.177243844 0.061136227 0.936612487 0.344991833 -0.441661613 -0.722130358 0.280113488 -0.632506251 0.833336483
79179100 0.473255758 0.841343628 0.500000000 0.500000000 0.000000000 0.000000000 -0.698200881 -0.209896982 0.684440494 -4.170975805 0.059343040 0.935794473 0.347515672 -0.452905339 -0.713438094 0.283252507 -0.640916586 0.876400661
79212467 0.473255758 0.841343628 0.500000000 0.500000000 0.000000000 0.000000000 -0.707239747 -0.209179968 0.675318956 -4.163830332 0.057135139 0.935188770 0.349510401 -0.464245917 -0.704661310 0.285772085 -0.649451137 0.919891360
