https://www.youtube.com/watch?v=A1bec3Ahe8A
200733867 0.441518898 0.784922475 0.500000000 0.500000000 0.000000000 0.000000000 0.999908209 -0.000773860 0.013527816 0.020963974 0.000756585 0.999998868 0.001282064 -0.046846041 -0.013528794 -0.001271712 0.999907672 0.399233763
200767233 0.441518898 0.784922475 0.500000000 0.500000000 0.000000000 0.000000000 0.999897361 -0.000698676 0.014309690 0.024551931 0.000678988 0.999998808 0.001380639 -0.049862635 -0.014310638 -0.001370782 0.999896646 0.420467409
200800600 0.441518898 0.784922475 0.500000000 0.500000000 0.000000000 0.000000000 0.999885857 -0.000784367 0.015089583 0.028180606 0.000760408 0.999998450 0.001593462 -0.053602380 -0.015090809 -0.001581806 0.999884903 0.442011547
200833967 0.441518898 0.784922475 0.500000000 0.500000000 0.000000000 0.000000000 0.999875486 -0.000969337 0.015750211 0.030967868 0.000943067 0.999998152 0.001675304 -0.056617413 -0.015751807 -0.001660242 0.999874532 0.462575503
200867333 0.441518898 0.784922475 0.500000000 0.500000000 0.000000000 0.000000000 0.999864101 -0.001029154 0.016452461 0.034208002 0.000999221 0.999997854 0.001827449 -0.060101806 -0.016454307 -0.001810761 0.999862969 0.482975815
200900700 0.441518898 0.784922475 0.500000000 0.500000000 0.000000000 0.000000000 0.999852419 -0.001030775 0.017148087 0.036540399 0.000995631 0.999997377 0.002057862 -0.062975446 -0.017150164 -0.002040485 0.999850869 0.501850470
200934067 0.441518898 0.784922475 0.500000000 0.500000000 0.000000000 0.000000000 0.999840856 -0.001342888 0.017790221 0.035764655 0.001302141 0.999996483 0.002301758 -0.066322688 -0.017793249 -0.002278226 0.999839067 0.521656367
200967433 0.441518898 0.784922475 0.500000000 0.500000000 0.000000000 0.000000000 0.999829233 -0.001353069 0.018431483 0.040320326 0.001308139 0.999996126 0.002449478 -0.069350764 -0.018434726 -0.002424949 0.999827147 0.542681810
201000800 0.441518898 0.784922475 0.500000000 0.500000000 0.000000000 0.000000000 0.999816239 -0.001316343 0.019126074 0.043643043 0.001266781 0.999995828 0.002603211 -0.072599837 -0.019129420 -0.002578504 0.999813676 0.563926163
201034167 0.441518898 0.784922475 0.500000000 0.500000000 0.000000000 0.000000000 0.999803543 -0.001678554 0.019749010 0.043636242 0.001621481 0.999994457 0.002905605 -0.076884310 -0.019753778 -0.002873012 0.999800742 0.583074207
201067533 0.441518898 0.784922475 0.500000000 0.500000000 0.000000000 0.000000000 0.999791741 -0.001715404 0.020336637 0.046711619 0.001651853 0.999993682 0.003141312 -0.080667772 -0.020341897 -0.003107065 0.999788225 0.603767713
201100900 0.441518898 0.784922475 0.500000000 0.500000000 0.000000000 0.000000000 0.999777019 -0.001846377 0.021034481 0.050237282 0.001776317 0.999992788 0.003348900 -0.084616819 -0.021040514 -0.003310789 0.999773145 0.624996380
201134267 0.441518898 0.784922475 0.500000000 0.500000000 0.000000000 0.000000000 0.999762058 -0.001836268 0.021736899 0.053580766 0.001759538 0.999992132 0.003548551 -0.088659494 -0.021743245 -0.003509459 0.999757409 0.647312665
201167633 0.441518898 0.784922475 0.500000000 0.500000000 0.000000000 0.000000000 0.999747872 -0.001973686 0.022368027 0.055671350 0.001888454 0.999990880 0.003830882 -0.092491248 -0.022375384 -0.003787675 0.999742448 0.669945959
201201000 0.441518898 0.784922475 0.500000000 0.500000000 0.000000000 0.000000000 0.999735117 -0.002250256 0.022904916 0.053906524 0.002157507 0.999989390 0.004073219 -0.096390272 -0.022913838 -0.004022723 0.999729335 0.690766706
201234367 0.441518898 0.784922475 0.500000000 0.500000000 0.000000000 0.000000000 0.999721229 -0.002242871 0.023504082 0.054816594 0.002139878 0.999988019 0.004406147 -0.099577223 -0.023513684 -0.004354623 0.999714017 0.710984290
201267733 0.441518898 0.784922475 0.500000000 0.500000000 0.000000000 0.000000000 0.999707103 -0.002474204 0.024075007 0.053769706 0.002356104 0.999985039 0.004932632 -0.103722676 -0.024086852 -0.004874464 0.999697983 0.730380727
201301100 0.441518898 0.784922475 0.500000000 0.500000000 0.000000000 0.000000000 0.999691904 -0.002358061 0.024709364 0.056218632 0.002232691 0.999984503 0.005100144 -0.106692816 -0.024721008 -0.005043404 0.999681652 0.753347567
201334467 0.441518898 0.784922475 0.500000000 0.500000000 0.000000000 0.000000000 0.999679267 -0.002590629 0.025191730 0.053931614 0.002456379 0.999982655 0.005358629 -0.109734423 -0.025205174 -0.005295030 0.999668300 0.773883682
201367833 0.441518898 0.784922475 0.500000000 0.500000000 0.000000000 0.000000000 0.999666095 -0.002741860 0.025693187 0.053597140 0.002598470 0.999980867 0.005612595 -0.112656457 -0.025708085 -0.005543958 0.999654114 0.793733862
201401200 0.441518898 0.784922475 0.500000000 0.500000000 0.000000000 0.000000000 0.999652684 -0.003139355 0.026166195 0.052034876 0.002985623 0.999978065 0.005912203 -0.115554423 -0.026184183 -0.005832028 0.999640107 0.814430527
201434567 0.441518898 0.784922475 0.500000000 0.500000000 0.000000000 0.000000000 0.999637544 -0.003128748 0.026738826 0.053996846 0.002965881 0.999976814 0.006128530 -0.118384547 -0.026757382 -0.006047005 0.999623656 0.835674420
201467933 0.441518898 0.784922475 0.500000000 0.500000000 0.000000000 0.000000000 0.999623537 -0.003289141 0.027239703 0.055755475 0.003117989 0.999975145 0.006323290 -0.121324172 -0.027259823 -0.006235976 0.999608934 0.858163049
201501300 0.441518898 0.784922475 0.500000000 0.500000000 0.000000000 0.000000000 0.999610603 -0.003543598 0.027679302 0.055461344 0.003362071 0.999972582 0.006602017 -0.124335890 -0.027701937 -0.006506386 0.999595046 0.879205213
201534667 0.441518898 0.784922475 0.500000000 0.500000000 0.000000000 0.000000000 0.999597192 -0.003728365 0.028134964 0.056096733 0.003535512 0.999969959 0.006901199 -0.127092259 -0.028159849 -0.006798948 0.999580324 0.898976509
201568033 0.441518898 0.784922475 0.500000000 0.500000000 0.000000000 0.000000000 0.999584198 -0.003706788 0.028595487 0.059661775 0.003504137 0.999968410 0.007133664 -0.129576129 -0.028621027 -0.007030495 0.999565601 0.920429408
201601400 0.441518898 0.784922475 0.500000000 0.500000000 0.000000000 0.000000000 0.999570489 -0.003753759 0.029064821 0.062948845 0.003539349 0.999966145 0.007424896 -0.132939138 -0.029091708 -0.007318836 0.999549925 0.940737678
201634767 0.441518898 0.784922475 0.500000000 0.500000000 0.000000000 0.000000000 0.999557018 -0.003857601 0.029511306 0.065746437 0.003632290 0.999963880 0.007684539 -0.135957843 -0.029539885 -0.007573941 0.999534905 0.961891457
201668133 0.441518898 0.784922475 0.500000000 0.500000000 0.000000000 0.000000000 0.999544561 -0.004081925 0.029899746 0.067942413 0.003845259 0.999960840 0.007968539 -0.139783063 -0.029931102 -0.007849938 0.999521136 0.982365880
201701500 0.441518898 0.784922475 0.500000000 0.500000000 0.000000000 0.000000000 0.999530137 -0.004041437 0.030382974 0.071934157 0.003790004 0.999958158 0.008328516 -0.143426170 -0.030415362 -0.008209451 0.999503613 1.004467341
201734867 0.441518898 0.784922475 0.500000000 0.500000000 0.000000000 0.000000000 0.999517500 -0.004119102 0.030785415 0.073411813 0.003852899 0.999954700 0.008701376 -0.146591932 -0.030819863 -0.008578565 0.999488115 1.025131966
201768233 0.441518898 0.784922475 0.500000000 0.500000000 0.000000000 0.000000000 0.999505341 -0.004135084 0.031177416 0.076466589 0.003853363 0.999951243 0.009090722 -0.149694517 -0.031213488 -0.008966086 0.999472499 1.047236126
201801600 0.441518898 0.784922475 0.500000000 0.500000000 0.000000000 0.000000000 0.999491990 -0.004248565 0.031586546 0.081699215 0.003956622 0.999948919 0.009299377 -0.152922097 -0.031624444 -0.009169677 0.999457777 1.070212346
201834967 0.441518898 0.784922475 0.500000000 0.500000000 0.000000000 0.000000000 0.999478459 -0.004403744 0.031991471 0.086623630 0.004100026 0.999945939 0.009553151 -0.156353243 -0.032031812 -0.009417002 0.999442458 1.093699794
201868333 0.441518898 0.784922475 0.500000000 0.500000000 0.000000000 0.000000000 0.999467134 -0.004578061 0.032319412 0.091702800 0.004267781 0.999944210 0.009662897 -0.159490127 -0.032361846 -0.009519815 0.999430895 1.117210011
201901700 0.441518898 0.784922475 0.500000000 0.500000000 0.000000000 0.000000000 0.999457300 -0.004694845 0.032605123 0.095004221 0.004372269 0.999940872 0.009957657 -0.162046789 -0.032649942 -0.009809695 0.999418736 1.138325833
201935067 0.441518898 0.784922475 0.500000000 0.500000000 0.000000000 0.000000000 0.999448478 -0.004845516 0.032851737 0.098031008 0.004511130 0.999937356 0.010245132 -0.164499646 -0.032899324 -0.010091283 0.999407709 1.158129325
201968433 0.441518898 0.784922475 0.500000000 0.500000000 0.000000000 0.000000000 0.999438643 -0.005167431 0.033101778 0.101739625 0.004823070 0.999933481 0.010474499 -0.167356036 -0.033153705 -0.010308967 0.999397099 1.180016532
202001800 0.441518898 0.784922475 0.500000000 0.500000000 0.000000000 0.000000000 0.999429703 -0.005375329 0.033337794 0.106666697 0.005018442 0.999929309 0.010779628 -0.170827001 -0.033393383 -0.010606176 0.999386013 1.202391634
202035167 0.441518898 0.784922475 0.500000000 0.500000000 0.000000000 0.000000000 0.999418557 -0.005597602 0.033632804 0.109935493 0.005228023 0.999925077 0.011066574 -0.173970689 -0.033692230 -0.010884306 0.999372959 1.224405611
202068533 0.441518898 0.784922475 0.500000000 0.500000000 0.000000000 0.000000000 0.999408603 -0.005710783 0.033908334 0.114396048 0.005330151 0.999921918 0.011305138 -0.177158254 -0.033970248 -0.011117715 0.999360979 1.246659471
202101900 0.441518898 0.784922475 0.500000000 0.500000000 0.000000000 0.000000000 0.999396861 -0.005905800 0.034220859 0.118537917 0.005513059 0.999917984 0.011559695 -0.180256881 -0.034286320 -0.011364061 0.999347448 1.269526827
202135267 0.441518898 0.784922475 0.500000000 0.500000000 0.000000000 0.000000000 0.999389708 -0.006160671 0.034383114 0.121132798 0.005756931 0.999913454 0.011829087 -0.183708474 -0.034453016 -0.011623926 0.999338746 1.290093321
202168633 0.441518898 0.784922475 0.500000000 0.500000000 0.000000000 0.000000000 0.999381721 -0.006337883 0.034582648 0.124169329 0.005921826 0.999909043 0.012120000 -0.187819418 -0.034656316 -0.011907714 0.999328375 1.312534625
202202000 0.441518898 0.784922475 0.500000000 0.500000000 0.000000000 0.000000000 0.999373972 -0.006716007 0.034735236 0.125290849 0.006287994 0.999903142 0.012416764 -0.191124618 -0.034815263 -0.012190576 0.999319434 1.333776016
202235367 0.441518898 0.784922475 0.500000000 0.500000000 0.000000000 0.000000000 0.999362767 -0.006807723 0.035039090 0.129943981 0.006364302 0.999898434 0.012751053 -0.195057692 -0.035122335 -0.012519929 0.999304593 1.356941750
202268733 0.441518898 0.784922475 0.500000000 0.500000000 0.000000000 0.000000000 0.999352992 -0.007075154 0.035264164 0.131685818 0.006619683 0.999893367 0.013016027 -0.199362303 -0.035352495 -0.012774169 0.999293268 1.380089727
202302100 0.441518898 0.784922475 0.500000000 0.500000000 0.000000000 0.000000000 0.999344468 -0.007216557 0.035476819 0.134306805 0.006748169 0.999888718 0.013304703 -0.203466249 -0.035568886 -0.013056577 0.999281943 1.402507048
202335467 0.441518898 0.784922475 0.500000000 0.500000000 0.000000000 0.000000000 0.999337971 -0.007377066 0.035625692 0.136959555 0.006896260 0.999883711 0.013600138 -0.207663785 -0.035721879 -0.013345450 0.999272645 1.425053578
202368833 0.441518898 0.784922475 0.500000000 0.500000000 0.000000000 0.000000000 0.999328852 -0.007759960 0.035799999 0.137626021 0.007269552 0.999878228 0.013808426 -0.211504982 -0.035902794 -0.013538908 0.999263585 1.449001442
202402200 0.441518898 0.784922475 0.500000000 0.500000000 0.000000000 0.000000000 0.999320447 -0.008152297 0.035947580 0.138513727 0.007649272 0.999871194 0.014108670 -0.215024281 -0.036057968 -0.013824109 0.999254107 1.470968635
202435567 0.441518898 0.784922475 0.500000000 0.500000000 0.000000000 0.000000000 0.999312878 -0.008266655 0.036130670 0.141715485 0.007754466 0.999867797 0.014293238 -0.218209094 -0.036244050 -0.014003242 0.999244869 1.494455620
202468933 0.441518898 0.784922475 0.500000000 0.500000000 0.000000000 0.000000000 0.999302387 -0.008403320 0.036388338 0.145739875 0.007882155 0.999864638 0.014442155 -0.220999255 -0.036504772 -0.014145262 0.999233365 1.519011147
202502300 0.441518898 0.784922475 0.500000000 0.500000000 0.000000000 0.000000000 0.999295354 -0.008643695 0.036525011 0.149070223 0.008109975 0.999858558 0.014735433 -0.224227466 -0.036647212 -0.014428833 0.999224067 1.542420195
202535667 0.441518898 0.784922475 0.500000000 0.500000000 0.000000000 0.000000000 0.999286890 -0.008952985 0.036681499 0.151864750 0.008412489 0.999854147 0.014862787 -0.227450615 -0.036809217 -0.014543606 0.999216497 1.564764414
202569033 0.441518898 0.784922475 0.500000000 0.500000000 0.000000000 0.000000000 0.999282181 -0.009151545 0.036760490 0.154141742 0.008604485 0.999850273 0.015012497 -0.230211509 -0.036892377 -0.014685416 0.999211311 1.585974221
202602400 0.441518898 0.784922475 0.500000000 0.500000000 0.000000000 0.000000000 0.999274194 -0.009311320 0.036938362 0.157885665 0.008756408 0.999846816 0.015156072 -0.233280089 -0.037073828 -0.014821623 0.999202609 1.608552553
202635767 0.441518898 0.784922475 0.500000000 0.500000000 0.000000000 0.000000000 0.999268651 -0.009757827 0.036971457 0.159725647 0.009197534 0.999840736 0.015294641 -0.236579740 -0.037114810 -0.014943410 0.999199271 1.631146381
202669133 0.441518898 0.784922475 0.500000000 0.500000000 0.000000000 0.000000000 0.999265194 -0.010103644 0.036972504 0.161805416 0.009535053 0.999834061 0.015522900 -0.240155830 -0.037123207 -0.015158959 0.999195695 1.652385539
202702500 0.441518898 0.784922475 0.500000000 0.500000000 0.000000000 0.000000000 0.999258518 -0.010420145 0.037065472 0.165872059 0.009846711 0.999829531 0.015619875 -0.244157526 -0.037221912 -0.015243320 0.999190748 1.675332930
202735867 0.441518898 0.784922475 0.500000000 0.500000000 0.000000000 0.000000000 0.999250889 -0.010625966 0.037211906 0.170060312 0.010040718 0.999823511 0.015879162 -0.248540981 -0.037374072 -0.015493631 0.999181211 1.698089498
202769233 0.441518898 0.784922475 0.500000000 0.500000000 0.000000000 0.000000000 0.999247551 -0.010887591 0.037226688 0.173521079 0.010297644 0.999818921 0.016002607 -0.252229461 -0.037394177 -0.015607217 0.999178708 1.720890291
202802600 0.441518898 0.784922475 0.500000000 0.500000000 0.000000000 0.000000000 0.999245286 -0.011260767 0.037175205 0.175877122 0.010663195 0.999811351 0.016233830 -0.256231020 -0.037350997 -0.015825171 0.999176919 1.742253123
202835967 0.441518898 0.784922475 0.500000000 0.500000000 0.000000000 0.000000000 0.999243975 -0.011490803 0.037141029 0.176813829 0.010884305 0.999804795 0.016490735 -0.259725787 -0.037323270 -0.016074013 0.999173939 1.762858839
202869333 0.441518898 0.784922475 0.500000000 0.500000000 0.000000000 0.000000000 0.999243498 -0.011713431 0.037083466 0.177539761 0.011099502 0.999798656 0.016718144 -0.264511283 -0.037271824 -0.016293887 0.999172330 1.785983825
202902700 0.441518898 0.784922475 0.500000000 0.500000000 0.000000000 0.000000000 0.999240220 -0.012117746 0.037042357 0.180094402 0.011498326 0.999791265 0.016889500 -0.269074624 -0.037239287 -0.016450742 0.999170959 1.807554662
202936067 0.441518898 0.784922475 0.500000000 0.500000000 0.000000000 0.000000000 0.999236405 -0.012545205 0.037002802 0.182077067 0.011921082 0.999783754 0.017039580 -0.272918133 -0.037208565 -0.016585456 0.999169886 1.830375964
202969433 0.441518898 0.784922475 0.500000000 0.500000000 0.000000000 0.000000000 0.999233007 -0.012856062 0.036987286 0.184225274 0.012226745 0.999777496 0.017190591 -0.276965555 -0.037200060 -0.016725171 0.999167860 1.853658223
203002800 0.441518898 0.784922475 0.500000000 0.500000000 0.000000000 0.000000000 0.999233663 -0.013078797 0.036891881 0.186196597 0.012443589 0.999771237 0.017395483 -0.279964078 -0.037110955 -0.016923085 0.999167860 1.875163779
203036167 0.441518898 0.784922475 0.500000000 0.500000000 0.000000000 0.000000000 0.999229789 -0.013418010 0.036875576 0.188890958 0.012778880 0.999764979 0.017513452 -0.282680823 -0.037101906 -0.017028734 0.999166369 1.896993180
203069533 0.441518898 0.784922475 0.500000000 0.500000000 0.000000000 0.000000000 0.999227583 -0.013715811 0.036825098 0.191024154 0.013074482 0.999759614 0.017600246 -0.285842501 -0.037057646 -0.017105183 0.999166727 1.919563597
203102900 0.441518898 0.784922475 0.500000000 0.500000000 0.000000000 0.000000000 0.999225736 -0.013929519 0.036795266 0.193651279 0.013287099 0.999755979 0.017646508 -0.288598284 -0.037032094 -0.017143944 0.999167025 1.942546559
203136267 0.441518898 0.784922475 0.500000000 0.500000000 0.000000000 0.000000000 0.999227703 -0.014203318 0.036637157 0.194512899 0.013560657 0.999750853 0.017730486 -0.291099942 -0.036879860 -0.017219968 0.999171317 1.964135662
203169633 0.441518898 0.784922475 0.500000000 0.500000000 0.000000000 0.000000000 0.999226213 -0.014523077 0.036552910 0.195851007 0.013876599 0.999743879 0.017878065 -0.293380644 -0.036803190 -0.017357001 0.999171793 1.985245850
203203000 0.441518898 0.784922475 0.500000000 0.500000000 0.000000000 0.000000000 0.999222815 -0.014729262 0.036561947 0.198582477 0.014080921 0.999740124 0.017927278 -0.295679779 -0.036816500 -0.017398519 0.999170601 2.007936584
203236367 0.441518898 0.784922475 0.500000000 0.500000000 0.000000000 0.000000000 0.999220788 -0.014971548 0.036520094 0.200669188 0.014317447 0.999733567 0.018106954 -0.297314717 -0.036781453 -0.017569970 0.999168873 2.030970860
203269733 0.441518898 0.784922475 0.500000000 0.500000000 0.000000000 0.000000000 0.999217868 -0.015220899 0.036495704 0.201983535 0.014561347 0.999727070 0.018270278 -0.300304338 -0.036763832 -0.017724562 0.999166787 2.052963224
203303100 0.441518898 0.784922475 0.500000000 0.500000000 0.000000000 0.000000000 0.999215961 -0.015500771 0.036430854 0.203458144 0.014839295 0.999721348 0.018357821 -0.303032982 -0.036705263 -0.017802820 0.999167562 2.074932839
203336467 0.441518898 0.784922475 0.500000000 0.500000000 0.000000000 0.000000000 0.999212503 -0.015837535 0.036380544 0.205686545 0.015172151 0.999713838 0.018493434 -0.306410082 -0.036663026 -0.017926900 0.999166906 2.098241255
203369833 0.441518898 0.784922475 0.500000000 0.500000000 0.000000000 0.000000000 0.999209583 -0.016127555 0.036333852 0.206599043 0.015457852 0.999706805 0.018638054 -0.309773679 -0.036623783 -0.018061679 0.999165893 2.121669808
203403200 0.441518898 0.784922475 0.500000000 0.500000000 0.000000000 0.000000000 0.999207199 -0.016323786 0.036310725 0.207020267 0.015650723 0.999701798 0.018743908 -0.312431263 -0.036605868 -0.018160759 0.999164760 2.144679625
203436567 0.441518898 0.784922475 0.500000000 0.500000000 0.000000000 0.000000000 0.999205709 -0.016555846 0.036247309 0.207856810 0.015879964 0.999696076 0.018855590 -0.316180750 -0.036548465 -0.018265007 0.999164939 2.168541588
203469933 0.441518898 0.784922475 0.500000000 0.500000000 0.000000000 0.000000000 0.999205649 -0.016768074 0.036150947 0.208355411 0.016092250 0.999691784 0.018905163 -0.318868846 -0.036456808 -0.018308396 0.999167502 2.193020170
203503300 0.441518898 0.784922475 0.500000000 0.500000000 0.000000000 0.000000000 0.999203146 -0.017036064 0.036094710 0.207985692 0.016352510 0.999682903 0.019149126 -0.321753748 -0.036409490 -0.018543629 0.999164879 2.215880489
203536667 0.441518898 0.784922475 0.500000000 0.500000000 0.000000000 0.000000000 0.999201953 -0.017246697 0.036028657 0.207074456 0.016560927 0.999677598 0.019246507 -0.323837264 -0.036348980 -0.018634479 0.999165416 2.239236723
203570033 0.441518898 0.784922475 0.500000000 0.500000000 0.000000000 0.000000000 0.999200702 -0.017548831 0.035916869 0.206011100 0.016862797 0.999671221 0.019315217 -0.326234357 -0.036244020 -0.018694120 0.999168098 2.263308010
203603400 0.441518898 0.784922475 0.500000000 0.500000000 0.000000000 0.000000000 0.999199986 -0.017810185 0.035806932 0.205665356 0.017125260 0.999666214 0.019344836 -0.327864301 -0.036139514 -0.018716158 0.999171495 2.286594552
203636767 0.441518898 0.784922475 0.500000000 0.500000000 0.000000000 0.000000000 0.999200881 -0.017973440 0.035700757 0.204874414 0.017289665 0.999662876 0.019370230 -0.330104759 -0.036036871 -0.018737497 0.999174774 2.309128198
203670133 0.441518898 0.784922475 0.500000000 0.500000000 0.000000000 0.000000000 0.999202609 -0.018190546 0.035541862 0.203699845 0.017508019 0.999658108 0.019421285 -0.331746987 -0.035882995 -0.018783532 0.999179482 2.330688481
203703500 0.441518898 0.784922475 0.500000000 0.500000000 0.000000000 0.000000000 0.999203920 -0.018338878 0.035428666 0.203534252 0.017656222 0.999654233 0.019486200 -0.333727544 -0.035773769 -0.018845150 0.999182224 2.352785168
203736867 0.441518898 0.784922475 0.500000000 0.500000000 0.000000000 0.000000000 0.999206543 -0.018522939 0.035258997 0.202374940 0.017841656 0.999649882 0.019539807 -0.335639364 -0.035608586 -0.018895224 0.999187171 2.374756621
203770233 0.441518898 0.784922475 0.500000000 0.500000000 0.000000000 0.000000000 0.999208033 -0.018643010 0.035153177 0.202010470 0.017961130 0.999646246 0.019614507 -0.338028046 -0.035506416 -0.018967582 0.999189436 2.397150518
203803600 0.441518898 0.784922475 0.500000000 0.500000000 0.000000000 0.000000000 0.999211669 -0.018756498 0.034989782 0.201601076 0.018077403 0.999643981 0.019624772 -0.339640379 -0.035345417 -0.018976776 0.999194980 2.419939090
203836967 0.441518898 0.784922475 0.500000000 0.500000000 0.000000000 0.000000000 0.999213874 -0.018835373 0.034884013 0.202983298 0.018157424 0.999642015 0.019650230 -0.341037926 -0.035241645 -0.019001380 0.999198139 2.442770669
203870333 0.441518898 0.784922475 0.500000000 0.500000000 0.000000000 0.000000000 0.999214947 -0.019089680 0.034713980 0.201879688 0.018411648 0.999635458 0.019747892 -0.343077200 -0.035078306 -0.019093247 0.999202132 2.465324483
203903700 0.441518898 0.784922475 0.500000000 0.500000000 0.000000000 0.000000000 0.999215841 -0.019211126 0.034620780 0.203310296 0.018533478 0.999632359 0.019789251 -0.345044049 -0.034988228 -0.019132089 0.999204576 2.488473375
203937067 0.441518898 0.784922475 0.500000000 0.500000000 0.000000000 0.000000000 0.999219537 -0.019315114 0.034456957 0.204490832 0.018634669 0.999627113 0.019960715 -0.347294363 -0.034829650 -0.019303042 0.999206841 2.511578311
203970433 0.441518898 0.784922475 0.500000000 0.500000000 0.000000000 0.000000000 0.999227047 -0.019273588 0.034261286 0.203445550 0.018593300 0.999625802 0.020064870 -0.349439058 -0.034635186 -0.019412329 0.999211490 2.533071388
204003800 0.441518898 0.784922475 0.500000000 0.500000000 0.000000000 0.000000000 0.999233067 -0.019268567 0.034088578 0.205774615 0.018593717 0.999626994 0.020004382 -0.352273002 -0.034461319 -0.019355206 0.999218583 2.558193292
204037167 0.441518898 0.784922475 0.500000000 0.500000000 0.000000000 0.000000000 0.999238491 -0.019381721 0.033864699 0.205118739 0.018704861 0.999621153 0.020190977 -0.355279044 -0.034243204 -0.019542165 0.999222457 2.581214629
204070533 0.441518898 0.784922475 0.500000000 0.500000000 0.000000000 0.000000000 0.999243140 -0.019479340 0.033670224 0.203502834 0.018804399 0.999618173 0.020247377 -0.357640896 -0.034051772 -0.019598903 0.999227881 2.604131777
204103900 0.441518898 0.784922475 0.500000000 0.500000000 0.000000000 0.000000000 0.999248624 -0.019393723 0.033557117 0.204992493 0.018719045 0.999618590 0.020304080 -0.358929989 -0.033938088 -0.019660667 0.999230564 2.628764597
204137267 0.441518898 0.784922475 0.500000000 0.500000000 0.000000000 0.000000000 0.999254167 -0.019302541 0.033445071 0.206293552 0.018630121 0.999620318 0.020301573 -0.359846908 -0.033824243 -0.019663345 0.999234319 2.653882765
204170633 0.441518898 0.784922475 0.500000000 0.500000000 0.000000000 0.000000000 0.999259531 -0.019374924 0.033240940 0.205635830 0.018704103 0.999617457 0.020374207 -0.361567854 -0.033622976 -0.019737378 0.999239683 2.677382238
