https://www.youtube.com/watch?v=YAnKej5ADPA
87353933 0.473931903 0.842545620 0.500000000 0.500000000 0.000000000 0.000000000 0.986588538 -0.013110140 0.162699550 -0.376596079 0.014135446 0.999886870 -0.005145759 0.027697770 -0.162613675 0.007376578 0.986662269 -0.159760780
87387300 0.473931903 0.842545620 0.500000000 0.500000000 0.000000000 0.000000000 0.985285103 -0.013806935 0.170360342 -0.393659490 0.014863335 0.999877393 -0.004927082 0.027649119 -0.170271426 0.007386704 0.985369503 -0.160031297
87420667 0.473931903 0.842545620 0.500000000 0.500000000 0.000000000 0.000000000 0.983828306 -0.014381441 0.178535879 -0.411672907 0.015424591 0.999871075 -0.004456034 0.026818492 -0.178448781 0.007137815 0.983923316 -0.160295020
87454033 0.473931903 0.842545620 0.500000000 0.500000000 0.000000000 0.000000000 0.982373536 -0.014937507 0.186330646 -0.430127667 0.015958419 0.999864757 -0.003980247 0.025668966 -0.186245993 0.006883632 0.982479036 -0.160695045
87487400 0.473931903 0.842545620 0.500000000 0.500000000 0.000000000 0.000000000 0.980854034 -0.015514098 0.194125518 -0.448613454 0.016527615 0.999856949 -0.003602303 0.024510657 -0.194041863 0.006741765 0.980970085 -0.161308888
87520767 0.473931903 0.842545620 0.500000000 0.500000000 0.000000000 0.000000000 0.979236007 -0.015905602 0.202098653 -0.468161709 0.016926531 0.999851227 -0.003324290 0.023148838 -0.202015698 0.006676094 0.979359508 -0.161941335
87554133 0.473931903 0.842545620 0.500000000 0.500000000 0.000000000 0.000000000 0.977548480 -0.016360920 0.210074618 -0.488012249 0.017429821 0.999842823 -0.003237644 0.022303032 -0.209988639 0.006826517 0.977679968 -0.162614805
87587500 0.473931903 0.842545620 0.500000000 0.500000000 0.000000000 0.000000000 0.975744784 -0.016874354 0.218259856 -0.508651913 0.018032642 0.999831915 -0.003315954 0.021403992 -0.218167216 0.007171326 0.975885034 -0.162789608
87620867 0.473931903 0.842545620 0.500000000 0.500000000 0.000000000 0.000000000 0.973883748 -0.017410625 0.226378798 -0.529567238 0.018654881 0.999820352 -0.003358039 0.020553430 -0.226279661 0.007493409 0.974033535 -0.162847955
87654233 0.473931903 0.842545620 0.500000000 0.500000000 0.000000000 0.000000000 0.971904933 -0.017932149 0.234689578 -0.551605952 0.019251637 0.999809146 -0.003332213 0.019740172 -0.234585017 0.007756753 0.972064674 -0.162369356
87687600 0.473931903 0.842545620 0.500000000 0.500000000 0.000000000 0.000000000 0.970041454 -0.018434264 0.242239013 -0.573574097 0.019858504 0.999796867 -0.003438968 0.019271335 -0.242126420 0.008146445 0.970210493 -0.162107098
87720967 0.473931903 0.842545620 0.500000000 0.500000000 0.000000000 0.000000000 0.967965484 -0.019026976 0.250361234 -0.595705995 0.020588430 0.999781489 -0.003619058 0.018619077 -0.250237644 0.008657668 0.968145728 -0.161784663
87754333 0.473931903 0.842545620 0.500000000 0.500000000 0.000000000 0.000000000 0.965664208 -0.019543335 0.259057373 -0.618379025 0.021319242 0.999764502 -0.004047344 0.018651553 -0.258917272 0.009431282 0.965853453 -0.160712584
87787700 0.473931903 0.842545620 0.500000000 0.500000000 0.000000000 0.000000000 0.963396490 -0.020105427 0.267325580 -0.641084474 0.022052558 0.999747634 -0.004283180 0.018326006 -0.267172009 0.010021613 0.963596761 -0.159902723
87821067 0.473931903 0.842545620 0.500000000 0.500000000 0.000000000 0.000000000 0.960944772 -0.020705828 0.275964439 -0.663736751 0.022698691 0.999734223 -0.004029004 0.017873805 -0.275807679 0.010135681 0.961159408 -0.158830080
87854433 0.473931903 0.842545620 0.500000000 0.500000000 0.000000000 0.000000000 0.958296478 -0.021195352 0.284988761 -0.686125691 0.023094594 0.999727845 -0.003304993 0.017498791 -0.284841150 0.009748863 0.958525181 -0.156953354
87887800 0.473931903 0.842545620 0.500000000 0.500000000 0.000000000 0.000000000 0.955612361 -0.021794172 0.293819666 -0.708025210 0.023473095 0.999722064 -0.002188639 0.016808934 -0.293690294 0.008988347 0.955858350 -0.155032516
87921167 0.473931903 0.842545620 0.500000000 0.500000000 0.000000000 0.000000000 0.952761710 -0.022400228 0.302891672 -0.729353635 0.023909394 0.999713302 -0.001274871 0.015550479 -0.302776307 0.008456605 0.953024149 -0.152768754
87954533 0.473931903 0.842545620 0.500000000 0.500000000 0.000000000 0.000000000 0.949741066 -0.023029186 0.312188417 -0.750342480 0.024624353 0.999696076 -0.001167793 0.014050846 -0.312066644 0.008796539 0.950019479 -0.150177165
87987900 0.473931903 0.842545620 0.500000000 0.500000000 0.000000000 0.000000000 0.946595788 -0.023754420 0.321546495 -0.770566246 0.025675800 0.999668837 -0.001735522 0.012447929 -0.321398795 0.009898801 0.946892202 -0.147743993
88021267 0.473931903 0.842545620 0.500000000 0.500000000 0.000000000 0.000000000 0.943302393 -0.024436444 0.331033915 -0.790615835 0.026749600 0.999639213 -0.002432789 0.010698828 -0.330855012 0.011149880 0.943615735 -0.145455533
88054633 0.473931903 0.842545620 0.500000000 0.500000000 0.000000000 0.000000000 0.940040529 -0.025153583 0.340133965 -0.810363915 0.027838118 0.999607921 -0.003014222 0.008859075 -0.339924783 0.012302181 0.940372169 -0.143596686
88088000 0.473931903 0.842545620 0.500000000 0.500000000 0.000000000 0.000000000 0.936672270 -0.025980830 0.349242121 -0.829837538 0.028862314 0.999578774 -0.003048442 0.006776106 -0.349015802 0.012935326 0.937027574 -0.142193972
88121367 0.473931903 0.842545620 0.500000000 0.500000000 0.000000000 0.000000000 0.933317423 -0.026667677 0.358060658 -0.848957019 0.029549213 0.999559999 -0.002577360 0.004469731 -0.357834369 0.012985906 0.933694780 -0.140526578
88154733 0.473931903 0.842545620 0.500000000 0.500000000 0.000000000 0.000000000 0.930031717 -0.027443741 0.366453052 -0.868319836 0.030279530 0.999539495 -0.001991581 0.002211854 -0.366229653 0.012948261 0.930434406 -0.139340318
88188100 0.473931903 0.842545620 0.500000000 0.500000000 0.000000000 0.000000000 0.926872969 -0.028144749 0.374318600 -0.887203549 0.030867821 0.999522626 -0.001280282 -0.000305004 -0.374103874 0.012741058 0.927299261 -0.138462066
88221467 0.473931903 0.842545620 0.500000000 0.500000000 0.000000000 0.000000000 0.923640549 -0.028688595 0.382184625 -0.906237822 0.031223914 0.999512315 -0.000431907 -0.003142735 -0.381985843 0.012332227 0.924085915 -0.137827578
88254833 0.473931903 0.842545620 0.500000000 0.500000000 0.000000000 0.000000000 0.920426309 -0.029307138 0.389815927 -0.925364758 0.031693388 0.999497592 0.000310368 -0.005615805 -0.389629155 0.012068915 0.920892775 -0.137180050
88288200 0.473931903 0.842545620 0.500000000 0.500000000 0.000000000 0.000000000 0.917258620 -0.029878585 0.397169888 -0.944448066 0.032160260 0.999482334 0.000916080 -0.008902166 -0.396991640 0.011932805 0.917744637 -0.137036750
88321567 0.473931903 0.842545620 0.500000000 0.500000000 0.000000000 0.000000000 0.914040387 -0.030507000 0.404474378 -0.963328772 0.032931928 0.999457121 0.000962552 -0.011870195 -0.404284149 0.012440309 0.914548814 -0.136676276
88354933 0.473931903 0.842545620 0.500000000 0.500000000 0.000000000 0.000000000 0.910912573 -0.031109829 0.411424965 -0.982246222 0.033810578 0.999428034 0.000713506 -0.014894409 -0.411211848 0.013260574 0.911443353 -0.136725902
88388300 0.473931903 0.842545620 0.500000000 0.500000000 0.000000000 0.000000000 0.907794237 -0.031731401 0.418213785 -1.001087621 0.034743629 0.999396145 0.000411690 -0.017281951 -0.417974323 0.014156535 0.908348501 -0.136777650
88421667 0.473931903 0.842545620 0.500000000 0.500000000 0.000000000 0.000000000 0.904615164 -0.032371365 0.424998194 -1.019514041 0.035566889 0.999367237 0.000415365 -0.019181282 -0.424742699 0.014740119 0.905194104 -0.136899309
88455033 0.473931903 0.842545620 0.500000000 0.500000000 0.000000000 0.000000000 0.901271641 -0.033155136 0.431983948 -1.037509098 0.036409512 0.999336660 0.000736790 -0.020697772 -0.431721836 0.015064276 0.901880980 -0.136329985
88488400 0.473931903 0.842545620 0.500000000 0.500000000 0.000000000 0.000000000 0.897770643 -0.033841498 0.439161241 -1.056099652 0.036987368 0.999314785 0.001393879 -0.022765119 -0.438907504 0.014992035 0.898407161 -0.135897521
88521767 0.473931903 0.842545620 0.500000000 0.500000000 0.000000000 0.000000000 0.894305050 -0.034414358 0.446132421 -1.074599133 0.037344236 0.999300003 0.002226086 -0.024094338 -0.445896715 0.014669674 0.894964218 -0.135450916
88555133 0.473931903 0.842545620 0.500000000 0.500000000 0.000000000 0.000000000 0.890719593 -0.034954786 0.453207225 -1.092831900 0.037593681 0.999288023 0.003187219 -0.025692494 -0.452995956 0.014198810 0.891399503 -0.134651034
88588500 0.473931903 0.842545620 0.500000000 0.500000000 0.000000000 0.000000000 0.886916935 -0.035557214 0.460558355 -1.110135543 0.038143434 0.999265432 0.003693423 -0.026854928 -0.460351378 0.014291518 0.887621760 -0.132775969
88621867 0.473931903 0.842545620 0.500000000 0.500000000 0.000000000 0.000000000 0.882786989 -0.036227204 0.468374550 -1.127655226 0.039006785 0.999231815 0.003767699 -0.027846101 -0.468151271 0.014943710 0.883521974 -0.129963035
88655233 0.473931903 0.842545620 0.500000000 0.500000000 0.000000000 0.000000000 0.878633440 -0.036784206 0.476077914 -1.145079151 0.039843231 0.999199212 0.003669887 -0.028446708 -0.475831687 0.015743999 0.879395425 -0.126592526
88688600 0.473931903 0.842545620 0.500000000 0.500000000 0.000000000 0.000000000 0.874517202 -0.037464894 0.483545303 -1.161968239 0.040690437 0.999164462 0.003824059 -0.028592627 -0.483284563 0.016331464 0.875310957 -0.123201311
88721967 0.473931903 0.842545620 0.500000000 0.500000000 0.000000000 0.000000000 0.870488167 -0.038197424 0.490704924 -1.177736253 0.041459944 0.999131203 0.004226265 -0.028583773 -0.490440041 0.016665684 0.871315598 -0.119670734
88755333 0.473931903 0.842545620 0.500000000 0.500000000 0.000000000 0.000000000 0.866178513 -0.038843583 0.498222798 -1.192995360 0.042121504 0.999101579 0.004664463 -0.028727732 -0.497956365 0.016945636 0.867036521 -0.115149461
88788700 0.473931903 0.842545620 0.500000000 0.500000000 0.000000000 0.000000000 0.862013102 -0.039541543 0.505341351 -1.207819245 0.042935602 0.999065638 0.004934378 -0.028562937 -0.505064309 0.017443638 0.862905383 -0.111114642
88822067 0.473931903 0.842545620 0.500000000 0.500000000 0.000000000 0.000000000 0.857929289 -0.040174074 0.512194633 -1.221753538 0.043728516 0.999030352 0.005113574 -0.028805182 -0.511903405 0.018010426 0.858854175 -0.107143573
88855433 0.473931903 0.842545620 0.500000000 0.500000000 0.000000000 0.000000000 0.853705049 -0.040927950 0.519146025 -1.235652434 0.044745523 0.998984993 0.005175675 -0.028988396 -0.518830895 0.018810960 0.854669929 -0.102771616
88888800 0.473931903 0.842545620 0.500000000 0.500000000 0.000000000 0.000000000 0.849621773 -0.041601125 0.525749207 -1.249867665 0.045632694 0.998944223 0.005300389 -0.029118060 -0.525414646 0.019488027 0.850623131 -0.098604411
88922167 0.473931903 0.842545620 0.500000000 0.500000000 0.000000000 0.000000000 0.845690489 -0.042240374 0.531999350 -1.263611928 0.046334460 0.998909950 0.005657365 -0.028890832 -0.531658471 0.019865526 0.846725821 -0.094222203
88955533 0.473931903 0.842545620 0.500000000 0.500000000 0.000000000 0.000000000 0.841808558 -0.042921320 0.538067043 -1.277337768 0.046954781 0.998877645 0.006218951 -0.028611306 -0.537730098 0.020029653 0.842879117 -0.089857567
88988900 0.473931903 0.842545620 0.500000000 0.500000000 0.000000000 0.000000000 0.837952554 -0.043523680 0.544004798 -1.291418549 0.047504596 0.998848259 0.006740668 -0.029050236 -0.543671668 0.020194370 0.839055002 -0.085475561
89022267 0.473931903 0.842545620 0.500000000 0.500000000 0.000000000 0.000000000 0.834055424 -0.044175103 0.549909174 -1.305311837 0.048332199 0.998807251 0.006929660 -0.029209808 -0.549559414 0.020798601 0.835195720 -0.080653713
89055633 0.473931903 0.842545620 0.500000000 0.500000000 0.000000000 0.000000000 0.830176413 -0.044830579 0.555695355 -1.319951247 0.049209904 0.998763502 0.007058268 -0.029551626 -0.555324674 0.021486105 0.831356049 -0.076257290
89089000 0.473931903 0.842545620 0.500000000 0.500000000 0.000000000 0.000000000 0.826315403 -0.045430515 0.561372340 -1.334584986 0.049977053 0.998723984 0.007260306 -0.029291678 -0.560985863 0.022056432 0.827531517 -0.072079399
89122367 0.473931903 0.842545620 0.500000000 0.500000000 0.000000000 0.000000000 0.822346032 -0.045960046 0.567128479 -1.349577773 0.050505932 0.998694062 0.007699625 -0.028662040 -0.566741765 0.022311598 0.823593318 -0.067656546
89155733 0.473931903 0.842545620 0.500000000 0.500000000 0.000000000 0.000000000 0.818190575 -0.046519198 0.573062062 -1.364779473 0.050902221 0.998668373 0.008392693 -0.027552902 -0.572689354 0.022303307 0.819468975 -0.062961233
89189100 0.473931903 0.842545620 0.500000000 0.500000000 0.000000000 0.000000000 0.813938797 -0.047016062 0.579045057 -1.380501780 0.051186975 0.998647332 0.009134695 -0.026463555 -0.578691244 0.022204481 0.815244377 -0.057838153
89222467 0.473931903 0.842545620 0.500000000 0.500000000 0.000000000 0.000000000 0.809824944 -0.047445025 0.584749937 -1.396430410 0.051343579 0.998631775 0.009920135 -0.024947010 -0.584420562 0.021989584 0.811152935 -0.053247856
89255833 0.473931903 0.842545620 0.500000000 0.500000000 0.000000000 0.000000000 0.805283725 -0.047907300 0.590950906 -1.412705150 0.051429566 0.998617411 0.010873445 -0.023533066 -0.590654790 0.021636140 0.806634247 -0.047468072
89289200 0.473931903 0.842545620 0.500000000 0.500000000 0.000000000 0.000000000 0.800491571 -0.048317634 0.597393215 -1.429130874 0.051572327 0.998601139 0.011662061 -0.021650744 -0.597121060 0.021473577 0.801863670 -0.040434410
89322567 0.473931903 0.842545620 0.500000000 0.500000000 0.000000000 0.000000000 0.795797825 -0.048698213 0.603601098 -1.445888094 0.052085496 0.998571813 0.011893840 -0.019525290 -0.603318274 0.021973772 0.797197759 -0.033071688
89355933 0.473931903 0.842545620 0.500000000 0.500000000 0.000000000 0.000000000 0.791136980 -0.049104832 0.609664619 -1.463415244 0.052840263 0.998532593 0.011857155 -0.017963232 -0.609352231 0.022834204 0.792570770 -0.026095981
89389300 0.473931903 0.842545620 0.500000000 0.500000000 0.000000000 0.000000000 0.786283672 -0.049535681 0.615876794 -1.480127516 0.053860441 0.998481691 0.011545954 -0.015652741 -0.615513623 0.024093000 0.787757874 -0.018322938
89422667 0.473931903 0.842545620 0.500000000 0.500000000 0.000000000 0.000000000 0.781248987 -0.049956970 0.622217298 -1.497465120 0.054757446 0.998434484 0.011410107 -0.013708494 -0.621813238 0.025156895 0.782761455 -0.010234573
89456033 0.473931903 0.842545620 0.500000000 0.500000000 0.000000000 0.000000000 0.776278257 -0.050472550 0.628366649 -1.514756574 0.055412557 0.998394549 0.011738303 -0.012412915 -0.627950311 0.025707213 0.777828753 -0.002423929
89489400 0.473931903 0.842545620 0.500000000 0.500000000 0.000000000 0.000000000 0.771444023 -0.050841000 0.634262800 -1.531459942 0.055568274 0.998377383 0.012440727 -0.010553828 -0.633866131 0.025647562 0.773017406 0.005815789
89522767 0.473931903 0.842545620 0.500000000 0.500000000 0.000000000 0.000000000 0.766662896 -0.051132217 0.640010536 -1.547935093 0.055366334 0.998375654 0.013440161 -0.008410227 -0.639658153 0.025130963 0.768248618 0.013983246
89556133 0.473931903 0.842545620 0.500000000 0.500000000 0.000000000 0.000000000 0.761798978 -0.051574625 0.645757258 -1.564154469 0.055128474 0.998371005 0.014701807 -0.006887254 -0.645463586 0.024399789 0.763401210 0.022554559
89589500 0.473931903 0.842545620 0.500000000 0.500000000 0.000000000 0.000000000 0.756810963 -0.051998112 0.651562274 -1.579919879 0.055374298 0.998347580 0.015354350 -0.005316880 -0.651284039 0.024459464 0.758439720 0.031671605
89622867 0.473931903 0.842545620 0.500000000 0.500000000 0.000000000 0.000000000 0.751738787 -0.052486662 0.657368958 -1.595109078 0.056281663 0.998296976 0.015346278 -0.004152328 -0.657054901 0.025461426 0.753412604 0.041084682
89656233 0.473931903 0.842545620 0.500000000 0.500000000 0.000000000 0.000000000 0.746695817 -0.052989919 0.663051605 -1.609915953 0.057408981 0.998236120 0.015126135 -0.003028748 -0.662683606 0.026770493 0.748420835 0.050172214
89689600 0.473931903 0.842545620 0.500000000 0.500000000 0.000000000 0.000000000 0.741539896 -0.053532168 0.668769658 -1.624359733 0.058354478 0.998180270 0.015195934 -0.001566049 -0.668366134 0.027757313 0.743314326 0.059397658
89722967 0.473931903 0.842545620 0.500000000 0.500000000 0.000000000 0.000000000 0.736485004 -0.054053597 0.674290776 -1.638226785 0.058824539 0.998143852 0.015764523 -0.000316776 -0.673891306 0.028054509 0.738297641 0.068536586
89756333 0.473931903 0.842545620 0.500000000 0.500000000 0.000000000 0.000000000 0.731631935 -0.054497927 0.679517984 -1.651368288 0.058819301 0.998128593 0.016720466 0.001280082 -0.679157555 0.027735546 0.733468294 0.077288070
89789700 0.473931903 0.842545620 0.500000000 0.500000000 0.000000000 0.000000000 0.726540565 -0.055002309 0.684918642 -1.663407227 0.058685753 0.998115957 0.017901549 0.002545711 -0.684612870 0.027188765 0.728399634 0.086437268
89823067 0.473931903 0.842545620 0.500000000 0.500000000 0.000000000 0.000000000 0.721382320 -0.055552099 0.690305412 -1.675215579 0.059101302 0.998079479 0.018558126 0.003654943 -0.690010607 0.027410446 0.723280072 0.096264861
89856433 0.473931903 0.842545620 0.500000000 0.500000000 0.000000000 0.000000000 0.716603637 -0.056191161 0.695213437 -1.685885035 0.060238522 0.998011231 0.018573096 0.004621958 -0.694874465 0.028569082 0.718563378 0.105056134
89889800 0.473931903 0.842545620 0.500000000 0.500000000 0.000000000 0.000000000 0.711516857 -0.056826781 0.700367391 -1.696224349 0.061796032 0.997923017 0.018190216 0.005465879 -0.699946404 0.030337280 0.713550746 0.114041836
89923167 0.473931903 0.842545620 0.500000000 0.500000000 0.000000000 0.000000000 0.706480682 -0.057449818 0.705396712 -1.706624845 0.063305438 0.997834325 0.017864173 0.006659451 -0.704895318 0.032034755 0.708587587 0.122309653
89956533 0.473931903 0.842545620 0.500000000 0.500000000 0.000000000 0.000000000 0.701507032 -0.058054306 0.710294008 -1.716655293 0.064097062 0.997776866 0.018246952 0.008252915 -0.709774196 0.032727391 0.703668594 0.129874403
89989900 0.473931903 0.842545620 0.500000000 0.500000000 0.000000000 0.000000000 0.696697772 -0.058683012 0.714960515 -1.725646231 0.064193912 0.997750044 0.019339837 0.009636522 -0.714486778 0.032422088 0.698897302 0.136996923
90023267 0.473931903 0.842545620 0.500000000 0.500000000 0.000000000 0.000000000 0.692098677 -0.059134636 0.719376445 -1.734216818 0.064051278 0.997738183 0.020394159 0.011288200 -0.718955338 0.031962208 0.694320977 0.143814370
90056633 0.473931903 0.842545620 0.500000000 0.500000000 0.000000000 0.000000000 0.687370241 -0.059571721 0.723860025 -1.742241096 0.063972682 0.997722983 0.021362085 0.012405554 -0.723484397 0.031623606 0.689616084 0.150172256
90090000 0.473931903 0.842545620 0.500000000 0.500000000 0.000000000 0.000000000 0.682563007 -0.060088310 0.728352368 -1.748820081 0.064346947 0.997684896 0.022006325 0.013490743 -0.727988482 0.031846546 0.684849322 0.157302516
90123367 0.473931903 0.842545620 0.500000000 0.500000000 0.000000000 0.000000000 0.677482188 -0.060537122 0.733043730 -1.756162412 0.064905331 0.997639954 0.022402542 0.014278009 -0.732669890 0.032401122 0.679812491 0.164598194
90156733 0.473931903 0.842545620 0.500000000 0.500000000 0.000000000 0.000000000 0.672608674 -0.060990158 0.737480700 -1.763665511 0.065509908 0.997592449 0.022754204 0.015293913 -0.737092912 0.033007618 0.674984813 0.171521105
90190100 0.473931903 0.842545620 0.500000000 0.500000000 0.000000000 0.000000000 0.667819321 -0.061490417 0.741779149 -1.770081454 0.066160709 0.997540891 0.023127919 0.017406199 -0.741377175 0.033631366 0.670245290 0.178317550
90223467 0.473931903 0.842545620 0.500000000 0.500000000 0.000000000 0.000000000 0.662760258 -0.061991427 0.746261299 -1.776973515 0.066550106 0.997500181 0.023758026 0.019176257 -0.745868564 0.033917893 0.665229023 0.186203920
90256833 0.473931903 0.842545620 0.500000000 0.500000000 0.000000000 0.000000000 0.658067107 -0.062542677 0.750357330 -1.784310749 0.066948511 0.997457445 0.024424421 0.020908912 -0.749977052 0.034162395 0.660581052 0.192790694
90290200 0.473931903 0.842545620 0.500000000 0.500000000 0.000000000 0.000000000 0.653256655 -0.063240208 0.754490852 -1.791509911 0.067491427 0.997402430 0.025164936 0.022593362 -0.754122436 0.034482505 0.655827940 0.200073811
90323567 0.473931903 0.842545620 0.500000000 0.500000000 0.000000000 0.000000000 0.648618639 -0.063597441 0.758451819 -1.798588387 0.068004593 0.997359753 0.025473570 0.025611561 -0.758069396 0.035055578 0.651231050 0.207030916
90356933 0.473931903 0.842545620 0.500000000 0.500000000 0.000000000 0.000000000 0.644176781 -0.064010054 0.762193561 -1.805002564 0.068431191 0.997319043 0.025920799 0.028782553 -0.761809349 0.035460234 0.646830082 0.213259069
90390300 0.473931903 0.842545620 0.500000000 0.500000000 0.000000000 0.000000000 0.639658630 -0.064391822 0.765957296 -1.810760072 0.068809688 0.997281075 0.026374891 0.032523013 -0.765573025 0.035834353 0.642350197 0.219889811
90423667 0.473931903 0.842545620 0.500000000 0.500000000 0.000000000 0.000000000 0.635128498 -0.064708792 0.769691229 -1.816079092 0.069078334 0.997250140 0.026838340 0.036840953 -0.769311368 0.036123194 0.637851954 0.226797628
90457033 0.473931903 0.842545620 0.500000000 0.500000000 0.000000000 0.000000000 0.630416632 -0.065011784 0.773529828 -1.820521224 0.069459453 0.997213840 0.027202902 0.041259816 -0.773143113 0.036579795 0.633175850 0.234407351
90490400 0.473931903 0.842545620 0.500000000 0.500000000 0.000000000 0.000000000 0.625556111 -0.065337375 0.777438462 -1.825375390 0.070000872 0.997168422 0.027478568 0.045879439 -0.777032435 0.037231982 0.628358483 0.242562351
90523767 0.473931903 0.842545620 0.500000000 0.500000000 0.000000000 0.000000000 0.620939434 -0.065756150 0.781095624 -1.829683563 0.070491955 0.997121990 0.027903972 0.050449714 -0.780682504 0.037734281 0.623787642 0.250398289
90557133 0.473931903 0.842545620 0.500000000 0.500000000 0.000000000 0.000000000 0.616276383 -0.066155598 0.784746349 -1.833759032 0.070829339 0.997083127 0.028432349 0.054909624 -0.784338295 0.038060877 0.619164586 0.258184314
90590500 0.473931903 0.842545620 0.500000000 0.500000000 0.000000000 0.000000000 0.611444592 -0.066492423 0.788488567 -1.839505514 0.070786670 0.997064292 0.029188881 0.058289830 -0.788114667 0.037967097 0.614356339 0.267024708
90623867 0.473931903 0.842545620 0.500000000 0.500000000 0.000000000 0.000000000 0.607368469 -0.066834338 0.791603863 -1.842567202 0.071071699 0.997030497 0.029647611 0.063259545 -0.791234672 0.038253605 0.610314965 0.274364508
90657233 0.473931903 0.842545620 0.500000000 0.500000000 0.000000000 0.000000000 0.603023887 -0.067090623 0.794896841 -1.846134008 0.071259998 0.997003853 0.030089591 0.067675554 -0.794533968 0.038499609 0.605997980 0.282148983
90690600 0.473931903 0.842545620 0.500000000 0.500000000 0.000000000 0.000000000 0.598574758 -0.067386545 0.798227608 -1.849367978 0.071556799 0.996969938 0.030505417 0.071860178 -0.797864556 0.038858838 0.601583004 0.290556308
90723967 0.473931903 0.842545620 0.500000000 0.500000000 0.000000000 0.000000000 0.594280601 -0.067758135 0.801398396 -1.852389670 0.072142236 0.996918917 0.030791972 0.076445319 -0.801015675 0.039515603 0.597337782 0.298525205
90757333 0.473931903 0.842545620 0.500000000 0.500000000 0.000000000 0.000000000 0.590150654 -0.068011239 0.804423153 -1.856205389 0.072291873 0.996893883 0.031248344 0.080132651 -0.804049790 0.039712027 0.593234241 0.306153876
90790700 0.473931903 0.842545620 0.500000000 0.500000000 0.000000000 0.000000000 0.585995972 -0.068360999 0.807425261 -1.858060303 0.072607614 0.996856570 0.031703666 0.084484572 -0.807054460 0.040047005 0.589117408 0.314260606
90824067 0.473931903 0.842545620 0.500000000 0.500000000 0.000000000 0.000000000 0.581661284 -0.068688266 0.810525775 -1.859879328 0.072779626 0.996826589 0.032247212 0.088498891 -0.810168624 0.040232807 0.584814548 0.322679657
90857433 0.473931903 0.842545620 0.500000000 0.500000000 0.000000000 0.000000000 0.577732325 -0.069065131 0.813299060 -1.862360791 0.072986238 0.996793389 0.032801166 0.092328851 -0.812956572 0.040409341 0.580920577 0.330374334
90890800 0.473931903 0.842545620 0.500000000 0.500000000 0.000000000 0.000000000 0.574006915 -0.069442712 0.815900564 -1.863763848 0.073410012 0.996749461 0.033189248 0.095916165 -0.815553188 0.040844414 0.577238858 0.337552360
90924167 0.473931903 0.842545620 0.500000000 0.500000000 0.000000000 0.000000000 0.570013762 -0.069886208 0.818657577 -1.865487342 0.074008822 0.996692955 0.033553768 0.099014919 -0.818295181 0.041461773 0.573300838 0.345426894
90957533 0.473931903 0.842545620 0.500000000 0.500000000 0.000000000 0.000000000 0.566504419 -0.070251428 0.821058750 -1.867528528 0.074544042 0.996643305 0.033841781 0.102974837 -0.820680141 0.042033520 0.569839656 0.352320406
90990900 0.473931903 0.842545620 0.500000000 0.500000000 0.000000000 0.000000000 0.563217342 -0.070628092 0.823284805 -1.869218740 0.074851990 0.996604919 0.034289915 0.106968528 -0.822911561 0.042311832 0.566591799 0.358714787
91024267 0.473931903 0.842545620 0.500000000 0.500000000 0.000000000 0.000000000 0.559863150 -0.070892327 0.825546801 -1.870996395 0.074749574 0.996591866 0.034887400 0.110666993 -0.825206518 0.042177107 0.563254237 0.365407876
91057633 0.473931903 0.842545620 0.500000000 0.500000000 0.000000000 0.000000000 0.556733131 -0.071094759 0.827643514 -1.872500675 0.074612133 0.996583462 0.035417199 0.114673276 -0.827333808 0.042034317 0.560135603 0.371449958
91091000 0.473931903 0.842545620 0.500000000 0.500000000 0.000000000 0.000000000 0.553689063 -0.071396232 0.829657197 -1.873457434 0.074895047 0.996549487 0.035775393 0.118868816 -0.829348624 0.042328771 0.557125747 0.377228388
91124367 0.473931903 0.842545620 0.500000000 0.500000000 0.000000000 0.000000000 0.550539792 -0.071705453 0.831723690 -1.874860603 0.075213648 0.996512830 0.036126543 0.122343128 -0.831413746 0.042667869 0.554013193 0.383293296
91157733 0.473931903 0.842545620 0.500000000 0.500000000 0.000000000 0.000000000 0.547562540 -0.072019808 0.833659649 -1.875917875 0.075497866 0.996477783 0.036497314 0.125826251 -0.833351851 0.042954963 0.551071286 0.388389672
91191100 0.473931903 0.842545620 0.500000000 0.500000000 0.000000000 0.000000000 0.544481039 -0.072283342 0.835652769 -1.877147015 0.075663500 0.996450663 0.036892649 0.129317380 -0.835353494 0.043141063 0.548017740 0.393564495
91224467 0.473931903 0.842545620 0.500000000 0.500000000 0.000000000 0.000000000 0.541573286 -0.072534867 0.837518394 -1.878663984 0.075884223 0.996421456 0.037227161 0.132662607 -0.837221563 0.043393198 0.545139492 0.398002414
91257833 0.473931903 0.842545620 0.500000000 0.500000000 0.000000000 0.000000000 0.538777590 -0.072695248 0.839305758 -1.880334753 0.076037630 0.996399879 0.037490707 0.135660332 -0.839009523 0.043619666 0.542365491 0.402548360
91291200 0.473931903 0.842545620 0.500000000 0.500000000 0.000000000 0.000000000 0.535893023 -0.072779961 0.841143131 -1.881916391 0.076148793 0.996383607 0.037697688 0.139329229 -0.840844870 0.043850105 0.539497077 0.406811134
91324567 0.473931903 0.842545620 0.500000000 0.500000000 0.000000000 0.000000000 0.532798648 -0.072884567 0.843097508 -1.883452678 0.075642183 0.996397853 0.038334798 0.143366816 -0.842854619 0.043349013 0.536392570 0.412333946
91357933 0.473931903 0.842545620 0.500000000 0.500000000 0.000000000 0.000000000 0.529591262 -0.073079877 0.845099032 -1.885174726 0.073854640 0.996470988 0.039887872 0.147551628 -0.845031679 0.041290220 0.533119619 0.417339798
91391300 0.473931903 0.842545620 0.500000000 0.500000000 0.000000000 0.000000000 0.526449800 -0.073263176 0.847043753 -1.886980346 0.071247824 0.996577561 0.041915238 0.152129403 -0.847215652 0.038283758 0.529867887 0.422641000
91424667 0.473931903 0.842545620 0.500000000 0.500000000 0.000000000 0.000000000 0.523173213 -0.073334575 0.849065304 -1.888632401 0.068418078 0.996689200 0.043927446 0.156182352 -0.849475563 0.035109751 0.526458502 0.428489458
91458033 0.473931903 0.842545620 0.500000000 0.500000000 0.000000000 0.000000000 0.519807875 -0.073611245 0.851105809 -1.890132115 0.066670194 0.996737599 0.045488354 0.158723063 -0.851677656 0.033098187 0.523019731 0.434864247
91491400 0.473931903 0.842545620 0.500000000 0.500000000 0.000000000 0.000000000 0.516181111 -0.073770702 0.853296518 -1.891135357 0.066176161 0.996740580 0.046140309 0.160760046 -0.853919029 0.032651130 0.519380569 0.441714735
91524767 0.473931903 0.842545620 0.500000000 0.500000000 0.000000000 0.000000000 0.512262106 -0.073992908 0.855635762 -1.891796077 0.066201597 0.996719420 0.046559058 0.161861807 -0.856273830 0.032794010 0.515480042 0.449424850
91558133 0.473931903 0.842545620 0.500000000 0.500000000 0.000000000 0.000000000 0.508095324 -0.074159868 0.858102202 -1.892130460 0.065837532 0.996715486 0.047155853 0.163589265 -0.858780861 0.032535668 0.511308968 0.457503433
91591500 0.473931903 0.842545620 0.500000000 0.500000000 0.000000000 0.000000000 0.503490031 -0.074289702 0.860801280 -1.892790945 0.064077467 0.996763527 0.048544195 0.165165977 -0.861621678 0.030716445 0.506620765 0.465834133
