https://www.youtube.com/watch?v=azuCX5lZfwo
201868000 0.474116602 0.842873947 0.500000000 0.500000000 0.000000000 0.000000000 0.979049087 0.008054816 -0.203465074 0.077681755 -0.008098396 0.999967039 0.000618403 -0.021662419 0.203463346 0.001042293 0.979081988 -0.279548087
201901000 0.474116602 0.842873947 0.500000000 0.500000000 0.000000000 0.000000000 0.977097332 0.008511838 -0.212622464 0.082503859 -0.008576277 0.999963045 0.000619247 -0.021609174 0.212619886 0.001218445 0.977134228 -0.288613296
201934000 0.474116602 0.842873947 0.500000000 0.500000000 0.000000000 0.000000000 0.975090146 0.008991278 -0.221626699 0.087592264 -0.008959221 0.999959230 0.001149965 -0.021922458 0.221627995 0.000864283 0.975130916 -0.297526560
201968000 0.474116602 0.842873947 0.500000000 0.500000000 0.000000000 0.000000000 0.972944975 0.009527084 -0.230840519 0.092788525 -0.009400862 0.999954462 0.001646717 -0.021981361 0.230845690 0.000567935 0.972990215 -0.305946013
202001000 0.474116602 0.842873947 0.500000000 0.500000000 0.000000000 0.000000000 0.970758677 0.009865608 -0.239854589 0.097755946 -0.009689048 0.999951243 0.001915326 -0.022497345 0.239861786 0.000464643 0.970806956 -0.313599495
202035000 0.474116602 0.842873947 0.500000000 0.500000000 0.000000000 0.000000000 0.968447149 0.010369706 -0.249003202 0.103089602 -0.010243976 0.999945879 0.001800764 -0.022798853 0.249008402 0.000806838 0.968500972 -0.321618058
202068000 0.474116602 0.842873947 0.500000000 0.500000000 0.000000000 0.000000000 0.966052413 0.010788100 -0.258120865 0.108635655 -0.010722683 0.999941111 0.001661204 -0.022962432 0.258123577 0.001162938 0.966111183 -0.330003284
202101000 0.474116602 0.842873947 0.500000000 0.500000000 0.000000000 0.000000000 0.963612795 0.011005981 -0.267075360 0.113986440 -0.010960302 0.999938548 0.001661767 -0.023573875 0.267077237 0.001325927 0.963674188 -0.337491206
202135000 0.474116602 0.842873947 0.500000000 0.500000000 0.000000000 0.000000000 0.960978389 0.011599075 -0.276380241 0.119932313 -0.011546092 0.999931693 0.001819008 -0.024004599 0.276382446 0.001443084 0.961046636 -0.345362495
202168000 0.474116602 0.842873947 0.500000000 0.500000000 0.000000000 0.000000000 0.958180547 0.011917395 -0.285916179 0.126144014 -0.011876960 0.999927700 0.001875588 -0.024560454 0.285917878 0.001598664 0.958252788 -0.353055566
202201000 0.474116602 0.842873947 0.500000000 0.500000000 0.000000000 0.000000000 0.955428302 0.012585526 -0.294954956 0.132263240 -0.012502694 0.999919474 0.002166726 -0.025524352 0.294958472 0.001617580 0.955508709 -0.360817533
202235000 0.474116602 0.842873947 0.500000000 0.500000000 0.000000000 0.000000000 0.952677608 0.013102843 -0.303699970 0.138658501 -0.013039820 0.999912500 0.002235600 -0.026124121 0.303702682 0.001830387 0.952765107 -0.369192194
202268000 0.474116602 0.842873947 0.500000000 0.500000000 0.000000000 0.000000000 0.949782252 0.013383591 -0.312625349 0.144688200 -0.013321199 0.999908566 0.002335474 -0.027142136 0.312628001 0.001946353 0.949873626 -0.376938414
202302000 0.474116602 0.842873947 0.500000000 0.500000000 0.000000000 0.000000000 0.946747720 0.013634267 -0.321687460 0.151318499 -0.013520729 0.999905229 0.002587155 -0.028311570 0.321692258 0.001900065 0.946842372 -0.385783500
202335000 0.474116602 0.842873947 0.500000000 0.500000000 0.000000000 0.000000000 0.943786442 0.013633823 -0.330274612 0.157994536 -0.013260038 0.999906361 0.003384768 -0.031644136 0.330289811 0.001184956 0.943878829 -0.394037657
202368000 0.474116602 0.842873947 0.500000000 0.500000000 0.000000000 0.000000000 0.940508008 0.014101280 -0.339478701 0.166195060 -0.013988331 0.999898314 0.002779874 -0.030529659 0.339483380 0.002134247 0.940609634 -0.401174181
202402000 0.474116602 0.842873947 0.500000000 0.500000000 0.000000000 0.000000000 0.937280834 0.014217176 -0.348285079 0.171801329 -0.014180586 0.999895930 0.002654447 -0.031676133 0.348286569 0.002450925 0.937384903 -0.408998349
202435000 0.474116602 0.842873947 0.500000000 0.500000000 0.000000000 0.000000000 0.934014559 0.014385041 -0.356945157 0.178145981 -0.014472743 0.999892294 0.002425413 -0.031670067 0.356941611 0.002900604 0.934122205 -0.416210601
202468000 0.474116602 0.842873947 0.500000000 0.500000000 0.000000000 0.000000000 0.930685699 0.014715920 -0.365523726 0.184990073 -0.014794581 0.999887228 0.002585757 -0.032021632 0.365520537 0.003001243 0.930798411 -0.423157033
202502000 0.474116602 0.842873947 0.500000000 0.500000000 0.000000000 0.000000000 0.927274466 0.015032704 -0.374080271 0.192052928 -0.015081784 0.999882340 0.002796144 -0.032091244 0.374078304 0.003049004 0.927392125 -0.429688747
202535000 0.474116602 0.842873947 0.500000000 0.500000000 0.000000000 0.000000000 0.923928976 0.015468647 -0.382251143 0.198612960 -0.015434404 0.999875903 0.003156130 -0.031921662 0.382252544 0.002983779 0.924053073 -0.435891390
202568000 0.474116602 0.842873947 0.500000000 0.500000000 0.000000000 0.000000000 0.920776427 0.015854852 -0.389768332 0.204169067 -0.015914205 0.999868631 0.003077067 -0.030592654 0.389765888 0.003369562 0.920907795 -0.441729533
202602000 0.474116602 0.842873947 0.500000000 0.500000000 0.000000000 0.000000000 0.917512774 0.016195400 -0.397376448 0.210001888 -0.016245706 0.999862790 0.003240089 -0.030429441 0.397374392 0.003482838 0.917649984 -0.446640072
202635000 0.474116602 0.842873947 0.500000000 0.500000000 0.000000000 0.000000000 0.913998485 0.016117956 -0.405397356 0.216192872 -0.016161280 0.999863923 0.003316198 -0.029950144 0.405395627 0.003520740 0.914134562 -0.451628864
202669000 0.474116602 0.842873947 0.500000000 0.500000000 0.000000000 0.000000000 0.910618126 0.016793294 -0.412907481 0.221255653 -0.016959315 0.999850869 0.003263032 -0.028040276 0.412900686 0.004031252 0.910767138 -0.457030409
202702000 0.474116602 0.842873947 0.500000000 0.500000000 0.000000000 0.000000000 0.907474995 0.017214164 -0.419753283 0.226975582 -0.017314220 0.999843717 0.003571749 -0.027734179 0.419749171 0.004026427 0.907631218 -0.462163739
202735000 0.474116602 0.842873947 0.500000000 0.500000000 0.000000000 0.000000000 0.904384196 0.017350277 -0.426366210 0.231814164 -0.017428551 0.999841213 0.003718435 -0.026655186 0.426363021 0.004068052 0.904542983 -0.466885085
202769000 0.474116602 0.842873947 0.500000000 0.500000000 0.000000000 0.000000000 0.901069522 0.017723937 -0.433312297 0.236889429 -0.017755851 0.999834478 0.003973453 -0.025345634 0.433310986 0.004113471 0.901235104 -0.471863509
202802000 0.474116602 0.842873947 0.500000000 0.500000000 0.000000000 0.000000000 0.897843242 0.018082406 -0.439943850 0.241704685 -0.018109251 0.999827445 0.004136934 -0.024033581 0.439942747 0.004252736 0.898015738 -0.476615835
202835000 0.474116602 0.842873947 0.500000000 0.500000000 0.000000000 0.000000000 0.894849598 0.018370943 -0.445989579 0.246529453 -0.018456196 0.999821067 0.004152869 -0.022644941 0.445986062 0.004515078 0.895028532 -0.481392244
202869000 0.474116602 0.842873947 0.500000000 0.500000000 0.000000000 0.000000000 0.891828418 0.019008333 -0.451974332 0.251459993 -0.019184176 0.999807179 0.004194207 -0.020371142 0.451966912 0.004930242 0.892021060 -0.486468627
202902000 0.474116602 0.842873947 0.500000000 0.500000000 0.000000000 0.000000000 0.889072955 0.019034756 -0.457369596 0.254460387 -0.019191580 0.999806583 0.004303653 -0.018754361 0.457363069 0.004951384 0.889266253 -0.491887674
202936000 0.474116602 0.842873947 0.500000000 0.500000000 0.000000000 0.000000000 0.886117458 0.019366439 -0.463055909 0.259222092 -0.019501822 0.999799728 0.004495473 -0.016805540 0.463050216 0.005046917 0.886317670 -0.496468866
202969000 0.474116602 0.842873947 0.500000000 0.500000000 0.000000000 0.000000000 0.883486331 0.019706383 -0.468042254 0.262723744 -0.019860627 0.999792159 0.004605770 -0.014895143 0.468035728 0.005226478 0.883694112 -0.502067390
203002000 0.474116602 0.842873947 0.500000000 0.500000000 0.000000000 0.000000000 0.881049514 0.019962167 -0.472602606 0.265096448 -0.020070005 0.999786973 0.004814288 -0.013931826 0.472598046 0.005243511 0.881262481 -0.507702520
203036000 0.474116602 0.842873947 0.500000000 0.500000000 0.000000000 0.000000000 0.878374100 0.020290524 -0.477542877 0.268269495 -0.020472970 0.999778748 0.004822828 -0.012828700 0.477535099 0.005540474 0.878595233 -0.513169477
203069000 0.474116602 0.842873947 0.500000000 0.500000000 0.000000000 0.000000000 0.875866652 0.020615278 -0.482112706 0.271407969 -0.020820420 0.999771118 0.004925503 -0.011708889 0.482103884 0.005723706 0.876095355 -0.519026170
203103000 0.474116602 0.842873947 0.500000000 0.500000000 0.000000000 0.000000000 0.873703241 0.020779077 -0.486015290 0.272858161 -0.021011382 0.999766886 0.004972107 -0.010580023 0.486005306 0.005867707 0.873936176 -0.524839202
203136000 0.474116602 0.842873947 0.500000000 0.500000000 0.000000000 0.000000000 0.871449471 0.021103570 -0.490031123 0.274997781 -0.021206018 0.999760866 0.005343641 -0.010011072 0.490026683 0.005734896 0.871688545 -0.530391693
203169000 0.474116602 0.842873947 0.500000000 0.500000000 0.000000000 0.000000000 0.869288802 0.021497732 -0.493836820 0.277270729 -0.021650147 0.999750972 0.005410996 -0.008698199 0.493830144 0.005987920 0.869537771 -0.536381428
203203000 0.474116602 0.842873947 0.500000000 0.500000000 0.000000000 0.000000000 0.867535651 0.021815509 -0.496896356 0.278078411 -0.022024050 0.999742627 0.005440261 -0.007408829 0.496887177 0.006224051 0.867792845 -0.542635102
203236000 0.474116602 0.842873947 0.500000000 0.500000000 0.000000000 0.000000000 0.865798414 0.022063510 -0.499906301 0.278994429 -0.022352690 0.999735534 0.005410515 -0.006215774 0.499893427 0.006489835 0.866062582 -0.548918988
203269000 0.474116602 0.842873947 0.500000000 0.500000000 0.000000000 0.000000000 0.863957703 0.022232460 -0.503073394 0.280608965 -0.022526519 0.999731123 0.005495266 -0.005115614 0.503060281 0.006584816 0.864226222 -0.554878867
203303000 0.474116602 0.842873947 0.500000000 0.500000000 0.000000000 0.000000000 0.862246275 0.022558114 -0.505986631 0.281724298 -0.022773676 0.999724030 0.005761756 -0.004091980 0.505976975 0.006555123 0.862522066 -0.560942303
203336000 0.474116602 0.842873947 0.500000000 0.500000000 0.000000000 0.000000000 0.860870063 0.022921879 -0.508308291 0.282168308 -0.023043694 0.999716103 0.006054879 -0.002813439 0.508302808 0.006500837 0.861153901 -0.567474878
203370000 0.474116602 0.842873947 0.500000000 0.500000000 0.000000000 0.000000000 0.859517395 0.023223201 -0.510578573 0.282819115 -0.023400109 0.999707699 0.006078615 -0.000738655 0.510570526 0.006722919 0.859809577 -0.573865081
203403000 0.474116602 0.842873947 0.500000000 0.500000000 0.000000000 0.000000000 0.858160138 0.023280822 -0.512853920 0.282823631 -0.023546090 0.999704838 0.005981495 0.001425537 0.512841821 0.006942625 0.858455062 -0.580836385
203436000 0.474116602 0.842873947 0.500000000 0.500000000 0.000000000 0.000000000 0.856883407 0.023536598 -0.514972687 0.283025510 -0.023869261 0.999697268 0.005973712 0.003482081 0.514957368 0.007173242 0.857185781 -0.587253663
203470000 0.474116602 0.842873947 0.500000000 0.500000000 0.000000000 0.000000000 0.855648696 0.023666060 -0.517015696 0.283359967 -0.024157442 0.999691427 0.005780239 0.006059708 0.516992986 0.007543923 0.855956376 -0.594060124
203503000 0.474116602 0.842873947 0.500000000 0.500000000 0.000000000 0.000000000 0.854551494 0.024042962 -0.518809915 0.283384713 -0.024650682 0.999679744 0.005724612 0.009230352 0.518781364 0.007897043 0.854870498 -0.600864836
203536000 0.474116602 0.842873947 0.500000000 0.500000000 0.000000000 0.000000000 0.853712678 0.024253009 -0.520179272 0.282892189 -0.024768509 0.999675453 0.005959384 0.012096858 0.520154953 0.007796464 0.854036331 -0.607742505
203570000 0.474116602 0.842873947 0.500000000 0.500000000 0.000000000 0.000000000 0.852833092 0.024440981 -0.521611273 0.282878169 -0.024802729 0.999672592 0.006288957 0.014863803 0.521594226 0.007573952 0.853160083 -0.614731430
203603000 0.474116602 0.842873947 0.500000000 0.500000000 0.000000000 0.000000000 0.852193236 0.024644699 -0.522646427 0.282133962 -0.024937782 0.999668002 0.006476096 0.017902879 0.522632539 0.007514758 0.852524936 -0.622158703
203636000 0.474116602 0.842873947 0.500000000 0.500000000 0.000000000 0.000000000 0.851735234 0.024923490 -0.523379326 0.281058150 -0.025134623 0.999661624 0.006700709 0.020693726 0.523369253 0.007447712 0.852073491 -0.629384620
203670000 0.474116602 0.842873947 0.500000000 0.500000000 0.000000000 0.000000000 0.851538956 0.025158487 -0.523687363 0.279192828 -0.025475476 0.999653637 0.006600149 0.024303806 0.523672044 0.007720900 0.851884961 -0.636662842
203703000 0.474116602 0.842873947 0.500000000 0.500000000 0.000000000 0.000000000 0.851243317 0.025246875 -0.524163544 0.277921160 -0.025772935 0.999648035 0.006293744 0.028464946 0.524137974 0.008151726 0.851594329 -0.643952532
203737000 0.474116602 0.842873947 0.500000000 0.500000000 0.000000000 0.000000000 0.850984454 0.025380140 -0.524577260 0.276437784 -0.026010143 0.999642611 0.006170381 0.032909545 0.524546385 0.008393431 0.851340473 -0.650973987
203770000 0.474116602 0.842873947 0.500000000 0.500000000 0.000000000 0.000000000 0.850689650 0.025609950 -0.525044024 0.275085414 -0.026032815 0.999639452 0.006580153 0.036567654 0.525023282 0.008070706 0.851049602 -0.658490429
203803000 0.474116602 0.842873947 0.500000000 0.500000000 0.000000000 0.000000000 0.850632608 0.025878021 -0.525123298 0.273112300 -0.026153797 0.999634147 0.006896057 0.041241904 0.525109649 0.007867957 0.850998223 -0.665923821
203837000 0.474116602 0.842873947 0.500000000 0.500000000 0.000000000 0.000000000 0.850620508 0.026133910 -0.525130212 0.271300251 -0.026205702 0.999629915 0.007299389 0.045506503 0.525126636 0.007552395 0.850990593 -0.673533931
203870000 0.474116602 0.842873947 0.500000000 0.500000000 0.000000000 0.000000000 0.850443602 0.026385816 -0.525404155 0.270268200 -0.026319940 0.999624670 0.007598511 0.049895796 0.525407434 0.007366500 0.850818872 -0.681074354
203903000 0.474116602 0.842873947 0.500000000 0.500000000 0.000000000 0.000000000 0.850338519 0.026866544 -0.525549829 0.268910886 -0.026846314 0.999610186 0.007663624 0.054849236 0.525550842 0.007592401 0.850728333 -0.688379246
203937000 0.474116602 0.842873947 0.500000000 0.500000000 0.000000000 0.000000000 0.850327194 0.027049175 -0.525558770 0.267169207 -0.027205251 0.999602258 0.007430286 0.060201741 0.525550663 0.007979783 0.850724876 -0.695940139
203970000 0.474116602 0.842873947 0.500000000 0.500000000 0.000000000 0.000000000 0.850459993 0.027233839 -0.525334299 0.265109539 -0.027621722 0.999593198 0.007103272 0.066220037 0.525314033 0.008469589 0.850866258 -0.703302830
204003000 0.474116602 0.842873947 0.500000000 0.500000000 0.000000000 0.000000000 0.850526094 0.027468152 -0.525215089 0.263409108 -0.027746230 0.999588013 0.007345452 0.071393348 0.525200427 0.008325241 0.850937843 -0.710455056
204037000 0.474116602 0.842873947 0.500000000 0.500000000 0.000000000 0.000000000 0.850391448 0.027581839 -0.525427103 0.262242731 -0.027625486 0.999588192 0.007761313 0.076111354 0.525424778 0.007915024 0.850803256 -0.717087037
204070000 0.474116602 0.842873947 0.500000000 0.500000000 0.000000000 0.000000000 0.850446403 0.027772576 -0.525328040 0.260379597 -0.027754394 0.999583423 0.007913878 0.081588337 0.525328994 0.007849832 0.850862980 -0.723554820
204104000 0.474116602 0.842873947 0.500000000 0.500000000 0.000000000 0.000000000 0.850568414 0.027921345 -0.525122643 0.258637965 -0.027936431 0.999578476 0.007898595 0.086946574 0.525121808 0.007951756 0.850989938 -0.730277680
204137000 0.474116602 0.842873947 0.500000000 0.500000000 0.000000000 0.000000000 0.850697100 0.028019790 -0.524908841 0.256938765 -0.028113751 0.999574363 0.007794830 0.092111598 0.524903834 0.008126117 0.851122737 -0.736745690
204170000 0.474116602 0.842873947 0.500000000 0.500000000 0.000000000 0.000000000 0.850819230 0.028145811 -0.524704158 0.255100608 -0.028303420 0.999569535 0.007723591 0.097414159 0.524695694 0.008279543 0.851249576 -0.742986358
204204000 0.474116602 0.842873947 0.500000000 0.500000000 0.000000000 0.000000000 0.850892246 0.028210049 -0.524582267 0.253272492 -0.028347487 0.999567926 0.007772287 0.102568707 0.524574876 0.008257210 0.851324260 -0.748963382
204237000 0.474116602 0.842873947 0.500000000 0.500000000 0.000000000 0.000000000 0.850989163 0.028286124 -0.524420917 0.251071006 -0.028367592 0.999566495 0.007881736 0.107542812 0.524416506 0.008169286 0.851422668 -0.754643087
204270000 0.474116602 0.842873947 0.500000000 0.500000000 0.000000000 0.000000000 0.850851655 0.028222293 -0.524647474 0.249757280 -0.028181581 0.999570251 0.008066028 0.111956004 0.524649680 0.007922403 0.851281345 -0.759727273
204304000 0.474116602 0.842873947 0.500000000 0.500000000 0.000000000 0.000000000 0.850684583 0.028239157 -0.524917424 0.248627403 -0.028313499 0.999567986 0.007889049 0.117124800 0.524913430 0.008151158 0.851116598 -0.764729626
204337000 0.474116602 0.842873947 0.500000000 0.500000000 0.000000000 0.000000000 0.850637794 0.028286170 -0.524990737 0.246846634 -0.028473329 0.999564707 0.007720842 0.122398124 0.524980605 0.008380595 0.851072907 -0.769559896
204371000 0.474116602 0.842873947 0.500000000 0.500000000 0.000000000 0.000000000 0.850708961 0.028585538 -0.524859130 0.245415025 -0.028728604 0.999556243 0.007874821 0.127337852 0.524851322 0.008379290 0.851152658 -0.774030592
204404000 0.474116602 0.842873947 0.500000000 0.500000000 0.000000000 0.000000000 0.850979269 0.028578488 -0.524421155 0.243680350 -0.028529346 0.999559522 0.008176669 0.131508615 0.524423838 0.008003217 0.851419747 -0.778871062
204437000 0.474116602 0.842873947 0.500000000 0.500000000 0.000000000 0.000000000 0.851070464 0.028743336 -0.524264097 0.242176353 -0.028702928 0.999554276 0.008206380 0.136592132 0.524266303 0.008063707 0.851516187 -0.783365666
204471000 0.474116602 0.842873947 0.500000000 0.500000000 0.000000000 0.000000000 0.851116240 0.028657500 -0.524194479 0.240950334 -0.028731244 0.999555171 0.007995359 0.141761506 0.524190485 0.008255780 0.851561069 -0.787373458
204504000 0.474116602 0.842873947 0.500000000 0.500000000 0.000000000 0.000000000 0.851038516 0.028507613 -0.524328887 0.240165173 -0.028733404 0.999557376 0.007708447 0.146774768 0.524316609 0.008505570 0.851480901 -0.791454662
204537000 0.474116602 0.842873947 0.500000000 0.500000000 0.000000000 0.000000000 0.850853026 0.028361304 -0.524637759 0.239606937 -0.028610284 0.999561489 0.007635212 0.151391626 0.524624228 0.008513591 0.851291358 -0.795401055
204571000 0.474116602 0.842873947 0.500000000 0.500000000 0.000000000 0.000000000 0.850775957 0.028397914 -0.524760723 0.238392165 -0.028647870 0.999560297 0.007646359 0.156675335 0.524747133 0.008527938 0.851215422 -0.799696127
204604000 0.474116602 0.842873947 0.500000000 0.500000000 0.000000000 0.000000000 0.850719094 0.028450159 -0.524850070 0.237623021 -0.028688610 0.999558866 0.007681546 0.161945693 0.524837077 0.008522381 0.851160049 -0.803502877
204637000 0.474116602 0.842873947 0.500000000 0.500000000 0.000000000 0.000000000 0.850702703 0.028550128 -0.524871290 0.236886651 -0.028842496 0.999554873 0.007622884 0.167598708 0.524855256 0.008653790 0.851147473 -0.807347671
204671000 0.474116602 0.842873947 0.500000000 0.500000000 0.000000000 0.000000000 0.850730121 0.028671738 -0.524820149 0.236250654 -0.028843157 0.999553084 0.007852560 0.172721841 0.524810731 0.008457061 0.851176918 -0.811144857
204704000 0.474116602 0.842873947 0.500000000 0.500000000 0.000000000 0.000000000 0.850861728 0.029021319 -0.524587572 0.235750454 -0.029112738 0.999543488 0.008077121 0.178446141 0.524582505 0.008399667 0.851318181 -0.814978457
204738000 0.474116602 0.842873947 0.500000000 0.500000000 0.000000000 0.000000000 0.850957990 0.029008238 -0.524432063 0.234995532 -0.029073490 0.999544322 0.008112966 0.183943380 0.524428487 0.008343277 0.851413608 -0.818495614
204771000 0.474116602 0.842873947 0.500000000 0.500000000 0.000000000 0.000000000 0.850976706 0.029015694 -0.524401307 0.234537412 -0.029170521 0.999542654 0.007969067 0.189668358 0.524392724 0.008515568 0.851433933 -0.821761381
204804000 0.474116602 0.842873947 0.500000000 0.500000000 0.000000000 0.000000000 0.850927889 0.028995197 -0.524481654 0.234440928 -0.029281335 0.999541163 0.007751631 0.195700101 0.524465740 0.008761444 0.851386487 -0.825020042
204838000 0.474116602 0.842873947 0.500000000 0.500000000 0.000000000 0.000000000 0.851061106 0.029115770 -0.524258792 0.233783925 -0.029375108 0.999537826 0.007824956 0.201706484 0.524244308 0.008740643 0.851523042 -0.828495624
204871000 0.474116602 0.842873947 0.500000000 0.500000000 0.000000000 0.000000000 0.851002097 0.029269855 -0.524345994 0.233938092 -0.029272418 0.999537110 0.008287308 0.206836528 0.524345875 0.008296359 0.851464987 -0.831742276
204904000 0.474116602 0.842873947 0.500000000 0.500000000 0.000000000 0.000000000 0.850932360 0.029369172 -0.524453640 0.233851601 -0.029156027 0.999537289 0.008667641 0.212074688 0.524465561 0.007915408 0.851394892 -0.834893972
204938000 0.474116602 0.842873947 0.500000000 0.500000000 0.000000000 0.000000000 0.850838602 0.029326322 -0.524608135 0.233840070 -0.029102348 0.999538779 0.008675800 0.217509182 0.524620593 0.007885624 0.851299644 -0.837933368
204971000 0.474116602 0.842873947 0.500000000 0.500000000 0.000000000 0.000000000 0.850848079 0.029285708 -0.524594963 0.233662391 -0.029294362 0.999536455 0.008286551 0.223730820 0.524594486 0.008317078 0.851311624 -0.840797639
205004000 0.474116602 0.842873947 0.500000000 0.500000000 0.000000000 0.000000000 0.850933194 0.029089758 -0.524467885 0.233530242 -0.029264763 0.999540031 0.007958579 0.229938432 0.524458110 0.008576209 0.851393044 -0.843856364
205038000 0.474116602 0.842873947 0.500000000 0.500000000 0.000000000 0.000000000 0.851056755 0.029005734 -0.524271965 0.232929674 -0.029004393 0.999545515 0.008217428 0.235311617 0.524272084 0.008212694 0.851511240 -0.846985609
205071000 0.474116602 0.842873947 0.500000000 0.500000000 0.000000000 0.000000000 0.850996792 0.029078074 -0.524365306 0.233208577 -0.028862415 0.999546528 0.008587647 0.240628463 0.524377227 0.007826389 0.851450086 -0.849976337
205105000 0.474116602 0.842873947 0.500000000 0.500000000 0.000000000 0.000000000 0.850874782 0.029135630 -0.524560034 0.233424072 -0.028797165 0.999546468 0.008806684 0.246013961 0.524578750 0.007612457 0.851327896 -0.852738185
205138000 0.474116602 0.842873947 0.500000000 0.500000000 0.000000000 0.000000000 0.850732148 0.029407185 -0.524776220 0.234171868 -0.029152125 0.999536693 0.008752131 0.252043233 0.524790406 0.007852622 0.851195216 -0.855370807
205171000 0.474116602 0.842873947 0.500000000 0.500000000 0.000000000 0.000000000 0.850833714 0.029503250 -0.524606049 0.233937782 -0.029476102 0.999530137 0.008406546 0.258791282 0.524607539 0.008310769 0.851303577 -0.858092951
205205000 0.474116602 0.842873947 0.500000000 0.500000000 0.000000000 0.000000000 0.850969136 0.029590897 -0.524381459 0.233651260 -0.029645385 0.999526083 0.008294658 0.265362280 0.524378419 0.008486994 0.851443052 -0.861048360
205238000 0.474116602 0.842873947 0.500000000 0.500000000 0.000000000 0.000000000 0.851184368 0.029742423 -0.524023414 0.233217540 -0.029669298 0.999523282 0.008538172 0.271322006 0.524027586 0.008279850 0.851661026 -0.863897711
205271000 0.474116602 0.842873947 0.500000000 0.500000000 0.000000000 0.000000000 0.851535678 0.029682647 -0.523455739 0.232167144 -0.029487979 0.999527216 0.008708561 0.277232058 0.523466766 0.008020002 0.852008343 -0.866822816
205305000 0.474116602 0.842873947 0.500000000 0.500000000 0.000000000 0.000000000 0.851730287 0.029475518 -0.523150742 0.231867335 -0.029301254 0.999533534 0.008611291 0.283095773 0.523160517 0.007994476 0.852196634 -0.869127525
205338000 0.474116602 0.842873947 0.500000000 0.500000000 0.000000000 0.000000000 0.851888478 0.029313862 -0.522902250 0.231596020 -0.029206149 0.999537647 0.008452685 0.288813090 0.522908270 0.008071217 0.852350771 -0.871415359
205372000 0.474116602 0.842873947 0.500000000 0.500000000 0.000000000 0.000000000 0.851992309 0.029305954 -0.522733510 0.231475371 -0.029425856 0.999534309 0.008076210 0.294881253 0.522726774 0.008501012 0.852457881 -0.873296151
205405000 0.474116602 0.842873947 0.500000000 0.500000000 0.000000000 0.000000000 0.852099597 0.029232455 -0.522562683 0.231451260 -0.029453292 0.999535024 0.007887525 0.300502555 0.522550285 0.008670234 0.852564394 -0.875030053
205438000 0.474116602 0.842873947 0.500000000 0.500000000 0.000000000 0.000000000 0.852330685 0.029384570 -0.522177160 0.230800464 -0.029523600 0.999531627 0.008056532 0.305772040 0.522169292 0.008549721 0.852798998 -0.876829004
205472000 0.474116602 0.842873947 0.500000000 0.500000000 0.000000000 0.000000000 0.852347910 0.029385816 -0.522148907 0.231248352 -0.029349511 0.999534369 0.008342712 0.310553875 0.522150993 0.008213923 0.852813542 -0.878044249
205505000 0.474116602 0.842873947 0.500000000 0.500000000 0.000000000 0.000000000 0.852507114 0.029422021 -0.521886885 0.231282339 -0.029268157 0.999535084 0.008540225 0.315355283 0.521895528 0.007994064 0.852971971 -0.879066179
205538000 0.474116602 0.842873947 0.500000000 0.500000000 0.000000000 0.000000000 0.852707744 0.029477287 -0.521555960 0.231386302 -0.029279979 0.999534070 0.008620915 0.319942192 0.521567047 0.007920026 0.853173554 -0.880035990
205572000 0.474116602 0.842873947 0.500000000 0.500000000 0.000000000 0.000000000 0.852863789 0.029541921 -0.521297097 0.231847210 -0.029392991 0.999531329 0.008555308 0.324626253 0.521305501 0.008025968 0.853332400 -0.880845445
205605000 0.474116602 0.842873947 0.500000000 0.500000000 0.000000000 0.000000000 0.853308022 0.029625786 -0.520564795 0.231158933 -0.029554784 0.999527574 0.008437864 0.329387665 0.520568848 0.008185084 0.853780448 -0.881643092
205638000 0.474116602 0.842873947 0.500000000 0.500000000 0.000000000 0.000000000 0.853543937 0.029752504 -0.520170689 0.231248336 -0.029618993 0.999524534 0.008568816 0.333731656 0.520178318 0.008093072 0.854019344 -0.882338894
205672000 0.474116602 0.842873947 0.500000000 0.500000000 0.000000000 0.000000000 0.853827715 0.029797951 -0.519702196 0.231524509 -0.029443193 0.999526501 0.008936710 0.337377454 0.519722402 0.007671281 0.854300737 -0.883074487
205705000 0.474116602 0.842873947 0.500000000 0.500000000 0.000000000 0.000000000 0.854370713 0.030041637 -0.518794894 0.231007007 -0.029614201 0.999519885 0.009109006 0.341632655 0.518819451 0.007581228 0.854850233 -0.883492905
205739000 0.474116602 0.842873947 0.500000000 0.500000000 0.000000000 0.000000000 0.854805946 0.030242417 -0.518065751 0.231073954 -0.029686613 0.999515414 0.009364576 0.345049420 0.518097937 0.007374723 0.855289519 -0.884131584
