https://www.youtube.com/watch?v=kPRTac8m6VM
138638500 0.496440337 0.882560613 0.500000000 0.500000000 0.000000000 0.000000000 0.980378270 0.024282238 -0.195624292 0.061223418 -0.024743678 0.999693811 0.000085053 0.033388867 0.195566460 0.004757081 0.980678916 -0.254477618
138671867 0.496440337 0.882560613 0.500000000 0.500000000 0.000000000 0.000000000 0.978288412 0.025506571 -0.205672413 0.065169336 -0.026025107 0.999661267 0.000184129 0.033269234 0.205607444 0.005172515 0.978620887 -0.265118880
138705233 0.496440337 0.882560613 0.500000000 0.500000000 0.000000000 0.000000000 0.976132572 0.026806997 -0.215514779 0.069728757 -0.027370024 0.999625325 0.000372038 0.032774328 0.215443999 0.005535486 0.976500511 -0.275224360
138738600 0.496440337 0.882560613 0.500000000 0.500000000 0.000000000 0.000000000 0.973901272 0.028088700 -0.225227416 0.073519033 -0.028715923 0.999587476 0.000491240 0.032670535 0.225148305 0.005989193 0.974306107 -0.285811277
138771967 0.496440337 0.882560613 0.500000000 0.500000000 0.000000000 0.000000000 0.971521676 0.029438557 -0.235114992 0.077910740 -0.030253502 0.999542236 0.000140997 0.034284452 0.235011518 0.006976070 0.971967578 -0.296637721
138805333 0.496440337 0.882560613 0.500000000 0.500000000 0.000000000 0.000000000 0.969069123 0.030757133 -0.244865328 0.082481452 -0.031654004 0.999498844 0.000272802 0.034431152 0.244750991 0.007486604 0.969557047 -0.306746987
138838700 0.496440337 0.882560613 0.500000000 0.500000000 0.000000000 0.000000000 0.966461003 0.032031976 -0.254808038 0.086958768 -0.033054065 0.999453545 0.000270819 0.035290750 0.254677474 0.008160705 0.966991603 -0.317166010
138872067 0.496440337 0.882560613 0.500000000 0.500000000 0.000000000 0.000000000 0.963735938 0.033368312 -0.264763236 0.091225461 -0.034490988 0.999404907 0.000408851 0.037025781 0.264619321 0.008737922 0.964313388 -0.327410769
138905433 0.496440337 0.882560613 0.500000000 0.500000000 0.000000000 0.000000000 0.960839689 0.034598965 -0.274936378 0.095496333 -0.035826493 0.999357879 0.000557336 0.038120482 0.274779111 0.009314496 0.961462259 -0.336832352
138938800 0.496440337 0.882560613 0.500000000 0.500000000 0.000000000 0.000000000 0.957845986 0.036124371 -0.285001904 0.100037386 -0.037496369 0.999296546 0.000642845 0.039366522 0.284824640 0.010070790 0.958526731 -0.346718348
138972167 0.496440337 0.882560613 0.500000000 0.500000000 0.000000000 0.000000000 0.954747260 0.037523005 -0.295041770 0.105276208 -0.039334208 0.999226093 -0.000204260 0.043927638 0.294805765 0.011800250 0.955484331 -0.356082450
139005533 0.496440337 0.882560613 0.500000000 0.500000000 0.000000000 0.000000000 0.951460183 0.038912538 -0.305302024 0.110719641 -0.040789060 0.999167740 0.000232506 0.046080114 0.305056989 0.012231763 0.952255547 -0.365060704
139038900 0.496440337 0.882560613 0.500000000 0.500000000 0.000000000 0.000000000 0.947951734 0.040271372 -0.315857053 0.116808216 -0.042227440 0.999107838 0.000651777 0.047857896 0.315601498 0.012719980 0.948806584 -0.373468173
139072267 0.496440337 0.882560613 0.500000000 0.500000000 0.000000000 0.000000000 0.944311798 0.041662391 -0.326403856 0.121990163 -0.043884277 0.999036491 0.000557005 0.050549329 0.326112568 0.013798011 0.945230246 -0.381225669
139105633 0.496440337 0.882560613 0.500000000 0.500000000 0.000000000 0.000000000 0.940348744 0.042939674 -0.337491453 0.128757549 -0.045455456 0.998966277 0.000448322 0.053270097 0.337161809 0.014919248 0.941328466 -0.389054129
139139000 0.496440337 0.882560613 0.500000000 0.500000000 0.000000000 0.000000000 0.936410844 0.044424444 -0.348082215 0.134792275 -0.047041953 0.998892486 0.000932683 0.054926576 0.347738117 0.015501092 0.937463522 -0.396951856
139172367 0.496440337 0.882560613 0.500000000 0.500000000 0.000000000 0.000000000 0.932495594 0.045768213 -0.358269751 0.140147898 -0.048654627 0.998815179 0.000959500 0.058009886 0.357889175 0.016536752 0.933617651 -0.404085649
139205733 0.496440337 0.882560613 0.500000000 0.500000000 0.000000000 0.000000000 0.928519189 0.047078587 -0.368287563 0.146367983 -0.050174300 0.998739779 0.001171522 0.059879706 0.367878586 0.017390789 0.929711163 -0.411123387
139239100 0.496440337 0.882560613 0.500000000 0.500000000 0.000000000 0.000000000 0.924517930 0.048371319 -0.378056675 0.151704315 -0.051689848 0.998662233 0.001371269 0.061538695 0.377617270 0.018273931 0.925781429 -0.417770778
139272467 0.496440337 0.882560613 0.500000000 0.500000000 0.000000000 0.000000000 0.920413792 0.049786154 -0.387762487 0.156528421 -0.053248748 0.998579621 0.001816983 0.063053172 0.387302190 0.018975491 0.921757519 -0.424660701
139305833 0.496440337 0.882560613 0.500000000 0.500000000 0.000000000 0.000000000 0.915907264 0.050883129 -0.398151696 0.162781982 -0.054668035 0.998502851 0.001848790 0.065430531 0.397649676 0.020072851 0.917317748 -0.431882995
139339200 0.496440337 0.882560613 0.500000000 0.500000000 0.000000000 0.000000000 0.911352038 0.052191954 -0.408305615 0.168643208 -0.056094222 0.998422563 0.002419861 0.065692844 0.407787830 0.020698240 0.912842095 -0.438581199
139372567 0.496440337 0.882560613 0.500000000 0.500000000 0.000000000 0.000000000 0.907057881 0.053733487 -0.417562783 0.173365253 -0.058024436 0.998312235 0.002421846 0.067707695 0.416988164 0.022032091 0.908644855 -0.444907936
139405933 0.496440337 0.882560613 0.500000000 0.500000000 0.000000000 0.000000000 0.902657807 0.054897167 -0.426843256 0.179018841 -0.059590451 0.998220086 0.002365436 0.070158502 0.426213384 0.023300603 0.904322505 -0.451807304
139439300 0.496440337 0.882560613 0.500000000 0.500000000 0.000000000 0.000000000 0.897823751 0.056011185 -0.436778218 0.184754559 -0.060826641 0.998143911 0.002966312 0.071205117 0.436133683 0.023904527 0.899564326 -0.458517666
139472667 0.496440337 0.882560613 0.500000000 0.500000000 0.000000000 0.000000000 0.893024445 0.057284154 -0.446347237 0.189848034 -0.062538907 0.998038113 0.002964054 0.073683337 0.445641339 0.025267094 0.894854963 -0.464934591
139506033 0.496440337 0.882560613 0.500000000 0.500000000 0.000000000 0.000000000 0.888160586 0.058415644 -0.455805153 0.196657818 -0.064144649 0.997936368 0.002905508 0.075184664 0.455034256 0.026656905 0.890074849 -0.471526038
139539400 0.496440337 0.882560613 0.500000000 0.500000000 0.000000000 0.000000000 0.883398831 0.059681643 -0.464805931 0.202549365 -0.065752096 0.997830987 0.003155868 0.076810739 0.463986129 0.027774075 0.885406971 -0.478160854
139572767 0.496440337 0.882560613 0.500000000 0.500000000 0.000000000 0.000000000 0.878368318 0.060560931 -0.474132299 0.209606188 -0.066960968 0.997749805 0.003392020 0.078478272 0.473270833 0.028768914 0.880447090 -0.485472667
139606133 0.496440337 0.882560613 0.500000000 0.500000000 0.000000000 0.000000000 0.873429596 0.061640665 -0.483033329 0.215578964 -0.068282925 0.997658610 0.003842413 0.079262997 0.482139200 0.029626850 0.875593543 -0.491872626
139639500 0.496440337 0.882560613 0.500000000 0.500000000 0.000000000 0.000000000 0.868242860 0.062584676 -0.492176324 0.222039614 -0.069445051 0.997576296 0.004343602 0.078786033 0.491255283 0.030407909 0.870484710 -0.499006199
139672867 0.496440337 0.882560613 0.500000000 0.500000000 0.000000000 0.000000000 0.862882197 0.063672498 -0.501378238 0.229445484 -0.071116149 0.997458875 0.004279878 0.080704959 0.500376701 0.031963062 0.865217626 -0.505666374
139706233 0.496440337 0.882560613 0.500000000 0.500000000 0.000000000 0.000000000 0.857500374 0.064946294 -0.510367572 0.237614558 -0.072810143 0.997335315 0.004581992 0.082353999 0.509305179 0.033230878 0.859944165 -0.512391619
139739600 0.496440337 0.882560613 0.500000000 0.500000000 0.000000000 0.000000000 0.852150202 0.066166520 -0.519097328 0.245189793 -0.074115977 0.997234762 0.005443319 0.082748418 0.518022120 0.033834882 0.854697764 -0.519867005
139772967 0.496440337 0.882560613 0.500000000 0.500000000 0.000000000 0.000000000 0.846228361 0.067014113 -0.528589308 0.255468297 -0.075546689 0.997127235 0.005470880 0.084822179 0.527437449 0.035303559 0.848860085 -0.527246468
139806333 0.496440337 0.882560613 0.500000000 0.500000000 0.000000000 0.000000000 0.839992404 0.068148904 -0.538301468 0.265046185 -0.076933667 0.997017145 0.006171123 0.084914069 0.537116289 0.036229808 0.842729747 -0.533484977
139839700 0.496440337 0.882560613 0.500000000 0.500000000 0.000000000 0.000000000 0.833825767 0.069481581 -0.547637522 0.275551571 -0.078811541 0.996868491 0.006480383 0.087141246 0.546372831 0.037756648 0.836690605 -0.539794731
139873067 0.496440337 0.882560613 0.500000000 0.500000000 0.000000000 0.000000000 0.827855945 0.071335837 -0.556386352 0.284881788 -0.080825858 0.996699810 0.007527593 0.088622675 0.555087149 0.038738642 0.830889642 -0.545114417
139906433 0.496440337 0.882560613 0.500000000 0.500000000 0.000000000 0.000000000 0.821202338 0.072912335 -0.565959871 0.295962474 -0.082577594 0.996547818 0.008565485 0.089913275 0.564630568 0.039701607 0.824388325 -0.550693220
139939800 0.496440337 0.882560613 0.500000000 0.500000000 0.000000000 0.000000000 0.814397633 0.074078962 -0.575559497 0.307212658 -0.084090255 0.996415079 0.009261412 0.091085873 0.574182272 0.040856473 0.817707419 -0.555843440
139973167 0.496440337 0.882560613 0.500000000 0.500000000 0.000000000 0.000000000 0.807066381 0.075482659 -0.585616112 0.319073300 -0.085941419 0.996250272 0.009971023 0.093324388 0.584172845 0.042281404 0.810527205 -0.560447755
140006533 0.496440337 0.882560613 0.500000000 0.500000000 0.000000000 0.000000000 0.799790204 0.076735839 -0.595354736 0.330701028 -0.087363437 0.996115446 0.011027605 0.094014333 0.593888283 0.043192465 0.803387284 -0.564714228
140039900 0.496440337 0.882560613 0.500000000 0.500000000 0.000000000 0.000000000 0.792787194 0.078003049 -0.604486585 0.341497555 -0.088921227 0.995967567 0.011899184 0.095526952 0.602977216 0.044318166 0.796526432 -0.567949360
140073267 0.496440337 0.882560613 0.500000000 0.500000000 0.000000000 0.000000000 0.785125434 0.079324417 -0.614235878 0.353362610 -0.090616345 0.995803952 0.012774203 0.097372776 0.612671793 0.045630459 0.789019108 -0.571885989
140106633 0.496440337 0.882560613 0.500000000 0.500000000 0.000000000 0.000000000 0.776853502 0.080389827 -0.624528766 0.366473513 -0.092004500 0.995664120 0.013717942 0.098223427 0.622923613 0.046802625 0.780881345 -0.574618181
140140000 0.496440337 0.882560613 0.500000000 0.500000000 0.000000000 0.000000000 0.768625140 0.081777133 -0.634450912 0.378607983 -0.093448989 0.995509505 0.015103890 0.098249166 0.632837057 0.047679566 0.772815585 -0.577437975
140173367 0.496440337 0.882560613 0.500000000 0.500000000 0.000000000 0.000000000 0.760322809 0.083231270 -0.644190848 0.390488829 -0.095201105 0.995325685 0.016235331 0.099119313 0.642530918 0.048983589 0.764692485 -0.579483215
140206733 0.496440337 0.882560613 0.500000000 0.500000000 0.000000000 0.000000000 0.751723886 0.084243424 -0.654075086 0.402931459 -0.096689537 0.995168507 0.017050896 0.100395891 0.652351379 0.050424654 0.756237447 -0.581398608
140240100 0.496440337 0.882560613 0.500000000 0.500000000 0.000000000 0.000000000 0.742934227 0.085695118 -0.663856208 0.414317995 -0.098242767 0.994990587 0.018494852 0.100666233 0.662115633 0.051478617 0.747631490 -0.582498374
140273467 0.496440337 0.882560613 0.500000000 0.500000000 0.000000000 0.000000000 0.733713090 0.087036058 -0.673861861 0.426584399 -0.099990658 0.994794965 0.019616159 0.101507547 0.672061741 0.052987259 0.738596916 -0.583687393
140306833 0.496440337 0.882560613 0.500000000 0.500000000 0.000000000 0.000000000 0.725073636 0.088464782 -0.682965696 0.435614296 -0.101988763 0.994573236 0.020550575 0.102574129 0.681077421 0.054754145 0.730161309 -0.583378076
140340200 0.496440337 0.882560613 0.500000000 0.500000000 0.000000000 0.000000000 0.715585947 0.089773297 -0.692731917 0.448739337 -0.103387229 0.994396329 0.022068836 0.101878148 0.690831304 0.055827487 0.720857441 -0.583934060
140373567 0.496440337 0.882560613 0.500000000 0.500000000 0.000000000 0.000000000 0.706591547 0.091136910 -0.701728165 0.458577435 -0.104849182 0.994209349 0.023547038 0.101849453 0.699810684 0.056937486 0.712055564 -0.584160911
140406933 0.496440337 0.882560613 0.500000000 0.500000000 0.000000000 0.000000000 0.697275341 0.092060946 -0.710866988 0.470103890 -0.106553957 0.994012058 0.024213027 0.102520185 0.708839417 0.058862541 0.702909589 -0.583599311
140440300 0.496440337 0.882560613 0.500000000 0.500000000 0.000000000 0.000000000 0.687966466 0.093220919 -0.719730496 0.480921618 -0.108414344 0.993789196 0.025087876 0.102534496 0.717599094 0.060769498 0.693800092 -0.583390611
140473667 0.496440337 0.882560613 0.500000000 0.500000000 0.000000000 0.000000000 0.678799450 0.094554722 -0.728210628 0.490776418 -0.110145085 0.993566453 0.026338505 0.102493220 0.726016104 0.062330261 0.684847116 -0.583910979
140507033 0.496440337 0.882560613 0.500000000 0.500000000 0.000000000 0.000000000 0.669609129 0.095787242 -0.736510992 0.500529389 -0.111548088 0.993370712 0.027777754 0.101294563 0.734289169 0.063556157 0.675854981 -0.583508912
140540400 0.496440337 0.882560613 0.500000000 0.500000000 0.000000000 0.000000000 0.660283267 0.096816793 -0.744749963 0.510153807 -0.113217868 0.993154645 0.028732043 0.101132694 0.742433608 0.065347716 0.666724801 -0.584061747
140573767 0.496440337 0.882560613 0.500000000 0.500000000 0.000000000 0.000000000 0.651000440 0.097898044 -0.752737939 0.520371679 -0.114699386 0.992948890 0.029941900 0.099806894 0.750361562 0.066846393 0.657639027 -0.584485386
140607133 0.496440337 0.882560613 0.500000000 0.500000000 0.000000000 0.000000000 0.642059922 0.099121824 -0.760219634 0.529788037 -0.116259791 0.992727160 0.031247780 0.099535158 0.757788002 0.068320028 0.648914218 -0.585145877
140640500 0.496440337 0.882560613 0.500000000 0.500000000 0.000000000 0.000000000 0.633479595 0.100100696 -0.767257094 0.538001146 -0.117532276 0.992538631 0.032452632 0.099589865 0.764780879 0.069619395 0.640518010 -0.585634577
140673867 0.496440337 0.882560613 0.500000000 0.500000000 0.000000000 0.000000000 0.624535561 0.101187088 -0.774413645 0.547244800 -0.118930496 0.992328882 0.033747528 0.099187729 0.771887839 0.071024865 0.631778896 -0.586141138
140707233 0.496440337 0.882560613 0.500000000 0.500000000 0.000000000 0.000000000 0.615674973 0.102003932 -0.781370282 0.555872192 -0.120576672 0.992104113 0.034506667 0.099833063 0.778720498 0.072970137 0.623112917 -0.586696155
140740600 0.496440337 0.882560613 0.500000000 0.500000000 0.000000000 0.000000000 0.606491327 0.102656431 -0.788435102 0.565397828 -0.121973827 0.991904616 0.035322268 0.100264101 0.785678446 0.074745797 0.614102960 -0.587003711
140773967 0.496440337 0.882560613 0.500000000 0.500000000 0.000000000 0.000000000 0.597330809 0.103495382 -0.795288980 0.575375866 -0.123238385 0.991705894 0.036493517 0.100799108 0.792469680 0.076211430 0.605131090 -0.587592137
140807333 0.496440337 0.882560613 0.500000000 0.500000000 0.000000000 0.000000000 0.588011742 0.104344808 -0.802093685 0.585808404 -0.124607146 0.991492152 0.037634745 0.101926431 0.799196601 0.077816933 0.596011162 -0.587468473
140840700 0.496440337 0.882560613 0.500000000 0.500000000 0.000000000 0.000000000 0.578758359 0.105432443 -0.808654904 0.594708159 -0.126087233 0.991252303 0.038998231 0.102842091 0.805692732 0.079390511 0.586989284 -0.587228245
140874067 0.496440337 0.882560613 0.500000000 0.500000000 0.000000000 0.000000000 0.569260478 0.106643192 -0.815211475 0.606096956 -0.127868563 0.990970194 0.040345002 0.103799838 0.812152743 0.081273101 0.577756464 -0.586968862
140907433 0.496440337 0.882560613 0.500000000 0.500000000 0.000000000 0.000000000 0.560431540 0.108107306 -0.821114659 0.615052554 -0.129759535 0.990661263 0.041865505 0.105380954 0.817972481 0.083084717 0.569225788 -0.586047659
140940800 0.496440337 0.882560613 0.500000000 0.500000000 0.000000000 0.000000000 0.551030755 0.109111696 -0.827320814 0.625764881 -0.130876049 0.990445852 0.043456536 0.105805152 0.824158072 0.084330596 0.560046256 -0.584865094
140974167 0.496440337 0.882560613 0.500000000 0.500000000 0.000000000 0.000000000 0.541492581 0.109936655 -0.833486497 0.637099560 -0.132157773 0.990218043 0.044750344 0.106493773 0.830253065 0.085919745 0.550724685 -0.584151249
141007533 0.496440337 0.882560613 0.500000000 0.500000000 0.000000000 0.000000000 0.532196820 0.110699229 -0.839352310 0.647745234 -0.133777335 0.989955306 0.045739342 0.107516289 0.835984588 0.087943979 0.541660070 -0.582743524
141040900 0.496440337 0.882560613 0.500000000 0.500000000 0.000000000 0.000000000 0.523118317 0.111295037 -0.844961941 0.657879480 -0.135228261 0.989716053 0.046641283 0.108495310 0.841463327 0.089863829 0.532788813 -0.581644538
141074267 0.496440337 0.882560613 0.500000000 0.500000000 0.000000000 0.000000000 0.513685465 0.111597903 -0.850689828 0.668711009 -0.136452809 0.989511311 0.047412772 0.109840152 0.847058356 0.091723762 0.523525476 -0.579979290
141107633 0.496440337 0.882560613 0.500000000 0.500000000 0.000000000 0.000000000 0.504799485 0.111901119 -0.855953038 0.678482927 -0.137748331 0.989298820 0.048096512 0.111476809 0.852175355 0.093627013 0.514811695 -0.577945325
141141000 0.496440337 0.882560613 0.500000000 0.500000000 0.000000000 0.000000000 0.495900989 0.112503387 -0.861060500 0.688698622 -0.139278904 0.989039600 0.049011365 0.113036265 0.857136846 0.095622778 0.506135046 -0.575914692
141174367 0.496440337 0.882560613 0.500000000 0.500000000 0.000000000 0.000000000 0.487256527 0.113154747 -0.865896702 0.697620136 -0.140507057 0.988808692 0.050150808 0.113776062 0.861881018 0.097228289 0.497702539 -0.573418709
141207733 0.496440337 0.882560613 0.500000000 0.500000000 0.000000000 0.000000000 0.478337437 0.113686390 -0.870786250 0.708898016 -0.141986981 0.988550484 0.051065404 0.114939093 0.866621614 0.099213809 0.489002675 -0.570478231
141241100 0.496440337 0.882560613 0.500000000 0.500000000 0.000000000 0.000000000 0.469640732 0.114129096 -0.875449657 0.719228930 -0.143272966 0.988317013 0.051983468 0.115555490 0.871154666 0.101014726 0.480505526 -0.566838348
141274467 0.496440337 0.882560613 0.500000000 0.500000000 0.000000000 0.000000000 0.461000681 0.114735484 -0.879951239 0.729434778 -0.144597784 0.988065839 0.053078551 0.115761331 0.875539780 0.102769755 0.472089529 -0.563096386
141307833 0.496440337 0.882560613 0.500000000 0.500000000 0.000000000 0.000000000 0.452974141 0.115269877 -0.884040296 0.737723415 -0.146201044 0.987786233 0.053885218 0.117515530 0.879454195 0.104839012 0.464294195 -0.558815287
141341200 0.496440337 0.882560613 0.500000000 0.500000000 0.000000000 0.000000000 0.444412053 0.115707718 -0.888318419 0.747458699 -0.147333801 0.987560570 0.054925654 0.117837508 0.883623600 0.106469706 0.455931485 -0.554493880
141374567 0.496440337 0.882560613 0.500000000 0.500000000 0.000000000 0.000000000 0.436226845 0.116284952 -0.892291427 0.756259655 -0.148763955 0.987289369 0.055936962 0.118809844 0.887454450 0.108339593 0.447981149 -0.549907004
141407933 0.496440337 0.882560613 0.500000000 0.500000000 0.000000000 0.000000000 0.428243965 0.116690554 -0.896097302 0.765052965 -0.150231197 0.987021625 0.056735460 0.119880009 0.891087949 0.110325150 0.440216631 -0.544992521
141441300 0.496440337 0.882560613 0.500000000 0.500000000 0.000000000 0.000000000 0.420371950 0.117135860 -0.899759173 0.773505626 -0.151547015 0.986766875 0.057659514 0.120594094 0.894606590 0.112117372 0.432560712 -0.539892468
141474667 0.496440337 0.882560613 0.500000000 0.500000000 0.000000000 0.000000000 0.412721723 0.117685333 -0.903222501 0.781611493 -0.153164238 0.986465037 0.058544002 0.122400390 0.897887230 0.114179000 0.425160766 -0.534895060
141508033 0.496440337 0.882560613 0.500000000 0.500000000 0.000000000 0.000000000 0.404996425 0.117923252 -0.906681836 0.790618240 -0.154431477 0.986223102 0.059286989 0.123926038 0.901181877 0.116009191 0.417627901 -0.529676483
141541400 0.496440337 0.882560613 0.500000000 0.500000000 0.000000000 0.000000000 0.397515595 0.118415184 -0.909922600 0.799442000 -0.155686408 0.985964537 0.060296770 0.125155935 0.904291511 0.117693678 0.410371929 -0.524409576
141574767 0.496440337 0.882560613 0.500000000 0.500000000 0.000000000 0.000000000 0.390396893 0.118818171 -0.912947178 0.808097783 -0.156839207 0.985724747 0.061222028 0.126379307 0.907188892 0.119285017 0.403459251 -0.519167446
141608133 0.496440337 0.882560613 0.500000000 0.500000000 0.000000000 0.000000000 0.383283883 0.119117126 -0.915917337 0.816589281 -0.158106074 0.985473692 0.062000453 0.128117649 0.909997761 0.121048316 0.396549344 -0.513810049
141641500 0.496440337 0.882560613 0.500000000 0.500000000 0.000000000 0.000000000 0.376278490 0.119477510 -0.918770730 0.825272469 -0.159452111 0.985205293 0.062813796 0.129924359 0.912682593 0.122864448 0.389762491 -0.508274480
141674867 0.496440337 0.882560613 0.500000000 0.500000000 0.000000000 0.000000000 0.369037420 0.119775370 -0.921664357 0.834797797 -0.160533577 0.984971166 0.063724265 0.131258004 0.915445447 0.124441445 0.382719189 -0.502510266
141708233 0.496440337 0.882560613 0.500000000 0.500000000 0.000000000 0.000000000 0.361961722 0.120021097 -0.924434245 0.843771914 -0.161658019 0.984733284 0.064552732 0.133037334 0.918068826 0.126076579 0.375838131 -0.496086153
141741600 0.496440337 0.882560613 0.500000000 0.500000000 0.000000000 0.000000000 0.355095983 0.120409451 -0.927042842 0.853427286 -0.162936121 0.984462976 0.065456182 0.135026568 0.920520842 0.127805546 0.369197905 -0.489772540
141774967 0.496440337 0.882560613 0.500000000 0.500000000 0.000000000 0.000000000 0.348451793 0.120786034 -0.929511726 0.862625778 -0.164149746 0.984201014 0.066356838 0.137058962 0.922841370 0.129456952 0.362773627 -0.483384262
141808333 0.496440337 0.882560613 0.500000000 0.500000000 0.000000000 0.000000000 0.341466486 0.121050455 -0.932066202 0.871873803 -0.165402845 0.983934581 0.067190722 0.139077014 0.925225675 0.131223023 0.356002778 -0.476158162
141841700 0.496440337 0.882560613 0.500000000 0.500000000 0.000000000 0.000000000 0.334580868 0.121396072 -0.934515178 0.881511547 -0.166897267 0.983625114 0.068021998 0.141590629 0.927470207 0.133209169 0.349362820 -0.468843421
141875067 0.496440337 0.882560613 0.500000000 0.500000000 0.000000000 0.000000000 0.327993363 0.121977665 -0.936771989 0.890979872 -0.168322951 0.983306825 0.069101825 0.143742960 0.929563224 0.135015294 0.343049735 -0.461525394
141908433 0.496440337 0.882560613 0.500000000 0.500000000 0.000000000 0.000000000 0.321389467 0.122247279 -0.939023137 0.901025130 -0.169174030 0.983091295 0.070082925 0.144923600 0.931712925 0.136334404 0.336636275 -0.453891952
141941800 0.496440337 0.882560613 0.500000000 0.500000000 0.000000000 0.000000000 0.315339863 0.122559443 -0.941031337 0.909735229 -0.170462787 0.982811570 0.070878752 0.147096346 0.933543384 0.138059929 0.330811501 -0.446909869
141975167 0.496440337 0.882560613 0.500000000 0.500000000 0.000000000 0.000000000 0.309193939 0.122758925 -0.943042576 0.918608923 -0.171716407 0.982541025 0.071600169 0.149236258 0.935367644 0.139797539 0.324875444 -0.439347268
142008533 0.496440337 0.882560613 0.500000000 0.500000000 0.000000000 0.000000000 0.302994102 0.123003021 -0.945021093 0.926979987 -0.173068941 0.982248127 0.072358832 0.152014991 0.937145531 0.141629502 0.318903387 -0.431561473
142041900 0.496440337 0.882560613 0.500000000 0.500000000 0.000000000 0.000000000 0.296901643 0.123108551 -0.946939111 0.935542007 -0.174247161 0.981989920 0.073032245 0.154016557 0.938875556 0.143318057 0.313005745 -0.424178298
142075267 0.496440337 0.882560613 0.500000000 0.500000000 0.000000000 0.000000000 0.291210175 0.123231724 -0.948688865 0.943238848 -0.175428629 0.981731594 0.073674187 0.155578743 0.940436840 0.144972503 0.307508618 -0.416944333
142108633 0.496440337 0.882560613 0.500000000 0.500000000 0.000000000 0.000000000 0.285931826 0.123522453 -0.950255334 0.950092855 -0.176818579 0.981429696 0.074370064 0.157899660 0.941795170 0.146758035 0.302463055 -0.410174121
142142000 0.496440337 0.882560613 0.500000000 0.500000000 0.000000000 0.000000000 0.280818999 0.123665765 -0.951760173 0.956195413 -0.177794546 0.981202960 0.075032689 0.160142442 0.943148851 0.148147166 0.297527522 -0.403559151
142175367 0.496440337 0.882560613 0.500000000 0.500000000 0.000000000 0.000000000 0.275523603 0.123775311 -0.953292429 0.962902518 -0.178699374 0.980985522 0.075722717 0.161781637 0.944538653 0.149489358 0.292403251 -0.396754579
142208733 0.496440337 0.882560613 0.500000000 0.500000000 0.000000000 0.000000000 0.270928741 0.124007195 -0.954578340 0.968197466 -0.180021241 0.980698526 0.076306731 0.163931341 0.945616186 0.151170686 0.288023353 -0.390293665
142242100 0.496440337 0.882560613 0.500000000 0.500000000 0.000000000 0.000000000 0.266134202 0.124128573 -0.955910385 0.973588866 -0.181258217 0.980428398 0.076848380 0.166011610 0.946740746 0.152814627 0.283424824 -0.383864546
142275467 0.496440337 0.882560613 0.500000000 0.500000000 0.000000000 0.000000000 0.261142790 0.123957820 -0.957308173 0.978717732 -0.182392254 0.980193019 0.077166550 0.168550204 0.947912157 0.154454112 0.278579295 -0.376771345
142308833 0.496440337 0.882560613 0.500000000 0.500000000 0.000000000 0.000000000 0.256673843 0.124045558 -0.958504677 0.983417566 -0.183453575 0.979953170 0.077695087 0.169958578 0.948927462 0.155898809 0.274284959 -0.370297640
142342200 0.496440337 0.882560613 0.500000000 0.500000000 0.000000000 0.000000000 0.252618968 0.124098189 -0.959574521 0.987462643 -0.184723079 0.979685009 0.078068540 0.171704909 0.949768960 0.157533959 0.270410806 -0.364145915
142375567 0.496440337 0.882560613 0.500000000 0.500000000 0.000000000 0.000000000 0.248774365 0.123943500 -0.960598409 0.990992307 -0.185722560 0.979479015 0.078281455 0.173875125 0.950588465 0.158930376 0.266688377 -0.357964436
142408933 0.496440337 0.882560613 0.500000000 0.500000000 0.000000000 0.000000000 0.244816929 0.123837039 -0.961628318 0.995185881 -0.186291128 0.979338229 0.078690611 0.175205127 0.951504230 0.159878045 0.262828320 -0.351856542
142442300 0.496440337 0.882560613 0.500000000 0.500000000 0.000000000 0.000000000 0.241416723 0.124127358 -0.962450206 0.998668503 -0.187431872 0.979074895 0.079256870 0.177005716 0.952148736 0.161259919 0.259630471 -0.346413344
142475667 0.496440337 0.882560613 0.500000000 0.500000000 0.000000000 0.000000000 0.237934321 0.124252863 -0.963300824 1.002012454 -0.188278764 0.978871763 0.079756647 0.177593910 0.952857971 0.162392244 0.256301373 -0.340500707
142509033 0.496440337 0.882560613 0.500000000 0.500000000 0.000000000 0.000000000 0.234134719 0.124511965 -0.964197934 1.005687073 -0.189531624 0.978581786 0.080345750 0.179171964 0.953550577 0.163934276 0.252718925 -0.334578657
142542400 0.496440337 0.882560613 0.500000000 0.500000000 0.000000000 0.000000000 0.230790600 0.124964334 -0.964945376 1.008855079 -0.190585285 0.978313863 0.081112415 0.180454954 0.954155624 0.165184408 0.249602005 -0.328847128
142575767 0.496440337 0.882560613 0.500000000 0.500000000 0.000000000 0.000000000 0.227916986 0.125517264 -0.965556443 1.011172523 -0.191567138 0.978054523 0.081923045 0.181533748 0.954649627 0.166297242 0.246960223 -0.323404242
142609133 0.496440337 0.882560613 0.500000000 0.500000000 0.000000000 0.000000000 0.224197924 0.125642747 -0.966410458 1.013613381 -0.192390576 0.977844656 0.082496539 0.182828962 0.955364406 0.167432711 0.243403211 -0.317377637
142642500 0.496440337 0.882560613 0.500000000 0.500000000 0.000000000 0.000000000 0.220850840 0.125776887 -0.967163444 1.016543830 -0.193511471 0.977585614 0.082944095 0.184807149 0.955917478 0.168838948 0.240239874 -0.311565876
142675867 0.496440337 0.882560613 0.500000000 0.500000000 0.000000000 0.000000000 0.218601748 0.126004130 -0.967644691 1.018893542 -0.194592342 0.977340221 0.083306074 0.186983105 0.956214964 0.170085385 0.238167718 -0.306816082
142709233 0.496440337 0.882560613 0.500000000 0.500000000 0.000000000 0.000000000 0.216319159 0.126155570 -0.968137801 1.021387120 -0.195229217 0.977178514 0.083711945 0.188621710 0.956604183 0.170900285 0.236011699 -0.301935585
142742600 0.496440337 0.882560613 0.500000000 0.500000000 0.000000000 0.000000000 0.214064628 0.126209602 -0.968631744 1.022842845 -0.195954531 0.977008998 0.083995774 0.190908879 0.956963003 0.171827257 0.233874395 -0.296821720
142775967 0.496440337 0.882560613 0.500000000 0.500000000 0.000000000 0.000000000 0.211642683 0.126166314 -0.969169438 1.023967668 -0.196765706 0.976828814 0.084194630 0.193241257 0.957335174 0.172880143 0.231563881 -0.291205920
142809333 0.496440337 0.882560613 0.500000000 0.500000000 0.000000000 0.000000000 0.208824798 0.126151249 -0.969782472 1.026414177 -0.197521642 0.976648867 0.084511794 0.195490665 0.957798183 0.173904866 0.228866100 -0.285332942
142842700 0.496440337 0.882560613 0.500000000 0.500000000 0.000000000 0.000000000 0.206660539 0.126211360 -0.970238149 1.028470822 -0.198147163 0.976495385 0.084820010 0.197346528 0.958138347 0.174720988 0.226811484 -0.280069773
142876067 0.496440337 0.882560613 0.500000000 0.500000000 0.000000000 0.000000000 0.205182523 0.126395151 -0.970527887 1.029344665 -0.198894456 0.976319075 0.085100420 0.199411199 0.958301187 0.175571501 0.225462914 -0.275669562
142909433 0.496440337 0.882560613 0.500000000 0.500000000 0.000000000 0.000000000 0.203431860 0.126375005 -0.970898986 1.030247601 -0.199522644 0.976177275 0.085256189 0.200838968 0.958543777 0.176372513 0.223800227 -0.270876918
142942800 0.496440337 0.882560613 0.500000000 0.500000000 0.000000000 0.000000000 0.201224729 0.126093611 -0.971395373 1.032128349 -0.200304046 0.976022065 0.085201159 0.202867866 0.958846629 0.177429855 0.221656829 -0.265846193
142976167 0.496440337 0.882560613 0.500000000 0.500000000 0.000000000 0.000000000 0.199463025 0.126178935 -0.971747577 1.033586282 -0.200796470 0.975894630 0.085501492 0.204281443 0.959111691 0.178069100 0.219991177 -0.261068815
143009533 0.496440337 0.882560613 0.500000000 0.500000000 0.000000000 0.000000000 0.197984621 0.126496613 -0.972008586 1.034696392 -0.201221630 0.975763261 0.085999206 0.205210281 0.959328890 0.178562626 0.218639985 -0.256572640
143042900 0.496440337 0.882560613 0.500000000 0.500000000 0.000000000 0.000000000 0.197049901 0.126751214 -0.972165346 1.035245730 -0.201940954 0.975591123 0.086266093 0.206324446 0.959370196 0.179321274 0.217836395 -0.252351592
143076267 0.496440337 0.882560613 0.500000000 0.500000000 0.000000000 0.000000000 0.195961565 0.126670495 -0.972395837 1.035910139 -0.202603891 0.975455999 0.086239487 0.207928485 0.959453344 0.180111542 0.216815814 -0.247814323
143109633 0.496440337 0.882560613 0.500000000 0.500000000 0.000000000 0.000000000 0.194177508 0.126518726 -0.972773433 1.037280598 -0.202971742 0.975370586 0.086340852 0.209344673 0.959738255 0.180680066 0.215074763 -0.242351274
143143000 0.496440337 0.882560613 0.500000000 0.500000000 0.000000000 0.000000000 0.193009362 0.126784742 -0.972971261 1.038269613 -0.203498587 0.975227952 0.086710580 0.210521893 0.959862351 0.181262314 0.214028642 -0.237351732
143176367 0.496440337 0.882560613 0.500000000 0.500000000 0.000000000 0.000000000 0.192085803 0.126849711 -0.973145545 1.039270252 -0.204013884 0.975109160 0.086836077 0.211583873 0.959938228 0.181855217 0.213183716 -0.232912329
143209733 0.496440337 0.882560613 0.500000000 0.500000000 0.000000000 0.000000000 0.190890476 0.126720265 -0.973397553 1.040213334 -0.204615936 0.974986136 0.086800374 0.213306642 0.960048497 0.182603285 0.212044552 -0.227664017
143243100 0.496440337 0.882560613 0.500000000 0.500000000 0.000000000 0.000000000 0.189734176 0.126405939 -0.973664463 1.041383367 -0.204950303 0.974930882 0.086632483 0.215093500 0.960206389 0.183115676 0.210884631 -0.222320358
143276467 0.496440337 0.882560613 0.500000000 0.500000000 0.000000000 0.000000000 0.188837022 0.126067147 -0.973882794 1.042061556 -0.205034554 0.974929690 0.086446233 0.216716381 0.960365236 0.183355376 0.209950939 -0.217225909
143309833 0.496440337 0.882560613 0.500000000 0.500000000 0.000000000 0.000000000 0.187606066 0.125970215 -0.974133193 1.043759914 -0.205574438 0.974814117 0.086467162 0.218871071 0.960491061 0.184035122 0.208777294 -0.211807278
143343200 0.496440337 0.882560613 0.500000000 0.500000000 0.000000000 0.000000000 0.186654657 0.126310423 -0.974271894 1.045244101 -0.206243813 0.974639118 0.086845078 0.220489138 0.960532963 0.184727505 0.207971677 -0.206589830
143376567 0.496440337 0.882560613 0.500000000 0.500000000 0.000000000 0.000000000 0.186216325 0.126803413 -0.974291742 1.045702638 -0.206894487 0.974462211 0.087281860 0.222494743 0.960478067 0.185322285 0.207695693 -0.202001643
143409933 0.496440337 0.882560613 0.500000000 0.500000000 0.000000000 0.000000000 0.185411975 0.126764387 -0.974450171 1.046358543 -0.206851423 0.974460065 0.087407343 0.224169769 0.960642934 0.185360044 0.206897959 -0.197029934
143443300 0.496440337 0.882560613 0.500000000 0.500000000 0.000000000 0.000000000 0.184867620 0.126725808 -0.974558651 1.046638748 -0.207139939 0.974398375 0.087411828 0.226229166 0.960685670 0.185710400 0.206384689 -0.192034623
143476667 0.496440337 0.882560613 0.500000000 0.500000000 0.000000000 0.000000000 0.184416100 0.126508638 -0.974672377 1.046689763 -0.207568273 0.974327087 0.087190188 0.228431307 0.960680008 0.186231792 0.205940783 -0.187333771
143510033 0.496440337 0.882560613 0.500000000 0.500000000 0.000000000 0.000000000 0.183686376 0.126132473 -0.974858940 1.047474774 -0.207826242 0.974298000 0.086900532 0.230734816 0.960764050 0.186638817 0.205178902 -0.182317587
143543400 0.496440337 0.882560613 0.500000000 0.500000000 0.000000000 0.000000000 0.183058724 0.126220703 -0.974965572 1.047696989 -0.208170846 0.974212229 0.087037191 0.232995520 0.960809231 0.187026486 0.204613507 -0.177493210
143576767 0.496440337 0.882560613 0.500000000 0.500000000 0.000000000 0.000000000 0.182419136 0.126151055 -0.975094438 1.047883457 -0.208266407 0.974188685 0.087071724 0.234611146 0.960910201 0.187195867 0.203983679 -0.172836776
143610133 0.496440337 0.882560613 0.500000000 0.500000000 0.000000000 0.000000000 0.181327179 0.126079410 -0.975307345 1.048386546 -0.208509400 0.974128723 0.087161392 0.236263019 0.961064160 0.187556028 0.202924758 -0.167576678
143643500 0.496440337 0.882560613 0.500000000 0.500000000 0.000000000 0.000000000 0.180215120 0.126120210 -0.975508153 1.048934232 -0.208832458 0.974042475 0.087351069 0.237927989 0.961203158 0.187975779 0.201875180 -0.162231567
143676867 0.496440337 0.882560613 0.500000000 0.500000000 0.000000000 0.000000000 0.179628298 0.126328498 -0.975589454 1.049470929 -0.209056094 0.973969758 0.087626770 0.239376817 0.961264372 0.188212678 0.201362267 -0.157699704
143710233 0.496440337 0.882560613 0.500000000 0.500000000 0.000000000 0.000000000 0.178992644 0.126382098 -0.975699365 1.049641699 -0.209089085 0.973947287 0.087797627 0.240751240 0.961375773 0.188292950 0.200754523 -0.152784492
143743600 0.496440337 0.882560613 0.500000000 0.500000000 0.000000000 0.000000000 0.177859426 0.126283839 -0.975919247 1.049985116 -0.209213927 0.973911703 0.087895222 0.242162615 0.961558938 0.188542902 0.199639708 -0.147194950
143776967 0.496440337 0.882560613 0.500000000 0.500000000 0.000000000 0.000000000 0.176692396 0.126282111 -0.976131439 1.050076765 -0.209438115 0.973847210 0.088075593 0.243516270 0.961725235 0.188876852 0.198519677 -0.141412265
143810333 0.496440337 0.882560613 0.500000000 0.500000000 0.000000000 0.000000000 0.175374612 0.126380995 -0.976356268 1.050936332 -0.209583819 0.973786235 0.088402554 0.244670122 0.961934686 0.189124912 0.197264791 -0.135639140
143843700 0.496440337 0.882560613 0.500000000 0.500000000 0.000000000 0.000000000 0.174451068 0.126571670 -0.976497054 1.050915105 -0.209657654 0.973737955 0.088758729 0.245786279 0.962086558 0.189246029 0.196406335 -0.130249597
143877067 0.496440337 0.882560613 0.500000000 0.500000000 0.000000000 0.000000000 0.173418894 0.126772791 -0.976654768 1.051124723 -0.209783211 0.973676383 0.089136213 0.246904141 0.962245762 0.189427868 0.195448697 -0.124876271
143910433 0.496440337 0.882560613 0.500000000 0.500000000 0.000000000 0.000000000 0.172262445 0.127028227 -0.976826251 1.051259309 -0.209888235 0.973611534 0.089596577 0.247723597 0.962430537 0.189590216 0.194378436 -0.119376413
143943800 0.496440337 0.882560613 0.500000000 0.500000000 0.000000000 0.000000000 0.171052516 0.127260953 -0.977008522 1.051131347 -0.210027963 0.973540664 0.090038016 0.248511164 0.962615848 0.189797893 0.193254933 -0.113935729
143977167 0.496440337 0.882560613 0.500000000 0.500000000 0.000000000 0.000000000 0.170074388 0.127450645 -0.977154553 1.050846950 -0.210133985 0.973484397 0.090397991 0.249539155 0.962765992 0.189959005 0.192346469 -0.108638599
144010533 0.496440337 0.882560613 0.500000000 0.500000000 0.000000000 0.000000000 0.168898582 0.127336115 -0.977373421 1.050113694 -0.210023433 0.973495364 0.090536997 0.250522555 0.962997079 0.189979747 0.191165566 -0.103072975
144043900 0.496440337 0.882560613 0.500000000 0.500000000 0.000000000 0.000000000 0.167153865 0.127017438 -0.977714777 1.050246389 -0.210108161 0.973476231 0.090545908 0.251646623 0.963283002 0.190290764 0.189407721 -0.096905143
144077267 0.496440337 0.882560613 0.500000000 0.500000000 0.000000000 0.000000000 0.165900543 0.126939967 -0.977938294 1.050016315 -0.210261449 0.973430157 0.090685382 0.252307491 0.963466227 0.190577969 0.188183174 -0.091535816
144110633 0.496440337 0.882560613 0.500000000 0.500000000 0.000000000 0.000000000 0.164222822 0.126894072 -0.978227377 1.050339493 -0.210437015 0.973368824 0.090936102 0.253057934 0.963715255 0.190921456 0.186552584 -0.085567310
144144000 0.496440337 0.882560613 0.500000000 0.500000000 0.000000000 0.000000000 0.162432119 0.127006114 -0.978511751 1.050894411 -0.210489422 0.973314941 0.091390528 0.253639362 0.964007258 0.191121608 0.184831053 -0.079637603
144177367 0.496440337 0.882560613 0.500000000 0.500000000 0.000000000 0.000000000 0.161414027 0.127369165 -0.978633046 1.050784018 -0.210617766 0.973236561 0.091927893 0.253932984 0.964150250 0.191279054 0.183920249 -0.074592048
144210733 0.496440337 0.882560613 0.500000000 0.500000000 0.000000000 0.000000000 0.159839094 0.127443120 -0.978881896 1.051346512 -0.210912332 0.973141670 0.092256457 0.254623274 0.964348197 0.191712067 0.182425410 -0.069029216
144244100 0.496440337 0.882560613 0.500000000 0.500000000 0.000000000 0.000000000 0.157865018 0.127449125 -0.979201376 1.052038017 -0.211114854 0.973063707 0.092614733 0.255274537 0.964629054 0.192103326 0.180519119 -0.063175506
144277467 0.496440337 0.882560613 0.500000000 0.500000000 0.000000000 0.000000000 0.156106994 0.127649710 -0.979457080 1.052978710 -0.211212501 0.972992063 0.093143858 0.255902941 0.964893699 0.192333162 0.178852081 -0.058001427
144310833 0.496440337 0.882560613 0.500000000 0.500000000 0.000000000 0.000000000 0.154337406 0.127751097 -0.979724228 1.053879141 -0.211114228 0.972968340 0.093613021 0.256750820 0.965199828 0.192385748 0.177135482 -0.052900616
144344200 0.496440337 0.882560613 0.500000000 0.500000000 0.000000000 0.000000000 0.152735785 0.127821848 -0.979965985 1.054978326 -0.211177453 0.972918391 0.093988836 0.257529597 0.965440750 0.192591265 0.175592542 -0.048181787
144377567 0.496440337 0.882560613 0.500000000 0.500000000 0.000000000 0.000000000 0.151361153 0.127729401 -0.980191290 1.055976982 -0.211678848 0.972800732 0.094078884 0.259080588 0.965547442 0.193245873 0.174281850 -0.043819833
144410933 0.496440337 0.882560613 0.500000000 0.500000000 0.000000000 0.000000000 0.149809122 0.127741590 -0.980428100 1.056707503 -0.211776763 0.972750068 0.094381772 0.260250225 0.965767980 0.193492636 0.172779530 -0.039196186
144444300 0.496440337 0.882560613 0.500000000 0.500000000 0.000000000 0.000000000 0.147864223 0.127722263 -0.980725825 1.057732989 -0.211814061 0.972706854 0.094742686 0.261621280 0.966059506 0.193722472 0.170881912 -0.034162787
144477667 0.496440337 0.882560613 0.500000000 0.500000000 0.000000000 0.000000000 0.146152228 0.127737388 -0.980980456 1.058531382 -0.211926296 0.972649634 0.095078565 0.262787741 0.966295362 0.193999618 0.169225812 -0.029052724
144511033 0.496440337 0.882560613 0.500000000 0.500000000 0.000000000 0.000000000 0.144263193 0.127809957 -0.981250584 1.059512684 -0.212096840 0.972571433 0.095497072 0.263817833 0.966541827 0.194343433 0.167414352 -0.023878980
144544400 0.496440337 0.882560613 0.500000000 0.500000000 0.000000000 0.000000000 0.142351106 0.127774939 -0.981534362 1.060178041 -0.212133989 0.972529888 0.095837139 0.264705585 0.966817141 0.194574282 0.165546119 -0.018682843
144577767 0.496440337 0.882560613 0.500000000 0.500000000 0.000000000 0.000000000 0.140706599 0.127753720 -0.981774211 1.060652257 -0.212076202 0.972511232 0.096153885 0.265511600 0.967070520 0.194681451 0.163932279 -0.013678847
144611133 0.496440337 0.882560613 0.500000000 0.500000000 0.000000000 0.000000000 0.138653398 0.127785668 -0.982062161 1.061147929 -0.212162629 0.972450137 0.096580565 0.266043486 0.967348039 0.194965661 0.161944851 -0.008538194
144644500 0.496440337 0.882560613 0.500000000 0.500000000 0.000000000 0.000000000 0.136411250 0.127797142 -0.982374609 1.061701004 -0.212249666 0.972386837 0.097025119 0.266327474 0.967647672 0.195273355 0.159769401 -0.003137612
144677867 0.496440337 0.882560613 0.500000000 0.500000000 0.000000000 0.000000000 0.134140238 0.127722546 -0.982696950 1.062130190 -0.212465718 0.972305238 0.097369894 0.266843987 0.967917740 0.195728198 0.157561913 0.002322022
144711233 0.496440337 0.882560613 0.500000000 0.500000000 0.000000000 0.000000000 0.131834462 0.127700806 -0.983011782 1.062500094 -0.212488994 0.972256362 0.097806096 0.267133277 0.968229353 0.195984960 0.155311912 0.007740958
144744600 0.496440337 0.882560613 0.500000000 0.500000000 0.000000000 0.000000000 0.129488394 0.127697527 -0.983323991 1.062857975 -0.212608263 0.972185135 0.098253816 0.267340358 0.968519747 0.196340084 0.153036237 0.013340652
144777967 0.496440337 0.882560613 0.500000000 0.500000000 0.000000000 0.000000000 0.127370045 0.127790809 -0.983588517 1.062476290 -0.212726042 0.972108841 0.098752327 0.267338905 0.968774736 0.196656808 0.151001975 0.018700252
