https://www.youtube.com/watch?v=z--sTwdsYUI
99299200 0.683440567 1.215005422 0.500000000 0.500000000 0.000000000 0.000000000 0.989059865 -0.005274112 0.147420228 -0.201328912 0.004969769 0.999984682 0.002432717 0.039653063 -0.147430807 -0.001673459 0.989070952 0.068084125
99332567 0.683440567 1.215005422 0.500000000 0.500000000 0.000000000 0.000000000 0.988643944 -0.005468178 0.150177211 -0.207568035 0.005162142 0.999983728 0.002427588 0.039641779 -0.150188044 -0.001624785 0.988656104 0.055529899
99365933 0.683440567 1.215005422 0.500000000 0.500000000 0.000000000 0.000000000 0.988273144 -0.005663746 0.152591258 -0.213533647 0.005346187 0.999982595 0.002491321 0.039257060 -0.152602717 -0.001646325 0.988286257 0.043225058
99399300 0.683440567 1.215005422 0.500000000 0.500000000 0.000000000 0.000000000 0.987994611 -0.005763981 0.154380664 -0.218499532 0.005430481 0.999981940 0.002581870 0.038910906 -0.154392764 -0.001712513 0.988008082 0.032196286
99432667 0.683440567 1.215005422 0.500000000 0.500000000 0.000000000 0.000000000 0.987571239 -0.005895847 0.157061249 -0.225638380 0.005565400 0.999981284 0.002543645 0.038607596 -0.157073304 -0.001637922 0.987585604 0.019562713
99466033 0.683440567 1.215005422 0.500000000 0.500000000 0.000000000 0.000000000 0.987276912 -0.006025901 0.158896059 -0.231623127 0.005676205 0.999980390 0.002654544 0.038186034 -0.158908933 -0.001718844 0.987291753 0.007699574
99499400 0.683440567 1.215005422 0.500000000 0.500000000 0.000000000 0.000000000 0.986992538 -0.006143906 0.160648480 -0.237304836 0.005793331 0.999979734 0.002650552 0.038109100 -0.160661504 -0.001685385 0.987008154 -0.003225002
99532767 0.683440567 1.215005422 0.500000000 0.500000000 0.000000000 0.000000000 0.986697018 -0.006045511 0.162457526 -0.243933927 0.005688311 0.999980271 0.002663784 0.037722452 -0.162470430 -0.001704239 0.986711919 -0.016584215
99566133 0.683440567 1.215005422 0.500000000 0.500000000 0.000000000 0.000000000 0.986488879 -0.006254706 0.163708821 -0.248806971 0.005873540 0.999978781 0.002812259 0.037264584 -0.163722932 -0.001812712 0.986504674 -0.026804986
99599500 0.683440567 1.215005422 0.500000000 0.500000000 0.000000000 0.000000000 0.986207545 -0.006392356 0.165389851 -0.255002441 0.006008804 0.999977946 0.002819324 0.036768621 -0.165404215 -0.001786643 0.986224234 -0.039114049
99632867 0.683440567 1.215005422 0.500000000 0.500000000 0.000000000 0.000000000 0.985950708 -0.006408738 0.166913450 -0.260850325 0.006034642 0.999978006 0.002748361 0.036530927 -0.166927397 -0.001702486 0.985967696 -0.051038699
99666233 0.683440567 1.215005422 0.500000000 0.500000000 0.000000000 0.000000000 0.985740781 -0.006523441 0.168144509 -0.266001558 0.006136332 0.999977171 0.002821739 0.036090928 -0.168159083 -0.001749713 0.985758305 -0.061559743
99699600 0.683440567 1.215005422 0.500000000 0.500000000 0.000000000 0.000000000 0.985465705 -0.006534937 0.169748887 -0.272354381 0.006151496 0.999977231 0.002784696 0.035509965 -0.169763222 -0.001700012 0.985483408 -0.074144864
99732967 0.683440567 1.215005422 0.500000000 0.500000000 0.000000000 0.000000000 0.985265136 -0.006657719 0.170904458 -0.277603027 0.006261650 0.999976337 0.002856426 0.034978109 -0.170919418 -0.001744193 0.985283494 -0.084908987
99766333 0.683440567 1.215005422 0.500000000 0.500000000 0.000000000 0.000000000 0.985055327 -0.006675571 0.172108725 -0.282947198 0.006286157 0.999976277 0.002807524 0.034624927 -0.172123387 -0.001683664 0.985073984 -0.095887533
99833067 0.683440567 1.215005422 0.500000000 0.500000000 0.000000000 0.000000000 0.984650433 -0.006806630 0.174405143 -0.293834891 0.006428693 0.999975622 0.002731852 0.033727034 -0.174419478 -0.001568722 0.984670162 -0.117987520
99866433 0.683440567 1.215005422 0.500000000 0.500000000 0.000000000 0.000000000 0.984424651 -0.006864299 0.175672978 -0.300163470 0.006480241 0.999975204 0.002759783 0.032998911 -0.175687566 -0.001578395 0.984444737 -0.130948383
99899800 0.683440567 1.215005422 0.500000000 0.500000000 0.000000000 0.000000000 0.984260619 -0.006976994 0.176585197 -0.304841980 0.006584844 0.999974370 0.002806651 0.032633364 -0.176600263 -0.001599690 0.984281361 -0.140678637
99933167 0.683440567 1.215005422 0.500000000 0.500000000 0.000000000 0.000000000 0.984060884 -0.007015039 0.177693605 -0.310602664 0.006623125 0.999974132 0.002798638 0.032067611 -0.177708641 -0.001577143 0.984081864 -0.152747150
99966533 0.683440567 1.215005422 0.500000000 0.500000000 0.000000000 0.000000000 0.983890176 -0.007116850 0.178632259 -0.315697614 0.006724849 0.999973476 0.002799878 0.031523655 -0.178647444 -0.001553498 0.983911932 -0.163146988
99999900 0.683440567 1.215005422 0.500000000 0.500000000 0.000000000 0.000000000 0.983723283 -0.007244478 0.179543927 -0.320805740 0.006843591 0.999972522 0.002852113 0.031005963 -0.179559648 -0.001576965 0.983745813 -0.173756105
100033267 0.683440567 1.215005422 0.500000000 0.500000000 0.000000000 0.000000000 0.983524144 -0.007232118 0.180632055 -0.326636390 0.006828195 0.999972582 0.002857882 0.030207723 -0.180647776 -0.001577405 0.983546615 -0.185594067
100066633 0.683440567 1.215005422 0.500000000 0.500000000 0.000000000 0.000000000 0.983370543 -0.007282951 0.181464419 -0.331396425 0.006879424 0.999972284 0.002853047 0.029937896 -0.181480169 -0.001557232 0.983393371 -0.195270972
100100000 0.683440567 1.215005422 0.500000000 0.500000000 0.000000000 0.000000000 0.983191431 -0.007179854 0.182436466 -0.336714763 0.006783440 0.999973059 0.002796812 0.029336347 -0.182451636 -0.001512254 0.983213663 -0.207321258
100133367 0.683440567 1.215005422 0.500000000 0.500000000 0.000000000 0.000000000 0.983049273 -0.007245405 0.183198318 -0.341190673 0.006845359 0.999972582 0.002815970 0.029059076 -0.183213696 -0.001514179 0.983071923 -0.216418453
100166733 0.683440567 1.215005422 0.500000000 0.500000000 0.000000000 0.000000000 0.982846320 -0.007172745 0.184286937 -0.347085905 0.006776447 0.999973178 0.002780157 0.028212041 -0.184301943 -0.001483656 0.982868552 -0.228369420
100200100 0.683440567 1.215005422 0.500000000 0.500000000 0.000000000 0.000000000 0.982693791 -0.007238076 0.185096040 -0.351740683 0.006837215 0.999972701 0.002803892 0.027687443 -0.185111284 -0.001489826 0.982716441 -0.237965777
100233467 0.683440567 1.215005422 0.500000000 0.500000000 0.000000000 0.000000000 0.982518613 -0.007286812 0.186021626 -0.357046369 0.006881714 0.999972343 0.002823313 0.027069941 -0.186037049 -0.001493810 0.982541621 -0.249077960
100266833 0.683440567 1.215005422 0.500000000 0.500000000 0.000000000 0.000000000 0.982345223 -0.007251120 0.186936706 -0.362307909 0.006841227 0.999972582 0.002837721 0.026487118 -0.186952159 -0.001508745 0.982367873 -0.259814368
100300200 0.683440567 1.215005422 0.500000000 0.500000000 0.000000000 0.000000000 0.982200801 -0.007268588 0.187693328 -0.366656086 0.006863722 0.999972522 0.002806889 0.026151273 -0.187708572 -0.001468654 0.982223690 -0.269254646
100366933 0.683440567 1.215005422 0.500000000 0.500000000 0.000000000 0.000000000 0.981871188 -0.007342843 0.189406976 -0.376357591 0.006930633 0.999971926 0.002838588 0.025124958 -0.189422503 -0.001474418 0.981894553 -0.289509129
100400300 0.683440567 1.215005422 0.500000000 0.500000000 0.000000000 0.000000000 0.981684625 -0.007296933 0.190373331 -0.381759812 0.006888365 0.999972343 0.002807790 0.024596198 -0.190388560 -0.001445003 0.981707752 -0.300756867
100433667 0.683440567 1.215005422 0.500000000 0.500000000 0.000000000 0.000000000 0.981544018 -0.007435606 0.191091821 -0.385975981 0.007012798 0.999971211 0.002888781 0.023974101 -0.191107795 -0.001495378 0.981567919 -0.309418266
100467033 0.683440567 1.215005422 0.500000000 0.500000000 0.000000000 0.000000000 0.981334925 -0.007347982 0.192165986 -0.391749575 0.006932919 0.999971986 0.002832240 0.023280927 -0.192181408 -0.001447105 0.981358349 -0.321647096
100500400 0.683440567 1.215005422 0.500000000 0.500000000 0.000000000 0.000000000 0.981203318 -0.007447736 0.192833170 -0.395330749 0.007036051 0.999971271 0.002819669 0.023178656 -0.192848623 -0.001409884 0.981227517 -0.329068196
100533767 0.683440567 1.215005422 0.500000000 0.500000000 0.000000000 0.000000000 0.980981946 -0.007364712 0.193959311 -0.401119268 0.006949114 0.999971867 0.002823011 0.022429590 -0.193974659 -0.001421478 0.981005490 -0.341072934
100567133 0.683440567 1.215005422 0.500000000 0.500000000 0.000000000 0.000000000 0.980834842 -0.007510093 0.194696128 -0.405106438 0.007092436 0.999970794 0.002842198 0.022106623 -0.194711789 -0.001406857 0.980859518 -0.349270739
100600500 0.683440567 1.215005422 0.500000000 0.500000000 0.000000000 0.000000000 0.980617821 -0.007456585 0.195788398 -0.410666661 0.007045636 0.999971271 0.002795335 0.021442868 -0.195803612 -0.001361701 0.980642200 -0.360777662
100633867 0.683440567 1.215005422 0.500000000 0.500000000 0.000000000 0.000000000 0.980456710 -0.007557089 0.196589902 -0.414673879 0.007135877 0.999970496 0.002850843 0.020915236 -0.196605638 -0.001392286 0.980481684 -0.369402472
100700600 0.683440567 1.215005422 0.500000000 0.500000000 0.000000000 0.000000000 0.980032444 -0.007523913 0.198695347 -0.424131909 0.007119713 0.999970853 0.002748653 0.019911853 -0.198710248 -0.001279115 0.980057478 -0.389323140
100733967 0.683440567 1.215005422 0.500000000 0.500000000 0.000000000 0.000000000 0.979790151 -0.007480752 0.199888200 -0.429317108 0.007092052 0.999971330 0.002660559 0.019463571 -0.199902356 -0.001189172 0.979815125 -0.399853475
100767333 0.683440567 1.215005422 0.500000000 0.500000000 0.000000000 0.000000000 0.979567349 -0.007483062 0.200977072 -0.434024788 0.007098996 0.999971330 0.002631657 0.019002756 -0.200991005 -0.001151150 0.979592383 -0.409402595
100800700 0.683440567 1.215005422 0.500000000 0.500000000 0.000000000 0.000000000 0.979336739 -0.007521352 0.202096388 -0.438972974 0.007129445 0.999971032 0.002667074 0.018357753 -0.202110603 -0.001171129 0.979362011 -0.419025873
100834067 0.683440567 1.215005422 0.500000000 0.500000000 0.000000000 0.000000000 0.979103565 -0.007645789 0.203218445 -0.443661447 0.007251540 0.999970078 0.002684556 0.017839697 -0.203232899 -0.001154812 0.979129732 -0.428858150
100867433 0.683440567 1.215005422 0.500000000 0.500000000 0.000000000 0.000000000 0.978874803 -0.007705582 0.204315335 -0.448574340 0.007294741 0.999969602 0.002763909 0.017136694 -0.204330415 -0.001215093 0.978901207 -0.438621705
100900800 0.683440567 1.215005422 0.500000000 0.500000000 0.000000000 0.000000000 0.978601575 -0.007769069 0.205617681 -0.453862514 0.007372959 0.999969184 0.002692572 0.016673405 -0.205632269 -0.001118944 0.978628695 -0.448930058
100934167 0.683440567 1.215005422 0.500000000 0.500000000 0.000000000 0.000000000 0.978383124 -0.007873140 0.206650510 -0.458477024 0.007457672 0.999968290 0.002789392 0.015879702 -0.206665918 -0.001187963 0.978410840 -0.458209096
100967533 0.683440567 1.215005422 0.500000000 0.500000000 0.000000000 0.000000000 0.978107393 -0.007816541 0.207953870 -0.463779295 0.007421433 0.999968886 0.002680110 0.015579299 -0.207968354 -0.001078120 0.978134990 -0.468438295
101000900 0.683440567 1.215005422 0.500000000 0.500000000 0.000000000 0.000000000 0.977898777 -0.007900306 0.208929449 -0.468128578 0.007489716 0.999968171 0.002756288 0.015057037 -0.208944574 -0.001130548 0.977926850 -0.477177743
101067633 0.683440567 1.215005422 0.500000000 0.500000000 0.000000000 0.000000000 0.977405846 -0.008027851 0.211218774 -0.477630483 0.007606526 0.999967158 0.002807153 0.013878924 -0.211234361 -0.001137087 0.977434754 -0.496498169
101101000 0.683440567 1.215005422 0.500000000 0.500000000 0.000000000 0.000000000 0.977114558 -0.008003573 0.212563068 -0.483194411 0.007604347 0.999967456 0.002695642 0.013630692 -0.212577716 -0.001017548 0.977143645 -0.507149973
101134367 0.683440567 1.215005422 0.500000000 0.500000000 0.000000000 0.000000000 0.976902723 -0.008155497 0.213528693 -0.487427663 0.007735182 0.999966145 0.002803844 0.012916819 -0.213544339 -0.001087400 0.976932764 -0.516127448
101167733 0.683440567 1.215005422 0.500000000 0.500000000 0.000000000 0.000000000 0.976631403 -0.008186074 0.214765117 -0.492560484 0.007775126 0.999965966 0.002758193 0.012512128 -0.214780390 -0.001023913 0.976661861 -0.526415365
101201100 0.683440567 1.215005422 0.500000000 0.500000000 0.000000000 0.000000000 0.976391971 -0.008322912 0.215845883 -0.497254927 0.007895294 0.999964774 0.002843312 0.011814324 -0.215861946 -0.001072020 0.976423323 -0.535749885
101234467 0.683440567 1.215005422 0.500000000 0.500000000 0.000000000 0.000000000 0.976126492 -0.008411198 0.217039928 -0.502045862 0.008004553 0.999964178 0.002752675 0.011629918 -0.217055306 -0.000949651 0.976158857 -0.545553179
101267833 0.683440567 1.215005422 0.500000000 0.500000000 0.000000000 0.000000000 0.975886405 -0.008462549 0.218114972 -0.506762949 0.008048388 0.999963701 0.002787197 0.011115801 -0.218130648 -0.000964514 0.975919127 -0.555310809
101301200 0.683440567 1.215005422 0.500000000 0.500000000 0.000000000 0.000000000 0.975644290 -0.008559878 0.219191566 -0.511449086 0.008134450 0.999962866 0.002843317 0.010567494 -0.219207764 -0.000991063 0.975677669 -0.564733930
101334567 0.683440567 1.215005422 0.500000000 0.500000000 0.000000000 0.000000000 0.975402355 -0.008568967 0.220265403 -0.516261520 0.008155961 0.999962866 0.002784393 0.010287799 -0.220281079 -0.000919428 0.975436032 -0.574985916
101367933 0.683440567 1.215005422 0.500000000 0.500000000 0.000000000 0.000000000 0.975173414 -0.008649848 0.221273467 -0.520661918 0.008239003 0.999962211 0.002779658 0.009767811 -0.221289143 -0.000887576 0.975207865 -0.584043087
101401300 0.683440567 1.215005422 0.500000000 0.500000000 0.000000000 0.000000000 0.974902451 -0.008611783 0.222465813 -0.525790682 0.008218382 0.999962628 0.002694078 0.009519626 -0.222480699 -0.000798154 0.974936783 -0.594560709
101468033 0.683440567 1.215005422 0.500000000 0.500000000 0.000000000 0.000000000 0.974427700 -0.008776342 0.224529892 -0.535674141 0.008370051 0.999961138 0.002761293 0.008406674 -0.224545419 -0.000811354 0.974463284 -0.614370577
101501400 0.683440567 1.215005422 0.500000000 0.500000000 0.000000000 0.000000000 0.974243879 -0.008836873 0.225323811 -0.539945174 0.008419251 0.999960601 0.002814269 0.007885490 -0.225339800 -0.000844727 0.974279881 -0.623058789
101534767 0.683440567 1.215005422 0.500000000 0.500000000 0.000000000 0.000000000 0.974036157 -0.008770533 0.226222441 -0.545028547 0.008370033 0.999961257 0.002729519 0.007691430 -0.226237610 -0.000765161 0.974071860 -0.634242253
101568133 0.683440567 1.215005422 0.500000000 0.500000000 0.000000000 0.000000000 0.973877728 -0.008882917 0.226899251 -0.548935119 0.008463499 0.999960184 0.002821294 0.007071189 -0.226915270 -0.000827234 0.973914146 -0.642746227
101601500 0.683440567 1.215005422 0.500000000 0.500000000 0.000000000 0.000000000 0.973655641 -0.008819588 0.227852732 -0.554321059 0.008417617 0.999960840 0.002735900 0.006864265 -0.227867931 -0.000745848 0.973691761 -0.654005046
101634867 0.683440567 1.215005422 0.500000000 0.500000000 0.000000000 0.000000000 0.973505616 -0.008959542 0.228487521 -0.558319973 0.008543126 0.999959528 0.002811526 0.006446884 -0.228503481 -0.000785039 0.973542809 -0.662742702
101668233 0.683440567 1.215005422 0.500000000 0.500000000 0.000000000 0.000000000 0.973332405 -0.008922895 0.229225680 -0.563179993 0.008512582 0.999959886 0.002778773 0.006190569 -0.229241282 -0.000753367 0.973369360 -0.673785106
101701600 0.683440567 1.215005422 0.500000000 0.500000000 0.000000000 0.000000000 0.973191142 -0.008999836 0.229821637 -0.567283322 0.008579603 0.999959171 0.002827732 0.005849378 -0.229837716 -0.000780145 0.973228633 -0.682866099
101768333 0.683440567 1.215005422 0.500000000 0.500000000 0.000000000 0.000000000 0.972878873 -0.008990317 0.231140465 -0.576269475 0.008571317 0.999959290 0.002816894 0.005178728 -0.231156394 -0.000759318 0.972916305 -0.703173039
