https://www.youtube.com/watch?v=zYoyPzMR3iM
173039533 0.496212982 0.882156374 0.500000000 0.500000000 0.000000000 0.000000000 0.988785744 -0.004413931 0.149275869 0.058889562 0.005396418 0.999966383 -0.006177280 -0.015259334 -0.149243578 0.006913561 0.988776267 -0.009003779
173072900 0.496212982 0.882156374 0.500000000 0.500000000 0.000000000 0.000000000 0.987996042 -0.004658361 0.154409081 0.061786964 0.005746644 0.999961674 -0.006602448 -0.015535114 -0.154372409 0.007410527 0.987984955 -0.008969561
173106267 0.496212982 0.882156374 0.500000000 0.500000000 0.000000000 0.000000000 0.987189710 -0.004812092 0.159478113 0.064731286 0.005975773 0.999958873 -0.006818038 -0.016496410 -0.159438744 0.007683702 0.987177908 -0.009014148
173139633 0.496212982 0.882156374 0.500000000 0.500000000 0.000000000 0.000000000 0.986351013 -0.005252026 0.164572448 0.067701038 0.006555742 0.999951303 -0.007379688 -0.016399228 -0.164525673 0.008357857 0.986337364 -0.009362088
173173000 0.496212982 0.882156374 0.500000000 0.500000000 0.000000000 0.000000000 0.985507846 -0.005585021 0.169537991 0.070939792 0.007001898 0.999945343 -0.007760554 -0.016835809 -0.169485390 0.008835174 0.985493124 -0.009796881
173206367 0.496212982 0.882156374 0.500000000 0.500000000 0.000000000 0.000000000 0.984648287 -0.005819050 0.174453259 0.074017817 0.007360125 0.999939382 -0.008188084 -0.017234379 -0.174395040 0.009346380 0.984631419 -0.010306622
173239733 0.496212982 0.882156374 0.500000000 0.500000000 0.000000000 0.000000000 0.983735919 -0.006054602 0.179518595 0.076829503 0.007712909 0.999933779 -0.008540983 -0.017730340 -0.179454997 0.009786683 0.983717501 -0.010333704
173273100 0.496212982 0.882156374 0.500000000 0.500000000 0.000000000 0.000000000 0.982842505 -0.006431069 0.184334621 0.080341908 0.008235050 0.999925375 -0.009022551 -0.017981951 -0.184262842 0.010385751 0.982822120 -0.011081950
173306467 0.496212982 0.882156374 0.500000000 0.500000000 0.000000000 0.000000000 0.981908143 -0.006713382 0.189238846 0.083327578 0.008629689 0.999919474 -0.009304225 -0.018744587 -0.189161152 0.010768967 0.981886983 -0.011405904
173339833 0.496212982 0.882156374 0.500000000 0.500000000 0.000000000 0.000000000 0.980976999 -0.007042783 0.193996102 0.086782604 0.009108429 0.999910891 -0.009757944 -0.018968322 -0.193910092 0.011339319 0.980953753 -0.011696151
173373200 0.496212982 0.882156374 0.500000000 0.500000000 0.000000000 0.000000000 0.980016172 -0.007329288 0.198782623 0.089956167 0.009548065 0.999902308 -0.010205548 -0.019193579 -0.198688403 0.011899592 0.979990482 -0.012490179
173406567 0.496212982 0.882156374 0.500000000 0.500000000 0.000000000 0.000000000 0.979012430 -0.007764748 0.203652427 0.093358532 0.010137005 0.999892354 -0.010607983 -0.019468642 -0.203548148 0.012449773 0.978985786 -0.013129380
173439933 0.496212982 0.882156374 0.500000000 0.500000000 0.000000000 0.000000000 0.978000283 -0.008036915 0.208448693 0.096649104 0.010577411 0.999882698 -0.011075813 -0.019614391 -0.208335221 0.013036996 0.977970600 -0.013564656
173473300 0.496212982 0.882156374 0.500000000 0.500000000 0.000000000 0.000000000 0.976972997 -0.008259813 0.213203028 0.099907834 0.010952645 0.999874413 -0.011452287 -0.020079330 -0.213081658 0.013523712 0.976940811 -0.013940855
173506667 0.496212982 0.882156374 0.500000000 0.500000000 0.000000000 0.000000000 0.975919783 -0.008695812 0.217956424 0.103458576 0.011569618 0.999862134 -0.011912500 -0.020194029 -0.217822790 0.014147317 0.975885808 -0.014762209
173540033 0.496212982 0.882156374 0.500000000 0.500000000 0.000000000 0.000000000 0.974832416 -0.009027234 0.222756043 0.106742505 0.012075733 0.999851108 -0.012327057 -0.020460565 -0.222611591 0.014706758 0.974796295 -0.015310901
173573400 0.496212982 0.882156374 0.500000000 0.500000000 0.000000000 0.000000000 0.973704398 -0.009364698 0.227622584 0.110095806 0.012619107 0.999837875 -0.012846268 -0.020507468 -0.227465376 0.015380861 0.973664701 -0.016276074
173606767 0.496212982 0.882156374 0.500000000 0.500000000 0.000000000 0.000000000 0.972536385 -0.009789262 0.232544839 0.113182689 0.013219197 0.999825537 -0.013195722 -0.020925350 -0.232375100 0.015907377 0.972496152 -0.017928291
173640133 0.496212982 0.882156374 0.500000000 0.500000000 0.000000000 0.000000000 0.971352994 -0.010135978 0.237424865 0.116497216 0.013776422 0.999811530 -0.013678864 -0.021129916 -0.237241462 0.016557870 0.971309602 -0.019078500
173673500 0.496212982 0.882156374 0.500000000 0.500000000 0.000000000 0.000000000 0.970133483 -0.010560000 0.242341712 0.119645121 0.014397119 0.999797404 -0.014068012 -0.021516615 -0.242144048 0.017136872 0.970088959 -0.019813296
173706867 0.496212982 0.882156374 0.500000000 0.500000000 0.000000000 0.000000000 0.968894482 -0.010866645 0.247235507 0.122824082 0.014882618 0.999785841 -0.014380495 -0.022168103 -0.247026294 0.017612694 0.968848705 -0.020917059
173740233 0.496212982 0.882156374 0.500000000 0.500000000 0.000000000 0.000000000 0.967622161 -0.011296327 0.252150148 0.126017938 0.015527708 0.999769926 -0.014797636 -0.022519849 -0.251924962 0.018233834 0.967574954 -0.022079948
173773600 0.496212982 0.882156374 0.500000000 0.500000000 0.000000000 0.000000000 0.966299057 -0.011763327 0.257153124 0.129026732 0.016205832 0.999753714 -0.015163152 -0.022995681 -0.256911397 0.018819518 0.966251731 -0.023107801
173806967 0.496212982 0.882156374 0.500000000 0.500000000 0.000000000 0.000000000 0.964998364 -0.012098018 0.261976689 0.132475651 0.016716724 0.999741554 -0.015408703 -0.023745171 -0.261722565 0.019248765 0.964951158 -0.024226758
173840333 0.496212982 0.882156374 0.500000000 0.500000000 0.000000000 0.000000000 0.963622391 -0.012544512 0.266972840 0.135511553 0.017384058 0.999724507 -0.015771687 -0.024128542 -0.266701460 0.019839022 0.963575006 -0.025099652
173873700 0.496212982 0.882156374 0.500000000 0.500000000 0.000000000 0.000000000 0.962233424 -0.013037409 0.271913320 0.138862723 0.018084522 0.999707401 -0.016063720 -0.024674861 -0.271624327 0.020374469 0.962187648 -0.025952152
173907067 0.496212982 0.882156374 0.500000000 0.500000000 0.000000000 0.000000000 0.960802138 -0.013513016 0.276905507 0.141996693 0.018783813 0.999689221 -0.016390830 -0.025194232 -0.276597977 0.020949686 0.960757315 -0.026955944
173940433 0.496212982 0.882156374 0.500000000 0.500000000 0.000000000 0.000000000 0.959347188 -0.014026522 0.281879902 0.145188214 0.019532906 0.999669194 -0.016733922 -0.025517699 -0.281551927 0.021559574 0.959303737 -0.028310903
173973800 0.496212982 0.882156374 0.500000000 0.500000000 0.000000000 0.000000000 0.957857788 -0.014529206 0.286875129 0.148418063 0.020274216 0.999648809 -0.017065655 -0.025868574 -0.286526442 0.022162640 0.957815945 -0.029366725
174007167 0.496212982 0.882156374 0.500000000 0.500000000 0.000000000 0.000000000 0.956330419 -0.015000281 0.291902632 0.151511565 0.020976322 0.999629378 -0.017353641 -0.026294142 -0.291534126 0.022718858 0.956290603 -0.030526817
174040533 0.496212982 0.882156374 0.500000000 0.500000000 0.000000000 0.000000000 0.954752803 -0.015496467 0.296996593 0.154532381 0.021725558 0.999607563 -0.017684216 -0.026601962 -0.296606004 0.023336472 0.954714775 -0.031595882
174073900 0.496212982 0.882156374 0.500000000 0.500000000 0.000000000 0.000000000 0.953150153 -0.015965387 0.302075922 0.157509322 0.022406772 0.999589205 -0.017870303 -0.027226097 -0.301666528 0.023801629 0.953116357 -0.032299803
174107267 0.496212982 0.882156374 0.500000000 0.500000000 0.000000000 0.000000000 0.951523662 -0.016675077 0.307123125 0.160765784 0.023376144 0.999561906 -0.018152922 -0.027423448 -0.306685895 0.024452291 0.951496661 -0.033828204
174140633 0.496212982 0.882156374 0.500000000 0.500000000 0.000000000 0.000000000 0.949877977 -0.017269678 0.312143505 0.163926228 0.024243239 0.999535382 -0.018473761 -0.027702350 -0.311679453 0.025115190 0.949855328 -0.034978413
174174000 0.496212982 0.882156374 0.500000000 0.500000000 0.000000000 0.000000000 0.948156834 -0.017793709 0.317304343 0.166928478 0.024985990 0.999514520 -0.018611677 -0.028391614 -0.316819131 0.025574951 0.948141098 -0.035860638
174207367 0.496212982 0.882156374 0.500000000 0.500000000 0.000000000 0.000000000 0.946425974 -0.018345436 0.322399288 0.169937643 0.025800416 0.999489069 -0.018865181 -0.028667444 -0.321888506 0.026172534 0.946415782 -0.036909121
174240733 0.496212982 0.882156374 0.500000000 0.500000000 0.000000000 0.000000000 0.944657028 -0.018968761 0.327510834 0.172920341 0.026680751 0.999462068 -0.019069904 -0.029138041 -0.326972932 0.026752755 0.944654942 -0.037868264
174274100 0.496212982 0.882156374 0.500000000 0.500000000 0.000000000 0.000000000 0.942852259 -0.019583542 0.332635134 0.175963605 0.027559182 0.999434292 -0.019275689 -0.029524666 -0.332069486 0.027341278 0.942858577 -0.038806045
174307467 0.496212982 0.882156374 0.500000000 0.500000000 0.000000000 0.000000000 0.940982461 -0.020254653 0.337848753 0.178873254 0.028444689 0.999408841 -0.019308265 -0.030182224 -0.337257951 0.027778741 0.941002369 -0.039907498
174340833 0.496212982 0.882156374 0.500000000 0.500000000 0.000000000 0.000000000 0.939113140 -0.020788698 0.342978686 0.181799872 0.029226780 0.999383509 -0.019451268 -0.030746576 -0.342362881 0.028291104 0.939141750 -0.040980338
174374200 0.496212982 0.882156374 0.500000000 0.500000000 0.000000000 0.000000000 0.937181056 -0.021371897 0.348188072 0.184679909 0.030046782 0.999357641 -0.019532850 -0.031300154 -0.347546935 0.028767748 0.937221169 -0.041839625
174407567 0.496212982 0.882156374 0.500000000 0.500000000 0.000000000 0.000000000 0.935191751 -0.021927360 0.353462309 0.187330144 0.030878104 0.999328911 -0.019703092 -0.031560344 -0.352793097 0.029340414 0.935241222 -0.042763166
174440933 0.496212982 0.882156374 0.500000000 0.500000000 0.000000000 0.000000000 0.933160901 -0.022343969 0.358763754 0.189786372 0.031549256 0.999305606 -0.019823849 -0.032244896 -0.358071685 0.029817570 0.933217883 -0.043801584
174474300 0.496212982 0.882156374 0.500000000 0.500000000 0.000000000 0.000000000 0.931133032 -0.022815123 0.363965243 0.192735326 0.032278992 0.999279976 -0.019939652 -0.032718665 -0.363248259 0.030314900 0.931199074 -0.044790396
174507667 0.496212982 0.882156374 0.500000000 0.500000000 0.000000000 0.000000000 0.929059982 -0.023447657 0.369185239 0.195322532 0.033205688 0.999246418 -0.020098545 -0.032878434 -0.368435770 0.030931804 0.929138482 -0.045962605
174541033 0.496212982 0.882156374 0.500000000 0.500000000 0.000000000 0.000000000 0.926934123 -0.023959853 0.374458313 0.197989406 0.034002122 0.999216914 -0.020233596 -0.033203402 -0.373680264 0.031487588 0.927022994 -0.046914783
174574400 0.496212982 0.882156374 0.500000000 0.500000000 0.000000000 0.000000000 0.924757481 -0.024449199 0.379770786 0.200442101 0.034804899 0.999185383 -0.020424975 -0.033384466 -0.378962040 0.032106034 0.924855113 -0.047957624
174607767 0.496212982 0.882156374 0.500000000 0.500000000 0.000000000 0.000000000 0.922594845 -0.024921846 0.384964496 0.203196780 0.035571419 0.999155521 -0.020566076 -0.033738803 -0.384126872 0.032667890 0.922702193 -0.049036303
174641133 0.496212982 0.882156374 0.500000000 0.500000000 0.000000000 0.000000000 0.920369804 -0.025383865 0.390224457 0.205919342 0.036391541 0.999120295 -0.020839645 -0.033595174 -0.389352202 0.033381049 0.920483887 -0.050069623
174674500 0.496212982 0.882156374 0.500000000 0.500000000 0.000000000 0.000000000 0.918079615 -0.025924696 0.395547390 0.208298643 0.037186578 0.999091208 -0.020829625 -0.034060464 -0.394647926 0.033832308 0.918209314 -0.051344490
174707867 0.496212982 0.882156374 0.500000000 0.500000000 0.000000000 0.000000000 0.915783167 -0.026369425 0.400806457 0.210852688 0.037926760 0.999061346 -0.020927845 -0.034336603 -0.399878383 0.034366660 0.915923715 -0.052295980
174741233 0.496212982 0.882156374 0.500000000 0.500000000 0.000000000 0.000000000 0.913460314 -0.026702665 0.406050771 0.213403813 0.038544249 0.999035954 -0.021011459 -0.034769808 -0.405098259 0.034844056 0.913608909 -0.053237986
174774600 0.496212982 0.882156374 0.500000000 0.500000000 0.000000000 0.000000000 0.911136270 -0.027282882 0.411201090 0.216024907 0.039388556 0.999003410 -0.020993745 -0.035125012 -0.410218537 0.035324778 0.911302865 -0.054046114
174807967 0.496212982 0.882156374 0.500000000 0.500000000 0.000000000 0.000000000 0.908788502 -0.027627023 0.416341394 0.218754540 0.040016435 0.998977065 -0.021058958 -0.035390563 -0.415333718 0.035798639 0.908964455 -0.055075031
174841333 0.496212982 0.882156374 0.500000000 0.500000000 0.000000000 0.000000000 0.906373978 -0.028060392 0.421543390 0.221365290 0.040744133 0.998946607 -0.021109542 -0.035575766 -0.420506984 0.036308557 0.906562507 -0.056318351
174874700 0.496212982 0.882156374 0.500000000 0.500000000 0.000000000 0.000000000 0.903980076 -0.028662970 0.426612735 0.224369877 0.041633770 0.998909950 -0.021106666 -0.035725816 -0.425542742 0.036841504 0.904188097 -0.057778297
174908067 0.496212982 0.882156374 0.500000000 0.500000000 0.000000000 0.000000000 0.901481509 -0.029130172 0.431836247 0.227025214 0.042358622 0.998880804 -0.021044886 -0.036195090 -0.430739880 0.037263565 0.901706457 -0.058859036
174941433 0.496212982 0.882156374 0.500000000 0.500000000 0.000000000 0.000000000 0.898972631 -0.029609958 0.437002808 0.229634933 0.043136988 0.998847187 -0.021059703 -0.036372685 -0.435875446 0.037783083 0.899213552 -0.060261450
174974800 0.496212982 0.882156374 0.500000000 0.500000000 0.000000000 0.000000000 0.896435261 -0.030164640 0.442146957 0.232389012 0.043925177 0.998815894 -0.020914212 -0.036748467 -0.440992534 0.038169619 0.896698773 -0.061705679
175008167 0.496212982 0.882156374 0.500000000 0.500000000 0.000000000 0.000000000 0.893868089 -0.030591145 0.447285146 0.235175947 0.044608161 0.998787224 -0.020836299 -0.037121501 -0.446105272 0.038577471 0.894148648 -0.063246687
175041533 0.496212982 0.882156374 0.500000000 0.500000000 0.000000000 0.000000000 0.891245782 -0.031058559 0.452455819 0.237931443 0.045351624 0.998755038 -0.020774519 -0.037265048 -0.451247305 0.039034810 0.891544819 -0.064045405
175074900 0.496212982 0.882156374 0.500000000 0.500000000 0.000000000 0.000000000 0.888631701 -0.031575836 0.457533240 0.240813955 0.046147916 0.998720050 -0.020704685 -0.037399161 -0.456293851 0.039513044 0.888951421 -0.065695029
175108267 0.496212982 0.882156374 0.500000000 0.500000000 0.000000000 0.000000000 0.886023879 -0.032002416 0.462533861 0.243903723 0.046796329 0.998693168 -0.020543512 -0.037787874 -0.461271971 0.039846931 0.886363566 -0.066648148
175141633 0.496212982 0.882156374 0.500000000 0.500000000 0.000000000 0.000000000 0.883298695 -0.032612614 0.467674941 0.246851787 0.047635715 0.998657882 -0.020329768 -0.038061780 -0.466384232 0.040235288 0.883666694 -0.067894796
175175000 0.496212982 0.882156374 0.500000000 0.500000000 0.000000000 0.000000000 0.880616486 -0.033112261 0.472671330 0.250064671 0.048380807 0.998625100 -0.020179356 -0.038287090 -0.471353263 0.040638495 0.881007731 -0.069248804
175208367 0.496212982 0.882156374 0.500000000 0.500000000 0.000000000 0.000000000 0.877916932 -0.033483818 0.477640748 0.253326495 0.048900269 0.998605907 -0.019875266 -0.038977844 -0.476309359 0.040805593 0.878330410 -0.070361169
175241733 0.496212982 0.882156374 0.500000000 0.500000000 0.000000000 0.000000000 0.875152290 -0.033960611 0.482654214 0.256540585 0.049664389 0.998569846 -0.019790279 -0.039026938 -0.481291890 0.041290235 0.875587344 -0.071374524
175275100 0.496212982 0.882156374 0.500000000 0.500000000 0.000000000 0.000000000 0.872355819 -0.034325000 0.487664938 0.259715129 0.050237734 0.998545289 -0.019583352 -0.039428699 -0.486283332 0.041582834 0.872811198 -0.072418709
175308467 0.496212982 0.882156374 0.500000000 0.500000000 0.000000000 0.000000000 0.869519413 -0.034695446 0.492678612 0.262754551 0.050808806 0.998520851 -0.019353624 -0.039916328 -0.491278380 0.041860763 0.869996130 -0.073452548
175341833 0.496212982 0.882156374 0.500000000 0.500000000 0.000000000 0.000000000 0.866601944 -0.035036176 0.497768521 0.265835731 0.051364914 0.998496413 -0.019144319 -0.040384018 -0.496349365 0.042158343 0.867098629 -0.074784123
175375200 0.496212982 0.882156374 0.500000000 0.500000000 0.000000000 0.000000000 0.863616765 -0.035379540 0.502905965 0.268780581 0.051939372 0.998470426 -0.018950434 -0.040557528 -0.501466274 0.042486534 0.864133358 -0.076057701
175408567 0.496212982 0.882156374 0.500000000 0.500000000 0.000000000 0.000000000 0.860642135 -0.035747692 0.507954001 0.271639909 0.052535545 0.998443067 -0.018746320 -0.040932828 -0.506492972 0.042819511 0.861180186 -0.077536774
175441933 0.496212982 0.882156374 0.500000000 0.500000000 0.000000000 0.000000000 0.857585251 -0.036130439 0.513071299 0.274623596 0.053183459 0.998411775 -0.018586675 -0.040970975 -0.511584878 0.043226562 0.858144701 -0.079083924
175475300 0.496212982 0.882156374 0.500000000 0.500000000 0.000000000 0.000000000 0.854504168 -0.036551479 0.518156886 0.277434461 0.053823005 0.998382151 -0.018333517 -0.041098101 -0.516648531 0.043554831 0.855089068 -0.080845229
175508667 0.496212982 0.882156374 0.500000000 0.500000000 0.000000000 0.000000000 0.851406157 -0.036983579 0.523201466 0.280203889 0.054466266 0.998352230 -0.018062407 -0.041273068 -0.521671355 0.043875273 0.852017581 -0.082766308
175542033 0.496212982 0.882156374 0.500000000 0.500000000 0.000000000 0.000000000 0.848230243 -0.037261024 0.528315306 0.282942365 0.055012502 0.998324931 -0.017914796 -0.041283754 -0.526762843 0.044259820 0.848859251 -0.084813702
175575400 0.496212982 0.882156374 0.500000000 0.500000000 0.000000000 0.000000000 0.845016718 -0.037647847 0.533412993 0.285577380 0.055751838 0.998284876 -0.017862251 -0.040807962 -0.531825602 0.044832654 0.845666349 -0.087250828
175608767 0.496212982 0.882156374 0.500000000 0.500000000 0.000000000 0.000000000 0.841762304 -0.037984140 0.538510382 0.288109266 0.056320611 0.998257160 -0.017623855 -0.040932910 -0.536902428 0.045164328 0.842434525 -0.089445231
175642133 0.496212982 0.882156374 0.500000000 0.500000000 0.000000000 0.000000000 0.838386834 -0.038332205 0.543726146 0.290433544 0.056933593 0.998226106 -0.017413493 -0.040849695 -0.542094111 0.045555528 0.839082062 -0.091674010
175675500 0.496212982 0.882156374 0.500000000 0.500000000 0.000000000 0.000000000 0.835070193 -0.038631923 0.548785329 0.292947368 0.057544149 0.998193145 -0.017295066 -0.040596954 -0.547125638 0.046021979 0.835784376 -0.094006442
175708867 0.496212982 0.882156374 0.500000000 0.500000000 0.000000000 0.000000000 0.831720412 -0.038905933 0.553829849 0.295286605 0.058087468 0.998164773 -0.017113559 -0.040526054 -0.552147627 0.046404269 0.832453966 -0.096723013
175742233 0.496212982 0.882156374 0.500000000 0.500000000 0.000000000 0.000000000 0.828249693 -0.039162003 0.558989108 0.297594418 0.058562901 0.998141587 -0.016843766 -0.040660891 -0.557290614 0.046686865 0.829003930 -0.099129965
175775600 0.496212982 0.882156374 0.500000000 0.500000000 0.000000000 0.000000000 0.824846208 -0.039328203 0.563987613 0.299934743 0.058909994 0.998126030 -0.016555650 -0.041004366 -0.562279582 0.046880372 0.825617254 -0.102089578
175808967 0.496212982 0.882156374 0.500000000 0.500000000 0.000000000 0.000000000 0.821409464 -0.039634481 0.568960130 0.302434199 0.059359755 0.998105705 -0.016168552 -0.041246307 -0.567241490 0.047054332 0.822206140 -0.104676475
175842333 0.496212982 0.882156374 0.500000000 0.500000000 0.000000000 0.000000000 0.817868710 -0.039854914 0.574023008 0.304560510 0.059739213 0.998088658 -0.015818341 -0.041498703 -0.572295427 0.047229007 0.818686366 -0.107206773
175875700 0.496212982 0.882156374 0.500000000 0.500000000 0.000000000 0.000000000 0.814309180 -0.040136866 0.579041958 0.306880116 0.060218964 0.998064756 -0.015504342 -0.041591646 -0.577299058 0.047494631 0.815150321 -0.109771100
175909067 0.496212982 0.882156374 0.500000000 0.500000000 0.000000000 0.000000000 0.810817897 -0.040316671 0.583908319 0.309219254 0.060550392 0.998049855 -0.015168983 -0.041778814 -0.582158029 0.047655161 0.811677873 -0.112273536
175942433 0.496212982 0.882156374 0.500000000 0.500000000 0.000000000 0.000000000 0.807177067 -0.040547851 0.588915169 0.311343967 0.060905781 0.998034358 -0.014762057 -0.042163668 -0.587158978 0.047783934 0.808060050 -0.114609486
175975800 0.496212982 0.882156374 0.500000000 0.500000000 0.000000000 0.000000000 0.803530216 -0.040726077 0.593869209 0.313332687 0.061284944 0.998015285 -0.014479713 -0.042094337 -0.592100799 0.048030127 0.804431319 -0.117116593
176009167 0.496212982 0.882156374 0.500000000 0.500000000 0.000000000 0.000000000 0.799839139 -0.041061189 0.598808289 0.315341339 0.061749514 0.997992814 -0.014046071 -0.042252107 -0.597029626 0.048210718 0.800769210 -0.119384621
176042533 0.496212982 0.882156374 0.500000000 0.500000000 0.000000000 0.000000000 0.796104848 -0.041387010 0.603741825 0.317380675 0.062209681 0.997970164 -0.013619107 -0.042285056 -0.601952672 0.048400823 0.797063529 -0.121495065
176075900 0.496212982 0.882156374 0.500000000 0.500000000 0.000000000 0.000000000 0.792375445 -0.041709453 0.608606160 0.319645252 0.062615834 0.997951329 -0.013130412 -0.042417381 -0.606811643 0.048512597 0.793363810 -0.123476222
176109267 0.496212982 0.882156374 0.500000000 0.500000000 0.000000000 0.000000000 0.788582206 -0.041918624 0.613498867 0.321502220 0.062955849 0.997935057 -0.012736451 -0.042528994 -0.611698151 0.048667081 0.789592862 -0.125334437
176142633 0.496212982 0.882156374 0.500000000 0.500000000 0.000000000 0.000000000 0.784764707 -0.042227466 0.618353665 0.323490435 0.063312285 0.997919142 -0.012202804 -0.042873305 -0.616551638 0.048725713 0.785805225 -0.127431236
176176000 0.496212982 0.882156374 0.500000000 0.500000000 0.000000000 0.000000000 0.780901015 -0.042510454 0.623206556 0.325455217 0.063643456 0.997904360 -0.011678106 -0.043100150 -0.621404111 0.048782464 0.781970084 -0.129194105
176209367 0.496212982 0.882156374 0.500000000 0.500000000 0.000000000 0.000000000 0.777017415 -0.042687129 0.628030062 0.327438246 0.063969962 0.997887611 -0.011319232 -0.043094700 -0.626220226 0.048970301 0.778106749 -0.131104851
176242733 0.496212982 0.882156374 0.500000000 0.500000000 0.000000000 0.000000000 0.773213625 -0.042990372 0.632686734 0.329666532 0.064374432 0.997866631 -0.010868775 -0.042998408 -0.630869746 0.049132735 0.774331570 -0.132900066
176276100 0.496212982 0.882156374 0.500000000 0.500000000 0.000000000 0.000000000 0.769344807 -0.043225296 0.637369692 0.331716334 0.064637482 0.997855127 -0.010348670 -0.043252176 -0.635555327 0.049159668 0.770488679 -0.134458822
176309467 0.496212982 0.882156374 0.500000000 0.500000000 0.000000000 0.000000000 0.765366435 -0.043484822 0.642123997 0.333581897 0.065007411 0.997835577 -0.009910530 -0.043107667 -0.640303254 0.049328007 0.766536713 -0.136086535
176342833 0.496212982 0.882156374 0.500000000 0.500000000 0.000000000 0.000000000 0.761461377 -0.043780804 0.646730065 0.335847689 0.065365024 0.997817039 -0.009413061 -0.043023490 -0.644906163 0.049441207 0.762660861 -0.137836266
176376200 0.496212982 0.882156374 0.500000000 0.500000000 0.000000000 0.000000000 0.757411957 -0.043953370 0.651456296 0.337582067 0.065694250 0.997798681 -0.009058162 -0.042774407 -0.649624050 0.049657691 0.758632123 -0.139676997
176409567 0.496212982 0.882156374 0.500000000 0.500000000 0.000000000 0.000000000 0.753501654 -0.044234958 0.655956209 0.339809506 0.066010468 0.997782409 -0.008540405 -0.042856357 -0.654123783 0.049735185 0.754750609 -0.141373255
176442933 0.496212982 0.882156374 0.500000000 0.500000000 0.000000000 0.000000000 0.749477625 -0.044346433 0.660542727 0.341801319 0.066290200 0.997766435 -0.008229045 -0.042572057 -0.658702433 0.049954992 0.750743330 -0.143492094
176476300 0.496212982 0.882156374 0.500000000 0.500000000 0.000000000 0.000000000 0.745394707 -0.044532396 0.665134251 0.343490245 0.066423714 0.997762263 -0.007636264 -0.042980424 -0.663305819 0.049872722 0.746684730 -0.145210255
176509667 0.496212982 0.882156374 0.500000000 0.500000000 0.000000000 0.000000000 0.741374671 -0.044617083 0.669606566 0.345585786 0.066684157 0.997747064 -0.007349665 -0.042645008 -0.667770028 0.050101005 0.742679656 -0.146895000
176543033 0.496212982 0.882156374 0.500000000 0.500000000 0.000000000 0.000000000 0.737197757 -0.044853143 0.674186707 0.347365586 0.066970102 0.997731447 -0.006850947 -0.042712859 -0.672349989 0.050200857 0.738529205 -0.149128579
176576400 0.496212982 0.882156374 0.500000000 0.500000000 0.000000000 0.000000000 0.733102918 -0.044965401 0.678629637 0.349433192 0.067213677 0.997717440 -0.006501008 -0.042443060 -0.676788330 0.050379101 0.734451830 -0.151107919
176609767 0.496212982 0.882156374 0.500000000 0.500000000 0.000000000 0.000000000 0.728937328 -0.045014318 0.683098912 0.351208627 0.067312971 0.997713387 -0.006083378 -0.042526735 -0.681263089 0.050415818 0.730300546 -0.153261244
176643133 0.496212982 0.882156374 0.500000000 0.500000000 0.000000000 0.000000000 0.724657536 -0.045002278 0.687638164 0.352856939 0.067340247 0.997713983 -0.005670454 -0.042736628 -0.685811043 0.050414864 0.726031423 -0.155555033
176676500 0.496212982 0.882156374 0.500000000 0.500000000 0.000000000 0.000000000 0.720454872 -0.044891488 0.692047358 0.354534704 0.067291670 0.997719109 -0.005334199 -0.042985113 -0.690229416 0.050412074 0.721832395 -0.157936383
176709867 0.496212982 0.882156374 0.500000000 0.500000000 0.000000000 0.000000000 0.716271579 -0.044971924 0.696371019 0.356482504 0.067399524 0.997714043 -0.004892854 -0.043017620 -0.694559097 0.050439686 0.717665315 -0.159937523
176743233 0.496212982 0.882156374 0.500000000 0.500000000 0.000000000 0.000000000 0.711870074 -0.045034751 0.700865805 0.357906508 0.067505874 0.997708917 -0.004457111 -0.043096150 -0.699059308 0.050485440 0.713279247 -0.162561500
176776600 0.496212982 0.882156374 0.500000000 0.500000000 0.000000000 0.000000000 0.707521439 -0.045052681 0.705254316 0.359436502 0.067489572 0.997712076 -0.003971213 -0.043436862 -0.703461885 0.050407033 0.708943248 -0.165060621
176809967 0.496212982 0.882156374 0.500000000 0.500000000 0.000000000 0.000000000 0.703116834 -0.045026623 0.709647357 0.361019417 0.067582950 0.997706950 -0.003657216 -0.043194121 -0.707855403 0.050531507 0.704547584 -0.166938386
176843333 0.496212982 0.882156374 0.500000000 0.500000000 0.000000000 0.000000000 0.698782444 -0.044902679 0.713923573 0.362798527 0.067456491 0.997716844 -0.003273812 -0.043577344 -0.712146521 0.050446458 0.700215995 -0.169932540
176876700 0.496212982 0.882156374 0.500000000 0.500000000 0.000000000 0.000000000 0.694379866 -0.044944078 0.718203783 0.364429297 0.067510277 0.997714579 -0.002835427 -0.043688558 -0.716434956 0.050454997 0.695827067 -0.172258499
176910067 0.496212982 0.882156374 0.500000000 0.500000000 0.000000000 0.000000000 0.689975262 -0.044814739 0.722444355 0.366185054 0.067441158 0.997720063 -0.002519456 -0.043671131 -0.720684290 0.050460845 0.691424489 -0.174640465
176943433 0.496212982 0.882156374 0.500000000 0.500000000 0.000000000 0.000000000 0.685598254 -0.044786900 0.726601124 0.368308702 0.067355312 0.997726917 -0.002055582 -0.043957511 -0.724857450 0.050349746 0.687056482 -0.176692806
176976800 0.496212982 0.882156374 0.500000000 0.500000000 0.000000000 0.000000000 0.681206167 -0.044758067 0.730722189 0.370202392 0.067307405 0.997730970 -0.001633605 -0.044122776 -0.728991032 0.050295837 0.682672977 -0.179139321
177010167 0.496212982 0.882156374 0.500000000 0.500000000 0.000000000 0.000000000 0.676723421 -0.044768538 0.734874904 0.372175479 0.067296579 0.997732282 -0.001189532 -0.044246130 -0.733155191 0.050259553 0.678201616 -0.181219874
177043533 0.496212982 0.882156374 0.500000000 0.500000000 0.000000000 0.000000000 0.672224343 -0.044738781 0.738994479 0.373897602 0.067267463 0.997734666 -0.000786737 -0.044425281 -0.737285256 0.050239149 0.673711002 -0.184036053
177076900 0.496212982 0.882156374 0.500000000 0.500000000 0.000000000 0.000000000 0.667848289 -0.044655018 0.742956698 0.376186952 0.067148954 0.997742891 -0.000391796 -0.044562036 -0.741262257 0.050150424 0.669339359 -0.186300120
177110267 0.496212982 0.882156374 0.500000000 0.500000000 0.000000000 0.000000000 0.663330615 -0.044526473 0.747000575 0.377850118 0.067166477 0.997741759 -0.000170898 -0.044209805 -0.745306075 0.050286762 0.664823353 -0.188898442
177143633 0.496212982 0.882156374 0.500000000 0.500000000 0.000000000 0.000000000 0.658790469 -0.044579636 0.751004517 0.379993605 0.067043200 0.997749984 0.000415322 -0.044844236 -0.749333262 0.050076135 0.660296977 -0.190985256
177177000 0.496212982 0.882156374 0.500000000 0.500000000 0.000000000 0.000000000 0.654154956 -0.044478253 0.755051672 0.381751112 0.066926137 0.997757614 0.000792597 -0.044960993 -0.753393769 0.050014209 0.655664861 -0.193354534
177210367 0.496212982 0.882156374 0.500000000 0.500000000 0.000000000 0.000000000 0.649507642 -0.044311240 0.759062827 0.383665201 0.066808499 0.997765243 0.001079735 -0.045104120 -0.757414341 0.050010551 0.651016533 -0.195545947
177243733 0.496212982 0.882156374 0.500000000 0.500000000 0.000000000 0.000000000 0.644829929 -0.044212762 0.763046265 0.385580686 0.066543661 0.997782290 0.001579679 -0.045700146 -0.761423886 0.049757268 0.646341920 -0.197927273
177277100 0.496212982 0.882156374 0.500000000 0.500000000 0.000000000 0.000000000 0.640196145 -0.044119604 0.766943514 0.387381932 0.066508740 0.997784078 0.001881757 -0.045563678 -0.765327036 0.049803752 0.641711831 -0.200563110
177310467 0.496212982 0.882156374 0.500000000 0.500000000 0.000000000 0.000000000 0.635327876 -0.044095006 0.770982563 0.388920461 0.066522509 0.997782409 0.002248582 -0.045386684 -0.769371986 0.049859107 0.636852264 -0.203105373
177343833 0.496212982 0.882156374 0.500000000 0.500000000 0.000000000 0.000000000 0.630558550 -0.044115294 0.774886906 0.390717661 0.066415258 0.997788250 0.002760418 -0.045841962 -0.773294806 0.049723711 0.632093847 -0.205641936
177377200 0.496212982 0.882156374 0.500000000 0.500000000 0.000000000 0.000000000 0.625693679 -0.044170551 0.778817296 0.392346219 0.066338025 0.997791767 0.003294393 -0.046058134 -0.777243018 0.049603924 0.627242148 -0.207459234
177410567 0.496212982 0.882156374 0.500000000 0.500000000 0.000000000 0.000000000 0.620867372 -0.044076607 0.782675505 0.393923270 0.066155873 0.997802377 0.003712546 -0.046156875 -0.781119168 0.049473584 0.622418880 -0.209673800
177443933 0.496212982 0.882156374 0.500000000 0.500000000 0.000000000 0.000000000 0.615865111 -0.043981306 0.786623061 0.395254925 0.066052713 0.997807801 0.004074799 -0.046259343 -0.785077810 0.049449056 0.617420137 -0.211568849
177477300 0.496212982 0.882156374 0.500000000 0.500000000 0.000000000 0.000000000 0.610930145 -0.043944705 0.790463924 0.396463590 0.065856092 0.997818649 0.004573742 -0.046700385 -0.788940668 0.049262628 0.612491488 -0.213815567
177510667 0.496212982 0.882156374 0.500000000 0.500000000 0.000000000 0.000000000 0.606080413 -0.043714035 0.794201255 0.398017094 0.065649390 0.997831106 0.004822981 -0.046580919 -0.792689562 0.049215712 0.607635677 -0.216058499
177544033 0.496212982 0.882156374 0.500000000 0.500000000 0.000000000 0.000000000 0.601022243 -0.043955732 0.798022687 0.399465467 0.065808319 0.997817695 0.005397773 -0.046522697 -0.796518385 0.049272351 0.602603257 -0.217576283
177577400 0.496212982 0.882156374 0.500000000 0.500000000 0.000000000 0.000000000 0.595990062 -0.043769442 0.801797986 0.400861308 0.065531366 0.997833908 0.005760288 -0.046880937 -0.800313354 0.049109843 0.597567379 -0.219205277
177610767 0.496212982 0.882156374 0.500000000 0.500000000 0.000000000 0.000000000 0.591037631 -0.043538962 0.805468142 0.402085038 0.065313935 0.997846663 0.006011676 -0.046674177 -0.803995430 0.049055163 0.592608631 -0.221707789
177644133 0.496212982 0.882156374 0.500000000 0.500000000 0.000000000 0.000000000 0.586116195 -0.043423023 0.809062541 0.403735855 0.065128550 0.997856498 0.006374106 -0.046672611 -0.807605147 0.048957102 0.587687969 -0.223765639
177677500 0.496212982 0.882156374 0.500000000 0.500000000 0.000000000 0.000000000 0.581237137 -0.043343354 0.812579095 0.405430867 0.065032557 0.997860610 0.006708628 -0.046636798 -0.811131418 0.048944794 0.582812369 -0.225767360
177710867 0.496212982 0.882156374 0.500000000 0.500000000 0.000000000 0.000000000 0.576323330 -0.043112412 0.816083789 0.406766797 0.064774081 0.997875571 0.006972337 -0.046524312 -0.814650655 0.048842754 0.577891529 -0.227943326
177744233 0.496212982 0.882156374 0.500000000 0.500000000 0.000000000 0.000000000 0.571282744 -0.043004829 0.819625914 0.407891555 0.064665385 0.997880399 0.007285586 -0.046337120 -0.818201900 0.048839293 0.572852790 -0.230578673
177777600 0.496212982 0.882156374 0.500000000 0.500000000 0.000000000 0.000000000 0.566406131 -0.042669415 0.823020935 0.409462625 0.064345516 0.997899830 0.007453163 -0.046482034 -0.821610451 0.048736185 0.567962170 -0.232788599
177810967 0.496212982 0.882156374 0.500000000 0.500000000 0.000000000 0.000000000 0.561560750 -0.042406421 0.826348126 0.410857812 0.064024724 0.997918606 0.007701822 -0.046472365 -0.824954748 0.048581667 0.563107014 -0.235283411
177844333 0.496212982 0.882156374 0.500000000 0.500000000 0.000000000 0.000000000 0.556570292 -0.042265326 0.829724729 0.412414297 0.063825347 0.997928858 0.008020127 -0.046574013 -0.828345239 0.048493702 0.558115184 -0.237217624
177877700 0.496212982 0.882156374 0.500000000 0.500000000 0.000000000 0.000000000 0.551703453 -0.041963425 0.832984030 0.414303166 0.063451722 0.997950792 0.008248538 -0.046742221 -0.831623256 0.048303526 0.553235531 -0.238961543
177911067 0.496212982 0.882156374 0.500000000 0.500000000 0.000000000 0.000000000 0.546762586 -0.041701790 0.836248577 0.415951538 0.063225217 0.997963727 0.008427746 -0.046699968 -0.834897161 0.048264023 0.548285782 -0.240819679
177944433 0.496212982 0.882156374 0.500000000 0.500000000 0.000000000 0.000000000 0.541831911 -0.041469853 0.839463174 0.417534019 0.062951006 0.997978985 0.008668849 -0.046837887 -0.838126123 0.048147991 0.543347418 -0.242708193
177977800 0.496212982 0.882156374 0.500000000 0.500000000 0.000000000 0.000000000 0.536825359 -0.041215006 0.842686117 0.419473865 0.062677957 0.997994304 0.008882575 -0.046974003 -0.841362000 0.048049454 0.538331926 -0.244024104
178011167 0.496212982 0.882156374 0.500000000 0.500000000 0.000000000 0.000000000 0.531798780 -0.040937908 0.845880687 0.421065664 0.062451124 0.998007119 0.009037791 -0.047158759 -0.844564915 0.048019916 0.533295572 -0.245943952
178044533 0.496212982 0.882156374 0.500000000 0.500000000 0.000000000 0.000000000 0.526476204 -0.040419325 0.849228561 0.421904696 0.061987732 0.998035669 0.009072780 -0.047517817 -0.847927094 0.047865149 0.527947485 -0.249526964
178077900 0.496212982 0.882156374 0.500000000 0.500000000 0.000000000 0.000000000 0.521248698 -0.039995309 0.852467120 0.423364938 0.061507385 0.998064041 0.009217056 -0.047995400 -0.851185441 0.047628645 0.522699594 -0.252604467
178111267 0.496212982 0.882156374 0.500000000 0.500000000 0.000000000 0.000000000 0.515881777 -0.039439179 0.855751455 0.424196849 0.061118137 0.998088539 0.009154596 -0.048277073 -0.854476810 0.047579248 0.517306149 -0.256218868
178144633 0.496212982 0.882156374 0.500000000 0.500000000 0.000000000 0.000000000 0.510366082 -0.038884491 0.859077692 0.424832427 0.060632993 0.998118103 0.009156671 -0.048634834 -0.857817054 0.047415197 0.511763334 -0.260541980
178178000 0.496212982 0.882156374 0.500000000 0.500000000 0.000000000 0.000000000 0.504877806 -0.038109764 0.862349153 0.425133982 0.060021076 0.998156786 0.008971091 -0.048892278 -0.861101568 0.047229819 0.506234586 -0.265171804
178211367 0.496212982 0.882156374 0.500000000 0.500000000 0.000000000 0.000000000 0.499434859 -0.037593260 0.865535438 0.426273354 0.059602920 0.998181939 0.008962244 -0.049278413 -0.864298761 0.047112383 0.500767529 -0.268822115
178244733 0.496212982 0.882156374 0.500000000 0.500000000 0.000000000 0.000000000 0.493829846 -0.037077956 0.868767679 0.426889351 0.059163384 0.998207986 0.008972324 -0.049540480 -0.867543519 0.046968434 0.495138556 -0.272699032
178278100 0.496212982 0.882156374 0.500000000 0.500000000 0.000000000 0.000000000 0.488341123 -0.036608197 0.871884644 0.427852226 0.058837965 0.998227358 0.008957957 -0.049678621 -0.870667040 0.046925377 0.489629418 -0.276545304
178311467 0.496212982 0.882156374 0.500000000 0.500000000 0.000000000 0.000000000 0.482835680 -0.036022440 0.874969780 0.428422921 0.058452215 0.998251021 0.008842163 -0.049767504 -0.873758018 0.046874609 0.484096795 -0.280449396
178344833 0.496212982 0.882156374 0.500000000 0.500000000 0.000000000 0.000000000 0.477205694 -0.035516873 0.878073633 0.429251674 0.058097079 0.998272121 0.008804784 -0.050049277 -0.876869142 0.046811819 0.478444576 -0.284420899
178378200 0.496212982 0.882156374 0.500000000 0.500000000 0.000000000 0.000000000 0.471753716 -0.035040304 0.881033838 0.430258692 0.057838351 0.998287737 0.008733886 -0.050074056 -0.879831314 0.046837300 0.472972631 -0.288278844
178411567 0.496212982 0.882156374 0.500000000 0.500000000 0.000000000 0.000000000 0.466206908 -0.034541678 0.884001136 0.431090252 0.057569161 0.998304069 0.008647001 -0.050146433 -0.882800639 0.046859913 0.467404783 -0.292003408
