https://www.youtube.com/watch?v=SdNVLqQun40
74074000 0.500202441 0.889248817 0.500000000 0.500000000 0.000000000 0.000000000 0.998481572 -0.000341391 -0.055085529 -0.033636197 0.000687385 0.999980152 0.006262216 -0.004127714 0.055082299 -0.006290572 0.998462021 -0.630118110
74107367 0.500202441 0.889248817 0.500000000 0.500000000 0.000000000 0.000000000 0.998296261 -0.000635608 -0.058345776 -0.033704227 0.000986720 0.999981582 0.005989165 -0.002415757 0.058340892 -0.006036532 0.998278439 -0.662300719
74140733 0.500202441 0.889248817 0.500000000 0.500000000 0.000000000 0.000000000 0.998139560 -0.000416665 -0.060969587 -0.037116301 0.000818831 0.999978065 0.006571328 -0.004647279 0.060965512 -0.006609026 0.998117983 -0.697111367
74174100 0.500202441 0.889248817 0.500000000 0.500000000 0.000000000 0.000000000 0.997971296 -0.000671520 -0.063662082 -0.040006473 0.001087294 0.999978304 0.006496542 -0.004876419 0.063656338 -0.006552582 0.997950375 -0.730934869
74207467 0.500202441 0.889248817 0.500000000 0.500000000 0.000000000 0.000000000 0.997840762 -0.000327440 -0.065679185 -0.046766221 0.000716214 0.999982357 0.005895833 -0.001507742 0.065676101 -0.005930143 0.997823358 -0.764526713
74240833 0.500202441 0.889248817 0.500000000 0.500000000 0.000000000 0.000000000 0.997659802 -0.000431016 -0.068372153 -0.048758297 0.000856214 0.999980450 0.006189696 -0.001280518 0.068368152 -0.006233752 0.997640669 -0.797450212
74274200 0.500202441 0.889248817 0.500000000 0.500000000 0.000000000 0.000000000 0.997520030 -0.000236316 -0.070382357 -0.055016715 0.000706049 0.999977648 0.006649219 0.000958299 0.070379212 -0.006682423 0.997497916 -0.831788319
74307567 0.500202441 0.889248817 0.500000000 0.500000000 0.000000000 0.000000000 0.997330606 -0.000359628 -0.073017448 -0.058067617 0.000838358 0.999978364 0.006525834 0.005395266 0.073013522 -0.006569629 0.997309327 -0.864913677
74340933 0.500202441 0.889248817 0.500000000 0.500000000 0.000000000 0.000000000 0.997137129 -0.000837229 -0.075609431 -0.060411880 0.001313651 0.999979615 0.006251578 0.009411726 0.075602651 -0.006333006 0.997117937 -0.898122441
74374300 0.500202441 0.889248817 0.500000000 0.500000000 0.000000000 0.000000000 0.996944666 -0.000078065 -0.078111209 -0.063366827 0.000591146 0.999978423 0.006545494 0.011796251 0.078109011 -0.006571671 0.996923149 -0.932630882
74407667 0.500202441 0.889248817 0.500000000 0.500000000 0.000000000 0.000000000 0.996769607 -0.000331674 -0.080313422 -0.066036894 0.000850137 0.999979019 0.006421392 0.015819412 0.080309607 -0.006468926 0.996748984 -0.965283182
74441033 0.500202441 0.889248817 0.500000000 0.500000000 0.000000000 0.000000000 0.996612549 -0.000314150 -0.082239270 -0.068916280 0.000845431 0.999979019 0.006425446 0.018618990 0.082235530 -0.006473207 0.996591926 -1.000610822
74474400 0.500202441 0.889248817 0.500000000 0.500000000 0.000000000 0.000000000 0.996431053 -0.000506307 -0.084408998 -0.069687697 0.001031575 0.999980390 0.006179395 0.021845801 0.084404208 -0.006244415 0.996412039 -1.034890618
74507767 0.500202441 0.889248817 0.500000000 0.500000000 0.000000000 0.000000000 0.996280432 -0.000449637 -0.086168900 -0.072663979 0.001033941 0.999976754 0.006736409 0.020860130 0.086163871 -0.006800447 0.996257782 -1.068273843
74541133 0.500202441 0.889248817 0.500000000 0.500000000 0.000000000 0.000000000 0.996094882 -0.000788910 -0.088285878 -0.073252813 0.001391010 0.999976218 0.006758568 0.020442434 0.088278443 -0.006854982 0.996072233 -1.100776951
74574500 0.500202441 0.889248817 0.500000000 0.500000000 0.000000000 0.000000000 0.995930552 -0.000963048 -0.090118974 -0.075493424 0.001535105 0.999979138 0.006278702 0.021645207 0.090111040 -0.006391493 0.995911241 -1.133932021
74607867 0.500202441 0.889248817 0.500000000 0.500000000 0.000000000 0.000000000 0.995750785 -0.000835313 -0.092085086 -0.076957945 0.001409088 0.999979973 0.006166080 0.022359852 0.092078090 -0.006269635 0.995732069 -1.168550579
74641233 0.500202441 0.889248817 0.500000000 0.500000000 0.000000000 0.000000000 0.995588303 -0.001155653 -0.093822464 -0.078938527 0.001714687 0.999981225 0.005878022 0.021544564 0.093813911 -0.006012966 0.995571613 -1.201517642
74674600 0.500202441 0.889248817 0.500000000 0.500000000 0.000000000 0.000000000 0.995391667 -0.001789087 -0.095875919 -0.078821061 0.002332506 0.999981821 0.005556168 0.021232252 0.095864236 -0.005754194 0.995377779 -1.234782454
74707967 0.500202441 0.889248817 0.500000000 0.500000000 0.000000000 0.000000000 0.995159507 -0.001848483 -0.098255545 -0.077829214 0.002407950 0.999981582 0.005575718 0.017893338 0.098243430 -0.005785324 0.995145619 -1.269379902
74741333 0.500202441 0.889248817 0.500000000 0.500000000 0.000000000 0.000000000 0.994992316 -0.001459912 -0.099940531 -0.080258002 0.002061739 0.999980330 0.005918833 0.014749591 0.099929921 -0.006095245 0.994975805 -1.304025889
74774700 0.500202441 0.889248817 0.500000000 0.500000000 0.000000000 0.000000000 0.994807243 -0.001709255 -0.101762548 -0.081109631 0.002342589 0.999978602 0.006104468 0.012708087 0.101749942 -0.006311157 0.994789958 -1.339372432
74808067 0.500202441 0.889248817 0.500000000 0.500000000 0.000000000 0.000000000 0.994589210 -0.001823167 -0.103869841 -0.081413116 0.002474797 0.999978065 0.006144998 0.010884878 0.103856355 -0.006368805 0.994571924 -1.375937747
74841433 0.500202441 0.889248817 0.500000000 0.500000000 0.000000000 0.000000000 0.994300067 -0.002721051 -0.106583275 -0.077464822 0.003383331 0.999976099 0.006033409 0.009213536 0.106564306 -0.006359626 0.994285464 -1.412891990
74874800 0.500202441 0.889248817 0.500000000 0.500000000 0.000000000 0.000000000 0.994010925 -0.002832487 -0.109243788 -0.074740870 0.003495910 0.999976575 0.005881819 0.009201850 0.109224573 -0.006228499 0.993997574 -1.449386724
74908167 0.500202441 0.889248817 0.500000000 0.500000000 0.000000000 0.000000000 0.993808150 -0.002659641 -0.111077935 -0.074762975 0.003354942 0.999975920 0.006073137 0.009551837 0.111059114 -0.006408193 0.993793130 -1.485954146
74941533 0.500202441 0.889248817 0.500000000 0.500000000 0.000000000 0.000000000 0.993580401 -0.002950654 -0.113089770 -0.074001831 0.003741813 0.999969959 0.006784227 0.007809474 0.113066353 -0.007163836 0.993561625 -1.522149386
74974900 0.500202441 0.889248817 0.500000000 0.500000000 0.000000000 0.000000000 0.993342459 -0.002901026 -0.115162186 -0.072438657 0.003733765 0.999968410 0.007015957 0.007572944 0.115138195 -0.007399236 0.993321955 -1.555399126
75008267 0.500202441 0.889248817 0.500000000 0.500000000 0.000000000 0.000000000 0.993018091 -0.003319540 -0.117915295 -0.069493651 0.004057904 0.999973655 0.006022291 0.011685792 0.117892191 -0.006458733 0.993005395 -1.591855138
75041633 0.500202441 0.889248817 0.500000000 0.500000000 0.000000000 0.000000000 0.992719114 -0.003177771 -0.120410323 -0.066972227 0.003946941 0.999973297 0.006149951 0.011904164 0.120387562 -0.006580427 0.992705166 -1.625404896
75075000 0.500202441 0.889248817 0.500000000 0.500000000 0.000000000 0.000000000 0.992486715 -0.002889837 -0.122318409 -0.068012708 0.003755021 0.999969542 0.006843286 0.011558269 0.122294910 -0.007251178 0.992467344 -1.658691649
75108367 0.500202441 0.889248817 0.500000000 0.500000000 0.000000000 0.000000000 0.992199898 -0.003082958 -0.124618739 -0.068004428 0.003920566 0.999971330 0.006476682 0.016541179 0.124595203 -0.006914739 0.992183566 -1.691601121
75141733 0.500202441 0.889248817 0.500000000 0.500000000 0.000000000 0.000000000 0.991819859 -0.003150181 -0.127606660 -0.063999530 0.004078017 0.999967098 0.007010451 0.016073502 0.127580374 -0.007473486 0.991800070 -1.723258961
75175100 0.500202441 0.889248817 0.500000000 0.500000000 0.000000000 0.000000000 0.991540611 -0.003483964 -0.129750088 -0.064756815 0.004414454 0.999966562 0.006884484 0.017527294 0.129721761 -0.007399021 0.991522849 -1.755064471
75208467 0.500202441 0.889248817 0.500000000 0.500000000 0.000000000 0.000000000 0.991127908 -0.003147376 -0.132874042 -0.060748228 0.004146416 0.999965191 0.007242666 0.017346137 0.132846624 -0.007729359 0.991106451 -1.786810175
75241833 0.500202441 0.889248817 0.500000000 0.500000000 0.000000000 0.000000000 0.990803659 -0.003145500 -0.135270685 -0.060510262 0.004180155 0.999964118 0.007365420 0.017833347 0.135242656 -0.007863138 0.990781307 -1.818931762
75275200 0.500202441 0.889248817 0.500000000 0.500000000 0.000000000 0.000000000 0.990438461 -0.003172396 -0.137918949 -0.058264514 0.004291873 0.999960184 0.007820288 0.017374473 0.137888655 -0.008337444 0.990412652 -1.851127872
75308567 0.500202441 0.889248817 0.500000000 0.500000000 0.000000000 0.000000000 0.990126908 -0.002962564 -0.140142694 -0.058198695 0.004104667 0.999960661 0.007861231 0.017327566 0.140113905 -0.008358856 0.990100086 -1.883250213
75341933 0.500202441 0.889248817 0.500000000 0.500000000 0.000000000 0.000000000 0.989759684 -0.003285629 -0.142706037 -0.056876096 0.004412503 0.999961555 0.007580720 0.017872609 0.142675638 -0.008132782 0.989736080 -1.915057717
75375300 0.500202441 0.889248817 0.500000000 0.500000000 0.000000000 0.000000000 0.989413500 -0.002994837 -0.145092994 -0.056041604 0.004070442 0.999966383 0.007116915 0.019564376 0.145066798 -0.007632164 0.989392400 -1.946624331
75408667 0.500202441 0.889248817 0.500000000 0.500000000 0.000000000 0.000000000 0.989077508 -0.003160327 -0.147362396 -0.056020053 0.004308971 0.999962747 0.007476103 0.017088732 0.147333279 -0.008029426 0.989054322 -1.978387914
75442033 0.500202441 0.889248817 0.500000000 0.500000000 0.000000000 0.000000000 0.988787413 -0.002938262 -0.149301082 -0.057491379 0.004167605 0.999959946 0.007921781 0.015418072 0.149271816 -0.008455186 0.988760054 -2.011118401
75475400 0.500202441 0.889248817 0.500000000 0.500000000 0.000000000 0.000000000 0.988500535 -0.003325761 -0.151180953 -0.059050731 0.004583343 0.999957740 0.007970691 0.015147364 0.151148051 -0.008571946 0.988473952 -2.042938569
75508767 0.500202441 0.889248817 0.500000000 0.500000000 0.000000000 0.000000000 0.988223672 -0.003524528 -0.152975664 -0.061382972 0.004716846 0.999961257 0.007431949 0.018449045 0.152943537 -0.008065991 0.988202035 -2.075040406
75542133 0.500202441 0.889248817 0.500000000 0.500000000 0.000000000 0.000000000 0.987907946 -0.003752936 -0.154996336 -0.061913723 0.005038117 0.999956131 0.007899695 0.016505347 0.154959887 -0.008585061 0.987883449 -2.107246692
75575500 0.500202441 0.889248817 0.500000000 0.500000000 0.000000000 0.000000000 0.987650812 -0.003548671 -0.156630933 -0.064867784 0.004790453 0.999960005 0.007551292 0.019374574 0.156597883 -0.008208374 0.987628341 -2.139234567
75608867 0.500202441 0.889248817 0.500000000 0.500000000 0.000000000 0.000000000 0.987311959 -0.004106587 -0.158739686 -0.064360885 0.005388835 0.999956250 0.007648082 0.018274922 0.158701330 -0.008406465 0.987290859 -2.170956870
75642233 0.500202441 0.889248817 0.500000000 0.500000000 0.000000000 0.000000000 0.987080157 -0.003957366 -0.160178438 -0.067259426 0.005225121 0.999958277 0.007494220 0.022071236 0.160142109 -0.008234347 0.987059653 -2.203574976
75675600 0.500202441 0.889248817 0.500000000 0.500000000 0.000000000 0.000000000 0.986889184 -0.004675216 -0.161331430 -0.070861535 0.006015140 0.999951363 0.007817999 0.021990677 0.161287025 -0.008685931 0.986869335 -2.235265140
75708967 0.500202441 0.889248817 0.500000000 0.500000000 0.000000000 0.000000000 0.986646593 -0.004930984 -0.162800983 -0.072604781 0.006335082 0.999947071 0.008106613 0.022624273 0.162752390 -0.009029719 0.986625612 -2.266256024
75742333 0.500202441 0.889248817 0.500000000 0.500000000 0.000000000 0.000000000 0.986511707 -0.005185741 -0.163608491 -0.078387990 0.006512127 0.999950111 0.007571778 0.028050762 0.163561061 -0.008535087 0.986496270 -2.297741742
75775700 0.500202441 0.889248817 0.500000000 0.500000000 0.000000000 0.000000000 0.986316741 -0.005120308 -0.164781868 -0.080459261 0.006614405 0.999941826 0.008519673 0.026733423 0.164728656 -0.009493030 0.986293256 -2.329156511
75809067 0.500202441 0.889248817 0.500000000 0.500000000 0.000000000 0.000000000 0.986159921 -0.005273909 -0.165713057 -0.082306955 0.006852558 0.999936402 0.008956113 0.026480223 0.165655285 -0.009967718 0.986133337 -2.358676216
75842433 0.500202441 0.889248817 0.500000000 0.500000000 0.000000000 0.000000000 0.986038208 -0.005828667 -0.166417360 -0.085469629 0.007331936 0.999937654 0.008420191 0.030027073 0.166357905 -0.009522791 0.986019433 -2.389176750
75875800 0.500202441 0.889248817 0.500000000 0.500000000 0.000000000 0.000000000 0.985895574 -0.006010517 -0.167253703 -0.087539457 0.007452726 0.999940276 0.007996546 0.033830261 0.167195648 -0.009130255 0.985881448 -2.419256639
75909167 0.500202441 0.889248817 0.500000000 0.500000000 0.000000000 0.000000000 0.985763133 -0.006470115 -0.168015465 -0.089451062 0.007894191 0.999938369 0.007809317 0.035325401 0.167954579 -0.009024483 0.985753417 -2.448175006
75942533 0.500202441 0.889248817 0.500000000 0.500000000 0.000000000 0.000000000 0.985650003 -0.006452974 -0.168678403 -0.091617616 0.007959597 0.999934256 0.008257288 0.033847914 0.168614030 -0.009481409 0.985636532 -2.478360533
75975900 0.500202441 0.889248817 0.500000000 0.500000000 0.000000000 0.000000000 0.985539794 -0.006795524 -0.169307709 -0.094339731 0.008250967 0.999934793 0.007894359 0.035238785 0.169243023 -0.009177157 0.985531628 -2.507551514
76009267 0.500202441 0.889248817 0.500000000 0.500000000 0.000000000 0.000000000 0.985436559 -0.006952609 -0.169901222 -0.097181907 0.008372115 0.999935746 0.007639884 0.035995089 0.169837192 -0.008951053 0.985431492 -2.536666276
76042633 0.500202441 0.889248817 0.500000000 0.500000000 0.000000000 0.000000000 0.985318303 -0.007360848 -0.170568645 -0.098954795 0.008755987 0.999934077 0.007428512 0.035670928 0.170502707 -0.008812946 0.985317767 -2.566517683
76076000 0.500202441 0.889248817 0.500000000 0.500000000 0.000000000 0.000000000 0.985204518 -0.007683318 -0.171210542 -0.100598546 0.009073606 0.999931872 0.007339281 0.034072882 0.171142489 -0.008784190 0.985207140 -2.597204047
76109367 0.500202441 0.889248817 0.500000000 0.500000000 0.000000000 0.000000000 0.985039711 -0.007923786 -0.172145143 -0.100666486 0.009301785 0.999930799 0.007199685 0.032313768 0.172076195 -0.008693233 0.985045314 -2.628383061
76142733 0.500202441 0.889248817 0.500000000 0.500000000 0.000000000 0.000000000 0.984943628 -0.008279422 -0.172677547 -0.102553911 0.009601626 0.999930620 0.006823191 0.031439028 0.172609076 -0.008378443 0.984954774 -2.660114567
76176100 0.500202441 0.889248817 0.500000000 0.500000000 0.000000000 0.000000000 0.984762192 -0.008761687 -0.173685506 -0.102231636 0.009992350 0.999930799 0.006212419 0.031889443 0.173619047 -0.007853282 0.984781563 -2.692149711
76209467 0.500202441 0.889248817 0.500000000 0.500000000 0.000000000 0.000000000 0.984601617 -0.008981975 -0.174582183 -0.101876852 0.010269386 0.999926329 0.006472256 0.029105759 0.174511194 -0.008165445 0.984621346 -2.724694759
76242833 0.500202441 0.889248817 0.500000000 0.500000000 0.000000000 0.000000000 0.984447181 -0.009565677 -0.175420180 -0.100828145 0.010853575 0.999920726 0.006383826 0.027363258 0.175345197 -0.008188475 0.984472930 -2.757099066
76276200 0.500202441 0.889248817 0.500000000 0.500000000 0.000000000 0.000000000 0.984197378 -0.009875618 -0.176799208 -0.096703184 0.011166546 0.999917746 0.006308172 0.026589559 0.176722378 -0.008182723 0.984226704 -2.790092757
76309567 0.500202441 0.889248817 0.500000000 0.500000000 0.000000000 0.000000000 0.984043956 -0.009926859 -0.177648321 -0.094801690 0.011224269 0.999917150 0.006299735 0.025807421 0.177571073 -0.008193188 0.984073877 -2.821470796
76342933 0.500202441 0.889248817 0.500000000 0.500000000 0.000000000 0.000000000 0.983891308 -0.010139868 -0.178479761 -0.093673441 0.011358119 0.999918640 0.005805206 0.029248632 0.178406373 -0.007738886 0.983926475 -2.853036701
76376300 0.500202441 0.889248817 0.500000000 0.500000000 0.000000000 0.000000000 0.983783066 -0.010324705 -0.179064870 -0.093998875 0.011536749 0.999917030 0.005728703 0.031110012 0.178990856 -0.007701627 0.983820617 -2.884103800
76409667 0.500202441 0.889248817 0.500000000 0.500000000 0.000000000 0.000000000 0.983803034 -0.011059979 -0.178911477 -0.100644029 0.012240714 0.999909997 0.005496953 0.034816801 0.178834572 -0.007597923 0.983849823 -2.916947943
76443033 0.500202441 0.889248817 0.500000000 0.500000000 0.000000000 0.000000000 0.983485043 -0.011360351 -0.180632427 -0.093259444 0.012540166 0.999906838 0.005390911 0.036594095 0.180554345 -0.007567041 0.983535886 -2.944066521
76476400 0.500202441 0.889248817 0.500000000 0.500000000 0.000000000 0.000000000 0.983271420 -0.011374904 -0.181790799 -0.092090953 0.012609288 0.999904633 0.005635784 0.038083933 0.181709349 -0.007833758 0.983321071 -2.974653589
76509767 0.500202441 0.889248817 0.500000000 0.500000000 0.000000000 0.000000000 0.983135521 -0.011543455 -0.182513922 -0.093550435 0.012754530 0.999903738 0.005463077 0.041343114 0.182433292 -0.007698824 0.983188093 -3.004083073
76543133 0.500202441 0.889248817 0.500000000 0.500000000 0.000000000 0.000000000 0.982986987 -0.011877367 -0.183290884 -0.094723031 0.013131289 0.999897957 0.005628927 0.042950818 0.183205321 -0.007940007 0.983042598 -3.034206918
76576500 0.500202441 0.889248817 0.500000000 0.500000000 0.000000000 0.000000000 0.982776165 -0.012105918 -0.184402838 -0.092241122 0.013400767 0.999893486 0.005777168 0.042988788 0.184313267 -0.008148803 0.982833743 -3.063324706
76609867 0.500202441 0.889248817 0.500000000 0.500000000 0.000000000 0.000000000 0.982654393 -0.012376915 -0.185032710 -0.093954313 0.013625020 0.999892175 0.005475279 0.045720923 0.184945002 -0.007901382 0.982717097 -3.092402594
76643233 0.500202441 0.889248817 0.500000000 0.500000000 0.000000000 0.000000000 0.982512474 -0.012891228 -0.185749829 -0.094516281 0.014129502 0.999885917 0.005344040 0.046248623 0.185659736 -0.007875138 0.982582510 -3.121345106
76676600 0.500202441 0.889248817 0.500000000 0.500000000 0.000000000 0.000000000 0.982309580 -0.012793914 -0.186826587 -0.092871530 0.014030202 0.999887526 0.005296497 0.047225527 0.186737821 -0.007824015 0.982378602 -3.150177790
76709967 0.500202441 0.889248817 0.500000000 0.500000000 0.000000000 0.000000000 0.982150078 -0.012779811 -0.187664300 -0.092690534 0.014028230 0.999887407 0.005325757 0.047372425 0.187575117 -0.007863291 0.982218802 -3.178716943
76743333 0.500202441 0.889248817 0.500000000 0.500000000 0.000000000 0.000000000 0.982069552 -0.013308599 -0.188048482 -0.095554444 0.014521455 0.999881685 0.005073456 0.048402155 0.187958717 -0.007713225 0.982146621 -3.208611770
76776700 0.500202441 0.889248817 0.500000000 0.500000000 0.000000000 0.000000000 0.981952429 -0.013288830 -0.188660502 -0.097103921 0.014470042 0.999883354 0.004885033 0.049340082 0.188573584 -0.007526795 0.982030213 -3.237205672
76810067 0.500202441 0.889248817 0.500000000 0.500000000 0.000000000 0.000000000 0.981747210 -0.013586399 -0.189704686 -0.095519663 0.014785725 0.999878645 0.004908121 0.049968251 0.189614981 -0.007623455 0.981828928 -3.266507030
76843433 0.500202441 0.889248817 0.500000000 0.500000000 0.000000000 0.000000000 0.981708527 -0.014470148 -0.189839229 -0.101279821 0.015638886 0.999866843 0.004659764 0.051131864 0.189746514 -0.007543404 0.981804132 -3.295721265
76876800 0.500202441 0.889248817 0.500000000 0.500000000 0.000000000 0.000000000 0.981550217 -0.013892940 -0.190699056 -0.101626223 0.015192566 0.999870241 0.005354665 0.046317987 0.190599918 -0.008153081 0.981633961 -3.327967882
76910167 0.500202441 0.889248817 0.500000000 0.500000000 0.000000000 0.000000000 0.981387138 -0.015279618 -0.191430926 -0.104138755 0.016306367 0.999859869 0.003789260 0.054338440 0.191346198 -0.006840273 0.981498778 -3.356414243
76943533 0.500202441 0.889248817 0.500000000 0.500000000 0.000000000 0.000000000 0.981238008 -0.015209596 -0.192199364 -0.105918077 0.016330170 0.999857605 0.004247422 0.052450757 0.192107394 -0.007306380 0.981346726 -3.389726078
76976900 0.500202441 0.889248817 0.500000000 0.500000000 0.000000000 0.000000000 0.981148899 -0.015143045 -0.192659199 -0.109613353 0.016292607 0.999857664 0.004383820 0.053381797 0.192565382 -0.007440100 0.981255949 -3.420441466
77010267 0.500202441 0.889248817 0.500000000 0.500000000 0.000000000 0.000000000 0.981033504 -0.014937628 -0.193261921 -0.112195933 0.016177159 0.999857426 0.004837144 0.052546945 0.193162113 -0.007871829 0.981135249 -3.451087669
77043633 0.500202441 0.889248817 0.500000000 0.500000000 0.000000000 0.000000000 0.980917513 -0.015372223 -0.193815678 -0.114769967 0.016580552 0.999851882 0.004613700 0.055406564 0.193716049 -0.007739231 0.981027126 -3.480065643
77077000 0.500202441 0.889248817 0.500000000 0.500000000 0.000000000 0.000000000 0.980848193 -0.015199095 -0.194179848 -0.118749668 0.016385797 0.999855578 0.004506538 0.057969242 0.194083318 -0.007602021 0.980955601 -3.510069088
77110367 0.500202441 0.889248817 0.500000000 0.500000000 0.000000000 0.000000000 0.980743527 -0.015652293 -0.194672018 -0.120910093 0.016780799 0.999850571 0.004149061 0.061037629 0.194577977 -0.007335917 0.980859637 -3.538648828
77143733 0.500202441 0.889248817 0.500000000 0.500000000 0.000000000 0.000000000 0.980694592 -0.015855340 -0.194901705 -0.124212939 0.017007399 0.999846399 0.004238857 0.062680471 0.194804564 -0.007471796 0.980813622 -3.567325813
77177100 0.500202441 0.889248817 0.500000000 0.500000000 0.000000000 0.000000000 0.980588436 -0.016168689 -0.195409551 -0.125885557 0.017371792 0.999839246 0.004444459 0.062620670 0.195306271 -0.007752800 0.980711639 -3.595217729
77210467 0.500202441 0.889248817 0.500000000 0.500000000 0.000000000 0.000000000 0.980637014 -0.016256971 -0.195158154 -0.132006098 0.017391820 0.999840319 0.004102761 0.066822021 0.195060283 -0.007417475 0.980763197 -3.620996401
77243833 0.500202441 0.889248817 0.500000000 0.500000000 0.000000000 0.000000000 0.980545223 -0.016878869 -0.195566222 -0.133828288 0.017920624 0.999833107 0.003558540 0.070491187 0.195473522 -0.006993978 0.980684042 -3.647796208
77277200 0.500202441 0.889248817 0.500000000 0.500000000 0.000000000 0.000000000 0.980451167 -0.017125642 -0.196015894 -0.135234648 0.018150169 0.999829412 0.003431533 0.071116371 0.195923686 -0.006922172 0.980594695 -3.674236955
77310567 0.500202441 0.889248817 0.500000000 0.500000000 0.000000000 0.000000000 0.980423450 -0.017309774 -0.196138188 -0.137933852 0.018317081 0.999826729 0.003322773 0.071798410 0.196046680 -0.006850403 0.980570614 -3.701207566
77343933 0.500202441 0.889248817 0.500000000 0.500000000 0.000000000 0.000000000 0.980350971 -0.017927522 -0.196444705 -0.139139565 0.018951962 0.999814808 0.003336164 0.071696414 0.196348518 -0.006993624 0.980509222 -3.728334228
77377300 0.500202441 0.889248817 0.500000000 0.500000000 0.000000000 0.000000000 0.980340600 -0.018067803 -0.196483836 -0.142169501 0.019172819 0.999809265 0.003723140 0.069904205 0.196379080 -0.007417094 0.980499983 -3.754415711
77410667 0.500202441 0.889248817 0.500000000 0.500000000 0.000000000 0.000000000 0.980286062 -0.018841835 -0.196683034 -0.143257189 0.019951180 0.999794245 0.003660231 0.069385498 0.196573600 -0.007512132 0.980460286 -3.782269373
77444033 0.500202441 0.889248817 0.500000000 0.500000000 0.000000000 0.000000000 0.980291307 -0.019354984 -0.196607128 -0.147050717 0.020336036 0.999788761 0.002972134 0.072101591 0.196508065 -0.006911766 0.980477870 -3.809649165
77477400 0.500202441 0.889248817 0.500000000 0.500000000 0.000000000 0.000000000 0.980263710 -0.019871810 -0.196693137 -0.148209840 0.020797346 0.999780238 0.002640865 0.071333304 0.196597427 -0.006679439 0.980461538 -3.838269928
77510767 0.500202441 0.889248817 0.500000000 0.500000000 0.000000000 0.000000000 0.980242312 -0.020439707 -0.196741387 -0.149690572 0.021249335 0.999772191 0.002004906 0.072928788 0.196655586 -0.006145917 0.980453372 -3.866126902
77544133 0.500202441 0.889248817 0.500000000 0.500000000 0.000000000 0.000000000 0.980238020 -0.020928767 -0.196711600 -0.150959720 0.021752806 0.999761343 0.002029141 0.071931631 0.196622178 -0.006268071 0.980459273 -3.895005029
77577500 0.500202441 0.889248817 0.500000000 0.500000000 0.000000000 0.000000000 0.980122089 -0.021048039 -0.197275475 -0.148339205 0.021906624 0.999757648 0.002170710 0.070211458 0.197181970 -0.006449200 0.980345666 -3.925818437
77610867 0.500202441 0.889248817 0.500000000 0.500000000 0.000000000 0.000000000 0.980060160 -0.021284670 -0.197557777 -0.147255028 0.022099104 0.999753952 0.001918519 0.069975915 0.197468340 -0.006246114 0.980289340 -3.954926966
77644233 0.500202441 0.889248817 0.500000000 0.500000000 0.000000000 0.000000000 0.980020761 -0.021424582 -0.197737992 -0.147013780 0.022119330 0.999754488 0.001305157 0.073158139 0.197661474 -0.005652913 0.980254054 -3.985048998
77677600 0.500202441 0.889248817 0.500000000 0.500000000 0.000000000 0.000000000 0.980017781 -0.021707831 -0.197721764 -0.147278712 0.022420656 0.999747694 0.001367008 0.073058193 0.197642207 -0.005772743 0.980257213 -4.014550271
77710967 0.500202441 0.889248817 0.500000000 0.500000000 0.000000000 0.000000000 0.979938686 -0.021694239 -0.198115006 -0.144777086 0.022445198 0.999746859 0.001545413 0.073016657 0.198031336 -0.005961141 0.980177581 -4.046600457
77744333 0.500202441 0.889248817 0.500000000 0.500000000 0.000000000 0.000000000 0.979851961 -0.022330003 -0.198472947 -0.142791116 0.023048839 0.999733508 0.001312011 0.075022006 0.198390752 -0.005860148 0.980105519 -4.077506202
77777700 0.500202441 0.889248817 0.500000000 0.500000000 0.000000000 0.000000000 0.979862094 -0.022645397 -0.198387265 -0.145713198 0.023346981 0.999726713 0.001197722 0.075758703 0.198305920 -0.005805347 0.980122983 -4.104408168
77811067 0.500202441 0.889248817 0.500000000 0.500000000 0.000000000 0.000000000 0.979692996 -0.022792419 -0.199203774 -0.141844894 0.023344766 0.999727368 0.000424176 0.080358537 0.199139804 -0.005065928 0.979957998 -4.133674476
77844433 0.500202441 0.889248817 0.500000000 0.500000000 0.000000000 0.000000000 0.979596853 -0.022828082 -0.199671939 -0.141187837 0.023329793 0.999727786 0.000159875 0.082714165 0.199613944 -0.004814918 0.979862809 -4.161578633
77877800 0.500202441 0.889248817 0.500000000 0.500000000 0.000000000 0.000000000 0.979474127 -0.023795774 -0.200160369 -0.138772095 0.024407445 0.999701917 0.000588434 0.080574899 0.200086713 -0.005461759 0.979762971 -4.188883349
77911167 0.500202441 0.889248817 0.500000000 0.500000000 0.000000000 0.000000000 0.979325771 -0.023550749 -0.200913891 -0.135045326 0.024037283 0.999711037 -0.000017979 0.087465625 0.200856268 -0.004811816 0.979608893 -4.216676343
77944533 0.500202441 0.889248817 0.500000000 0.500000000 0.000000000 0.000000000 0.979326069 -0.023954190 -0.200864673 -0.137481553 0.024447024 0.999701142 -0.000026997 0.087877902 0.200805292 -0.004884105 0.979619026 -4.244983117
77977900 0.500202441 0.889248817 0.500000000 0.500000000 0.000000000 0.000000000 0.979327381 -0.024555389 -0.200785771 -0.139218323 0.024918124 0.999689221 -0.000720953 0.092233713 0.200741082 -0.004297156 0.979634881 -4.272317029
78011267 0.500202441 0.889248817 0.500000000 0.500000000 0.000000000 0.000000000 0.979215205 -0.024713719 -0.201312616 -0.137416529 0.025150979 0.999683619 -0.000385856 0.090722902 0.201258451 -0.004685373 0.979526997 -4.299552594
78044633 0.500202441 0.889248817 0.500000000 0.500000000 0.000000000 0.000000000 0.979194462 -0.025257422 -0.201346189 -0.140050547 0.025671076 0.999670267 -0.000556850 0.093076421 0.201293856 -0.004623508 0.979519963 -4.325435202
78078000 0.500202441 0.889248817 0.500000000 0.500000000 0.000000000 0.000000000 0.979072452 -0.025572188 -0.201899067 -0.139645953 0.025926830 0.999663472 -0.000888250 0.095574732 0.201853827 -0.004364942 0.979405940 -4.354060647
78111367 0.500202441 0.889248817 0.500000000 0.500000000 0.000000000 0.000000000 0.978925109 -0.025937947 -0.202565551 -0.138631566 0.026230590 0.999655128 -0.001240176 0.096936371 0.202527866 -0.004099375 0.979267895 -4.380092592
78144733 0.500202441 0.889248817 0.500000000 0.500000000 0.000000000 0.000000000 0.978806973 -0.025889218 -0.203141987 -0.137766790 0.026182935 0.999656379 -0.001241912 0.097261062 0.203104332 -0.004103261 0.979148507 -4.409170931
78178100 0.500202441 0.889248817 0.500000000 0.500000000 0.000000000 0.000000000 0.978622079 -0.026522972 -0.203949422 -0.135750403 0.026844045 0.999638915 -0.001192544 0.096993720 0.203907415 -0.004307778 0.978980720 -4.436474109
78211467 0.500202441 0.889248817 0.500000000 0.500000000 0.000000000 0.000000000 0.978531241 -0.026774282 -0.204351977 -0.136882996 0.027097311 0.999632061 -0.001217825 0.097284248 0.204309389 -0.004345709 0.978896737 -4.464622855
78244833 0.500202441 0.889248817 0.500000000 0.500000000 0.000000000 0.000000000 0.978426576 -0.026888371 -0.204837516 -0.137516882 0.027180385 0.999629557 -0.001388412 0.098518547 0.204798982 -0.004209104 0.978794992 -4.493683552
78278200 0.500202441 0.889248817 0.500000000 0.500000000 0.000000000 0.000000000 0.978322685 -0.026708966 -0.205356762 -0.139039258 0.026997916 0.999634504 -0.001395283 0.100636180 0.205318972 -0.004179168 0.978686213 -4.525108664
78311567 0.500202441 0.889248817 0.500000000 0.500000000 0.000000000 0.000000000 0.978196144 -0.026999025 -0.205920860 -0.140327954 0.027308414 0.999626160 -0.001340068 0.100836776 0.205880061 -0.004312523 0.978567719 -4.553090708
78344933 0.500202441 0.889248817 0.500000000 0.500000000 0.000000000 0.000000000 0.978117943 -0.026873516 -0.206308156 -0.143081328 0.027134342 0.999630570 -0.001565630 0.103762402 0.206274003 -0.004066665 0.978485823 -4.582915881
78378300 0.500202441 0.889248817 0.500000000 0.500000000 0.000000000 0.000000000 0.978019118 -0.027385423 -0.206709057 -0.146421099 0.027572246 0.999617875 -0.001977528 0.105618893 0.206684217 -0.003765373 0.978400469 -4.612715366
