https://www.youtube.com/watch?v=pm1Kt_h75yI
93326567 0.487347698 0.866395902 0.500000000 0.500000000 0.000000000 0.000000000 0.980316758 -0.023072282 0.196078479 0.097159873 0.021411661 0.999714732 0.010584996 0.041267474 -0.196266755 -0.006178283 0.980531096 -0.598757906
93359933 0.487347698 0.866395902 0.500000000 0.500000000 0.000000000 0.000000000 0.978924155 -0.024452087 0.202754945 0.098589026 0.022752512 0.999683738 0.010709330 0.044463640 -0.202952683 -0.005870437 0.979170918 -0.623275222
93393300 0.487347698 0.866395902 0.500000000 0.500000000 0.000000000 0.000000000 0.977524579 -0.025759572 0.209241837 0.099483348 0.024032118 0.999652922 0.010794422 0.047705823 -0.209447280 -0.005523288 0.977804363 -0.647703547
93426667 0.487347698 0.866395902 0.500000000 0.500000000 0.000000000 0.000000000 0.976187289 -0.026972756 0.215245903 0.101534275 0.025226248 0.999622822 0.010857522 0.051260596 -0.215457574 -0.005169129 0.976499498 -0.672660243
93460033 0.487347698 0.866395902 0.500000000 0.500000000 0.000000000 0.000000000 0.974834800 -0.028157517 0.221143052 0.103326897 0.026412131 0.999592304 0.010846253 0.055034387 -0.221358299 -0.004732445 0.975181043 -0.698024235
93493400 0.487347698 0.866395902 0.500000000 0.500000000 0.000000000 0.000000000 0.973498166 -0.029487224 0.226785794 0.104624845 0.027708221 0.999555230 0.011024527 0.058249007 -0.227010012 -0.004448526 0.973882258 -0.722892955
93526767 0.487347698 0.866395902 0.500000000 0.500000000 0.000000000 0.000000000 0.972226858 -0.030582367 0.232033834 0.106121832 0.028768508 0.999523401 0.011197831 0.061288442 -0.232265711 -0.004211565 0.972643256 -0.748323311
93560133 0.487347698 0.866395902 0.500000000 0.500000000 0.000000000 0.000000000 0.970977545 -0.031651720 0.237066954 0.107624083 0.029845180 0.999491692 0.011206255 0.064542707 -0.237301156 -0.003805717 0.971428692 -0.773464605
93593500 0.487347698 0.866395902 0.500000000 0.500000000 0.000000000 0.000000000 0.969715536 -0.032867078 0.242015645 0.108052251 0.031031812 0.999453485 0.011392176 0.067430197 -0.242257804 -0.003536986 0.970205486 -0.798723967
93626867 0.487347698 0.866395902 0.500000000 0.500000000 0.000000000 0.000000000 0.968481123 -0.034030449 0.246751487 0.108610677 0.032199051 0.999415815 0.011454433 0.070881787 -0.246997148 -0.003148238 0.969011068 -0.823685860
93660233 0.487347698 0.866395902 0.500000000 0.500000000 0.000000000 0.000000000 0.967187583 -0.035167728 0.251617521 0.107951384 0.033313561 0.999377310 0.011626243 0.074098202 -0.251869708 -0.002862482 0.967756927 -0.849278037
93693600 0.487347698 0.866395902 0.500000000 0.500000000 0.000000000 0.000000000 0.965924084 -0.036219753 0.256278634 0.107131666 0.034418147 0.999341190 0.011513145 0.078482692 -0.256526798 -0.002300188 0.966534376 -0.874677092
93726967 0.487347698 0.866395902 0.500000000 0.500000000 0.000000000 0.000000000 0.964776158 -0.037323400 0.260411084 0.106801364 0.035632037 0.999302030 0.011214623 0.083594966 -0.260647893 -0.001540623 0.965432703 -0.900031674
93760333 0.487347698 0.866395902 0.500000000 0.500000000 0.000000000 0.000000000 0.963608623 -0.038469303 0.264534563 0.105937753 0.036945783 0.999259591 0.010734131 0.088685726 -0.264751643 -0.000570065 0.964316487 -0.925758471
93793700 0.487347698 0.866395902 0.500000000 0.500000000 0.000000000 0.000000000 0.962460279 -0.039600506 0.268518150 0.105278039 0.038267106 0.999215484 0.010199951 0.093949516 -0.268711418 0.000458365 0.963220596 -0.951304675
93827067 0.487347698 0.866395902 0.500000000 0.500000000 0.000000000 0.000000000 0.961344898 -0.040446725 0.272360235 0.105130066 0.039313361 0.999180615 0.009619206 0.099139005 -0.272526145 0.001460021 0.962147295 -0.977391142
93860433 0.487347698 0.866395902 0.500000000 0.500000000 0.000000000 0.000000000 0.960234404 -0.041108795 0.276151955 0.105200055 0.040240575 0.999151170 0.008812235 0.105136105 -0.276279807 0.002650702 0.961073577 -1.002814339
93893800 0.487347698 0.866395902 0.500000000 0.500000000 0.000000000 0.000000000 0.959129512 -0.041703023 0.279877603 0.105080679 0.041114848 0.999122620 0.007974800 0.110758005 -0.279964596 0.003858259 0.960002542 -1.028543486
93927167 0.487347698 0.866395902 0.500000000 0.500000000 0.000000000 0.000000000 0.958010197 -0.042543162 0.283560514 0.104348820 0.042267907 0.999081135 0.007091907 0.116190941 -0.283601671 0.005191391 0.958928108 -1.054926580
93960533 0.487347698 0.866395902 0.500000000 0.500000000 0.000000000 0.000000000 0.956923544 -0.043233845 0.287103027 0.103367048 0.043209605 0.999045372 0.006423778 0.120797999 -0.287106693 0.006258544 0.957878172 -1.081495719
93993900 0.487347698 0.866395902 0.500000000 0.500000000 0.000000000 0.000000000 0.955842614 -0.043783847 0.290599078 0.101769159 0.043979291 0.999015272 0.005861855 0.124707573 -0.290569574 0.007177330 0.956826925 -1.108003432
94027267 0.487347698 0.866395902 0.500000000 0.500000000 0.000000000 0.000000000 0.954828918 -0.044135626 0.293860078 0.100231465 0.044496775 0.998994589 0.005459886 0.127748908 -0.293805599 0.007862569 0.955832839 -1.134611700
94060633 0.487347698 0.866395902 0.500000000 0.500000000 0.000000000 0.000000000 0.953778207 -0.044530425 0.297193915 0.097596927 0.045038465 0.998971999 0.005141238 0.130380808 -0.297117352 0.008481557 0.954803288 -1.160986627
94094000 0.487347698 0.866395902 0.500000000 0.500000000 0.000000000 0.000000000 0.952728927 -0.044645406 0.300523430 0.094284871 0.045216016 0.998964429 0.005059716 0.131871763 -0.300438106 0.008767935 0.953760982 -1.188031945
94127367 0.487347698 0.866395902 0.500000000 0.500000000 0.000000000 0.000000000 0.951769292 -0.044499483 0.303570390 0.092427077 0.045150317 0.998968303 0.004878237 0.133782592 -0.303474277 0.009063343 0.952796519 -1.214663532
94160733 0.487347698 0.866395902 0.500000000 0.500000000 0.000000000 0.000000000 0.950795472 -0.044612590 0.306590497 0.090407359 0.045289103 0.998961866 0.004910793 0.135339520 -0.306491286 0.009216049 0.951828837 -1.240983559
94194100 0.487347698 0.866395902 0.500000000 0.500000000 0.000000000 0.000000000 0.949788928 -0.044606101 0.309695393 0.087822149 0.045316070 0.998960674 0.004904935 0.136984844 -0.309592307 0.009375525 0.950823188 -1.267179516
94227467 0.487347698 0.866395902 0.500000000 0.500000000 0.000000000 0.000000000 0.948868692 -0.044364519 0.312537998 0.086138863 0.045120589 0.998969913 0.004816397 0.138854451 -0.312429756 0.009531771 0.949893057 -1.293597996
94260833 0.487347698 0.866395902 0.500000000 0.500000000 0.000000000 0.000000000 0.947936952 -0.044247530 0.315369040 0.084422416 0.045060251 0.998973131 0.004717703 0.141156535 -0.315253943 0.009738523 0.948957384 -1.320082392
94294200 0.487347698 0.866395902 0.500000000 0.500000000 0.000000000 0.000000000 0.946949840 -0.044030908 0.318350941 0.081524365 0.045022417 0.998976946 0.004246559 0.144518165 -0.318212241 0.010311650 0.947963417 -1.347058308
94327567 0.487347698 0.866395902 0.500000000 0.500000000 0.000000000 0.000000000 0.945978105 -0.044065554 0.321222126 0.078270780 0.045218665 0.998969615 0.003873588 0.147688940 -0.321061820 0.010860907 0.946995974 -1.373593845
94360933 0.487347698 0.866395902 0.500000000 0.500000000 0.000000000 0.000000000 0.944981873 -0.044079609 0.324139327 0.073886931 0.045431204 0.998961687 0.003400314 0.151591492 -0.323952645 0.011512805 0.946003258 -1.400131794
94394300 0.487347698 0.866395902 0.500000000 0.500000000 0.000000000 0.000000000 0.943966925 -0.044337314 0.327048481 0.069526546 0.045926582 0.998940706 0.002865542 0.155624048 -0.326829076 0.012315242 0.945003211 -1.426177052
94427667 0.487347698 0.866395902 0.500000000 0.500000000 0.000000000 0.000000000 0.942941010 -0.044560447 0.329964548 0.064159511 0.046402428 0.998920202 0.002295941 0.159939151 -0.329710543 0.013146219 0.943990529 -1.452648482
94461033 0.487347698 0.866395902 0.500000000 0.500000000 0.000000000 0.000000000 0.941933513 -0.044672377 0.332814753 0.058731267 0.046733927 0.998905718 0.001812551 0.164019029 -0.332531542 0.013846437 0.942990482 -1.478733455
94494400 0.487347698 0.866395902 0.500000000 0.500000000 0.000000000 0.000000000 0.940926194 -0.044811912 0.335633367 0.053205959 0.047095381 0.998889506 0.001337385 0.168242445 -0.335320562 0.014548399 0.941991746 -1.504740363
94527767 0.487347698 0.866395902 0.500000000 0.500000000 0.000000000 0.000000000 0.939964414 -0.044970307 0.338296533 0.048651813 0.047575086 0.998867512 0.000592643 0.173819619 -0.337940037 0.015537423 0.941039383 -1.530629607
94561133 0.487347698 0.866395902 0.500000000 0.500000000 0.000000000 0.000000000 0.939035118 -0.045172110 0.340840846 0.044373382 0.048155196 0.998839796 -0.000292562 0.180204056 -0.340432197 0.016687984 0.940120995 -1.557001239
94594500 0.487347698 0.866395902 0.500000000 0.500000000 0.000000000 0.000000000 0.938146293 -0.045261301 0.343267977 0.040195747 0.048656840 0.998814762 -0.001280574 0.186752401 -0.342803150 0.017903700 0.939236641 -1.582997287
94627867 0.487347698 0.866395902 0.500000000 0.500000000 0.000000000 0.000000000 0.937279642 -0.045650132 0.345576257 0.036026114 0.049460307 0.998773634 -0.002210768 0.192931538 -0.345051557 0.019164415 0.938388050 -1.608814122
94661233 0.487347698 0.866395902 0.500000000 0.500000000 0.000000000 0.000000000 0.936436713 -0.046109837 0.347793311 0.031903635 0.050348267 0.998726726 -0.003153710 0.199329663 -0.347205043 0.020464040 0.937565923 -1.634610168
94694600 0.487347698 0.866395902 0.500000000 0.500000000 0.000000000 0.000000000 0.935669959 -0.046537407 0.349794239 0.028713992 0.051195785 0.998680294 -0.004077727 0.205714899 -0.349142849 0.021723397 0.936817706 -1.660812079
94727967 0.487347698 0.866395902 0.500000000 0.500000000 0.000000000 0.000000000 0.934888899 -0.047030736 0.351810873 0.024864765 0.052121639 0.998628199 -0.005007579 0.212117857 -0.351092756 0.023018489 0.936057687 -1.686266990
94761333 0.487347698 0.866395902 0.500000000 0.500000000 0.000000000 0.000000000 0.934238493 -0.047384784 0.353487045 0.022151167 0.052925028 0.998580337 -0.006017432 0.218631079 -0.352700084 0.024330027 0.935420036 -1.711541269
94794700 0.487347698 0.866395902 0.500000000 0.500000000 0.000000000 0.000000000 0.933515489 -0.047724526 0.355346650 0.017518811 0.053694569 0.998533189 -0.006951483 0.224572998 -0.354493678 0.025569500 0.934708774 -1.736975584
94828067 0.487347698 0.866395902 0.500000000 0.500000000 0.000000000 0.000000000 0.932848573 -0.048110012 0.357041895 0.013630018 0.054480273 0.998484373 -0.007799511 0.230024536 -0.356125534 0.026727505 0.934055805 -1.762399101
94861433 0.487347698 0.866395902 0.500000000 0.500000000 0.000000000 0.000000000 0.932226539 -0.048440445 0.358618438 0.010403062 0.055229440 0.998435736 -0.008704737 0.235807981 -0.357635796 0.027921082 0.933443666 -1.787864420
94894800 0.487347698 0.866395902 0.500000000 0.500000000 0.000000000 0.000000000 0.931725323 -0.048863195 0.359861553 0.008745595 0.056027986 0.998383999 -0.009499367 0.241027280 -0.358815879 0.029013120 0.932957351 -1.814125959
94928167 0.487347698 0.866395902 0.500000000 0.500000000 0.000000000 0.000000000 0.931321859 -0.049219124 0.360856026 0.007563683 0.056625254 0.998345673 -0.009972502 0.245107155 -0.359768212 0.029721174 0.932568192 -1.839948157
94961533 0.487347698 0.866395902 0.500000000 0.500000000 0.000000000 0.000000000 0.930948615 -0.049519330 0.361776888 0.006523620 0.057130825 0.998312891 -0.010365718 0.249032937 -0.360653222 0.030318562 0.932207048 -1.865543069
94994900 0.487347698 0.866395902 0.500000000 0.500000000 0.000000000 0.000000000 0.930638313 -0.049971882 0.362512231 0.005762201 0.057643224 0.998283386 -0.010369007 0.251178131 -0.361371785 0.030546170 0.931921303 -1.891974864
95028267 0.487347698 0.866395902 0.500000000 0.500000000 0.000000000 0.000000000 0.930501580 -0.050058991 0.362851053 0.006831952 0.057840496 0.998269498 -0.010605766 0.254369050 -0.361692220 0.030856168 0.931786776 -1.918037142
95061633 0.487347698 0.866395902 0.500000000 0.500000000 0.000000000 0.000000000 0.930363357 -0.050191339 0.363187075 0.007838414 0.058001183 0.998260021 -0.010623091 0.256445784 -0.362021953 0.030948615 0.931655705 -1.943795861
95095000 0.487347698 0.866395902 0.500000000 0.500000000 0.000000000 0.000000000 0.930346131 -0.050422087 0.363199234 0.010082024 0.058270659 0.998243690 -0.010678297 0.258850877 -0.362022936 0.031098371 0.931650281 -1.968760399
95128367 0.487347698 0.866395902 0.500000000 0.500000000 0.000000000 0.000000000 0.930441141 -0.050655704 0.362923175 0.013339653 0.058584381 0.998223305 -0.010866253 0.262069715 -0.361727953 0.031372041 0.931755722 -1.993784881
95161733 0.487347698 0.866395902 0.500000000 0.500000000 0.000000000 0.000000000 0.930558860 -0.050856918 0.362593144 0.016771327 0.058826149 0.998208046 -0.010963828 0.264721258 -0.361385792 0.031532444 0.931883037 -2.018511935
95195100 0.487347698 0.866395902 0.500000000 0.500000000 0.000000000 0.000000000 0.930800200 -0.050991412 0.361954182 0.021646813 0.059005141 0.998195827 -0.011113520 0.267834368 -0.360734463 0.031701624 0.932129622 -2.043628786
95228467 0.487347698 0.866395902 0.500000000 0.500000000 0.000000000 0.000000000 0.931012392 -0.051360372 0.361355901 0.025539889 0.059467956 0.998165727 -0.011344039 0.271453833 -0.360110462 0.032050539 0.932358980 -2.069109060
95261833 0.487347698 0.866395902 0.500000000 0.500000000 0.000000000 0.000000000 0.931261182 -0.051579904 0.360682845 0.029622282 0.059909556 0.998132348 -0.011943665 0.276201612 -0.359393179 0.032731023 0.932612062 -2.093678506
95295200 0.487347698 0.866395902 0.500000000 0.500000000 0.000000000 0.000000000 0.931540906 -0.051782966 0.359930694 0.033846226 0.060578287 0.998076260 -0.013190879 0.283486405 -0.358555228 0.034091830 0.932885766 -2.118537553
95328567 0.487347698 0.866395902 0.500000000 0.500000000 0.000000000 0.000000000 0.931790829 -0.052041583 0.359245718 0.037857670 0.061394718 0.998005807 -0.014667490 0.291948749 -0.357765973 0.035722822 0.933127761 -2.142963998
95361933 0.487347698 0.866395902 0.500000000 0.500000000 0.000000000 0.000000000 0.932003379 -0.052720279 0.358594924 0.040956375 0.062637471 0.997906685 -0.016086154 0.300295091 -0.356996208 0.037453827 0.933354676 -2.167138286
95395300 0.487347698 0.866395902 0.500000000 0.500000000 0.000000000 0.000000000 0.932081342 -0.053034209 0.358345807 0.042189915 0.063444316 0.997834623 -0.017346075 0.308123985 -0.356649905 0.038902957 0.933427751 -2.190709946
95428667 0.487347698 0.866395902 0.500000000 0.500000000 0.000000000 0.000000000 0.932206988 -0.053051695 0.358016223 0.043813762 0.063979514 0.997775257 -0.018737912 0.316369601 -0.356225669 0.040373318 0.933527350 -2.213894441
95462033 0.487347698 0.866395902 0.500000000 0.500000000 0.000000000 0.000000000 0.932325304 -0.053087849 0.357702702 0.045222438 0.064520828 0.997714043 -0.020094639 0.324772531 -0.355818242 0.041814014 0.933619261 -2.238712330
95495400 0.487347698 0.866395902 0.500000000 0.500000000 0.000000000 0.000000000 0.932474673 -0.053409468 0.357265204 0.047627656 0.065034986 0.997670412 -0.020596547 0.329820791 -0.355332881 0.042440496 0.933775842 -2.264039613
95528767 0.487347698 0.866395902 0.500000000 0.500000000 0.000000000 0.000000000 0.932596326 -0.053657547 0.356910288 0.048752445 0.065497242 0.997628391 -0.021159926 0.335136666 -0.354928434 0.043110307 0.933898985 -2.291078985
95562133 0.487347698 0.866395902 0.500000000 0.500000000 0.000000000 0.000000000 0.932701707 -0.053728022 0.356624186 0.049842093 0.065722212 0.997604311 -0.021591110 0.340083936 -0.354609787 0.043576196 0.933998406 -2.318067269
95595500 0.487347698 0.866395902 0.500000000 0.500000000 0.000000000 0.000000000 0.932765901 -0.053994078 0.356416106 0.050643849 0.065900274 0.997598052 -0.021337805 0.342290906 -0.354407907 0.043391097 0.934083641 -2.344710069
95628867 0.487347698 0.866395902 0.500000000 0.500000000 0.000000000 0.000000000 0.932762802 -0.053857099 0.356444865 0.050250502 0.065757915 0.997607291 -0.021344960 0.344913365 -0.354442418 0.043348856 0.934072495 -2.371258865
95662233 0.487347698 0.866395902 0.500000000 0.500000000 0.000000000 0.000000000 0.932675421 -0.053732827 0.356692255 0.048577578 0.065663122 0.997612059 -0.021413021 0.348299821 -0.354689896 0.043392923 0.933976531 -2.398682723
95695600 0.487347698 0.866395902 0.500000000 0.500000000 0.000000000 0.000000000 0.932483733 -0.053768553 0.357187629 0.046081356 0.065660499 0.997615933 -0.021240897 0.350714157 -0.355193973 0.043259911 0.933791101 -2.425121905
95728967 0.487347698 0.866395902 0.500000000 0.500000000 0.000000000 0.000000000 0.932096124 -0.053527653 0.358234048 0.040253325 0.065447681 0.997630298 -0.021222770 0.353660615 -0.356249124 0.043227248 0.933390558 -2.453188006
95762333 0.487347698 0.866395902 0.500000000 0.500000000 0.000000000 0.000000000 0.931667686 -0.053003296 0.359424561 0.034328213 0.064990990 0.997657597 -0.021342065 0.356437089 -0.357451439 0.043243069 0.932930052 -2.482691669
95795700 0.487347698 0.866395902 0.500000000 0.500000000 0.000000000 0.000000000 0.931342065 -0.052339651 0.360364377 0.030294147 0.064244285 0.997710526 -0.021127470 0.357498683 -0.358433545 0.042828254 0.932572305 -2.509430787
95829067 0.487347698 0.866395902 0.500000000 0.500000000 0.000000000 0.000000000 0.930911899 -0.051784679 0.361554116 0.024774958 0.063708715 0.997744858 -0.021129072 0.360010012 -0.359644592 0.042703453 0.932111681 -2.535352154
95862433 0.487347698 0.866395902 0.500000000 0.500000000 0.000000000 0.000000000 0.930514634 -0.051104147 0.362671912 0.020240169 0.062979124 0.997794151 -0.020987494 0.361186518 -0.360799342 0.042369928 0.931680560 -2.562064007
95895800 0.487347698 0.866395902 0.500000000 0.500000000 0.000000000 0.000000000 0.930130899 -0.050075401 0.363798022 0.016188722 0.061883487 0.997865260 -0.020866642 0.362225371 -0.361976475 0.041921798 0.931244135 -2.587213162
95929167 0.487347698 0.866395902 0.500000000 0.500000000 0.000000000 0.000000000 0.929703057 -0.049274627 0.364998907 0.012029114 0.060913168 0.997933865 -0.020433867 0.360913507 -0.363237917 0.041230671 0.930783689 -2.611666811
95962533 0.487347698 0.866395902 0.500000000 0.500000000 0.000000000 0.000000000 0.929347217 -0.048155099 0.366053015 0.008866674 0.059516750 0.998030722 -0.019809859 0.358453506 -0.364378184 0.040196523 0.930383146 -2.633820469
95995900 0.487347698 0.866395902 0.500000000 0.500000000 0.000000000 0.000000000 0.928893030 -0.047213346 0.367326379 0.004556551 0.058403041 0.998104572 -0.019400507 0.358464839 -0.365714192 0.039473973 0.929889739 -2.654135752
96029267 0.487347698 0.866395902 0.500000000 0.500000000 0.000000000 0.000000000 0.928340256 -0.046076316 0.368864954 -0.001738919 0.057336751 0.998162150 -0.019617962 0.362144470 -0.367283106 0.039361663 0.929275930 -2.672729380
96062633 0.487347698 0.866395902 0.500000000 0.500000000 0.000000000 0.000000000 0.927761912 -0.045247551 0.370419383 -0.009109908 0.056646328 0.998195052 -0.019946108 0.365674354 -0.368848294 0.039488137 0.928650439 -2.689702050
96096000 0.487347698 0.866395902 0.500000000 0.500000000 0.000000000 0.000000000 0.927307308 -0.045250826 0.371555507 -0.013282422 0.056939963 0.998166203 -0.020543367 0.373715011 -0.369944543 0.040206373 0.928183436 -2.705970066
96129367 0.487347698 0.866395902 0.500000000 0.500000000 0.000000000 0.000000000 0.926883042 -0.045374960 0.372597516 -0.016755373 0.057118397 0.998156250 -0.020533618 0.377148552 -0.370978832 0.040314436 0.927765846 -2.720785686
96162733 0.487347698 0.866395902 0.500000000 0.500000000 0.000000000 0.000000000 0.926283062 -0.045855161 0.374027997 -0.022916973 0.057904359 0.998100519 -0.021035241 0.384320409 -0.372352958 0.041142441 0.927178800 -2.735954255
96196100 0.487347698 0.866395902 0.500000000 0.500000000 0.000000000 0.000000000 0.925696194 -0.046143621 0.375442892 -0.028403223 0.058539376 0.998049855 -0.021670517 0.392436012 -0.373710752 0.042038508 0.926592171 -2.751942159
96229467 0.487347698 0.866395902 0.500000000 0.500000000 0.000000000 0.000000000 0.924844623 -0.046730135 0.377463490 -0.037098113 0.059408061 0.997991145 -0.022007339 0.399629730 -0.375676811 0.042777743 0.925762951 -2.770587290
96262833 0.487347698 0.866395902 0.500000000 0.500000000 0.000000000 0.000000000 0.924034536 -0.048196994 0.379258722 -0.044886838 0.061161883 0.997880876 -0.022203404 0.407836866 -0.377384901 0.043712892 0.925024211 -2.790210481
96296200 0.487347698 0.866395902 0.500000000 0.500000000 0.000000000 0.000000000 0.923220098 -0.049486175 0.381071895 -0.053305003 0.062628932 0.997790873 -0.022157053 0.414288808 -0.379133612 0.044321962 0.924279869 -2.810075703
96329567 0.487347698 0.866395902 0.500000000 0.500000000 0.000000000 0.000000000 0.922531426 -0.050381094 0.382619351 -0.060162214 0.063688792 0.997723162 -0.022185303 0.420647086 -0.380630463 0.044835202 0.923639655 -2.828114028
96362933 0.487347698 0.866395902 0.500000000 0.500000000 0.000000000 0.000000000 0.921825469 -0.051101856 0.384221762 -0.067389683 0.064732969 0.997646213 -0.022619564 0.428781704 -0.382161468 0.045723103 0.922963679 -2.845721973
96396300 0.487347698 0.866395902 0.500000000 0.500000000 0.000000000 0.000000000 0.921234906 -0.051852990 0.385535330 -0.073975182 0.065573797 0.997593641 -0.022515843 0.433393007 -0.383440077 0.046023395 0.922418296 -2.863345671
96429667 0.487347698 0.866395902 0.500000000 0.500000000 0.000000000 0.000000000 0.920755208 -0.052886453 0.386539549 -0.078785156 0.066503532 0.997545183 -0.021930100 0.435300072 -0.384430856 0.045898501 0.922012091 -2.879997516
96463033 0.487347698 0.866395902 0.500000000 0.500000000 0.000000000 0.000000000 0.920167029 -0.054115608 0.387768149 -0.084959215 0.067723900 0.997472346 -0.021503782 0.438986145 -0.385624319 0.046048243 0.921506047 -2.895549301
96496400 0.487347698 0.866395902 0.500000000 0.500000000 0.000000000 0.000000000 0.919824839 -0.055062212 0.388446093 -0.088444139 0.068640165 0.997417212 -0.021153344 0.441871457 -0.386278063 0.046120379 0.921228588 -2.911073582
96529767 0.487347698 0.866395902 0.500000000 0.500000000 0.000000000 0.000000000 0.919473171 -0.055680789 0.389189810 -0.092171240 0.069356821 0.997367382 -0.021165865 0.446854847 -0.386986673 0.046454415 0.920914352 -2.925628889
96563133 0.487347698 0.866395902 0.500000000 0.500000000 0.000000000 0.000000000 0.919298112 -0.055653296 0.389607131 -0.094054879 0.069402076 0.997361541 -0.021290002 0.450374356 -0.387394339 0.046611402 0.920735061 -2.938482813
96596500 0.487347698 0.866395902 0.500000000 0.500000000 0.000000000 0.000000000 0.919181347 -0.055762969 0.389866769 -0.094413412 0.069600195 0.997344434 -0.021444032 0.454225942 -0.387635678 0.046845760 0.920621574 -2.949819348
96629867 0.487347698 0.866395902 0.500000000 0.500000000 0.000000000 0.000000000 0.919065595 -0.056032050 0.390101075 -0.094978733 0.069957860 0.997316718 -0.021569179 0.458782915 -0.387845755 0.047114126 0.920519352 -2.959754837
96663233 0.487347698 0.866395902 0.500000000 0.500000000 0.000000000 0.000000000 0.918897152 -0.056175929 0.390476972 -0.095911752 0.070264988 0.997288406 -0.021877585 0.463296129 -0.388189167 0.047540110 0.920352697 -2.968638181
96696600 0.487347698 0.866395902 0.500000000 0.500000000 0.000000000 0.000000000 0.918552101 -0.056287926 0.391271859 -0.098537875 0.070648789 0.997249901 -0.022392267 0.469196940 -0.388935387 0.048211347 0.920002699 -2.979564946
96729967 0.487347698 0.866395902 0.500000000 0.500000000 0.000000000 0.000000000 0.918395400 -0.056577802 0.391597778 -0.098184750 0.071164332 0.997203469 -0.022822954 0.475685003 -0.389211386 0.048828289 0.919853389 -2.998698908
96763333 0.487347698 0.866395902 0.500000000 0.500000000 0.000000000 0.000000000 0.918439925 -0.056688730 0.391477317 -0.095302005 0.071238115 0.997200370 -0.022729065 0.479327665 -0.389092833 0.048763387 0.919907033 -3.028728286
96796700 0.487347698 0.866395902 0.500000000 0.500000000 0.000000000 0.000000000 0.918273926 -0.056200605 0.391936779 -0.096564292 0.070753418 0.997233808 -0.022773758 0.482002011 -0.389572740 0.048643418 0.919710219 -3.059519709
96830067 0.487347698 0.866395902 0.500000000 0.500000000 0.000000000 0.000000000 0.918196321 -0.055995509 0.392147988 -0.095918342 0.070736475 0.997224510 -0.023230711 0.487489732 -0.389758766 0.049069520 0.919608772 -3.089852325
96863433 0.487347698 0.866395902 0.500000000 0.500000000 0.000000000 0.000000000 0.918023825 -0.055610012 0.392606437 -0.097142619 0.070432387 0.997241139 -0.023438269 0.491347706 -0.390219897 0.049169097 0.919407845 -3.118172950
96896800 0.487347698 0.866395902 0.500000000 0.500000000 0.000000000 0.000000000 0.917983472 -0.055128094 0.392768621 -0.096172413 0.070053227 0.997260332 -0.023756074 0.495412601 -0.390382946 0.049322393 0.919330418 -3.147107456
96930167 0.487347698 0.866395902 0.500000000 0.500000000 0.000000000 0.000000000 0.917853653 -0.054807741 0.393116742 -0.096296494 0.069918439 0.997258902 -0.024210082 0.500877665 -0.390712261 0.049707420 0.919169784 -3.174451118
96963533 0.487347698 0.866395902 0.500000000 0.500000000 0.000000000 0.000000000 0.917857170 -0.054382779 0.393167615 -0.094595806 0.069794707 0.997248113 -0.024998114 0.507667044 -0.390726209 0.050385717 0.919126928 -3.201041672
96996900 0.487347698 0.866395902 0.500000000 0.500000000 0.000000000 0.000000000 0.917774260 -0.054012276 0.393412054 -0.094828702 0.069442697 0.997270584 -0.025082776 0.509835105 -0.390983492 0.050339922 0.919019997 -3.224916864
97030267 0.487347698 0.866395902 0.500000000 0.500000000 0.000000000 0.000000000 0.917715192 -0.053668763 0.393596888 -0.095012995 0.069187842 0.997281909 -0.025335174 0.512767978 -0.391167343 0.050482593 0.918933988 -3.249076873
97063633 0.487347698 0.866395902 0.500000000 0.500000000 0.000000000 0.000000000 0.917716384 -0.053546678 0.393610716 -0.094207372 0.069083080 0.997287512 -0.025398806 0.515609068 -0.391183019 0.050500739 0.918926299 -3.272874061
97097000 0.487347698 0.866395902 0.500000000 0.500000000 0.000000000 0.000000000 0.917724907 -0.053098522 0.393651545 -0.093242740 0.068851575 0.997288227 -0.025993222 0.520481331 -0.391203851 0.050958157 0.918892145 -3.296101391
97130367 0.487347698 0.866395902 0.500000000 0.500000000 0.000000000 0.000000000 0.917692542 -0.052502610 0.393806905 -0.092839585 0.068484657 0.997296691 -0.026630245 0.525294447 -0.391344190 0.051408108 0.918807328 -3.318804815
97163733 0.487347698 0.866395902 0.500000000 0.500000000 0.000000000 0.000000000 0.917667031 -0.052163936 0.393911332 -0.091738242 0.068509504 0.997270346 -0.027537588 0.532493591 -0.391399622 0.052257005 0.918735862 -3.341608308
97197100 0.487347698 0.866395902 0.500000000 0.500000000 0.000000000 0.000000000 0.917539120 -0.051905248 0.394243270 -0.092478899 0.068695284 0.997228086 -0.028584478 0.540746690 -0.391666800 0.053310033 0.918561459 -3.363432743
97230467 0.487347698 0.866395902 0.500000000 0.500000000 0.000000000 0.000000000 0.917533278 -0.051616911 0.394294858 -0.091817608 0.068714730 0.997204304 -0.029357323 0.546932905 -0.391677171 0.054030184 0.918514967 -3.384210331
97263833 0.487347698 0.866395902 0.500000000 0.500000000 0.000000000 0.000000000 0.917532563 -0.051409192 0.394323647 -0.091535090 0.068870485 0.997166932 -0.030247657 0.554061601 -0.391651481 0.054910470 0.918473721 -3.404509557
97297200 0.487347698 0.866395902 0.500000000 0.500000000 0.000000000 0.000000000 0.917545140 -0.051227231 0.394318074 -0.091329276 0.068952195 0.997141182 -0.030903907 0.559803300 -0.391607672 0.055544827 0.918454230 -3.424535555
97330567 0.487347698 0.866395902 0.500000000 0.500000000 0.000000000 0.000000000 0.917457342 -0.051150162 0.394532174 -0.092474012 0.069092900 0.997116029 -0.031397045 0.565028314 -0.391788393 0.056064822 0.918345571 -3.444235075
97363933 0.487347698 0.866395902 0.500000000 0.500000000 0.000000000 0.000000000 0.917316675 -0.051076677 0.394868672 -0.094521302 0.069151290 0.997103393 -0.031668510 0.568553604 -0.392107368 0.056355733 0.918191612 -3.465043588
97397300 0.487347698 0.866395902 0.500000000 0.500000000 0.000000000 0.000000000 0.917268276 -0.051125646 0.394974768 -0.095712895 0.069384001 0.997074366 -0.032072116 0.573549483 -0.392179489 0.056823663 0.918131948 -3.485077462
97430667 0.487347698 0.866395902 0.500000000 0.500000000 0.000000000 0.000000000 0.917218566 -0.051084399 0.395095557 -0.097005504 0.069381267 0.997071981 -0.032151617 0.576246799 -0.392296255 0.056902289 0.918077230 -3.506025436
97464033 0.487347698 0.866395902 0.500000000 0.500000000 0.000000000 0.000000000 0.917050004 -0.051245041 0.395465851 -0.099676781 0.069500722 0.997069657 -0.031964228 0.578082375 -0.392668992 0.056797955 0.917924285 -3.529433728
97497400 0.487347698 0.866395902 0.500000000 0.500000000 0.000000000 0.000000000 0.916893125 -0.051482074 0.395798653 -0.102559936 0.069749214 0.997054696 -0.031890288 0.581093397 -0.392991126 0.056846634 0.917783439 -3.552403964
97530767 0.487347698 0.866395902 0.500000000 0.500000000 0.000000000 0.000000000 0.916854620 -0.051750619 0.395852834 -0.104141741 0.069951691 0.997047424 -0.031672653 0.583294713 -0.393044978 0.056729794 0.917767584 -3.574305050
97564133 0.487347698 0.866395902 0.500000000 0.500000000 0.000000000 0.000000000 0.916932702 -0.052077472 0.395629078 -0.104561575 0.070230216 0.997032464 -0.031528149 0.586118895 -0.392813116 0.056694303 0.917869091 -3.594983102
97597500 0.487347698 0.866395902 0.500000000 0.500000000 0.000000000 0.000000000 0.916872382 -0.052517772 0.395710677 -0.106953674 0.070645303 0.997008204 -0.031366549 0.589739123 -0.392879516 0.056714226 0.917839408 -3.615139337
97630867 0.487347698 0.866395902 0.500000000 0.500000000 0.000000000 0.000000000 0.916983545 -0.052789003 0.395416915 -0.107390559 0.070819147 0.997003317 -0.031129619 0.592088418 -0.392588675 0.056548435 0.917974055 -3.635562206
97664233 0.487347698 0.866395902 0.500000000 0.500000000 0.000000000 0.000000000 0.917136252 -0.053015701 0.395032138 -0.107282412 0.070994973 0.996994078 -0.031024627 0.595336063 -0.392199904 0.056499105 0.918143272 -3.656269139
97697600 0.487347698 0.866395902 0.500000000 0.500000000 0.000000000 0.000000000 0.917242706 -0.053279057 0.394749433 -0.107979808 0.071254931 0.996976078 -0.031007322 0.599729453 -0.391903698 0.056569085 0.918265462 -3.676762330
97730967 0.487347698 0.866395902 0.500000000 0.500000000 0.000000000 0.000000000 0.917277455 -0.053659275 0.394617289 -0.109973878 0.071517617 0.996967554 -0.030675134 0.602250461 -0.391774625 0.056359693 0.918333411 -3.698434335
97764333 0.487347698 0.866395902 0.500000000 0.500000000 0.000000000 0.000000000 0.917426527 -0.053871755 0.394241512 -0.110655040 0.071764626 0.996946812 -0.030771747 0.607278454 -0.391380101 0.056523412 0.918491542 -3.719140611
97797700 0.487347698 0.866395902 0.500000000 0.500000000 0.000000000 0.000000000 0.917595923 -0.054401595 0.393774331 -0.110672999 0.072306335 0.996907890 -0.030765390 0.612734284 -0.390883029 0.056702577 0.918692172 -3.740790861
97831067 0.487347698 0.866395902 0.500000000 0.500000000 0.000000000 0.000000000 0.917797923 -0.054794725 0.393248647 -0.111201713 0.072744280 0.996872663 -0.030874081 0.618399272 -0.390327066 0.056942757 0.918913662 -3.762370079
97864433 0.487347698 0.866395902 0.500000000 0.500000000 0.000000000 0.000000000 0.917917132 -0.055213653 0.392911643 -0.113135464 0.073183089 0.996840060 -0.030889472 0.623750327 -0.389964551 0.057108466 0.919057310 -3.784779249
97897800 0.487347698 0.866395902 0.500000000 0.500000000 0.000000000 0.000000000 0.918054044 -0.055396315 0.392565995 -0.115721229 0.073394887 0.996821761 -0.030976240 0.628957623 -0.389602363 0.057250198 0.919202030 -3.807114810
97931167 0.487347698 0.866395902 0.500000000 0.500000000 0.000000000 0.000000000 0.918304622 -0.055674203 0.391940087 -0.116580026 0.073637456 0.996805131 -0.030936571 0.633629658 -0.388965517 0.057270668 0.919470429 -3.829437629
97964533 0.487347698 0.866395902 0.500000000 0.500000000 0.000000000 0.000000000 0.918588221 -0.055989537 0.391229987 -0.116943440 0.073882580 0.996790588 -0.030820284 0.638352835 -0.388248771 0.057216231 0.919776738 -3.851473277
97997900 0.487347698 0.866395902 0.500000000 0.500000000 0.000000000 0.000000000 0.918926001 -0.056534391 0.390357316 -0.116559550 0.074300408 0.996767879 -0.030548718 0.643123325 -0.387368560 0.057075717 0.920156479 -3.873539388
98031267 0.487347698 0.866395902 0.500000000 0.500000000 0.000000000 0.000000000 0.919390738 -0.056894600 0.389209092 -0.114798089 0.074480988 0.996764064 -0.030232171 0.646960988 -0.386229604 0.056783855 0.920653164 -3.895316629
98064633 0.487347698 0.866395902 0.500000000 0.500000000 0.000000000 0.000000000 0.919887304 -0.057112787 0.388001889 -0.112778848 0.074617349 0.996755302 -0.030185629 0.651832047 -0.385018945 0.056719050 0.921164155 -3.916762134
98098000 0.487347698 0.866395902 0.500000000 0.500000000 0.000000000 0.000000000 0.920511425 -0.057170779 0.386510283 -0.109102721 0.074404545 0.996783912 -0.029761994 0.654004332 -0.383565724 0.056154378 0.921804786 -3.937692533
98131367 0.487347698 0.866395902 0.500000000 0.500000000 0.000000000 0.000000000 0.921166301 -0.057058230 0.384963691 -0.105953991 0.074128762 0.996808231 -0.029636059 0.657261067 -0.382043988 0.055836622 0.922455788 -3.957246685
98164733 0.487347698 0.866395902 0.500000000 0.500000000 0.000000000 0.000000000 0.921931207 -0.056802820 0.383166194 -0.101348976 0.073737942 0.996837020 -0.029642900 0.660478253 -0.380270451 0.055582602 0.923203647 -3.977096330
98198100 0.487347698 0.866395902 0.500000000 0.500000000 0.000000000 0.000000000 0.922861814 -0.056385834 0.380981237 -0.093974781 0.073118187 0.996884644 -0.029575756 0.662538154 -0.378126681 0.055150989 0.924109638 -3.997526062
98231467 0.487347698 0.866395902 0.500000000 0.500000000 0.000000000 0.000000000 0.923688889 -0.056370638 0.378973901 -0.087670943 0.072922215 0.996902704 -0.029451624 0.665746193 -0.376139879 0.054839753 0.924938560 -4.017450404
98264833 0.487347698 0.866395902 0.500000000 0.500000000 0.000000000 0.000000000 0.924529493 -0.056517731 0.376896560 -0.081025365 0.072890311 0.996909261 -0.029308287 0.668925887 -0.374075204 0.054568481 0.925791562 -4.036898538
98298200 0.487347698 0.866395902 0.500000000 0.500000000 0.000000000 0.000000000 0.925477386 -0.056582078 0.374553233 -0.072691206 0.072830886 0.996912122 -0.029357566 0.673185845 -0.371735543 0.054448806 0.926740527 -4.056143930
98331567 0.487347698 0.866395902 0.500000000 0.500000000 0.000000000 0.000000000 0.926506639 -0.056605246 0.371996313 -0.062948354 0.072716057 0.996918917 -0.029411785 0.676984552 -0.369185299 0.054300323 0.927768111 -4.075459419
98364933 0.487347698 0.866395902 0.500000000 0.500000000 0.000000000 0.000000000 0.927699208 -0.056420587 0.369040579 -0.050482522 0.072356872 0.996943176 -0.029474508 0.679953666 -0.366249532 0.054046098 0.928945780 -4.094823917
98398300 0.487347698 0.866395902 0.500000000 0.500000000 0.000000000 0.000000000 0.928911269 -0.056377206 0.365985572 -0.037636028 0.072142668 0.996957004 -0.029532552 0.683406881 -0.363206923 0.053836297 0.930151820 -4.113844862
98431667 0.487347698 0.866395902 0.500000000 0.500000000 0.000000000 0.000000000 0.930092633 -0.056200653 0.363000214 -0.025657833 0.071839191 0.996973515 -0.029714970 0.686972234 -0.360231578 0.053715315 0.931315124 -4.132235844
98465033 0.487347698 0.866395902 0.500000000 0.500000000 0.000000000 0.000000000 0.931380570 -0.055882346 0.359732389 -0.011986368 0.071396016 0.996997595 -0.029973103 0.690864348 -0.356977373 0.053599827 0.932573974 -4.150455302
98498400 0.487347698 0.866395902 0.500000000 0.500000000 0.000000000 0.000000000 0.932784677 -0.055384275 0.356153458 0.003863981 0.070714571 0.997040570 -0.030158630 0.693140240 -0.353429109 0.053316746 0.933940649 -4.168969856
98531767 0.487347698 0.866395902 0.500000000 0.500000000 0.000000000 0.000000000 0.934295118 -0.054987766 0.352234244 0.021546582 0.070209317 0.997063577 -0.030576028 0.697282364 -0.349518627 0.053297158 0.935412288 -4.187264823
98565133 0.487347698 0.866395902 0.500000000 0.500000000 0.000000000 0.000000000 0.935974538 -0.054457549 0.347830415 0.041907307 0.069569975 0.997092247 -0.031097127 0.701588428 -0.345125556 0.053304672 0.937041581 -4.205846197
98598500 0.487347698 0.866395902 0.500000000 0.500000000 0.000000000 0.000000000 0.937693954 -0.053734202 0.343282223 0.062995097 0.068724029 0.997133791 -0.031641353 0.705445010 -0.340598077 0.053261638 0.938699186 -4.224967441
98631867 0.487347698 0.866395902 0.500000000 0.500000000 0.000000000 0.000000000 0.939506590 -0.052687895 0.338454306 0.085621939 0.067452610 0.997209132 -0.032002322 0.707432194 -0.335823566 0.052896019 0.940438509 -4.244220302
98665233 0.487347698 0.866395902 0.500000000 0.500000000 0.000000000 0.000000000 0.941418707 -0.051591557 0.333270282 0.110492668 0.066141509 0.997282386 -0.032452658 0.709577386 -0.330690295 0.052594539 0.942272663 -4.264185020
98698600 0.487347698 0.866395902 0.500000000 0.500000000 0.000000000 0.000000000 0.943349183 -0.050099425 0.327997535 0.135701544 0.064474739 0.997370481 -0.033093244 0.711951293 -0.325477093 0.052366041 0.944098771 -4.284059654
98731967 0.487347698 0.866395902 0.500000000 0.500000000 0.000000000 0.000000000 0.945320189 -0.048636403 0.322496951 0.162206142 0.062840044 0.997452021 -0.033772357 0.714539909 -0.320032686 0.052191410 0.945967853 -4.303406310
98765333 0.487347698 0.866395902 0.500000000 0.500000000 0.000000000 0.000000000 0.947291374 -0.047541324 0.316826254 0.189955450 0.061537184 0.997514904 -0.034310486 0.717452248 -0.314407736 0.051998623 0.947862804 -4.322236728
98798700 0.487347698 0.866395902 0.500000000 0.500000000 0.000000000 0.000000000 0.949254036 -0.046580464 0.311041832 0.218155455 0.060338624 0.997572839 -0.034751840 0.720254443 -0.308668107 0.051756158 0.949760675 -4.340255122
98832067 0.487347698 0.866395902 0.500000000 0.500000000 0.000000000 0.000000000 0.951241493 -0.045351718 0.305094898 0.247182826 0.058891963 0.997639358 -0.035319563 0.723397699 -0.302772880 0.051565073 0.951666772 -4.357899539
98865433 0.487347698 0.866395902 0.500000000 0.500000000 0.000000000 0.000000000 0.953242540 -0.044487432 0.298913836 0.278105892 0.057798363 0.997684956 -0.035834473 0.727015497 -0.296627641 0.051435675 0.953607082 -4.375103289
98898800 0.487347698 0.866395902 0.500000000 0.500000000 0.000000000 0.000000000 0.955181599 -0.043691728 0.292778283 0.307913534 0.056794789 0.997722089 -0.036400016 0.731093337 -0.290520996 0.051396906 0.955487251 -4.392142469
98932167 0.487347698 0.866395902 0.500000000 0.500000000 0.000000000 0.000000000 0.957170010 -0.042786162 0.286347479 0.339455567 0.055677898 0.997761965 -0.037027780 0.735690863 -0.284122348 0.051385105 0.957410097 -4.408587796
98965533 0.487347698 0.866395902 0.500000000 0.500000000 0.000000000 0.000000000 0.959178984 -0.042022880 0.279660046 0.372898651 0.054757092 0.997781098 -0.037875324 0.742178132 -0.277447879 0.051642586 0.959351718 -4.424137665
98998900 0.487347698 0.866395902 0.500000000 0.500000000 0.000000000 0.000000000 0.961213946 -0.040995110 0.272740126 0.407714246 0.053449247 0.997832417 -0.038387865 0.744894995 -0.270575225 0.051476706 0.961321592 -4.439006974
99032267 0.487347698 0.866395902 0.500000000 0.500000000 0.000000000 0.000000000 0.963193536 -0.040092915 0.265802205 0.442022180 0.052277703 0.997873724 -0.038923211 0.748445219 -0.263676494 0.051386114 0.963241518 -4.453108094
99065633 0.487347698 0.866395902 0.500000000 0.500000000 0.000000000 0.000000000 0.965228319 -0.039303735 0.258436710 0.480065627 0.051230013 0.997902513 -0.039573956 0.753131326 -0.256339222 0.051437620 0.965217292 -4.466445335
99099000 0.487347698 0.866395902 0.500000000 0.500000000 0.000000000 0.000000000 0.967065454 -0.038659390 0.251574874 0.513992919 0.050322775 0.997927964 -0.040091958 0.757621380 -0.249503672 0.051431488 0.967007101 -4.480017900
99132367 0.487347698 0.866395902 0.500000000 0.500000000 0.000000000 0.000000000 0.968905628 -0.037956890 0.244501948 0.549191351 0.049241748 0.997977316 -0.040206186 0.758484458 -0.242481291 0.050995704 0.968814850 -4.492580982
99165733 0.487347698 0.866395902 0.500000000 0.500000000 0.000000000 0.000000000 0.970646441 -0.037215151 0.237614140 0.582872240 0.048198760 0.998013020 -0.040581543 0.761169634 -0.235631764 0.050843038 0.970511556 -4.504205770
99199100 0.487347698 0.866395902 0.500000000 0.500000000 0.000000000 0.000000000 0.972220957 -0.036490723 0.231202900 0.612635681 0.047126688 0.998061597 -0.040646408 0.761807908 -0.229271516 0.050413117 0.972056091 -4.514778559
99232467 0.487347698 0.866395902 0.500000000 0.500000000 0.000000000 0.000000000 0.973761857 -0.035914116 0.224717587 0.642636504 0.046227701 0.998097301 -0.040802300 0.763731834 -0.222824633 0.050119903 0.973569274 -4.524353477
99265833 0.487347698 0.866395902 0.500000000 0.500000000 0.000000000 0.000000000 0.975306451 -0.035432048 0.217995197 0.674416239 0.045430094 0.998124897 -0.041022256 0.766089728 -0.216132924 0.049912814 0.975087285 -4.534366344
99299200 0.487347698 0.866395902 0.500000000 0.500000000 0.000000000 0.000000000 0.976804912 -0.034975339 0.211255401 0.706514383 0.044645809 0.998153806 -0.041179914 0.768263457 -0.209425092 0.049656413 0.976563036 -4.543209750
99332567 0.487347698 0.866395902 0.500000000 0.500000000 0.000000000 0.000000000 0.978230119 -0.034497708 0.204635710 0.737241853 0.043844610 0.998183608 -0.041317660 0.770123297 -0.202838644 0.049390353 0.977965772 -4.552049244
99365933 0.487347698 0.866395902 0.500000000 0.500000000 0.000000000 0.000000000 0.979635835 -0.033811245 0.197915256 0.768711487 0.042771969 0.998236001 -0.041175961 0.769454886 -0.196173921 0.048802674 0.979353905 -4.560692129
99399300 0.487347698 0.866395902 0.500000000 0.500000000 0.000000000 0.000000000 0.980981469 -0.033148408 0.191249818 0.799442160 0.041783642 0.998272896 -0.041295826 0.770603520 -0.189550623 0.048501555 0.980672300 -4.569362499
99432667 0.487347698 0.866395902 0.500000000 0.500000000 0.000000000 0.000000000 0.982321799 -0.032625075 0.184335217 0.832541767 0.040914770 0.998306811 -0.041346624 0.771509256 -0.182674155 0.048157725 0.981993377 -4.577796519
99466033 0.487347698 0.866395902 0.500000000 0.500000000 0.000000000 0.000000000 0.983547032 -0.031852417 0.177822053 0.861924010 0.039839350 0.998342812 -0.041526023 0.773101698 -0.176204666 0.047927111 0.983186126 -4.585383796
99499400 0.487347698 0.866395902 0.500000000 0.500000000 0.000000000 0.000000000 0.984773040 -0.031133870 0.171034291 0.893484316 0.038747665 0.998392701 -0.041359112 0.772234992 -0.169471726 0.047356516 0.984396636 -4.593204801
99532767 0.487347698 0.866395902 0.500000000 0.500000000 0.000000000 0.000000000 0.985966146 -0.030476291 0.164140150 0.925679540 0.037756331 0.998428345 -0.041416261 0.773439956 -0.162619963 0.047032360 0.985567212 -4.600989593
99566133 0.487347698 0.866395902 0.500000000 0.500000000 0.000000000 0.000000000 0.987114966 -0.029638482 0.157243848 0.957535032 0.036558613 0.998477697 -0.041300129 0.772743371 -0.155780405 0.046516594 0.986695826 -4.608919220
99599500 0.487347698 0.866395902 0.500000000 0.500000000 0.000000000 0.000000000 0.988221824 -0.028875707 0.150279000 0.989847673 0.035449166 0.998519897 -0.041247774 0.772911377 -0.148865506 0.046089217 0.987782776 -4.615927888
99632867 0.487347698 0.866395902 0.500000000 0.500000000 0.000000000 0.000000000 0.989326358 -0.027885821 0.143023729 1.023931475 0.034126624 0.998560965 -0.041368503 0.773257753 -0.141664326 0.045807868 0.988854289 -4.623228921
99666233 0.487347698 0.866395902 0.500000000 0.500000000 0.000000000 0.000000000 0.990377069 -0.026894238 0.135757178 1.057856598 0.032799441 0.998602033 -0.041450266 0.773852250 -0.134452626 0.045504153 0.989874661 -4.629027207
99699600 0.487347698 0.866395902 0.500000000 0.500000000 0.000000000 0.000000000 0.991347432 -0.025725398 0.128718778 1.089442413 0.031280667 0.998656034 -0.041324060 0.772536426 -0.127482712 0.044992913 0.990819752 -4.634306547
99732967 0.487347698 0.866395902 0.500000000 0.500000000 0.000000000 0.000000000 0.992318451 -0.024672225 0.121224463 1.124385798 0.029878573 0.998699129 -0.041319460 0.772437673 -0.120047323 0.044624075 0.991764784 -4.639426613
99766333 0.487347698 0.866395902 0.500000000 0.500000000 0.000000000 0.000000000 0.993277609 -0.023461362 0.113354109 1.161982633 0.028334312 0.998733759 -0.041570470 0.774366917 -0.112235270 0.044502828 0.992684603 -4.644101964
99799700 0.487347698 0.866395902 0.500000000 0.500000000 0.000000000 0.000000000 0.994195819 -0.022203222 0.105269529 1.201073512 0.026698790 0.998782158 -0.041490112 0.773307096 -0.104220115 0.044059865 0.993577838 -4.647683893
99833067 0.487347698 0.866395902 0.500000000 0.500000000 0.000000000 0.000000000 0.995106936 -0.020843837 0.096579976 1.243926867 0.024972362 0.998816490 -0.041737475 0.774847397 -0.095595703 0.043945082 0.994449735 -4.649700872
99866433 0.487347698 0.866395902 0.500000000 0.500000000 0.000000000 0.000000000 0.995965660 -0.019601464 0.087567858 1.289046409 0.023354279 0.998842955 -0.042039119 0.777017326 -0.086642511 0.043914601 0.995271087 -4.651243143
99899800 0.487347698 0.866395902 0.500000000 0.500000000 0.000000000 0.000000000 0.996753573 -0.018218121 0.078424461 1.333984004 0.021577952 0.998875737 -0.042209569 0.777858102 -0.077567309 0.043764781 0.996026099 -4.650582062
99933167 0.487347698 0.866395902 0.500000000 0.500000000 0.000000000 0.000000000 0.997528374 -0.016398884 0.068324223 1.385961165 0.019329285 0.998911500 -0.042451665 0.777883247 -0.067553692 0.043667398 0.996759593 -4.648521923
99966533 0.487347698 0.866395902 0.500000000 0.500000000 0.000000000 0.000000000 0.998209238 -0.014753007 0.057971589 1.439999942 0.017234422 0.998946130 -0.042539801 0.777319140 -0.057282902 0.043462727 0.997411489 -4.645159831
99999900 0.487347698 0.866395902 0.500000000 0.500000000 0.000000000 0.000000000 0.998777211 -0.013347572 0.047602173 1.494142912 0.015388211 0.998966753 -0.042763054 0.778429340 -0.046982203 0.043443277 0.997950554 -4.642391344
100033267 0.487347698 0.866395902 0.500000000 0.500000000 0.000000000 0.000000000 0.999225795 -0.011641800 0.037579730 1.545040701 0.013246775 0.998998165 -0.042745989 0.777586739 -0.037044439 0.043210708 0.998378932 -4.639877315
100066633 0.487347698 0.866395902 0.500000000 0.500000000 0.000000000 0.000000000 0.999572396 -0.009918853 0.027506722 1.596067152 0.011078798 0.999041736 -0.042342875 0.773285954 -0.027060369 0.042629514 0.998724401 -4.637170174
100100000 0.487347698 0.866395902 0.500000000 0.500000000 0.000000000 0.000000000 0.999818921 -0.008166182 0.017188694 1.648798211 0.008883016 0.999076068 -0.042049229 0.769966586 -0.016829431 0.042194299 0.998967648 -4.632948940
100133367 0.487347698 0.866395902 0.500000000 0.500000000 0.000000000 0.000000000 0.999956429 -0.006549203 0.006656216 1.703169059 0.006821987 0.999101818 -0.041820895 0.767037246 -0.006376344 0.041864477 0.999102950 -4.628169342
100166733 0.487347698 0.866395902 0.500000000 0.500000000 0.000000000 0.000000000 0.999979794 -0.005046117 -0.003865672 1.757246112 0.004879334 0.999105573 -0.042002570 0.767969256 0.004074165 0.041982859 0.999110043 -4.621897969
100200100 0.487347698 0.866395902 0.500000000 0.500000000 0.000000000 0.000000000 0.999898016 -0.003317611 -0.013890034 1.807198168 0.002737595 0.999131799 -0.041570459 0.763174565 0.014015890 0.041528195 0.999038994 -4.616319215
100233467 0.487347698 0.866395902 0.500000000 0.500000000 0.000000000 0.000000000 0.999715388 -0.001997250 -0.023773698 1.856259591 0.001006588 0.999133408 -0.041609764 0.763082323 0.023836201 0.041573990 0.998851061 -4.609413949
100266833 0.487347698 0.866395902 0.500000000 0.500000000 0.000000000 0.000000000 0.999442279 -0.000817756 -0.033383161 1.903034761 -0.000573022 0.999132931 -0.041630227 0.763131558 0.033388261 0.041626140 0.998575211 -4.602023459
100300200 0.487347698 0.866395902 0.500000000 0.500000000 0.000000000 0.000000000 0.999071002 0.000531688 -0.043090694 1.949706110 -0.002319351 0.999137998 -0.041446686 0.761002261 0.043031514 0.041508127 0.998211086 -4.593561910
100333567 0.487347698 0.866395902 0.500000000 0.500000000 0.000000000 0.000000000 0.998582006 0.001605138 -0.053210985 1.999527111 -0.003802748 0.999142647 -0.041224454 0.758421521 0.053099193 0.041368343 0.997731984 -4.582611839
100366933 0.487347698 0.866395902 0.500000000 0.500000000 0.000000000 0.000000000 0.997981429 0.003080615 -0.063431509 2.049487421 -0.005666208 0.999158502 -0.040622529 0.751818970 0.063252993 0.040899944 0.997159064 -4.570785914
100400300 0.487347698 0.866395902 0.500000000 0.500000000 0.000000000 0.000000000 0.997284472 0.004244440 -0.073523402 2.098491604 -0.007232188 0.999156654 -0.040418260 0.749373977 0.073289849 0.040840235 0.996474147 -4.557694421
100433667 0.487347698 0.866395902 0.500000000 0.500000000 0.000000000 0.000000000 0.996479273 0.005279557 -0.083673395 2.148021550 -0.008695264 0.999141276 -0.040510219 0.749550529 0.083387665 0.041095152 0.995669484 -4.544304309
100467033 0.487347698 0.866395902 0.500000000 0.500000000 0.000000000 0.000000000 0.995555401 0.006338222 -0.093964346 2.198552207 -0.010159132 0.999138355 -0.040240988 0.746806366 0.093628325 0.041016728 0.994761944 -4.529879583
100500400 0.487347698 0.866395902 0.500000000 0.500000000 0.000000000 0.000000000 0.994528353 0.007240575 -0.104215667 2.248905093 -0.011486758 0.999125540 -0.040201847 0.746271284 0.103833452 0.041178975 0.993741870 -4.514894481
100533767 0.487347698 0.866395902 0.500000000 0.500000000 0.000000000 0.000000000 0.993422568 0.008260577 -0.114207506 2.297263902 -0.012941877 0.999103427 -0.040308923 0.746654587 0.113772139 0.041521855 0.992638826 -4.499818081
100567133 0.487347698 0.866395902 0.500000000 0.500000000 0.000000000 0.000000000 0.992212355 0.009111715 -0.124224171 2.346251143 -0.014201329 0.999092817 -0.040147450 0.744927040 0.123745665 0.041598942 0.991441667 -4.484743386
100600500 0.487347698 0.866395902 0.500000000 0.500000000 0.000000000 0.000000000 0.990950048 0.010137147 -0.133847952 2.392291584 -0.015611200 0.999081254 -0.039911594 0.742710711 0.133320391 0.041639920 0.990197837 -4.469402346
100633867 0.487347698 0.866395902 0.500000000 0.500000000 0.000000000 0.000000000 0.989523232 0.010944241 -0.143958375 2.442437382 -0.016811622 0.999073982 -0.039604392 0.739866079 0.143391624 0.041609641 0.988790929 -4.452848482
100667233 0.487347698 0.866395902 0.500000000 0.500000000 0.000000000 0.000000000 0.988019645 0.011801446 -0.153876275 2.490483562 -0.018081229 0.999056935 -0.039475180 0.738471930 0.153265297 0.041784525 0.987301290 -4.435529652
100700600 0.487347698 0.866395902 0.500000000 0.500000000 0.000000000 0.000000000 0.986335397 0.012659688 -0.164262801 2.541729806 -0.019408111 0.999029338 -0.039543372 0.738485415 0.163602754 0.042191058 0.985623658 -4.416095294
100733967 0.487347698 0.866395902 0.500000000 0.500000000 0.000000000 0.000000000 0.984486997 0.013532073 -0.174934909 2.595455889 -0.020699315 0.999016523 -0.039211396 0.735047514 0.174232244 0.042224143 0.983798862 -4.395371945
100767333 0.487347698 0.866395902 0.500000000 0.500000000 0.000000000 0.000000000 0.982521534 0.014679608 -0.185569376 2.648840122 -0.022246715 0.999000847 -0.038761433 0.730086290 0.184814945 0.042212252 0.981866360 -4.373638484
100800700 0.487347698 0.866395902 0.500000000 0.500000000 0.000000000 0.000000000 0.980428755 0.015533930 -0.196260452 2.702637730 -0.023578411 0.998971939 -0.038718920 0.728862670 0.195457235 0.042588651 0.979787052 -4.350184446
100834067 0.487347698 0.866395902 0.500000000 0.500000000 0.000000000 0.000000000 0.978218377 0.016645059 -0.206910104 2.755909370 -0.025137708 0.998942971 -0.038483869 0.725558005 0.206050828 0.042846873 0.977602780 -4.325926573
100867433 0.487347698 0.866395902 0.500000000 0.500000000 0.000000000 0.000000000 0.975881517 0.017677266 -0.217584074 2.809581205 -0.026605753 0.998916864 -0.038173482 0.722011369 0.216673598 0.043041781 0.975294828 -4.300824683
100900800 0.487347698 0.866395902 0.500000000 0.500000000 0.000000000 0.000000000 0.973463178 0.018764369 -0.228073210 2.861636910 -0.028124843 0.998887181 -0.037860692 0.718524078 0.227108970 0.043270510 0.972907603 -4.276626760
100934167 0.487347698 0.866395902 0.500000000 0.500000000 0.000000000 0.000000000 0.970918298 0.019853685 -0.238586381 2.913812374 -0.029705033 0.998844981 -0.037765794 0.716794522 0.237561032 0.043754719 0.970386684 -4.251435614
