https://www.youtube.com/watch?v=HmXwNQtjvf0
68001267 0.546415986 0.971406207 0.500000000 0.500000000 0.000000000 0.000000000 0.999667227 -0.012325393 -0.022660829 0.038695197 0.012196176 0.999908626 -0.005831605 -0.002306706 0.022730635 0.005553289 0.999726176 0.002280415
68034633 0.546415986 0.971406207 0.500000000 0.500000000 0.000000000 0.000000000 0.999647200 -0.012761485 -0.023293180 0.041375305 0.012620317 0.999901175 -0.006197443 -0.002084194 0.023369966 0.005901290 0.999709487 0.001637533
68068000 0.546415986 0.971406207 0.500000000 0.500000000 0.000000000 0.000000000 0.999628246 -0.013070690 -0.023927154 0.043998979 0.012919238 0.999895573 -0.006473410 -0.002001831 0.024009269 0.006161883 0.999692738 0.000787098
68101367 0.546415986 0.971406207 0.500000000 0.500000000 0.000000000 0.000000000 0.999606848 -0.013470147 -0.024590079 0.046610692 0.013310335 0.999889314 -0.006651209 -0.002202867 0.024676949 0.006321292 0.999675512 0.000094350
68134733 0.546415986 0.971406207 0.500000000 0.500000000 0.000000000 0.000000000 0.999585509 -0.013834319 -0.025247537 0.049364155 0.013666593 0.999883473 -0.006803804 -0.002383143 0.025338721 0.006455936 0.999658048 -0.000532370
68168100 0.546415986 0.971406207 0.500000000 0.500000000 0.000000000 0.000000000 0.999555528 -0.014460278 -0.026070967 0.052552674 0.014276589 0.999872029 -0.007218127 -0.002346671 0.026172008 0.006842714 0.999634027 -0.000505424
68201467 0.546415986 0.971406207 0.500000000 0.500000000 0.000000000 0.000000000 0.999531329 -0.014821749 -0.026785733 0.055326672 0.014626999 0.999865234 -0.007452029 -0.002221351 0.026892576 0.007056742 0.999613404 -0.001135530
68234833 0.546415986 0.971406207 0.500000000 0.500000000 0.000000000 0.000000000 0.999503553 -0.015298882 -0.027541514 0.058063356 0.015092500 0.999856591 -0.007685829 -0.002415584 0.027655149 0.007266344 0.999591112 -0.001773295
68268200 0.546415986 0.971406207 0.500000000 0.500000000 0.000000000 0.000000000 0.999473333 -0.015900068 -0.028288452 0.060645551 0.015679119 0.999844968 -0.008015268 -0.002445516 0.028411509 0.007567508 0.999567688 -0.002646325
68301567 0.546415986 0.971406207 0.500000000 0.500000000 0.000000000 0.000000000 0.999443591 -0.016252222 -0.029126326 0.063459719 0.016020613 0.999838293 -0.008167724 -0.002640255 0.029254360 0.007696558 0.999542356 -0.003185379
68334933 0.546415986 0.971406207 0.500000000 0.500000000 0.000000000 0.000000000 0.999412835 -0.016767476 -0.029879481 0.066005363 0.016520550 0.999827445 -0.008491848 -0.002760877 0.030016713 0.007993236 0.999517441 -0.003969628
68368300 0.546415986 0.971406207 0.500000000 0.500000000 0.000000000 0.000000000 0.999382675 -0.017046900 -0.030719697 0.068780915 0.016784979 0.999820709 -0.008764005 -0.002559013 0.030863589 0.008242966 0.999489605 -0.004273550
68401667 0.546415986 0.971406207 0.500000000 0.500000000 0.000000000 0.000000000 0.999341428 -0.017656557 -0.031700850 0.071665016 0.017376913 0.999807835 -0.009075304 -0.002605456 0.031854995 0.008518465 0.999456227 -0.005192715
68435033 0.546415986 0.971406207 0.500000000 0.500000000 0.000000000 0.000000000 0.999304295 -0.018046603 -0.032637473 0.074442136 0.017755045 0.999800026 -0.009201089 -0.002908736 0.032796994 0.008615209 0.999424875 -0.005846304
68468400 0.546415986 0.971406207 0.500000000 0.500000000 0.000000000 0.000000000 0.999261558 -0.018546524 -0.033650488 0.077353791 0.018230915 0.999787092 -0.009661761 -0.002607813 0.033822518 0.009041147 0.999386966 -0.006425337
68501767 0.546415986 0.971406207 0.500000000 0.500000000 0.000000000 0.000000000 0.999221087 -0.018884925 -0.034649018 0.079926358 0.018556373 0.999779999 -0.009779542 -0.002964666 0.034826081 0.009128965 0.999351680 -0.007420362
68535133 0.546415986 0.971406207 0.500000000 0.500000000 0.000000000 0.000000000 0.999174595 -0.019355785 -0.035713334 0.082748704 0.019000251 0.999766767 -0.010267958 -0.002464690 0.035903748 0.009580921 0.999309301 -0.007947606
68568500 0.546415986 0.971406207 0.500000000 0.500000000 0.000000000 0.000000000 0.999130368 -0.019703234 -0.036746684 0.085159510 0.019333884 0.999759197 -0.010379674 -0.002710279 0.036942348 0.009660191 0.999270678 -0.009172815
68601867 0.546415986 0.971406207 0.500000000 0.500000000 0.000000000 0.000000000 0.999073267 -0.020256104 -0.037978169 0.088108781 0.019862715 0.999745369 -0.010707151 -0.002692999 0.038185384 0.009942879 0.999221206 -0.009897098
68635233 0.546415986 0.971406207 0.500000000 0.500000000 0.000000000 0.000000000 0.999020338 -0.020627121 -0.039151996 0.090822185 0.020207653 0.999734402 -0.011079506 -0.002495941 0.039370138 0.010277482 0.999171853 -0.010459886
68668600 0.546415986 0.971406207 0.500000000 0.500000000 0.000000000 0.000000000 0.998956859 -0.021124501 -0.040484387 0.093615995 0.020678569 0.999721169 -0.011402236 -0.002498647 0.040713962 0.010553182 0.999115109 -0.011398017
68701967 0.546415986 0.971406207 0.500000000 0.500000000 0.000000000 0.000000000 0.998893917 -0.021682397 -0.041723389 0.096243528 0.021210443 0.999706328 -0.011721157 -0.002600054 0.041965280 0.010823222 0.999060452 -0.011924672
68735333 0.546415986 0.971406207 0.500000000 0.500000000 0.000000000 0.000000000 0.998821974 -0.022326725 -0.043082964 0.098846884 0.021823116 0.999688327 -0.012124464 -0.002474703 0.043340232 0.011169977 0.998997927 -0.012910093
68768700 0.546415986 0.971406207 0.500000000 0.500000000 0.000000000 0.000000000 0.998750865 -0.022773238 -0.044475537 0.101007751 0.022245785 0.999676645 -0.012318591 -0.002543093 0.044741686 0.011313810 0.998934507 -0.014761790
68802067 0.546415986 0.971406207 0.500000000 0.500000000 0.000000000 0.000000000 0.998675466 -0.023161300 -0.045944802 0.103691035 0.022606488 0.999665558 -0.012558729 -0.002621435 0.046220314 0.011503444 0.998865008 -0.015552241
68835433 0.546415986 0.971406207 0.500000000 0.500000000 0.000000000 0.000000000 0.998591959 -0.023815205 -0.047401275 0.106058427 0.023224872 0.999646187 -0.012966059 -0.002513809 0.047693294 0.011846914 0.998791754 -0.016595501
68868800 0.546415986 0.971406207 0.500000000 0.500000000 0.000000000 0.000000000 0.998506367 -0.024356192 -0.048905652 0.108448612 0.023732239 0.999629915 -0.013298787 -0.002527467 0.049211457 0.012118284 0.998714864 -0.017593412
68902167 0.546415986 0.971406207 0.500000000 0.500000000 0.000000000 0.000000000 0.998408735 -0.024976758 -0.050558764 0.110970449 0.024314975 0.999610960 -0.013662502 -0.002393125 0.050880343 0.012411427 0.998627603 -0.018988376
68935533 0.546415986 0.971406207 0.500000000 0.500000000 0.000000000 0.000000000 0.998320103 -0.025204234 -0.052170366 0.113107231 0.024520243 0.999605298 -0.013709608 -0.002580306 0.052495316 0.012407348 0.998544097 -0.020411838
68968900 0.546415986 0.971406207 0.500000000 0.500000000 0.000000000 0.000000000 0.998206973 -0.025972120 -0.053928856 0.115753547 0.025236288 0.999579489 -0.014281060 -0.002320034 0.054277088 0.012894489 0.998442650 -0.021405019
