https://www.youtube.com/watch?v=CvHGc9RQ0Pc
73273000 0.527551819 0.937869910 0.500000000 0.500000000 0.000000000 0.000000000 0.999857187 -0.009264230 0.014133939 -0.007951403 0.009262414 0.999957085 0.000193961 -0.062423902 -0.014135129 -0.000063019 0.999900103 0.589517646
73306000 0.527551819 0.937869910 0.500000000 0.500000000 0.000000000 0.000000000 0.999857426 -0.009214650 0.014150788 -0.007932662 0.009214113 0.999957561 0.000103208 -0.061579466 -0.014151138 0.000027193 0.999899864 0.591710683
73339000 0.527551819 0.937869910 0.500000000 0.500000000 0.000000000 0.000000000 0.999856591 -0.009372423 0.014105889 -0.008191464 0.009370648 0.999956071 0.000191926 -0.060756410 -0.014107068 -0.000059718 0.999900460 0.593840799
73373000 0.527551819 0.937869910 0.500000000 0.500000000 0.000000000 0.000000000 0.999850810 -0.009708556 0.014287555 -0.008102271 0.009706610 0.999952853 0.000205570 -0.059157505 -0.014288877 -0.000066856 0.999897897 0.598377527
73406000 0.527551819 0.937869910 0.500000000 0.500000000 0.000000000 0.000000000 0.999853194 -0.009666041 0.014148737 -0.008286470 0.009665275 0.999953270 0.000122530 -0.058317342 -0.014149261 0.000014240 0.999899924 0.600701396
73439000 0.527551819 0.937869910 0.500000000 0.500000000 0.000000000 0.000000000 0.999847829 -0.009809878 0.014424752 -0.008588380 0.009807459 0.999951899 0.000238372 -0.057506654 -0.014426396 -0.000096865 0.999895930 0.603072131
73473000 0.527551819 0.937869910 0.500000000 0.500000000 0.000000000 0.000000000 0.999849796 -0.009905951 0.014222438 -0.008820991 0.009903564 0.999950945 0.000238260 -0.055927386 -0.014224100 -0.000097371 0.999898851 0.607834299
73539000 0.527551819 0.937869910 0.500000000 0.500000000 0.000000000 0.000000000 0.999846399 -0.010001909 0.014391118 -0.009020153 0.010000192 0.999949992 0.000191303 -0.054252217 -0.014392312 -0.000047360 0.999896407 0.612516533
73573000 0.527551819 0.937869910 0.500000000 0.500000000 0.000000000 0.000000000 0.999845207 -0.009997332 0.014477334 -0.009666219 0.009994899 0.999949992 0.000240442 -0.052743810 -0.014479014 -0.000095706 0.999895155 0.617158704
73606000 0.527551819 0.937869910 0.500000000 0.500000000 0.000000000 0.000000000 0.999841273 -0.010156373 0.014637218 -0.009823488 0.010152658 0.999948382 0.000328063 -0.052248309 -0.014639795 -0.000179405 0.999892831 0.619512089
73640000 0.527551819 0.937869910 0.500000000 0.500000000 0.000000000 0.000000000 0.999839783 -0.010236636 0.014685265 -0.010066170 0.010233384 0.999947608 0.000296609 -0.051703977 -0.014687532 -0.000146282 0.999892116 0.621698709
73673000 0.527551819 0.937869910 0.500000000 0.500000000 0.000000000 0.000000000 0.999837577 -0.010438466 0.014693793 -0.010772695 0.010434415 0.999945521 0.000352368 -0.051198484 -0.014696670 -0.000198989 0.999891996 0.626382396
73706000 0.527551819 0.937869910 0.500000000 0.500000000 0.000000000 0.000000000 0.999836147 -0.010621127 0.014659774 -0.011100329 0.010617008 0.999943554 0.000358759 -0.050998300 -0.014662758 -0.000203057 0.999892473 0.628650971
73740000 0.527551819 0.937869910 0.500000000 0.500000000 0.000000000 0.000000000 0.999834239 -0.010747423 0.014696971 -0.011315407 0.010745123 0.999942243 0.000235481 -0.050724961 -0.014698653 -0.000077521 0.999891937 0.630877772
73773000 0.527551819 0.937869910 0.500000000 0.500000000 0.000000000 0.000000000 0.999833584 -0.010787087 0.014713111 -0.011966158 0.010784101 0.999941826 0.000282345 -0.050701193 -0.014715301 -0.000123631 0.999891698 0.635551296
73840000 0.527551819 0.937869910 0.500000000 0.500000000 0.000000000 0.000000000 0.999834180 -0.010699031 0.014736120 -0.013015264 0.010695862 0.999942780 0.000293854 -0.051493979 -0.014738420 -0.000136190 0.999891400 0.642805481
73873000 0.527551819 0.937869910 0.500000000 0.500000000 0.000000000 0.000000000 0.999831915 -0.010572910 0.014977701 -0.013474721 0.010573239 0.999944091 0.000057267 -0.051687714 -0.014977469 0.000101106 0.999887824 0.645440418
73907000 0.527551819 0.937869910 0.500000000 0.500000000 0.000000000 0.000000000 0.999833345 -0.010486491 0.014941877 -0.013722114 0.010487868 0.999944985 -0.000013789 -0.052048171 -0.014940911 0.000170496 0.999888361 0.647850347
73940000 0.527551819 0.937869910 0.500000000 0.500000000 0.000000000 0.000000000 0.999833822 -0.010447306 0.014940865 -0.014557960 0.010448844 0.999945402 -0.000024909 -0.052774898 -0.014939790 0.000181020 0.999888361 0.652794744
73973000 0.527551819 0.937869910 0.500000000 0.500000000 0.000000000 0.000000000 0.999828994 -0.010454985 0.015252986 -0.014917271 0.010457550 0.999945343 -0.000088348 -0.052998103 -0.015251229 0.000247842 0.999883652 0.655294818
74007000 0.527551819 0.937869910 0.500000000 0.500000000 0.000000000 0.000000000 0.999833703 -0.010429729 0.014957564 -0.015212368 0.010430965 0.999945581 -0.000004628 -0.053362005 -0.014956702 0.000160649 0.999888122 0.657845554
74073000 0.527551819 0.937869910 0.500000000 0.500000000 0.000000000 0.000000000 0.999828041 -0.010714750 0.015135452 -0.016561677 0.010716420 0.999942601 -0.000029207 -0.054623258 -0.015134270 0.000191399 0.999885440 0.665607737
74107000 0.527551819 0.937869910 0.500000000 0.500000000 0.000000000 0.000000000 0.999826729 -0.010828371 0.015141371 -0.017148285 0.010830320 0.999941349 -0.000046730 -0.055265161 -0.015139977 0.000210707 0.999885380 0.668167243
74140000 0.527551819 0.937869910 0.500000000 0.500000000 0.000000000 0.000000000 0.999824286 -0.010837399 0.015295915 -0.018121183 0.010840700 0.999941230 -0.000132863 -0.056163698 -0.015293577 0.000298659 0.999882996 0.673323078
74173000 0.527551819 0.937869910 0.500000000 0.500000000 0.000000000 0.000000000 0.999824882 -0.010806541 0.015279897 -0.018687269 0.010809169 0.999941587 -0.000089440 -0.056695953 -0.015278037 0.000254587 0.999883235 0.676036325
74207000 0.527551819 0.937869910 0.500000000 0.500000000 0.000000000 0.000000000 0.999826193 -0.010790919 0.015203853 -0.018981489 0.010794261 0.999941707 -0.000137685 -0.057170939 -0.015201482 0.000301776 0.999884427 0.678693603
74240000 0.527551819 0.937869910 0.500000000 0.500000000 0.000000000 0.000000000 0.999824286 -0.010937176 0.015224801 -0.020062212 0.010942845 0.999940097 -0.000289042 -0.058242105 -0.015220728 0.000455594 0.999884069 0.684092698
74274000 0.527551819 0.937869910 0.500000000 0.500000000 0.000000000 0.000000000 0.999820888 -0.011043984 0.015369802 -0.020499576 0.011049563 0.999938905 -0.000278145 -0.058728454 -0.015365792 0.000447925 0.999881864 0.686885058
74307000 0.527551819 0.937869910 0.500000000 0.500000000 0.000000000 0.000000000 0.999821842 -0.011082646 0.015279015 -0.020958399 0.011087953 0.999938488 -0.000262696 -0.059333483 -0.015275164 0.000432063 0.999883235 0.689494650
74374000 0.527551819 0.937869910 0.500000000 0.500000000 0.000000000 0.000000000 0.999820888 -0.011130350 0.015307913 -0.022067828 0.011133529 0.999938011 -0.000122459 -0.060624596 -0.015305600 0.000292868 0.999882817 0.697699167
74407000 0.527551819 0.937869910 0.500000000 0.500000000 0.000000000 0.000000000 0.999817550 -0.011241538 0.015444063 -0.022785606 0.011241727 0.999936819 0.000074621 -0.061749953 -0.015443926 0.000099011 0.999880731 0.703156547
74440000 0.527551819 0.937869910 0.500000000 0.500000000 0.000000000 0.000000000 0.999814034 -0.011426490 0.015536525 -0.022868490 0.011426575 0.999934733 0.000083241 -0.062181707 -0.015536462 0.000094303 0.999879301 0.705913739
74474000 0.527551819 0.937869910 0.500000000 0.500000000 0.000000000 0.000000000 0.999814212 -0.011271333 0.015634822 -0.023412705 0.011272794 0.999936461 -0.000005266 -0.062692538 -0.015633769 0.000181513 0.999877751 0.708852962
74507000 0.527551819 0.937869910 0.500000000 0.500000000 0.000000000 0.000000000 0.999813557 -0.011368069 0.015609901 -0.023846243 0.011368805 0.999935389 0.000041567 -0.063964191 -0.015609365 0.000135906 0.999878168 0.714424805
74540000 0.527551819 0.937869910 0.500000000 0.500000000 0.000000000 0.000000000 0.999812782 -0.011470367 0.015584699 -0.024129731 0.011472779 0.999934196 -0.000065368 -0.064482149 -0.015582923 0.000244156 0.999878526 0.717193992
74574000 0.527551819 0.937869910 0.500000000 0.500000000 0.000000000 0.000000000 0.999813199 -0.011409747 0.015601931 -0.024435348 0.011412228 0.999934852 -0.000069986 -0.065004870 -0.015600116 0.000248025 0.999878287 0.720076941
74641000 0.527551819 0.937869910 0.500000000 0.500000000 0.000000000 0.000000000 0.999811471 -0.011309880 0.015782332 -0.025044903 0.011314000 0.999935985 -0.000171791 -0.066770548 -0.015779378 0.000350320 0.999875426 0.728697584
74674000 0.527551819 0.937869910 0.500000000 0.500000000 0.000000000 0.000000000 0.999810159 -0.011331459 0.015850997 -0.025184292 0.011336306 0.999935746 -0.000216003 -0.067413146 -0.015847530 0.000395653 0.999874353 0.731683002
74707000 0.527551819 0.937869910 0.500000000 0.500000000 0.000000000 0.000000000 0.999809146 -0.011318726 0.015924821 -0.025300373 0.011325402 0.999935806 -0.000329145 -0.068661979 -0.015920073 0.000509437 0.999873161 0.737395001
74741000 0.527551819 0.937869910 0.500000000 0.500000000 0.000000000 0.000000000 0.999810755 -0.011246239 0.015873078 -0.025300409 0.011253909 0.999936581 -0.000393977 -0.069101355 -0.015867641 0.000572537 0.999873936 0.740408471
74774000 0.527551819 0.937869910 0.500000000 0.500000000 0.000000000 0.000000000 0.999812186 -0.011138287 0.015859492 -0.025282985 0.011145285 0.999937832 -0.000352934 -0.069639332 -0.015854577 0.000529626 0.999874175 0.743344144
74808000 0.527551819 0.937869910 0.500000000 0.500000000 0.000000000 0.000000000 0.999806941 -0.011371049 0.016023174 -0.025401030 0.011376554 0.999935269 -0.000252441 -0.070776653 -0.016019266 0.000434681 0.999871612 0.749142580
74841000 0.527551819 0.937869910 0.500000000 0.500000000 0.000000000 0.000000000 0.999809384 -0.011284898 0.015933719 -0.025445420 0.011289359 0.999936283 -0.000190037 -0.071470106 -0.015930558 0.000369882 0.999873042 0.752085595
74874000 0.527551819 0.937869910 0.500000000 0.500000000 0.000000000 0.000000000 0.999803185 -0.011328726 0.016285688 -0.025236137 0.011334060 0.999935746 -0.000235264 -0.072002342 -0.016281975 0.000419800 0.999867380 0.755133564
74941000 0.527551819 0.937869910 0.500000000 0.500000000 0.000000000 0.000000000 0.999806821 -0.011087117 0.016230464 -0.024954796 0.011088112 0.999938548 0.000028649 -0.073505253 -0.016229784 0.000151322 0.999868274 0.763980263
74975000 0.527551819 0.937869910 0.500000000 0.500000000 0.000000000 0.000000000 0.999802530 -0.011210923 0.016408158 -0.024531953 0.011212527 0.999937117 -0.000005768 -0.074979222 -0.016407063 0.000189743 0.999865353 0.769980058
75008000 0.527551819 0.937869910 0.500000000 0.500000000 0.000000000 0.000000000 0.999800563 -0.011340538 0.016438512 -0.024516111 0.011342521 0.999935687 -0.000027353 -0.075661940 -0.016437145 0.000213801 0.999864876 0.772942892
75041000 0.527551819 0.937869910 0.500000000 0.500000000 0.000000000 0.000000000 0.999798119 -0.011330338 0.016594561 -0.024358069 0.011335123 0.999935746 -0.000194353 -0.076424634 -0.016591292 0.000382415 0.999862254 0.776013373
75075000 0.527551819 0.937869910 0.500000000 0.500000000 0.000000000 0.000000000 0.999795377 -0.011583612 0.016584484 -0.024338184 0.011587565 0.999932826 -0.000142239 -0.077708388 -0.016581723 0.000334384 0.999862432 0.782170059
75108000 0.527551819 0.937869910 0.500000000 0.500000000 0.000000000 0.000000000 0.999793351 -0.011560104 0.016722061 -0.024221621 0.011565134 0.999933124 -0.000204118 -0.078274643 -0.016718583 0.000397468 0.999860168 0.785233425
75141000 0.527551819 0.937869910 0.500000000 0.500000000 0.000000000 0.000000000 0.999794424 -0.011601516 0.016628418 -0.024189064 0.011607813 0.999932587 -0.000282208 -0.078870874 -0.016624022 0.000475169 0.999861717 0.788325322
75208000 0.527551819 0.937869910 0.500000000 0.500000000 0.000000000 0.000000000 0.999788821 -0.011790602 0.016830202 -0.024046658 0.011798721 0.999930322 -0.000383149 -0.080904138 -0.016824512 0.000581643 0.999858260 0.797584637
75242000 0.527551819 0.937869910 0.500000000 0.500000000 0.000000000 0.000000000 0.999787211 -0.011685680 0.017000346 -0.024040035 0.011692702 0.999931574 -0.000313705 -0.081572762 -0.016995516 0.000512418 0.999855459 0.800676026
75275000 0.527551819 0.937869910 0.500000000 0.500000000 0.000000000 0.000000000 0.999779642 -0.011808529 0.017357558 -0.024076893 0.011816986 0.999930084 -0.000384724 -0.082884025 -0.017351802 0.000589754 0.999849260 0.806923500
75308000 0.527551819 0.937869910 0.500000000 0.500000000 0.000000000 0.000000000 0.999782145 -0.011719493 0.017271744 -0.024281157 0.011729021 0.999931097 -0.000450451 -0.083519161 -0.017265275 0.000652933 0.999850750 0.810069248
75342000 0.527551819 0.937869910 0.500000000 0.500000000 0.000000000 0.000000000 0.999777794 -0.011806684 0.017462716 -0.024242383 0.011816372 0.999930084 -0.000451710 -0.084228691 -0.017456161 0.000657956 0.999847412 0.813073131
75375000 0.527551819 0.937869910 0.500000000 0.500000000 0.000000000 0.000000000 0.999778450 -0.011970378 0.017314222 -0.024734391 0.011980773 0.999928117 -0.000496780 -0.085456650 -0.017307030 0.000704107 0.999849975 0.819326876
75408000 0.527551819 0.937869910 0.500000000 0.500000000 0.000000000 0.000000000 0.999775648 -0.011962753 0.017478716 -0.025046817 0.011970620 0.999928296 -0.000345495 -0.085944725 -0.017473329 0.000554648 0.999847174 0.822379659
75442000 0.527551819 0.937869910 0.500000000 0.500000000 0.000000000 0.000000000 0.999776244 -0.012149260 0.017316032 -0.025280668 0.012155344 0.999926090 -0.000246107 -0.086537321 -0.017311763 0.000456534 0.999850035 0.825514737
75508000 0.527551819 0.937869910 0.500000000 0.500000000 0.000000000 0.000000000 0.999772489 -0.012393350 0.017359551 -0.025947522 0.012397903 0.999923110 -0.000154672 -0.088509412 -0.017356299 0.000369859 0.999849319 0.834742557
75542000 0.527551819 0.937869910 0.500000000 0.500000000 0.000000000 0.000000000 0.999771595 -0.012362961 0.017431598 -0.026282285 0.012369647 0.999923468 -0.000275786 -0.089841795 -0.017426854 0.000491345 0.999848008 0.840906718
75575000 0.527551819 0.937869910 0.500000000 0.500000000 0.000000000 0.000000000 0.999769151 -0.012345192 0.017584076 -0.026337246 0.012351584 0.999923706 -0.000254934 -0.090502779 -0.017579587 0.000472066 0.999845326 0.843924096
75609000 0.527551819 0.937869910 0.500000000 0.500000000 0.000000000 0.000000000 0.999768913 -0.012230233 0.017677819 -0.026467107 0.012236377 0.999925077 -0.000239439 -0.091152150 -0.017673567 0.000455696 0.999843717 0.846930534
75642000 0.527551819 0.937869910 0.500000000 0.500000000 0.000000000 0.000000000 0.999765038 -0.012388373 0.017786091 -0.027046152 0.012394184 0.999923170 -0.000216558 -0.092304916 -0.017782042 0.000436951 0.999841809 0.853116328
75675000 0.527551819 0.937869910 0.500000000 0.500000000 0.000000000 0.000000000 0.999763846 -0.012449877 0.017811552 -0.027337464 0.012455625 0.999922395 -0.000211745 -0.092887411 -0.017807534 0.000433549 0.999841332 0.855992894
75709000 0.527551819 0.937869910 0.500000000 0.500000000 0.000000000 0.000000000 0.999762833 -0.012498894 0.017835639 -0.027407604 0.012503554 0.999921799 -0.000149845 -0.093403013 -0.017832372 0.000372818 0.999840915 0.859033347
75742000 0.527551819 0.937869910 0.500000000 0.500000000 0.000000000 0.000000000 0.999760926 -0.012265423 0.018101705 -0.027946862 0.012269579 0.999924719 -0.000118516 -0.094491942 -0.018098889 0.000340588 0.999836147 0.864937978
75809000 0.527551819 0.937869910 0.500000000 0.500000000 0.000000000 0.000000000 0.999760389 -0.012239586 0.018146660 -0.028749536 0.012244246 0.999925017 -0.000145757 -0.095799743 -0.018143516 0.000367914 0.999835312 0.870930824
75842000 0.527551819 0.937869910 0.500000000 0.500000000 0.000000000 0.000000000 0.999757648 -0.012332325 0.018236902 -0.029139139 0.012336952 0.999923885 -0.000141195 -0.096798393 -0.018233772 0.000366148 0.999833703 0.877001383
75875000 0.527551819 0.937869910 0.500000000 0.500000000 0.000000000 0.000000000 0.999756515 -0.012104247 0.018449554 -0.029405078 0.012108825 0.999926686 -0.000136497 -0.097372323 -0.018446550 0.000359866 0.999829769 0.879907634
75909000 0.527551819 0.937869910 0.500000000 0.500000000 0.000000000 0.000000000 0.999754965 -0.012264899 0.018427307 -0.029842842 0.012267337 0.999924779 -0.000019274 -0.097878068 -0.018425684 0.000245324 0.999830186 0.882830216
75942000 0.527551819 0.937869910 0.500000000 0.500000000 0.000000000 0.000000000 0.999750972 -0.012357762 0.018580813 -0.030470380 0.012359653 0.999923587 0.000013069 -0.098830422 -0.018579556 0.000216587 0.999827385 0.888784882
75976000 0.527551819 0.937869910 0.500000000 0.500000000 0.000000000 0.000000000 0.999746978 -0.012393115 0.018772690 -0.030763465 0.012393413 0.999923170 0.000100503 -0.099283920 -0.018772492 0.000132180 0.999823749 0.891769035
76009000 0.527551819 0.937869910 0.500000000 0.500000000 0.000000000 0.000000000 0.999746382 -0.012444777 0.018769527 -0.031280988 0.012444109 0.999922574 0.000152379 -0.099863758 -0.018769968 0.000081229 0.999823809 0.894620758
76042000 0.527551819 0.937869910 0.500000000 0.500000000 0.000000000 0.000000000 0.999732375 -0.012667674 0.019357199 -0.031437290 0.012668227 0.999919772 0.000094081 -0.100880092 -0.019356836 0.000151165 0.999812603 0.900800358
76109000 0.527551819 0.937869910 0.500000000 0.500000000 0.000000000 0.000000000 0.999679923 -0.013103654 0.021640494 -0.030222610 0.013098896 0.999914169 0.000361603 -0.102119742 -0.021643374 -0.000078021 0.999765754 0.909510899
76142000 0.527551819 0.937869910 0.500000000 0.500000000 0.000000000 0.000000000 0.999667645 -0.013154230 0.022170769 -0.030121859 0.013150577 0.999913454 0.000310538 -0.102452978 -0.022172935 -0.000018877 0.999754131 0.912360186
76176000 0.527551819 0.937869910 0.500000000 0.500000000 0.000000000 0.000000000 0.999661267 -0.013158954 0.022453083 -0.030340695 0.013156668 0.999913394 0.000249509 -0.103008427 -0.022454422 0.000045983 0.999747872 0.915385592
76209000 0.527551819 0.937869910 0.500000000 0.500000000 0.000000000 0.000000000 0.999662220 -0.013189069 0.022393810 -0.031661459 0.013185528 0.999913037 0.000305755 -0.103773632 -0.022395896 -0.000010377 0.999749184 0.921115212
76243000 0.527551819 0.937869910 0.500000000 0.500000000 0.000000000 0.000000000 0.999657989 -0.013435515 0.022436278 -0.031872544 0.013433716 0.999909759 0.000230874 -0.104280461 -0.022437355 0.000070608 0.999748230 0.924217800
76276000 0.527551819 0.937869910 0.500000000 0.500000000 0.000000000 0.000000000 0.999660492 -0.013386689 0.022354458 -0.032529993 0.013384611 0.999910414 0.000242570 -0.104597267 -0.022355702 0.000056718 0.999750078 0.927100850
76309000 0.527551819 0.937869910 0.500000000 0.500000000 0.000000000 0.000000000 0.999652624 -0.013713242 0.022506045 -0.033401741 0.013707960 0.999905944 0.000388981 -0.105122336 -0.022509262 -0.000080334 0.999746621 0.932941959
76343000 0.527551819 0.937869910 0.500000000 0.500000000 0.000000000 0.000000000 0.999649644 -0.013638169 0.022685686 -0.033979721 0.013628797 0.999906957 0.000567713 -0.105369126 -0.022691319 -0.000258336 0.999742508 0.935945533
76409000 0.527551819 0.937869910 0.500000000 0.500000000 0.000000000 0.000000000 0.999642551 -0.013814750 0.022890320 -0.035686176 0.013804954 0.999904513 0.000585927 -0.106343041 -0.022896230 -0.000269718 0.999737799 0.944720662
76443000 0.527551819 0.937869910 0.500000000 0.500000000 0.000000000 0.000000000 0.999640763 -0.013838856 0.022952482 -0.036182744 0.013831076 0.999904215 0.000497658 -0.106685758 -0.022957170 -0.000180021 0.999736428 0.947841654
76476000 0.527551819 0.937869910 0.500000000 0.500000000 0.000000000 0.000000000 0.999637306 -0.014135651 0.022923179 -0.036858824 0.014127514 0.999900043 0.000516882 -0.106862676 -0.022928193 -0.000192847 0.999737084 0.950797958
76509000 0.527551819 0.937869910 0.500000000 0.500000000 0.000000000 0.000000000 0.999632597 -0.014189774 0.023094004 -0.037457865 0.014179376 0.999899268 0.000613959 -0.107637655 -0.023100389 -0.000286274 0.999733090 0.956837177
76543000 0.527551819 0.937869910 0.500000000 0.500000000 0.000000000 0.000000000 0.999630451 -0.014260771 0.023143420 -0.038180488 0.014250991 0.999898255 0.000587473 -0.107960142 -0.023149444 -0.000257439 0.999731958 0.959891421
76576000 0.527551819 0.937869910 0.500000000 0.500000000 0.000000000 0.000000000 0.999624193 -0.014277411 0.023401044 -0.038389790 0.014266488 0.999898016 0.000633648 -0.108468617 -0.023407705 -0.000299559 0.999725938 0.963002525
76610000 0.527551819 0.937869910 0.500000000 0.500000000 0.000000000 0.000000000 0.999620616 -0.014300812 0.023539506 -0.039226752 0.014293828 0.999897718 0.000464931 -0.109361444 -0.023543747 -0.000128285 0.999722779 0.969397113
76676000 0.527551819 0.937869910 0.500000000 0.500000000 0.000000000 0.000000000 0.999617994 -0.014095559 0.023774246 -0.040506853 0.014089159 0.999900639 0.000436691 -0.110517982 -0.023778040 -0.000101565 0.999717236 0.979175746
76710000 0.527551819 0.937869910 0.500000000 0.500000000 0.000000000 0.000000000 0.999616086 -0.014041894 0.023884872 -0.040763072 0.014036308 0.999901414 0.000401531 -0.110958824 -0.023888156 -0.000066121 0.999714613 0.982478291
76743000 0.527551819 0.937869910 0.500000000 0.500000000 0.000000000 0.000000000 0.999615312 -0.014129393 0.023867235 -0.041525712 0.014121851 0.999900162 0.000484530 -0.111395715 -0.023871697 -0.000147294 0.999715030 0.985755965
76776000 0.527551819 0.937869910 0.500000000 0.500000000 0.000000000 0.000000000 0.999606252 -0.014221811 0.024187384 -0.042199183 0.014218531 0.999898851 0.000307567 -0.112231204 -0.024189312 0.000036463 0.999707401 0.992496895
76810000 0.527551819 0.937869910 0.500000000 0.500000000 0.000000000 0.000000000 0.999606788 -0.014292005 0.024124142 -0.042586084 0.014287761 0.999897838 0.000348296 -0.112671692 -0.024126656 -0.000003479 0.999708891 0.995796344
76843000 0.527551819 0.937869910 0.500000000 0.500000000 0.000000000 0.000000000 0.999602973 -0.014377580 0.024230825 -0.043188284 0.014375546 0.999896646 0.000258127 -0.112938694 -0.024232030 0.000090307 0.999706328 0.999297607
76876000 0.527551819 0.937869910 0.500000000 0.500000000 0.000000000 0.000000000 0.999595582 -0.014645188 0.024376923 -0.044088137 0.014633754 0.999892712 0.000647409 -0.113478618 -0.024383789 -0.000290421 0.999702632 1.006125049
76943000 0.527551819 0.937869910 0.500000000 0.500000000 0.000000000 0.000000000 0.999591947 -0.014595713 0.024554620 -0.044697148 0.014584407 0.999893427 0.000639495 -0.114294198 -0.024561336 -0.000281119 0.999698281 1.013138651
76977000 0.527551819 0.937869910 0.500000000 0.500000000 0.000000000 0.000000000 0.999585867 -0.014708421 0.024733379 -0.045310477 0.014692892 0.999891698 0.000809471 -0.114894784 -0.024742607 -0.000445731 0.999693751 1.020195954
77010000 0.527551819 0.937869910 0.500000000 0.500000000 0.000000000 0.000000000 0.999586403 -0.014629018 0.024759591 -0.045628570 0.014614421 0.999892890 0.000770424 -0.115142854 -0.024768211 -0.000408258 0.999693155 1.023753354
77043000 0.527551819 0.937869910 0.500000000 0.500000000 0.000000000 0.000000000 0.999589801 -0.014650550 0.024608426 -0.046374754 0.014635050 0.999892592 0.000809855 -0.115503913 -0.024617646 -0.000449377 0.999696851 1.027458414
77077000 0.527551819 0.937869910 0.500000000 0.500000000 0.000000000 0.000000000 0.999581873 -0.014646680 0.024931019 -0.047034215 0.014630344 0.999892592 0.000837575 -0.116354183 -0.024940610 -0.000472476 0.999688804 1.034515305
77110000 0.527551819 0.937869910 0.500000000 0.500000000 0.000000000 0.000000000 0.999577999 -0.014724574 0.025040377 -0.047411614 0.014708146 0.999891460 0.000840085 -0.116455970 -0.025050029 -0.000471433 0.999686062 1.038169295
77143000 0.527551819 0.937869910 0.500000000 0.500000000 0.000000000 0.000000000 0.999581039 -0.014696755 0.024934007 -0.047890585 0.014681200 0.999891877 0.000806791 -0.116792578 -0.024943169 -0.000440392 0.999688745 1.041948953
77210000 0.527551819 0.937869910 0.500000000 0.500000000 0.000000000 0.000000000 0.999572635 -0.014891805 0.025155984 -0.049228026 0.014879728 0.999889076 0.000667207 -0.118229830 -0.025163129 -0.000292607 0.999683321 1.053328903
77244000 0.527551819 0.937869910 0.500000000 0.500000000 0.000000000 0.000000000 0.999572277 -0.014941143 0.025139276 -0.050351453 0.014927038 0.999888301 0.000748662 -0.118880810 -0.025147654 -0.000373087 0.999683678 1.061169828
77277000 0.527551819 0.937869910 0.500000000 0.500000000 0.000000000 0.000000000 0.999561191 -0.015182125 0.025434034 -0.050504164 0.015165102 0.999884605 0.000862068 -0.119315490 -0.025444187 -0.000475980 0.999676108 1.065071178
77310000 0.527551819 0.937869910 0.500000000 0.500000000 0.000000000 0.000000000 0.999556482 -0.015299083 0.025549311 -0.051040446 0.015280928 0.999882817 0.000905661 -0.119789705 -0.025560174 -0.000514843 0.999673128 1.068920822
77344000 0.527551819 0.937869910 0.500000000 0.500000000 0.000000000 0.000000000 0.999559581 -0.015232522 0.025468886 -0.052111315 0.015218651 0.999883890 0.000738381 -0.121090580 -0.025477177 -0.000350453 0.999675333 1.076828613
77377000 0.527551819 0.937869910 0.500000000 0.500000000 0.000000000 0.000000000 0.999550581 -0.015422639 0.025705736 -0.052456504 0.015410802 0.999881029 0.000658500 -0.121709661 -0.025712833 -0.000262058 0.999669313 1.080885858
77410000 0.527551819 0.937869910 0.500000000 0.500000000 0.000000000 0.000000000 0.999551892 -0.015510911 0.025602205 -0.053002804 0.015498280 0.999879658 0.000691750 -0.122427041 -0.025609853 -0.000294650 0.999671996 1.084894682
77477000 0.527551819 0.937869910 0.500000000 0.500000000 0.000000000 0.000000000 0.999543905 -0.015696876 0.025798032 -0.054250386 0.015687333 0.999876797 0.000572234 -0.124480660 -0.025803836 -0.000167271 0.999666989 1.097348555
77510000 0.527551819 0.937869910 0.500000000 0.500000000 0.000000000 0.000000000 0.999540567 -0.015763333 0.025887396 -0.054676308 0.015756235 0.999875724 0.000478188 -0.125271576 -0.025891718 -0.000070080 0.999664724 1.101433665
77544000 0.527551819 0.937869910 0.500000000 0.500000000 0.000000000 0.000000000 0.999536932 -0.015819918 0.025992308 -0.055476681 0.015810892 0.999874830 0.000552804 -0.126614291 -0.025997799 -0.000141587 0.999661982 1.109927808
77577000 0.527551819 0.937869910 0.500000000 0.500000000 0.000000000 0.000000000 0.999531329 -0.016118463 0.026024835 -0.055826276 0.016108101 0.999870062 0.000607715 -0.127273624 -0.026031248 -0.000188220 0.999661088 1.113998894
77611000 0.527551819 0.937869910 0.500000000 0.500000000 0.000000000 0.000000000 0.999533951 -0.016082086 0.025946300 -0.056373410 0.016070891 0.999870658 0.000639882 -0.127947661 -0.025953235 -0.000222603 0.999663115 1.118275707
77644000 0.527551819 0.937869910 0.500000000 0.500000000 0.000000000 0.000000000 0.999529481 -0.016275940 0.025997628 -0.057256509 0.016265592 0.999867499 0.000609528 -0.129436030 -0.026004104 -0.000186374 0.999661803 1.126828797
77677000 0.527551819 0.937869910 0.500000000 0.500000000 0.000000000 0.000000000 0.999522507 -0.016228944 0.026294559 -0.057424211 0.016219223 0.999868274 0.000582965 -0.130224412 -0.026300557 -0.000156209 0.999654055 1.131027120
77744000 0.527551819 0.937869910 0.500000000 0.500000000 0.000000000 0.000000000 0.999518931 -0.016181255 0.026458861 -0.058513091 0.016174739 0.999869049 0.000460241 -0.132523675 -0.026462844 -0.000032054 0.999649823 1.143845122
77777000 0.527551819 0.937869910 0.500000000 0.500000000 0.000000000 0.000000000 0.999515653 -0.016223550 0.026556771 -0.058772646 0.016214015 0.999868393 0.000574336 -0.133201085 -0.026562594 -0.000143465 0.999647141 1.148083340
77811000 0.527551819 0.937869910 0.500000000 0.500000000 0.000000000 0.000000000 0.999511182 -0.016513990 0.026545199 -0.059590782 0.016503444 0.999863625 0.000616348 -0.134646856 -0.026551757 -0.000177960 0.999647439 1.156728623
77844000 0.527551819 0.937869910 0.500000000 0.500000000 0.000000000 0.000000000 0.999508739 -0.016583720 0.026594700 -0.059944135 0.016572520 0.999862432 0.000641502 -0.135370450 -0.026601680 -0.000200446 0.999646068 1.160952561
