https://www.youtube.com/watch?v=ULrHinPORHg
70236000 0.505918546 0.899410741 0.500000000 0.500000000 0.000000000 0.000000000 0.970625222 -0.034057498 0.238173887 0.051279589 0.027965354 0.999190688 0.028911902 0.089121981 -0.238965794 -0.021402003 0.970792115 -0.613395885
70270000 0.505918546 0.899410741 0.500000000 0.500000000 0.000000000 0.000000000 0.970615268 -0.034650642 0.238128930 0.054421075 0.028570822 0.999172866 0.028936872 0.090771421 -0.238934636 -0.021283031 0.970802367 -0.642504833
70303000 0.505918546 0.899410741 0.500000000 0.500000000 0.000000000 0.000000000 0.970640242 -0.036032826 0.237821594 0.056414488 0.030250384 0.999152303 0.027920263 0.096300418 -0.238626048 -0.019906336 0.970907509 -0.666449234
70336000 0.505918546 0.899410741 0.500000000 0.500000000 0.000000000 0.000000000 0.970890164 -0.037068699 0.236639276 0.060834744 0.031477731 0.999129832 0.027362427 0.100006117 -0.237447649 -0.019117044 0.971212208 -0.690740311
70370000 0.505918546 0.899410741 0.500000000 0.500000000 0.000000000 0.000000000 0.971153855 -0.037451055 0.235494435 0.064364873 0.032142289 0.999136090 0.026342843 0.105025466 -0.236277550 -0.018013623 0.971518636 -0.707846287
70403000 0.505918546 0.899410741 0.500000000 0.500000000 0.000000000 0.000000000 0.971645474 -0.036415063 0.233621642 0.069724381 0.031388853 0.999189556 0.025197657 0.110556481 -0.234349877 -0.017150074 0.972001016 -0.730322568
70436000 0.505918546 0.899410741 0.500000000 0.500000000 0.000000000 0.000000000 0.972200334 -0.035725184 0.231409118 0.075333010 0.030903596 0.999223828 0.024428448 0.114647209 -0.232102215 -0.016597971 0.972549796 -0.753117490
70470000 0.505918546 0.899410741 0.500000000 0.500000000 0.000000000 0.000000000 0.972805202 -0.035064198 0.228955254 0.080934020 0.030444216 0.999255896 0.023680668 0.118813582 -0.229615241 -0.016066315 0.973148882 -0.781312220
70503000 0.505918546 0.899410741 0.500000000 0.500000000 0.000000000 0.000000000 0.973553181 -0.034104422 0.225900754 0.087743692 0.029757870 0.999301195 0.022619324 0.124570314 -0.226514310 -0.015298789 0.973887682 -0.806702455
70536000 0.505918546 0.899410741 0.500000000 0.500000000 0.000000000 0.000000000 0.974193990 -0.033168253 0.223262042 0.093209659 0.029052541 0.999342442 0.021694828 0.129922698 -0.223834813 -0.014648641 0.974516988 -0.826545586
70570000 0.505918546 0.899410741 0.500000000 0.500000000 0.000000000 0.000000000 0.975038052 -0.031657401 0.219769359 0.100156199 0.027709087 0.999394894 0.021025810 0.134292413 -0.220302001 -0.014411358 0.975325227 -0.852246907
70603000 0.505918546 0.899410741 0.500000000 0.500000000 0.000000000 0.000000000 0.975854516 -0.030176250 0.216326937 0.106888692 0.026306508 0.999438643 0.020746307 0.137630229 -0.216831535 -0.014554572 0.976100504 -0.878972741
70637000 0.505918546 0.899410741 0.500000000 0.500000000 0.000000000 0.000000000 0.976610482 -0.029340487 0.213005066 0.112007091 0.025598790 0.999466062 0.020303627 0.141954651 -0.213487059 -0.014376062 0.976840138 -0.904401267
70670000 0.505918546 0.899410741 0.500000000 0.500000000 0.000000000 0.000000000 0.977484822 -0.028493050 0.209073067 0.118896352 0.024929915 0.999495864 0.019658543 0.146743430 -0.209527805 -0.014003755 0.977702379 -0.928460698
70703000 0.505918546 0.899410741 0.500000000 0.500000000 0.000000000 0.000000000 0.978240311 -0.027373746 0.205661431 0.123330957 0.023932669 0.999529183 0.019201247 0.150816105 -0.206090212 -0.013861408 0.978434801 -0.951063875
70737000 0.505918546 0.899410741 0.500000000 0.500000000 0.000000000 0.000000000 0.979147851 -0.026474817 0.201416403 0.130137036 0.023197031 0.999557555 0.018617051 0.155095355 -0.201820165 -0.013556583 0.979328752 -0.975236478
70770000 0.505918546 0.899410741 0.500000000 0.500000000 0.000000000 0.000000000 0.979896247 -0.025465237 0.197875783 0.134021594 0.022348892 0.999588788 0.017966669 0.159713638 -0.198251933 -0.013183168 0.980062425 -0.996812197
70803000 0.505918546 0.899410741 0.500000000 0.500000000 0.000000000 0.000000000 0.980748057 -0.025046472 0.193664476 0.139476673 0.022074208 0.999603331 0.017490555 0.163849025 -0.194025725 -0.012878837 0.980911911 -1.019256000
70837000 0.505918546 0.899410741 0.500000000 0.500000000 0.000000000 0.000000000 0.981544793 -0.024227167 0.189691499 0.143874534 0.021440296 0.999630153 0.016730299 0.169334076 -0.190026671 -0.012354497 0.981701195 -1.039089667
70870000 0.505918546 0.899410741 0.500000000 0.500000000 0.000000000 0.000000000 0.982473195 -0.023578847 0.184906721 0.150844792 0.020855736 0.999643683 0.016658373 0.171487921 -0.185233638 -0.012510038 0.982614875 -1.060767261
70904000 0.505918546 0.899410741 0.500000000 0.500000000 0.000000000 0.000000000 0.983348012 -0.022880640 0.180286482 0.156983066 0.020315941 0.999664605 0.016059585 0.176055860 -0.180593476 -0.012129471 0.983483016 -1.082880165
70937000 0.505918546 0.899410741 0.500000000 0.500000000 0.000000000 0.000000000 0.984117746 -0.022089325 0.176137328 0.160777950 0.019657765 0.999686003 0.015538075 0.180498542 -0.176425248 -0.011828830 0.984242976 -1.102670953
70970000 0.505918546 0.899410741 0.500000000 0.500000000 0.000000000 0.000000000 0.984912574 -0.021467155 0.171715826 0.165436067 0.019170856 0.999703407 0.015019989 0.184825586 -0.171987340 -0.011501437 0.985032022 -1.122453920
71004000 0.505918546 0.899410741 0.500000000 0.500000000 0.000000000 0.000000000 0.985709190 -0.020257153 0.167233646 0.169712053 0.018089788 0.999731600 0.014473434 0.189549355 -0.167481959 -0.011241375 0.985811055 -1.143897467
71037000 0.505918546 0.899410741 0.500000000 0.500000000 0.000000000 0.000000000 0.986534894 -0.018554300 0.162494868 0.174756773 0.016432071 0.999761343 0.014394670 0.192094127 -0.162723184 -0.011530717 0.986604393 -1.163927058
71070000 0.505918546 0.899410741 0.500000000 0.500000000 0.000000000 0.000000000 0.987268269 -0.017490884 0.158099473 0.178252964 0.015431764 0.999779463 0.014242531 0.194602267 -0.158313721 -0.011621445 0.987320483 -1.183094463
71104000 0.505918546 0.899410741 0.500000000 0.500000000 0.000000000 0.000000000 0.988000512 -0.015996791 0.153619811 0.181821682 0.014132401 0.999812722 0.013220796 0.200901808 -0.153802529 -0.010891138 0.988041580 -1.204769413
71137000 0.505918546 0.899410741 0.500000000 0.500000000 0.000000000 0.000000000 0.988730788 -0.014510563 0.148999453 0.185415763 0.012695882 0.999833286 0.013123091 0.203761496 -0.149165034 -0.011083525 0.988750219 -1.226000660
71170000 0.505918546 0.899410741 0.500000000 0.500000000 0.000000000 0.000000000 0.989507914 -0.013352442 0.143860295 0.191104724 0.011643387 0.999851346 0.012715342 0.207847209 -0.144008696 -0.010906911 0.989516318 -1.247254690
71204000 0.505918546 0.899410741 0.500000000 0.500000000 0.000000000 0.000000000 0.990258038 -0.011778019 0.138745546 0.196083161 0.010012776 0.999859869 0.013414035 0.207183185 -0.138884097 -0.011894127 0.990237236 -1.269526071
71237000 0.505918546 0.899410741 0.500000000 0.500000000 0.000000000 0.000000000 0.990978122 -0.010743273 0.133592322 0.201301780 0.008984290 0.999864936 0.013762669 0.208115480 -0.133722141 -0.012438272 0.990940809 -1.288450845
71271000 0.505918546 0.899410741 0.500000000 0.500000000 0.000000000 0.000000000 0.991585433 -0.010107605 0.129058689 0.203771358 0.008459800 0.999875605 0.013309705 0.212729125 -0.129177168 -0.012105899 0.991547644 -1.308826968
71304000 0.505918546 0.899410741 0.500000000 0.500000000 0.000000000 0.000000000 0.992344558 -0.009490537 0.123134896 0.210848087 0.007874005 0.999876380 0.013608147 0.214295166 -0.123248823 -0.012534406 0.992296636 -1.329739850
71337000 0.505918546 0.899410741 0.500000000 0.500000000 0.000000000 0.000000000 0.993040740 -0.008096078 0.117492743 0.217009938 0.006569272 0.999888957 0.013376352 0.216989723 -0.117587991 -0.012511421 0.992983639 -1.348760215
71371000 0.505918546 0.899410741 0.500000000 0.500000000 0.000000000 0.000000000 0.993657470 -0.007407981 0.112204731 0.222039796 0.005940754 0.999892473 0.013405050 0.219160908 -0.112291969 -0.012653448 0.993594706 -1.368026397
71404000 0.505918546 0.899410741 0.500000000 0.500000000 0.000000000 0.000000000 0.994300544 -0.006854085 0.106393054 0.227988232 0.005437321 0.999892712 0.013600679 0.220478810 -0.106474862 -0.012944669 0.994231105 -1.388204759
71437000 0.505918546 0.899410741 0.500000000 0.500000000 0.000000000 0.000000000 0.994995952 -0.005658623 0.099755026 0.236952977 0.004334137 0.999899626 0.013489108 0.222536046 -0.099821337 -0.012989255 0.994920611 -1.406929494
71471000 0.505918546 0.899410741 0.500000000 0.500000000 0.000000000 0.000000000 0.995507777 -0.004363480 0.094579153 0.240090069 0.003103056 0.999904454 0.013469628 0.224211163 -0.094628893 -0.013115635 0.995426238 -1.422540331
71504000 0.505918546 0.899410741 0.500000000 0.500000000 0.000000000 0.000000000 0.996058643 -0.003205082 0.088639058 0.245563304 0.001995119 0.999903679 0.013735680 0.225040701 -0.088674545 -0.013504698 0.995969117 -1.440111418
71537000 0.505918546 0.899410741 0.500000000 0.500000000 0.000000000 0.000000000 0.996637702 -0.002920630 0.081882559 0.254622641 0.001887056 0.999917626 0.012697189 0.230798199 -0.081912898 -0.012499981 0.996561110 -1.458115016
71571000 0.505918546 0.899410741 0.500000000 0.500000000 0.000000000 0.000000000 0.997188866 -0.002550971 0.074885525 0.264149141 0.001623692 0.999921262 0.012440887 0.233314649 -0.074911371 -0.012284324 0.997114539 -1.472858375
71604000 0.505918546 0.899410741 0.500000000 0.500000000 0.000000000 0.000000000 0.997588515 -0.000453046 0.069404237 0.266943356 -0.000505019 0.999904871 0.013785963 0.230118463 -0.069403879 -0.013787769 0.997493386 -1.488869543
71638000 0.505918546 0.899410741 0.500000000 0.500000000 0.000000000 0.000000000 0.998101056 -0.000203608 0.061597560 0.279100471 -0.000581889 0.999918759 0.012733882 0.236723794 -0.061595149 -0.012745544 0.998019814 -1.507780572
71671000 0.505918546 0.899410741 0.500000000 0.500000000 0.000000000 0.000000000 0.998532951 0.000848132 0.054140832 0.289595207 -0.001551906 0.999914825 0.012958230 0.238148624 -0.054125234 -0.013023240 0.998449206 -1.523286754
71704000 0.505918546 0.899410741 0.500000000 0.500000000 0.000000000 0.000000000 0.998874784 0.001979909 0.047383826 0.297452941 -0.002570237 0.999919832 0.012400743 0.242983818 -0.047355473 -0.012508578 0.998799801 -1.539337388
71738000 0.505918546 0.899410741 0.500000000 0.500000000 0.000000000 0.000000000 0.999197483 0.002960815 0.039945640 0.307698289 -0.003433750 0.999924779 0.011776054 0.247833697 -0.039907768 -0.011903767 0.999132454 -1.554186196
71771000 0.505918546 0.899410741 0.500000000 0.500000000 0.000000000 0.000000000 0.999461472 0.003810793 0.032592434 0.317542910 -0.004186796 0.999925375 0.011476059 0.251150088 -0.032546271 -0.011606338 0.999402821 -1.569155557
71804000 0.505918546 0.899410741 0.500000000 0.500000000 0.000000000 0.000000000 0.999697745 0.005611508 0.023936924 0.331817692 -0.005901685 0.999909759 0.012069165 0.251096823 -0.023867037 -0.012206785 0.999640644 -1.585027086
71838000 0.505918546 0.899410741 0.500000000 0.500000000 0.000000000 0.000000000 0.999844432 0.007207733 0.016099537 0.342337420 -0.007412626 0.999891818 0.012703478 0.250850203 -0.016006233 -0.012820842 0.999789715 -1.598484001
71871000 0.505918546 0.899410741 0.500000000 0.500000000 0.000000000 0.000000000 0.999930859 0.008147013 0.008479963 0.352316562 -0.008248864 0.999893427 0.012045886 0.256068471 -0.008380921 -0.012115004 0.999891460 -1.611923843
71905000 0.505918546 0.899410741 0.500000000 0.500000000 0.000000000 0.000000000 0.999947548 0.010236450 -0.000269792 0.366708247 -0.010232217 0.999867558 0.012653426 0.256087416 0.000399282 -0.012650003 0.999919891 -1.627143911
71938000 0.505918546 0.899410741 0.500000000 0.500000000 0.000000000 0.000000000 0.999889672 0.012343139 -0.008260668 0.378444397 -0.012228549 0.999830246 0.013781521 0.254205004 0.008429374 -0.013678985 0.999870896 -1.640637408
71971000 0.505918546 0.899410741 0.500000000 0.500000000 0.000000000 0.000000000 0.999776542 0.012776073 -0.016839895 0.393165751 -0.012562965 0.999840438 0.012700581 0.261406792 0.016999472 -0.012486184 0.999777555 -1.655552907
72005000 0.505918546 0.899410741 0.500000000 0.500000000 0.000000000 0.000000000 0.999549389 0.014867703 -0.026076699 0.410038834 -0.014513536 0.999800563 0.013718825 0.259478365 0.026275465 -0.013334177 0.999565780 -1.669310826
72038000 0.505918546 0.899410741 0.500000000 0.500000000 0.000000000 0.000000000 0.999272346 0.016531583 -0.034372680 0.423435790 -0.016075477 0.999779582 0.013503711 0.262899610 0.034588341 -0.012941328 0.999317825 -1.681519065
72071000 0.505918546 0.899410741 0.500000000 0.500000000 0.000000000 0.000000000 0.998920560 0.018299431 -0.042695343 0.438955142 -0.017696550 0.999738872 0.014456067 0.261359108 0.042948734 -0.013684902 0.998983562 -1.698909811
72105000 0.505918546 0.899410741 0.500000000 0.500000000 0.000000000 0.000000000 0.998557329 0.019335393 -0.050093349 0.451280189 -0.018639151 0.999723613 0.014328978 0.264854253 0.050356559 -0.013374609 0.998641729 -1.715670989
72138000 0.505918546 0.899410741 0.500000000 0.500000000 0.000000000 0.000000000 0.998117805 0.020901121 -0.057653774 0.464422232 -0.020102978 0.999694347 0.014389243 0.267741423 0.057936903 -0.013203147 0.998232961 -1.732141066
72171000 0.505918546 0.899410741 0.500000000 0.500000000 0.000000000 0.000000000 0.997595787 0.022559840 -0.065526702 0.478831416 -0.021624263 0.999654353 0.014952200 0.268348193 0.065841369 -0.013499285 0.997738779 -1.749471436
72205000 0.505918546 0.899410741 0.500000000 0.500000000 0.000000000 0.000000000 0.996992767 0.023904245 -0.073715925 0.495128522 -0.022873487 0.999628901 0.014795622 0.271990686 0.074042246 -0.013064987 0.997169495 -1.765207022
72238000 0.505918546 0.899410741 0.500000000 0.500000000 0.000000000 0.000000000 0.996325970 0.025516752 -0.081752107 0.510451001 -0.024334017 0.999584794 0.015431329 0.272515074 0.082111917 -0.013385277 0.996533215 -1.779339384
72272000 0.505918546 0.899410741 0.500000000 0.500000000 0.000000000 0.000000000 0.995548904 0.027175380 -0.090243697 0.528734654 -0.025856361 0.999541521 0.015753454 0.274640907 0.090630434 -0.013349960 0.995795131 -1.794286482
72305000 0.505918546 0.899410741 0.500000000 0.500000000 0.000000000 0.000000000 0.994698286 0.028636612 -0.098768756 0.546645554 -0.027168246 0.999499917 0.016180053 0.276510195 0.099182703 -0.013410898 0.994978845 -1.808743393
72338000 0.505918546 0.899410741 0.500000000 0.500000000 0.000000000 0.000000000 0.993831396 0.030033229 -0.106757410 0.562607991 -0.028415766 0.999457657 0.016640155 0.277816250 0.107199274 -0.013503915 0.994145870 -1.821678055
72372000 0.505918546 0.899410741 0.500000000 0.500000000 0.000000000 0.000000000 0.992771864 0.031903140 -0.115698919 0.583112864 -0.030023756 0.999387980 0.017950701 0.275447618 0.116200790 -0.014347235 0.993122101 -1.833500586
72405000 0.505918546 0.899410741 0.500000000 0.500000000 0.000000000 0.000000000 0.991689622 0.033174317 -0.124302842 0.602504939 -0.031195585 0.999354243 0.017831918 0.279037375 0.124814130 -0.013806028 0.992084086 -1.845774670
72438000 0.505918546 0.899410741 0.500000000 0.500000000 0.000000000 0.000000000 0.990569293 0.034920026 -0.132488146 0.620091064 -0.032748356 0.999291718 0.018535817 0.279441769 0.133041590 -0.014022241 0.991011262 -1.856315548
72472000 0.505918546 0.899410741 0.500000000 0.500000000 0.000000000 0.000000000 0.989341199 0.036429770 -0.140985399 0.639196141 -0.034033202 0.999232888 0.019373463 0.279508446 0.141583025 -0.014368780 0.989822090 -1.866207303
72505000 0.505918546 0.899410741 0.500000000 0.500000000 0.000000000 0.000000000 0.988062561 0.037307117 -0.149467736 0.658345527 -0.034784369 0.999205410 0.019457977 0.282689949 0.150074899 -0.014026556 0.988575101 -1.876322419
72538000 0.505918546 0.899410741 0.500000000 0.500000000 0.000000000 0.000000000 0.986672819 0.039054379 -0.157960474 0.677682499 -0.036208738 0.999126613 0.020853890 0.280010663 0.158636957 -0.014856418 0.987225175 -1.885299850
72572000 0.505918546 0.899410741 0.500000000 0.500000000 0.000000000 0.000000000 0.985217690 0.040371556 -0.166482106 0.697109323 -0.037293721 0.999071419 0.021573715 0.280308278 0.167198479 -0.015046068 0.985808432 -1.894956071
72605000 0.505918546 0.899410741 0.500000000 0.500000000 0.000000000 0.000000000 0.983630955 0.041284326 -0.175401792 0.718449019 -0.037899572 0.999025822 0.022604784 0.278468587 0.176164150 -0.015587113 0.984237373 -1.905383395
72639000 0.505918546 0.899410741 0.500000000 0.500000000 0.000000000 0.000000000 0.982106626 0.043292422 -0.183282003 0.735697492 -0.039588634 0.998932064 0.023820810 0.276986104 0.184117541 -0.016138691 0.982771754 -1.911083689
72672000 0.505918546 0.899410741 0.500000000 0.500000000 0.000000000 0.000000000 0.980526030 0.044604965 -0.191256568 0.753658966 -0.040718663 0.998877466 0.024204036 0.278803931 0.192121506 -0.015944976 0.981241584 -1.918661746
72705000 0.505918546 0.899410741 0.500000000 0.500000000 0.000000000 0.000000000 0.978968322 0.045564748 -0.198858932 0.769974921 -0.041508991 0.998837233 0.024518788 0.280966957 0.199744910 -0.015748683 0.979721367 -1.926282947
72739000 0.505918546 0.899410741 0.500000000 0.500000000 0.000000000 0.000000000 0.977261901 0.047599122 -0.206624150 0.787025591 -0.043120489 0.998728156 0.026127510 0.277894296 0.207605004 -0.016623685 0.978071451 -1.931629500
72772000 0.505918546 0.899410741 0.500000000 0.500000000 0.000000000 0.000000000 0.975624382 0.048983324 -0.213910490 0.802539224 -0.044348355 0.998666823 0.026416110 0.280184257 0.214919254 -0.016285622 0.976496041 -1.938670302
72805000 0.505918546 0.899410741 0.500000000 0.500000000 0.000000000 0.000000000 0.973865867 0.050696328 -0.221393794 0.818900472 -0.045687106 0.998571932 0.027691906 0.278698974 0.222481489 -0.016853360 0.974791229 -1.944709953
72839000 0.505918546 0.899410741 0.500000000 0.500000000 0.000000000 0.000000000 0.972213328 0.052208651 -0.228200510 0.832048779 -0.046833631 0.998484254 0.028909823 0.277968736 0.229363963 -0.017419057 0.973184824 -1.951022992
72872000 0.505918546 0.899410741 0.500000000 0.500000000 0.000000000 0.000000000 0.970467985 0.053500723 -0.235222310 0.846341679 -0.047687151 0.998401463 0.030338734 0.276431623 0.236469448 -0.018225688 0.971467972 -1.956743900
72906000 0.505918546 0.899410741 0.500000000 0.500000000 0.000000000 0.000000000 0.968787074 0.054051545 -0.241929919 0.859356309 -0.047967710 0.998368621 0.030971238 0.277731138 0.243209273 -0.018399712 0.969799280 -1.963312084
72939000 0.505918546 0.899410741 0.500000000 0.500000000 0.000000000 0.000000000 0.967016578 0.055114672 -0.248679087 0.872875655 -0.048610117 0.998297811 0.032226540 0.276444889 0.250031948 -0.019075278 0.968049645 -1.968418203
72972000 0.505918546 0.899410741 0.500000000 0.500000000 0.000000000 0.000000000 0.965263307 0.056773715 -0.255036235 0.885158166 -0.049780563 0.998188198 0.033797160 0.274283106 0.256492943 -0.019927312 0.966340661 -1.974151049
73006000 0.505918546 0.899410741 0.500000000 0.500000000 0.000000000 0.000000000 0.963533282 0.058051337 -0.261215687 0.896467360 -0.050633691 0.998102307 0.035043545 0.273789271 0.262754321 -0.020539306 0.964644134 -1.980769465
73039000 0.505918546 0.899410741 0.500000000 0.500000000 0.000000000 0.000000000 0.961813927 0.058831733 -0.267306477 0.907461970 -0.051035002 0.998046756 0.036028463 0.273871044 0.268904001 -0.021010691 0.962937772 -1.987056393
73072000 0.505918546 0.899410741 0.500000000 0.500000000 0.000000000 0.000000000 0.960093498 0.059875537 -0.273194760 0.917517204 -0.051678073 0.997974038 0.037110697 0.273519996 0.274863303 -0.021511558 0.961242616 -1.993772769
73106000 0.505918546 0.899410741 0.500000000 0.500000000 0.000000000 0.000000000 0.958297312 0.060773898 -0.279236048 0.928424406 -0.052094232 0.997903347 0.038407333 0.272631008 0.280984759 -0.022259057 0.959454060 -1.999585528
73139000 0.505918546 0.899410741 0.500000000 0.500000000 0.000000000 0.000000000 0.956433058 0.061675701 -0.285362691 0.940095733 -0.052429333 0.997825742 0.039936740 0.270980046 0.287205368 -0.023235444 0.957587183 -2.004621313
73172000 0.505918546 0.899410741 0.500000000 0.500000000 0.000000000 0.000000000 0.954609632 0.062699616 -0.291185826 0.950736005 -0.052851647 0.997736692 0.041571446 0.268856362 0.293133289 -0.024294853 0.955762863 -2.009611749
73206000 0.505918546 0.899410741 0.500000000 0.500000000 0.000000000 0.000000000 0.952621043 0.063463591 -0.297465205 0.962931179 -0.053031214 0.997665763 0.043019492 0.267011011 0.299501032 -0.025206331 0.953762949 -2.014947804
73239000 0.505918546 0.899410741 0.500000000 0.500000000 0.000000000 0.000000000 0.950843096 0.063395895 -0.303114533 0.973001070 -0.052824963 0.997679472 0.042955831 0.271859923 0.305134386 -0.024832239 0.951985478 -2.019045834
73273000 0.505918546 0.899410741 0.500000000 0.500000000 0.000000000 0.000000000 0.948817074 0.064318992 -0.309207320 0.985104223 -0.052921731 0.997578979 0.045116100 0.267240782 0.311360568 -0.026443139 0.949923873 -2.023562167
73306000 0.505918546 0.899410741 0.500000000 0.500000000 0.000000000 0.000000000 0.946893632 0.064202316 -0.315072268 0.995799254 -0.052461963 0.997580707 0.045612067 0.270038345 0.317238420 -0.026660465 0.947970986 -2.028202560
73339000 0.505918546 0.899410741 0.500000000 0.500000000 0.000000000 0.000000000 0.944971204 0.064770363 -0.320677787 1.007512040 -0.052559685 0.997529984 0.046598151 0.270785712 0.322903901 -0.027179185 0.946041405 -2.033631541
73373000 0.505918546 0.899410741 0.500000000 0.500000000 0.000000000 0.000000000 0.942889631 0.064835846 -0.326734453 1.019604862 -0.052439518 0.997535467 0.046616986 0.275500344 0.328951657 -0.026820876 0.943965793 -2.038155296
73406000 0.505918546 0.899410741 0.500000000 0.500000000 0.000000000 0.000000000 0.940857410 0.065961234 -0.332319885 1.028265392 -0.052929372 0.997437894 0.048126049 0.273388380 0.334642887 -0.027690265 0.941938102 -2.048517107
73439000 0.505918546 0.899410741 0.500000000 0.500000000 0.000000000 0.000000000 0.938694477 0.066598564 -0.338256270 1.039279730 -0.053147722 0.997389436 0.048883736 0.273855317 0.340628803 -0.027909342 0.939783514 -2.057554821
73473000 0.505918546 0.899410741 0.500000000 0.500000000 0.000000000 0.000000000 0.936501145 0.066782914 -0.344246536 1.050489048 -0.052604221 0.997344017 0.050375622 0.271943239 0.346696436 -0.029068006 0.937526882 -2.065324422
73506000 0.505918546 0.899410741 0.500000000 0.500000000 0.000000000 0.000000000 0.934284627 0.066444069 -0.350281984 1.061753327 -0.051963456 0.997366786 0.050589118 0.276114898 0.352720946 -0.029062770 0.935277104 -2.073083657
73539000 0.505918546 0.899410741 0.500000000 0.500000000 0.000000000 0.000000000 0.932077110 0.067909487 -0.355837762 1.072526673 -0.052856997 0.997254193 0.051866960 0.275994143 0.358382970 -0.029535491 0.933107316 -2.082001001
73573000 0.505918546 0.899410741 0.500000000 0.500000000 0.000000000 0.000000000 0.929618835 0.070750117 -0.361667275 1.084468929 -0.054865517 0.997031569 0.054016721 0.272173316 0.364415407 -0.030371897 0.930741072 -2.093801397
73606000 0.505918546 0.899410741 0.500000000 0.500000000 0.000000000 0.000000000 0.927227914 0.073095642 -0.367294729 1.095103707 -0.056490306 0.996844053 0.055774201 0.270028090 0.370212406 -0.030966803 0.928430855 -2.105139304
73640000 0.505918546 0.899410741 0.500000000 0.500000000 0.000000000 0.000000000 0.924707830 0.075085223 -0.373199135 1.107557628 -0.057763986 0.996678829 0.057398420 0.267789602 0.376269460 -0.031519301 0.925974011 -2.115803638
73673000 0.505918546 0.899410741 0.500000000 0.500000000 0.000000000 0.000000000 0.922056854 0.077082492 -0.379301220 1.122432721 -0.059071470 0.996513724 0.058914941 0.265832572 0.382520169 -0.031917047 0.923395693 -2.125666892
73706000 0.505918546 0.899410741 0.500000000 0.500000000 0.000000000 0.000000000 0.919294477 0.079643697 -0.385427684 1.135885761 -0.060245022 0.996245682 0.062169302 0.255837267 0.388932049 -0.033931799 0.920641363 -2.140116893
73740000 0.505918546 0.899410741 0.500000000 0.500000000 0.000000000 0.000000000 0.916818738 0.082012415 -0.390790671 1.146660169 -0.061668608 0.996020138 0.064349249 0.251476174 0.394512802 -0.034897082 0.918227553 -2.151558949
73773000 0.505918546 0.899410741 0.500000000 0.500000000 0.000000000 0.000000000 0.914136648 0.084355943 -0.396532744 1.160395604 -0.063194662 0.995806038 0.066157453 0.248569137 0.400450468 -0.035418201 0.915633619 -2.162181071
73806000 0.505918546 0.899410741 0.500000000 0.500000000 0.000000000 0.000000000 0.911610842 0.085910395 -0.401976407 1.172293616 -0.063867681 0.995642483 0.067948177 0.245475008 0.406062245 -0.036268990 0.913125396 -2.172805119
73840000 0.505918546 0.899410741 0.500000000 0.500000000 0.000000000 0.000000000 0.909180522 0.088072613 -0.406981617 1.182711719 -0.065157920 0.995426953 0.069854595 0.242512010 0.411272764 -0.036992360 0.910761356 -2.182267596
