https://www.youtube.com/watch?v=08_16pMi_do
145545400 0.524361065 0.932197428 0.500000000 0.500000000 0.000000000 0.000000000 0.880680740 -0.115377590 0.459444761 0.663972166 0.100976177 0.993317664 0.055891007 0.046502148 -0.462823182 -0.002829160 0.886446118 -0.219319459
145578767 0.524361065 0.932197428 0.500000000 0.500000000 0.000000000 0.000000000 0.879532218 -0.115655184 0.461570054 0.683535813 0.101236887 0.993286252 0.055977635 0.047642940 -0.464945316 -0.002506218 0.885335863 -0.223462844
145612133 0.524361065 0.932197428 0.500000000 0.500000000 0.000000000 0.000000000 0.878431559 -0.115871795 0.463607341 0.702880661 0.101565525 0.993262291 0.055807412 0.049506031 -0.466950178 -0.001936466 0.884281516 -0.228223401
145645500 0.524361065 0.932197428 0.500000000 0.500000000 0.000000000 0.000000000 0.877127528 -0.116116948 0.466008782 0.720777616 0.101847500 0.993234456 0.055788890 0.050966924 -0.469334036 -0.001472139 0.883019507 -0.232582551
145678867 0.524361065 0.932197428 0.500000000 0.500000000 0.000000000 0.000000000 0.875962615 -0.116876982 0.468005598 0.739057797 0.102782369 0.993146181 0.055645525 0.053847666 -0.471301675 -0.000640675 0.881971836 -0.236839565
145712233 0.524361065 0.932197428 0.500000000 0.500000000 0.000000000 0.000000000 0.874874115 -0.117086299 0.469985217 0.757350411 0.103074983 0.993121743 0.055540714 0.055607864 -0.473255575 -0.000147417 0.880925179 -0.241631529
145745600 0.524361065 0.932197428 0.500000000 0.500000000 0.000000000 0.000000000 0.874138594 -0.117166206 0.471331954 0.776861516 0.102824159 0.993112087 0.056174017 0.055250912 -0.474667162 -0.000639567 0.880165160 -0.246097689
145778967 0.524361065 0.932197428 0.500000000 0.500000000 0.000000000 0.000000000 0.873062134 -0.117706209 0.473188967 0.794230533 0.103693515 0.993048370 0.055700947 0.058591564 -0.476455867 0.000436243 0.879198253 -0.250316454
145812333 0.524361065 0.932197428 0.500000000 0.500000000 0.000000000 0.000000000 0.872118175 -0.117694452 0.474929422 0.812044391 0.103565246 0.993049741 0.055914246 0.058805867 -0.478209347 0.000422353 0.878245771 -0.254565105
145845700 0.524361065 0.932197428 0.500000000 0.500000000 0.000000000 0.000000000 0.871250570 -0.117796168 0.476493955 0.829771480 0.103699975 0.993037522 0.055881836 0.059996896 -0.479759037 0.000725326 0.877399981 -0.258621958
145879067 0.524361065 0.932197428 0.500000000 0.500000000 0.000000000 0.000000000 0.871071875 -0.117771715 0.476826638 0.851377944 0.103834793 0.993040085 0.055585131 0.062384460 -0.480054319 0.001092551 0.877238095 -0.263697199
145912433 0.524361065 0.932197428 0.500000000 0.500000000 0.000000000 0.000000000 0.871026397 -0.117952444 0.476864994 0.873360046 0.104324006 0.993017673 0.055067774 0.065685221 -0.480030745 0.001782985 0.877249837 -0.268328930
145945800 0.524361065 0.932197428 0.500000000 0.500000000 0.000000000 0.000000000 0.870876968 -0.117807910 0.477173597 0.894353354 0.104242727 0.993034542 0.054916572 0.067156790 -0.480319500 0.001916303 0.877091527 -0.272952234
145979167 0.524361065 0.932197428 0.500000000 0.500000000 0.000000000 0.000000000 0.870872438 -0.117403783 0.477281451 0.915573665 0.103795208 0.993082762 0.054892752 0.067864171 -0.480424583 0.001734941 0.877034307 -0.278300092
146012533 0.524361065 0.932197428 0.500000000 0.500000000 0.000000000 0.000000000 0.870642245 -0.117519513 0.477672756 0.935206480 0.104137056 0.993067920 0.054511677 0.070373893 -0.480767697 0.002283264 0.876845062 -0.282689668
146045900 0.524361065 0.932197428 0.500000000 0.500000000 0.000000000 0.000000000 0.870613396 -0.117001511 0.477852494 0.955735939 0.103515118 0.993129790 0.054569233 0.070623849 -0.480954230 0.001956252 0.876743495 -0.287873987
146079267 0.524361065 0.932197428 0.500000000 0.500000000 0.000000000 0.000000000 0.870803773 -0.116572142 0.477610439 0.976675258 0.103119276 0.993180454 0.054396871 0.071838839 -0.480694503 0.001881839 0.876886129 -0.293132417
146112633 0.524361065 0.932197428 0.500000000 0.500000000 0.000000000 0.000000000 0.870783448 -0.116219118 0.477733493 0.996368692 0.102713041 0.993222177 0.054403935 0.072154819 -0.480818272 0.001695416 0.876818657 -0.297874889
146146000 0.524361065 0.932197428 0.500000000 0.500000000 0.000000000 0.000000000 0.870670676 -0.115749523 0.478052944 1.015129016 0.102047488 0.993277669 0.054641780 0.071783866 -0.481164098 0.001209110 0.876629710 -0.302335882
146179367 0.524361065 0.932197428 0.500000000 0.500000000 0.000000000 0.000000000 0.870558798 -0.115465835 0.478325218 1.033693110 0.101773083 0.993310750 0.054552842 0.072595756 -0.481424540 0.001189174 0.876486719 -0.306962269
146212733 0.524361065 0.932197428 0.500000000 0.500000000 0.000000000 0.000000000 0.870572507 -0.115357272 0.478326499 1.052197021 0.101773724 0.993323088 0.054326162 0.074015367 -0.481399685 0.001386204 0.876500130 -0.311069037
146246100 0.524361065 0.932197428 0.500000000 0.500000000 0.000000000 0.000000000 0.871766925 -0.114928149 0.476249903 1.078409507 0.101792373 0.993371904 0.053390399 0.076798490 -0.479229331 0.001934625 0.877687573 -0.311712826
146279467 0.524361065 0.932197428 0.500000000 0.500000000 0.000000000 0.000000000 0.872411430 -0.115033850 0.475042671 1.102297723 0.102135941 0.993358910 0.052974891 0.078517720 -0.477981776 0.002303031 0.878366768 -0.310082484
146312833 0.524361065 0.932197428 0.500000000 0.500000000 0.000000000 0.000000000 0.873087585 -0.114790805 0.473857760 1.126290282 0.102439232 0.993384421 0.051899500 0.081644043 -0.476680517 0.003228816 0.879070699 -0.310975565
146346200 0.524361065 0.932197428 0.500000000 0.500000000 0.000000000 0.000000000 0.873691857 -0.114644274 0.472778231 1.150080514 0.102501929 0.993400455 0.051467214 0.083496597 -0.475558549 0.003494196 0.879677117 -0.311961659
146379567 0.524361065 0.932197428 0.500000000 0.500000000 0.000000000 0.000000000 0.874097586 -0.114804357 0.471988678 1.173090193 0.103123955 0.993378341 0.050644767 0.086425003 -0.474677593 0.004404874 0.880148709 -0.312422164
146412933 0.524361065 0.932197428 0.500000000 0.500000000 0.000000000 0.000000000 0.874675453 -0.114416346 0.471011460 1.196790535 0.102673203 0.993424594 0.050653294 0.086799936 -0.473709941 0.004055064 0.880671620 -0.315170808
146446300 0.524361065 0.932197428 0.500000000 0.500000000 0.000000000 0.000000000 0.875022411 -0.114024229 0.470461786 1.219965383 0.102316111 0.993470073 0.050483946 0.087009358 -0.473146081 0.003961237 0.880975068 -0.316847573
146479667 0.524361065 0.932197428 0.500000000 0.500000000 0.000000000 0.000000000 0.875528395 -0.113503113 0.469645649 1.243358730 0.102082804 0.993528187 0.049808066 0.089105935 -0.472259581 0.004334371 0.881448865 -0.320250457
146513033 0.524361065 0.932197428 0.500000000 0.500000000 0.000000000 0.000000000 0.875563085 -0.113089234 0.469680876 1.265123979 0.101967268 0.993572950 0.049147476 0.090945437 -0.472220272 0.004860362 0.881467164 -0.324083522
146546400 0.524361065 0.932197428 0.500000000 0.500000000 0.000000000 0.000000000 0.875703216 -0.112897523 0.469465733 1.287339926 0.101719454 0.993595660 0.049201548 0.091465615 -0.472013831 0.004667844 0.881578803 -0.327579007
146579767 0.524361065 0.932197428 0.500000000 0.500000000 0.000000000 0.000000000 0.875997424 -0.112152122 0.469095260 1.310047381 0.101425514 0.993676484 0.048165977 0.093821143 -0.471530825 0.005384956 0.881833136 -0.332872432
146613133 0.524361065 0.932197428 0.500000000 0.500000000 0.000000000 0.000000000 0.876053393 -0.111459404 0.469155878 1.332319911 0.100497603 0.993757784 0.048432477 0.092776519 -0.471625566 0.004719605 0.881786287 -0.337083702
146646500 0.524361065 0.932197428 0.500000000 0.500000000 0.000000000 0.000000000 0.876439333 -0.109506197 0.468894929 1.355986242 0.098781787 0.993975043 0.047495045 0.091838830 -0.471270859 0.004691751 0.881976068 -0.341448993
146679867 0.524361065 0.932197428 0.500000000 0.500000000 0.000000000 0.000000000 0.876064599 -0.109538883 0.469587117 1.376353701 0.098887436 0.993970275 0.047374841 0.092892016 -0.471945047 0.004932848 0.881614149 -0.346184206
146713233 0.524361065 0.932197428 0.500000000 0.500000000 0.000000000 0.000000000 0.876007915 -0.108175494 0.470008731 1.398291301 0.097063631 0.994125068 0.047895845 0.090103769 -0.472428590 0.003663611 0.881361306 -0.353144582
146746600 0.524361065 0.932197428 0.500000000 0.500000000 0.000000000 0.000000000 0.875207186 -0.107639067 0.471620888 1.416915582 0.096812308 0.994180679 0.047245279 0.091347966 -0.473961800 0.004309299 0.880534887 -0.359827663
146779967 0.524361065 0.932197428 0.500000000 0.500000000 0.000000000 0.000000000 0.874730468 -0.106625482 0.472734183 1.437207443 0.095558062 0.994292498 0.047446042 0.089561181 -0.475095004 0.003671065 0.879926860 -0.366789256
146813333 0.524361065 0.932197428 0.500000000 0.500000000 0.000000000 0.000000000 0.875053406 -0.104311548 0.472652704 1.459827302 0.092826366 0.994542241 0.047633722 0.086358295 -0.475041837 0.002192582 0.879960477 -0.376820834
146846700 0.524361065 0.932197428 0.500000000 0.500000000 0.000000000 0.000000000 0.873849630 -0.103412174 0.475071251 1.476842076 0.091701008 0.994637012 0.047834259 0.084726346 -0.477470100 0.001764566 0.878646195 -0.385817017
146880067 0.524361065 0.932197428 0.500000000 0.500000000 0.000000000 0.000000000 0.872978806 -0.101922818 0.476990253 1.495399691 0.089526638 0.994792283 0.048716243 0.080623043 -0.479471534 0.000175087 0.877557397 -0.395638787
146913433 0.524361065 0.932197428 0.500000000 0.500000000 0.000000000 0.000000000 0.870853961 -0.101692148 0.480907559 1.508799020 0.089494050 0.994815469 0.048301727 0.081731712 -0.483326167 0.000974616 0.875439823 -0.405798601
146946800 0.524361065 0.932197428 0.500000000 0.500000000 0.000000000 0.000000000 0.869786561 -0.100766279 0.483029515 1.526001960 0.088829160 0.994908988 0.047597241 0.082739444 -0.485366613 0.001507665 0.874309421 -0.416999156
146980167 0.524361065 0.932197428 0.500000000 0.500000000 0.000000000 0.000000000 0.868061125 -0.100650810 0.486147344 1.540886347 0.088599734 0.994920552 0.047782991 0.083183053 -0.488487393 0.001593966 0.872569501 -0.428989166
147013533 0.524361065 0.932197428 0.500000000 0.500000000 0.000000000 0.000000000 0.866522729 -0.100508444 0.488913506 1.555876491 0.088405810 0.994934618 0.047848329 0.084019217 -0.491246134 0.001761129 0.871019006 -0.441809530
147046900 0.524361065 0.932197428 0.500000000 0.500000000 0.000000000 0.000000000 0.863896906 -0.100226425 0.493595749 1.568882809 0.087040447 0.994964659 0.049692042 0.079866931 -0.496090800 0.000033993 0.868270636 -0.453840656
147080267 0.524361065 0.932197428 0.500000000 0.500000000 0.000000000 0.000000000 0.861671805 -0.099975936 0.497520387 1.582443987 0.086960979 0.994989574 0.049331032 0.081622254 -0.499959528 0.000757705 0.866048455 -0.467197147
147113633 0.524361065 0.932197428 0.500000000 0.500000000 0.000000000 0.000000000 0.859586418 -0.099625781 0.501184523 1.597279745 0.085829377 0.995024860 0.050584894 0.078901743 -0.503730595 -0.000465734 0.863860667 -0.480065297
147147000 0.524361065 0.932197428 0.500000000 0.500000000 0.000000000 0.000000000 0.857121408 -0.099063411 0.505499065 1.610693776 0.084975772 0.995080888 0.050923038 0.078068984 -0.508057058 -0.000692052 0.861323118 -0.493661109
147180367 0.524361065 0.932197428 0.500000000 0.500000000 0.000000000 0.000000000 0.854976594 -0.099450879 0.509042740 1.624635070 0.084432267 0.995040476 0.052588977 0.076419003 -0.511748195 -0.001982708 0.859133184 -0.508814022
147213733 0.524361065 0.932197428 0.500000000 0.500000000 0.000000000 0.000000000 0.852624476 -0.099661022 0.512931943 1.637688009 0.084707871 0.995020568 0.052523065 0.078438126 -0.515612304 -0.001333079 0.856820941 -0.523306542
147247100 0.524361065 0.932197428 0.500000000 0.500000000 0.000000000 0.000000000 0.850572288 -0.099033244 0.516448617 1.651415624 0.084406018 0.995083988 0.051801827 0.080689290 -0.519039869 -0.000469829 0.854749918 -0.539697353
147280467 0.524361065 0.932197428 0.500000000 0.500000000 0.000000000 0.000000000 0.848406911 -0.099622004 0.519885778 1.665632397 0.084346592 0.995024681 0.053023431 0.080461872 -0.522581458 -0.001134852 0.852588594 -0.554529698
147313833 0.524361065 0.932197428 0.500000000 0.500000000 0.000000000 0.000000000 0.846149802 -0.099632926 0.523549259 1.678970888 0.084132522 0.995023608 0.053382564 0.081119828 -0.526262522 -0.001122124 0.850321412 -0.570536981
147347200 0.524361065 0.932197428 0.500000000 0.500000000 0.000000000 0.000000000 0.843421340 -0.099186555 0.528017461 1.688519994 0.084363036 0.995068729 0.052164659 0.086229029 -0.530587673 0.000548371 0.847629845 -0.590330430
147380567 0.524361065 0.932197428 0.500000000 0.500000000 0.000000000 0.000000000 0.840887249 -0.099564336 0.531973302 1.700980917 0.085390188 0.995028436 0.051254123 0.091447891 -0.534431636 0.002326366 0.845208466 -0.606979739
