https://www.youtube.com/watch?v=Lw65RIMkiBM
77644233 0.478086945 0.849932317 0.500000000 0.500000000 0.000000000 0.000000000 0.985381544 0.019705975 -0.169218481 0.012889243 -0.017321048 0.999728918 0.015558538 0.048779797 0.169479206 -0.012400054 0.985455751 -0.284601078
77677600 0.478086945 0.849932317 0.500000000 0.500000000 0.000000000 0.000000000 0.983690143 0.021578744 -0.178572401 0.016548815 -0.018949613 0.999685645 0.016415833 0.049376851 0.178870499 -0.012764215 0.983789802 -0.295175365
77710967 0.478086945 0.849932317 0.500000000 0.500000000 0.000000000 0.000000000 0.981956184 0.024269538 -0.187544793 0.020306890 -0.021696841 0.999640405 0.015758714 0.051931072 0.187859803 -0.011405236 0.982129633 -0.305548716
77744333 0.478086945 0.849932317 0.500000000 0.500000000 0.000000000 0.000000000 0.980193794 0.026809430 -0.196217567 0.023986728 -0.024359671 0.999592364 0.014888079 0.054207237 0.196536735 -0.009813407 0.980447352 -0.315794673
77777700 0.478086945 0.849932317 0.500000000 0.500000000 0.000000000 0.000000000 0.978399098 0.028748503 -0.204716325 0.027391640 -0.026422277 0.999551594 0.014088184 0.056345962 0.205029547 -0.008374794 0.978719950 -0.325159694
77811067 0.478086945 0.849932317 0.500000000 0.500000000 0.000000000 0.000000000 0.976590514 0.029966813 -0.213009194 0.029955033 -0.027739231 0.999524832 0.013439344 0.058051382 0.213310719 -0.007216026 0.976957738 -0.334669363
77844433 0.478086945 0.849932317 0.500000000 0.500000000 0.000000000 0.000000000 0.974759042 0.030954318 -0.221103296 0.032391848 -0.028843747 0.999502361 0.012768740 0.059930040 0.221388519 -0.006068997 0.975166798 -0.343451182
77877800 0.478086945 0.849932317 0.500000000 0.500000000 0.000000000 0.000000000 0.972827077 0.032248322 -0.229276016 0.035569579 -0.030214904 0.999466836 0.012374817 0.061492883 0.229552835 -0.005111005 0.973282754 -0.353067668
77911167 0.478086945 0.849932317 0.500000000 0.500000000 0.000000000 0.000000000 0.970961750 0.033749398 -0.236842304 0.037877463 -0.031691503 0.999419630 0.012491737 0.062669736 0.237126440 -0.004623109 0.971467793 -0.362605659
77944533 0.478086945 0.849932317 0.500000000 0.500000000 0.000000000 0.000000000 0.969121337 0.035149518 -0.244066194 0.040793104 -0.033000961 0.999372244 0.012887957 0.063820262 0.244365975 -0.004435575 0.969672918 -0.371712875
77977900 0.478086945 0.849932317 0.500000000 0.500000000 0.000000000 0.000000000 0.967358232 0.036094189 -0.250829071 0.042621455 -0.033863232 0.999339223 0.013206050 0.064730427 0.251139969 -0.004281099 0.967941284 -0.380863976
78011267 0.478086945 0.849932317 0.500000000 0.500000000 0.000000000 0.000000000 0.965504706 0.036630634 -0.257796049 0.044435563 -0.034288988 0.999319792 0.013574831 0.064862484 0.258117944 -0.004266998 0.966103971 -0.390324190
78044633 0.478086945 0.849932317 0.500000000 0.500000000 0.000000000 0.000000000 0.963558495 0.037572693 -0.264845908 0.047011563 -0.035107579 0.999284983 0.014036912 0.064864666 0.265183926 -0.004227286 0.964188576 -0.400317254
78078000 0.478086945 0.849932317 0.500000000 0.500000000 0.000000000 0.000000000 0.961574316 0.039045308 -0.271754146 0.049176875 -0.036505666 0.999229729 0.014396555 0.065084165 0.272106946 -0.003922791 0.962258995 -0.410371164
78111367 0.478086945 0.849932317 0.500000000 0.500000000 0.000000000 0.000000000 0.959587455 0.039947882 -0.278560668 0.051486117 -0.037350133 0.999195158 0.014628811 0.065331795 0.278920859 -0.003633345 0.960307240 -0.421067349
78144733 0.478086945 0.849932317 0.500000000 0.500000000 0.000000000 0.000000000 0.957550228 0.040419463 -0.285418659 0.053976665 -0.037738282 0.999176741 0.014890010 0.065460231 0.285785526 -0.003486722 0.958287239 -0.432206858
78178100 0.478086945 0.849932317 0.500000000 0.500000000 0.000000000 0.000000000 0.955526352 0.040997662 -0.292042077 0.056642029 -0.038215313 0.999153495 0.015228000 0.065915526 0.292419165 -0.003390276 0.956284225 -0.444178573
78211467 0.478086945 0.849932317 0.500000000 0.500000000 0.000000000 0.000000000 0.953530371 0.041946512 -0.298362702 0.059181028 -0.038989052 0.999113739 0.015860200 0.066417181 0.298763543 -0.003490303 0.954320788 -0.456193685
78244833 0.478086945 0.849932317 0.500000000 0.500000000 0.000000000 0.000000000 0.951409221 0.042440452 -0.304990679 0.062486673 -0.039219745 0.999091327 0.016682025 0.067605856 0.305421561 -0.003909776 0.952209234 -0.468746671
78278200 0.478086945 0.849932317 0.500000000 0.500000000 0.000000000 0.000000000 0.949245632 0.043151606 -0.311561584 0.065677859 -0.039325450 0.999054134 0.018555813 0.067335309 0.312067598 -0.005361726 0.950044751 -0.482106940
78311567 0.478086945 0.849932317 0.500000000 0.500000000 0.000000000 0.000000000 0.947048008 0.043885719 -0.318078876 0.070003132 -0.039269809 0.999009788 0.020912644 0.067511483 0.318681657 -0.007314380 0.947833598 -0.495819265
78344933 0.478086945 0.849932317 0.500000000 0.500000000 0.000000000 0.000000000 0.944970727 0.044386908 -0.324129850 0.074254727 -0.038897607 0.998969197 0.023398202 0.067518774 0.324834317 -0.009502740 0.945723176 -0.510122120
78378300 0.478086945 0.849932317 0.500000000 0.500000000 0.000000000 0.000000000 0.943002760 0.044995133 -0.329729080 0.078344910 -0.038872413 0.998927832 0.025142148 0.068171434 0.330506831 -0.010891750 0.943740726 -0.524541962
78411667 0.478086945 0.849932317 0.500000000 0.500000000 0.000000000 0.000000000 0.941106617 0.045548089 -0.335027993 0.082863609 -0.039050389 0.998896062 0.026108943 0.069120133 0.335847378 -0.011488324 0.941846371 -0.539090533
78445033 0.478086945 0.849932317 0.500000000 0.500000000 0.000000000 0.000000000 0.939141870 0.045012068 -0.340567797 0.088212513 -0.038100637 0.998910189 0.026958240 0.070427732 0.341410100 -0.012341762 0.939833403 -0.553591124
78478400 0.478086945 0.849932317 0.500000000 0.500000000 0.000000000 0.000000000 0.937072396 0.044341881 -0.346307814 0.094045488 -0.036779374 0.998920262 0.028382460 0.071392336 0.347192436 -0.013859436 0.937691510 -0.568174134
78511767 0.478086945 0.849932317 0.500000000 0.500000000 0.000000000 0.000000000 0.934971809 0.044945262 -0.351863116 0.100098485 -0.036539152 0.998866737 0.030498365 0.071003865 0.352835119 -0.015658330 0.935554504 -0.582832422
78545133 0.478086945 0.849932317 0.500000000 0.500000000 0.000000000 0.000000000 0.932792127 0.046918899 -0.357347816 0.107273025 -0.038003441 0.998767197 0.031934563 0.071154337 0.358405620 -0.016207865 0.933425248 -0.597231720
78578500 0.478086945 0.849932317 0.500000000 0.500000000 0.000000000 0.000000000 0.930702329 0.048376322 -0.362564355 0.113311432 -0.039060354 0.998692274 0.032985855 0.071798165 0.363685936 -0.016538121 0.931374788 -0.611418104
78611867 0.478086945 0.849932317 0.500000000 0.500000000 0.000000000 0.000000000 0.928483009 0.048269674 -0.368224621 0.120859445 -0.038309224 0.998676479 0.034316890 0.071360915 0.369393766 -0.017756250 0.929103315 -0.625242336
78645233 0.478086945 0.849932317 0.500000000 0.500000000 0.000000000 0.000000000 0.926556110 0.048211098 -0.373054236 0.127907982 -0.037416577 0.998646498 0.036126878 0.070521104 0.374291033 -0.019515168 0.927105904 -0.637996969
78678600 0.478086945 0.849932317 0.500000000 0.500000000 0.000000000 0.000000000 0.925085306 0.049135830 -0.376567185 0.134917891 -0.037449855 0.998564422 0.038295906 0.069225479 0.377908289 -0.021324592 0.925597429 -0.650391523
78711967 0.478086945 0.849932317 0.500000000 0.500000000 0.000000000 0.000000000 0.923925877 0.050090585 -0.379278183 0.140684204 -0.037464619 0.998472750 0.040602267 0.067846812 0.380732745 -0.023303971 0.924391448 -0.661299983
78745333 0.478086945 0.849932317 0.500000000 0.500000000 0.000000000 0.000000000 0.922525227 0.049553890 -0.382742226 0.146755482 -0.036140025 0.998456895 0.042162422 0.066859786 0.384240925 -0.025063584 0.922892570 -0.671491159
78778700 0.478086945 0.849932317 0.500000000 0.500000000 0.000000000 0.000000000 0.920774162 0.048902903 -0.387018710 0.154449547 -0.035059024 0.998470306 0.042754147 0.066860860 0.388517469 -0.025798416 0.921080112 -0.681683928
78812067 0.478086945 0.849932317 0.500000000 0.500000000 0.000000000 0.000000000 0.919218779 0.049436778 -0.390631348 0.161662525 -0.035442930 0.998448074 0.042956732 0.067277924 0.392148763 -0.025641516 0.919544399 -0.692223832
78845433 0.478086945 0.849932317 0.500000000 0.500000000 0.000000000 0.000000000 0.917833924 0.050402328 -0.393751800 0.169007034 -0.036590509 0.998425722 0.042511474 0.068185375 0.395274609 -0.024610892 0.918233275 -0.703134298
78878800 0.478086945 0.849932317 0.500000000 0.500000000 0.000000000 0.000000000 0.916597605 0.051250931 -0.396512479 0.176303055 -0.038084008 0.998432457 0.041014813 0.070210286 0.397992998 -0.022493295 0.917112648 -0.714225391
78912167 0.478086945 0.849932317 0.500000000 0.500000000 0.000000000 0.000000000 0.915499270 0.051098000 -0.399061471 0.183754554 -0.038832452 0.998493493 0.038765803 0.072718536 0.400441140 -0.019993527 0.916104317 -0.725605403
78945533 0.478086945 0.849932317 0.500000000 0.500000000 0.000000000 0.000000000 0.914506793 0.049764317 -0.401498318 0.191236049 -0.038559608 0.998609543 0.035945609 0.076005411 0.402728856 -0.017390886 0.915154099 -0.737279147
78978900 0.478086945 0.849932317 0.500000000 0.500000000 0.000000000 0.000000000 0.913206220 0.047810294 -0.404683292 0.199862612 -0.037735190 0.998747945 0.032841545 0.079105901 0.405746758 -0.014720302 0.913866997 -0.749352457
79012267 0.478086945 0.849932317 0.500000000 0.500000000 0.000000000 0.000000000 0.911718845 0.045838986 -0.408249408 0.208844225 -0.037224900 0.998885334 0.029024528 0.083553319 0.409124792 -0.011265165 0.912408888 -0.761681389
79045633 0.478086945 0.849932317 0.500000000 0.500000000 0.000000000 0.000000000 0.909980893 0.044931550 -0.412208647 0.218712675 -0.037822980 0.998961806 0.025391791 0.088053443 0.412921578 -0.007515086 0.910735607 -0.774318074
79079000 0.478086945 0.849932317 0.500000000 0.500000000 0.000000000 0.000000000 0.907954335 0.045831710 -0.416555434 0.230171963 -0.040120408 0.998942375 0.022459773 0.091846845 0.417144239 -0.003680073 0.908832848 -0.787569531
79112367 0.478086945 0.849932317 0.500000000 0.500000000 0.000000000 0.000000000 0.905696094 0.048656359 -0.421126068 0.241535276 -0.044434935 0.998815298 0.019837696 0.096504163 0.421592385 0.000745786 0.906785131 -0.800777245
79145733 0.478086945 0.849932317 0.500000000 0.500000000 0.000000000 0.000000000 0.903176248 0.052335668 -0.426067650 0.253942526 -0.049366929 0.998618186 0.018016651 0.100491571 0.426421821 0.004761440 0.904511869 -0.814232825
79179100 0.478086945 0.849932317 0.500000000 0.500000000 0.000000000 0.000000000 0.900299489 0.056378927 -0.431604266 0.266977817 -0.054368209 0.998376131 0.017005635 0.103691044 0.431862146 0.008155386 0.901902735 -0.827604419
79212467 0.478086945 0.849932317 0.500000000 0.500000000 0.000000000 0.000000000 0.897010982 0.061636783 -0.437689662 0.281608347 -0.060759295 0.998023808 0.016023286 0.107612323 0.437812328 0.012220652 0.898983300 -0.840753321
79245833 0.478086945 0.849932317 0.500000000 0.500000000 0.000000000 0.000000000 0.893578351 0.067452863 -0.443810582 0.296928749 -0.067612134 0.997591436 0.015487830 0.111342242 0.443786353 0.016167391 0.895986795 -0.853987596
79279200 0.478086945 0.849932317 0.500000000 0.500000000 0.000000000 0.000000000 0.890058815 0.073191553 -0.449931443 0.312201847 -0.074257284 0.997121632 0.015307954 0.115237661 0.449756771 0.019785710 0.892931879 -0.866982093
79312567 0.478086945 0.849932317 0.500000000 0.500000000 0.000000000 0.000000000 0.886643112 0.078282617 -0.455780506 0.327119665 -0.080141693 0.996666372 0.015280535 0.119297470 0.455457300 0.022978641 0.889961004 -0.879707052
79345933 0.478086945 0.849932317 0.500000000 0.500000000 0.000000000 0.000000000 0.883139133 0.082285039 -0.461838126 0.341911328 -0.084597580 0.996290922 0.015737981 0.122732984 0.461420149 0.025171563 0.886824608 -0.891812870
79379300 0.478086945 0.849932317 0.500000000 0.500000000 0.000000000 0.000000000 0.879464865 0.085395895 -0.468240410 0.357071668 -0.088025428 0.995984674 0.016311543 0.126162448 0.467753202 0.026871635 0.883450568 -0.903374738
79412667 0.478086945 0.849932317 0.500000000 0.500000000 0.000000000 0.000000000 0.875821769 0.088088132 -0.474527836 0.371850784 -0.090675198 0.995727062 0.017483542 0.129053851 0.474040270 0.027715435 0.880066872 -0.914232123
79446033 0.478086945 0.849932317 0.500000000 0.500000000 0.000000000 0.000000000 0.872398078 0.090547726 -0.480335981 0.386239996 -0.092911497 0.995494723 0.018911704 0.130985244 0.479884356 0.028130200 0.876880646 -0.925032089
79479400 0.478086945 0.849932317 0.500000000 0.500000000 0.000000000 0.000000000 0.869350493 0.093248844 -0.485318869 0.399475750 -0.095709629 0.995212853 0.019775121 0.133449689 0.484839588 0.029258177 0.874113560 -0.936166889
79512767 0.478086945 0.849932317 0.500000000 0.500000000 0.000000000 0.000000000 0.866547763 0.095519900 -0.489868224 0.411783725 -0.098427303 0.994945407 0.019893361 0.136917785 0.489292324 0.030977860 0.871569514 -0.947550025
79546133 0.478086945 0.849932317 0.500000000 0.500000000 0.000000000 0.000000000 0.863984644 0.096506983 -0.494183123 0.423360613 -0.099720553 0.994815826 0.019931182 0.140505673 0.493544698 0.032059979 0.869129300 -0.959576831
79579500 0.478086945 0.849932317 0.500000000 0.500000000 0.000000000 0.000000000 0.861711800 0.095499091 -0.498329908 0.434390506 -0.098701932 0.994916260 0.019988719 0.143447858 0.497705430 0.031961612 0.866757035 -0.971278308
79612867 0.478086945 0.849932317 0.500000000 0.500000000 0.000000000 0.000000000 0.859610498 0.093665577 -0.502291322 0.444833214 -0.096758850 0.995107412 0.019973258 0.146289431 0.501704633 0.031431913 0.864467740 -0.983308474
79646233 0.478086945 0.849932317 0.500000000 0.500000000 0.000000000 0.000000000 0.857565284 0.092563793 -0.505978048 0.454800887 -0.095456444 0.995226979 0.020281231 0.149548229 0.505440295 0.030906383 0.862307906 -0.995460032
79679600 0.478086945 0.849932317 0.500000000 0.500000000 0.000000000 0.000000000 0.855526626 0.092812248 -0.509372234 0.464456914 -0.095139012 0.995230794 0.021547407 0.151029671 0.508942783 0.030026792 0.860276461 -1.008187667
79712967 0.478086945 0.849932317 0.500000000 0.500000000 0.000000000 0.000000000 0.853419006 0.093862318 -0.512704432 0.474109403 -0.095379181 0.995165348 0.023425031 0.150853298 0.512424409 0.028909957 0.858245552 -1.021546074
79746333 0.478086945 0.849932317 0.500000000 0.500000000 0.000000000 0.000000000 0.851331651 0.094660327 -0.516017318 0.483443253 -0.095694721 0.995105028 0.024667816 0.151032435 0.515826523 0.028379641 0.856222868 -1.034801840
79779700 0.478086945 0.849932317 0.500000000 0.500000000 0.000000000 0.000000000 0.849264383 0.094179563 -0.519499958 0.493272651 -0.095301636 0.995144129 0.024612041 0.152205795 0.519295335 0.028607070 0.854115903 -1.048395846
79813067 0.478086945 0.849932317 0.500000000 0.500000000 0.000000000 0.000000000 0.847417593 0.093201630 -0.522682428 0.502278306 -0.094749071 0.995215535 0.023845617 0.154884049 0.522404134 0.029316477 0.852193892 -1.062676728
79846433 0.478086945 0.849932317 0.500000000 0.500000000 0.000000000 0.000000000 0.845761180 0.091989122 -0.525572062 0.511221914 -0.093986079 0.995308697 0.022961253 0.157837654 0.525218606 0.029976718 0.850439191 -1.077453800
79879800 0.478086945 0.849932317 0.500000000 0.500000000 0.000000000 0.000000000 0.844294727 0.090610392 -0.528163016 0.519700920 -0.093021184 0.995419443 0.022072831 0.161038370 0.527743757 0.030494373 0.848856091 -1.092652721
79913167 0.478086945 0.849932317 0.500000000 0.500000000 0.000000000 0.000000000 0.843051672 0.089173533 -0.530388534 0.527988843 -0.091816835 0.995545149 0.021437006 0.164810012 0.529937327 0.030626094 0.847483575 -1.108252416
79946533 0.478086945 0.849932317 0.500000000 0.500000000 0.000000000 0.000000000 0.842038035 0.087920032 -0.532204866 0.536146928 -0.090187579 0.995686293 0.021794977 0.167364597 0.531825304 0.029646071 0.846334994 -1.125057086
79979900 0.478086945 0.849932317 0.500000000 0.500000000 0.000000000 0.000000000 0.841280699 0.087531634 -0.533465028 0.543824546 -0.088820353 0.995774686 0.023317240 0.169257293 0.533252001 0.027766211 0.845500648 -1.142069485
80013267 0.478086945 0.849932317 0.500000000 0.500000000 0.000000000 0.000000000 0.840611100 0.087805405 -0.534474671 0.551628349 -0.087874651 0.995808005 0.025387386 0.169733083 0.534463286 0.025625855 0.844803154 -1.159775764
80046633 0.478086945 0.849932317 0.500000000 0.500000000 0.000000000 0.000000000 0.840020239 0.088745505 -0.535247803 0.558930931 -0.087959453 0.995756567 0.027055133 0.171494353 0.535377562 0.024353245 0.844261706 -1.177746146
80080000 0.478086945 0.849932317 0.500000000 0.500000000 0.000000000 0.000000000 0.839667022 0.089840785 -0.535619259 0.566181394 -0.088525690 0.995673776 0.028229045 0.173531750 0.535838187 0.023713065 0.843987644 -1.195854793
80113367 0.478086945 0.849932317 0.500000000 0.500000000 0.000000000 0.000000000 0.839345276 0.090724036 -0.535974443 0.573341023 -0.089087762 0.995601177 0.029011764 0.176324174 0.536248863 0.023397878 0.843735576 -1.213831428
80146733 0.478086945 0.849932317 0.500000000 0.500000000 0.000000000 0.000000000 0.839154780 0.090814836 -0.536257327 0.580682362 -0.088422589 0.995623887 0.030241411 0.178189257 0.536656916 0.022040032 0.843512654 -1.231494224
80180100 0.478086945 0.849932317 0.500000000 0.500000000 0.000000000 0.000000000 0.839211285 0.090274610 -0.536260068 0.587821211 -0.086959578 0.995712638 0.031533413 0.179595672 0.536807597 0.020169757 0.843463540 -1.249329924
80213467 0.478086945 0.849932317 0.500000000 0.500000000 0.000000000 0.000000000 0.839534044 0.089254573 -0.535925627 0.594497264 -0.085180253 0.995838165 0.032413807 0.182013458 0.536588252 0.018437784 0.843642771 -1.266979140
80246833 0.478086945 0.849932317 0.500000000 0.500000000 0.000000000 0.000000000 0.840199709 0.088030100 -0.535084248 0.600146842 -0.083215147 0.995978773 0.033188738 0.183228183 0.535854161 0.016641947 0.844146550 -1.284570924
80280200 0.478086945 0.849932317 0.500000000 0.500000000 0.000000000 0.000000000 0.840638101 0.086794592 -0.534597337 0.606411829 -0.081958726 0.996094406 0.032843381 0.186589157 0.535360038 0.016205523 0.844468474 -1.301433702
80313567 0.478086945 0.849932317 0.500000000 0.500000000 0.000000000 0.000000000 0.840793967 0.085470192 -0.534565568 0.612863276 -0.081224941 0.996197164 0.031524140 0.191659547 0.535227060 0.016914750 0.844538867 -1.317868194
80346933 0.478086945 0.849932317 0.500000000 0.500000000 0.000000000 0.000000000 0.840670347 0.083972268 -0.534997225 0.619671659 -0.080413535 0.996309400 0.030020880 0.196342175 0.535543680 0.017783357 0.844320238 -1.334025099
80380300 0.478086945 0.849932317 0.500000000 0.500000000 0.000000000 0.000000000 0.840008616 0.083163194 -0.536161661 0.627952590 -0.080290779 0.996356726 0.028751142 0.200729815 0.536599338 0.018897632 0.843625546 -1.349207886
80413667 0.478086945 0.849932317 0.500000000 0.500000000 0.000000000 0.000000000 0.838992834 0.082682416 -0.537824035 0.637023734 -0.080524057 0.996371508 0.027561607 0.204658988 0.538151443 0.020183785 0.842606485 -1.364347755
80447033 0.478086945 0.849932317 0.500000000 0.500000000 0.000000000 0.000000000 0.837557197 0.081514522 -0.540234506 0.647373207 -0.080244504 0.996437550 0.025942003 0.209441219 0.540424585 0.021622937 0.841114581 -1.378643750
80480400 0.478086945 0.849932317 0.500000000 0.500000000 0.000000000 0.000000000 0.835911691 0.079766266 -0.543036819 0.658371325 -0.079164706 0.996559858 0.024523491 0.214186665 0.543124855 0.022489876 0.839350700 -1.393187349
80513767 0.478086945 0.849932317 0.500000000 0.500000000 0.000000000 0.000000000 0.834193110 0.078505225 -0.545855999 0.670034527 -0.078026883 0.996659994 0.024097070 0.217723257 0.545924604 0.022489835 0.837532401 -1.407580930
80547133 0.478086945 0.849932317 0.500000000 0.500000000 0.000000000 0.000000000 0.832276762 0.078080535 -0.548834026 0.682662826 -0.077301025 0.996704876 0.024574647 0.219827304 0.548944354 0.021972524 0.835570037 -1.422259439
80580500 0.478086945 0.849932317 0.500000000 0.500000000 0.000000000 0.000000000 0.830029488 0.078848049 -0.552117765 0.696127339 -0.077764057 0.996647537 0.025424384 0.221827057 0.552271485 0.021831930 0.833378375 -1.436553840
80613867 0.478086945 0.849932317 0.500000000 0.500000000 0.000000000 0.000000000 0.827173293 0.080315471 -0.556177795 0.711310957 -0.078989945 0.996525049 0.026426811 0.223502140 0.556367576 0.022072902 0.830643058 -1.450124028
80647233 0.478086945 0.849932317 0.500000000 0.500000000 0.000000000 0.000000000 0.823632300 0.082143471 -0.561143756 0.728598573 -0.080722980 0.996360719 0.027369941 0.225689244 0.561349809 0.022754427 0.827265739 -1.463183873
