https://www.youtube.com/watch?v=IIiEHYo2GAk
149449300 0.512864833 0.911759724 0.500000000 0.500000000 0.000000000 0.000000000 0.999613822 0.001254916 -0.027759310 0.002660333 -0.001338520 0.999994636 -0.002993390 -0.050011511 0.027755404 0.003029390 0.999610126 -0.030420441
149482667 0.512864833 0.911759724 0.500000000 0.500000000 0.000000000 0.000000000 0.999598086 0.001194561 -0.028324412 0.003002657 -0.001282988 0.999994338 -0.003103945 -0.051756240 0.028320543 0.003139037 0.999593973 -0.035138699
149516033 0.512864833 0.911759724 0.500000000 0.500000000 0.000000000 0.000000000 0.999590039 0.001252974 -0.028603688 0.003052381 -0.001344397 0.999994040 -0.003177204 -0.053560386 0.028599536 0.003214356 0.999585807 -0.040184873
149549400 0.512864833 0.911759724 0.500000000 0.500000000 0.000000000 0.000000000 0.999581039 0.001325187 -0.028913409 0.003094494 -0.001419540 0.999993742 -0.003243037 -0.055166234 0.028908931 0.003282722 0.999576688 -0.045658943
149582767 0.512864833 0.911759724 0.500000000 0.500000000 0.000000000 0.000000000 0.999566376 0.001358073 -0.029414609 0.003474719 -0.001455280 0.999993563 -0.003283575 -0.056869062 0.029409960 0.003324958 0.999561906 -0.051310860
149616133 0.512864833 0.911759724 0.500000000 0.500000000 0.000000000 0.000000000 0.999559462 0.001517558 -0.029640682 0.003541421 -0.001617453 0.999993086 -0.003346505 -0.058765456 0.029635400 0.003392973 0.999554992 -0.057492228
149649500 0.512864833 0.911759724 0.500000000 0.500000000 0.000000000 0.000000000 0.999556959 0.001648421 -0.029717254 0.003699452 -0.001752469 0.999992430 -0.003475556 -0.060806491 0.029711301 0.003526095 0.999552310 -0.063924720
149682867 0.512864833 0.911759724 0.500000000 0.500000000 0.000000000 0.000000000 0.999552488 0.001646539 -0.029868728 0.003665290 -0.001757671 0.999991655 -0.003694818 -0.063268120 0.029862395 0.003745664 0.999547005 -0.070788864
149716233 0.512864833 0.911759724 0.500000000 0.500000000 0.000000000 0.000000000 0.999545395 0.001663187 -0.030103143 0.003584232 -0.001788824 0.999989808 -0.004147114 -0.065504801 0.030095940 0.004199078 0.999538183 -0.077870912
149749600 0.512864833 0.911759724 0.500000000 0.500000000 0.000000000 0.000000000 0.999542534 0.001605095 -0.030202495 0.003268405 -0.001738218 0.999988914 -0.004381949 -0.068246678 0.030195126 0.004432443 0.999534190 -0.085459768
149782967 0.512864833 0.911759724 0.500000000 0.500000000 0.000000000 0.000000000 0.999535739 0.001603399 -0.030425236 0.002813007 -0.001740688 0.999988437 -0.004486396 -0.070686383 0.030417688 0.004537275 0.999526978 -0.093235226
149816333 0.512864833 0.911759724 0.500000000 0.500000000 0.000000000 0.000000000 0.999533534 0.001577707 -0.030500012 0.002388585 -0.001715437 0.999988437 -0.004490101 -0.073478606 0.030492576 0.004540327 0.999524653 -0.101291258
149849700 0.512864833 0.911759724 0.500000000 0.500000000 0.000000000 0.000000000 0.999527872 0.001514303 -0.030688379 0.001483432 -0.001659817 0.999987483 -0.004716732 -0.076392709 0.030680854 0.004765442 0.999517858 -0.109866955
149883067 0.512864833 0.911759724 0.500000000 0.500000000 0.000000000 0.000000000 0.999518156 0.001539015 -0.031001149 0.000901547 -0.001696401 0.999985814 -0.005051134 -0.079390031 0.030992934 0.005101291 0.999506593 -0.118689803
149916433 0.512864833 0.911759724 0.500000000 0.500000000 0.000000000 0.000000000 0.999511540 0.001555088 -0.031212911 0.000215704 -0.001721390 0.999984443 -0.005301829 -0.082410815 0.031204181 0.005352969 0.999498725 -0.127916373
149949800 0.512864833 0.911759724 0.500000000 0.500000000 0.000000000 0.000000000 0.999504805 0.001576070 -0.031427082 -0.000427837 -0.001748813 0.999983490 -0.005469892 -0.085524529 0.031417944 0.005522144 0.999491096 -0.137418791
149983167 0.512864833 0.911759724 0.500000000 0.500000000 0.000000000 0.000000000 0.999506533 0.001650450 -0.031367343 -0.001414407 -0.001828921 0.999982297 -0.005661851 -0.088938160 0.031357441 0.005716426 0.999491870 -0.147398938
150016533 0.512864833 0.911759724 0.500000000 0.500000000 0.000000000 0.000000000 0.999503314 0.001621509 -0.031471513 -0.001960293 -0.001806730 0.999981225 -0.005857834 -0.092480131 0.031461421 0.005911786 0.999487460 -0.157958402
150049900 0.512864833 0.911759724 0.500000000 0.500000000 0.000000000 0.000000000 0.999498904 0.001642199 -0.031611484 -0.002552761 -0.001831557 0.999980569 -0.005962161 -0.095942145 0.031601075 0.006017071 0.999482453 -0.168739199
150083267 0.512864833 0.911759724 0.500000000 0.500000000 0.000000000 0.000000000 0.999496639 0.001666007 -0.031681139 -0.003147631 -0.001856583 0.999980330 -0.005986968 -0.099497642 0.031670544 0.006042773 0.999480069 -0.179541559
150116633 0.512864833 0.911759724 0.500000000 0.500000000 0.000000000 0.000000000 0.999502540 0.001747155 -0.031489398 -0.004189968 -0.001939370 0.999979675 -0.006074611 -0.103069235 0.031478144 0.006132659 0.999485612 -0.190715576
150150000 0.512864833 0.911759724 0.500000000 0.500000000 0.000000000 0.000000000 0.999503314 0.001728435 -0.031465862 -0.005274603 -0.001925441 0.999978721 -0.006231726 -0.106786121 0.031454422 0.006289217 0.999485373 -0.201934184
150183367 0.512864833 0.911759724 0.500000000 0.500000000 0.000000000 0.000000000 0.999499798 0.001792209 -0.031575203 -0.006477509 -0.002004423 0.999975622 -0.006690510 -0.110121508 0.031562440 0.006750454 0.999478996 -0.213184841
150216733 0.512864833 0.911759724 0.500000000 0.500000000 0.000000000 0.000000000 0.999500751 0.001857579 -0.031539775 -0.008010855 -0.002079619 0.999973297 -0.007008660 -0.113487557 0.031525914 0.007070752 0.999477923 -0.224733943
150250100 0.512864833 0.911759724 0.500000000 0.500000000 0.000000000 0.000000000 0.999497533 0.001862389 -0.031642646 -0.009432634 -0.002087242 0.999972820 -0.007074449 -0.116542577 0.031628612 0.007136940 0.999474227 -0.236192929
150283467 0.512864833 0.911759724 0.500000000 0.500000000 0.000000000 0.000000000 0.999489605 0.001928998 -0.031886563 -0.010831938 -0.002151919 0.999973476 -0.006958227 -0.119466047 0.031872295 0.007023293 0.999467254 -0.247776367
150316833 0.512864833 0.911759724 0.500000000 0.500000000 0.000000000 0.000000000 0.999485195 0.002031380 -0.032019898 -0.012227271 -0.002257279 0.999972820 -0.007020391 -0.122131607 0.032004766 0.007089054 0.999462605 -0.259224829
150350200 0.512864833 0.911759724 0.500000000 0.500000000 0.000000000 0.000000000 0.999488473 0.002130632 -0.031909958 -0.013924974 -0.002361576 0.999971271 -0.007201432 -0.124635876 0.031893697 0.007273106 0.999464810 -0.270945982
150383567 0.512864833 0.911759724 0.500000000 0.500000000 0.000000000 0.000000000 0.999487460 0.002248657 -0.031934418 -0.015471103 -0.002488269 0.999969065 -0.007465493 -0.126605682 0.031916641 0.007541128 0.999462068 -0.282730271
150416933 0.512864833 0.911759724 0.500000000 0.500000000 0.000000000 0.000000000 0.999487579 0.002181213 -0.031934407 -0.016843262 -0.002419843 0.999969423 -0.007435767 -0.128611313 0.031917211 0.007509232 0.999462306 -0.294194579
150450300 0.512864833 0.911759724 0.500000000 0.500000000 0.000000000 0.000000000 0.999487758 0.002276570 -0.031922717 -0.018465402 -0.002512027 0.999969900 -0.007337659 -0.130315470 0.031905051 0.007414090 0.999463379 -0.305734509
150483667 0.512864833 0.911759724 0.500000000 0.500000000 0.000000000 0.000000000 0.999474943 0.002467372 -0.032306995 -0.019609291 -0.002704401 0.999969721 -0.007295116 -0.131641196 0.032288019 0.007378657 0.999451399 -0.317147898
150517033 0.512864833 0.911759724 0.500000000 0.500000000 0.000000000 0.000000000 0.999469101 0.002614953 -0.032475051 -0.020418843 -0.002855178 0.999968886 -0.007353043 -0.132674605 0.032454811 0.007441861 0.999445498 -0.328421804
150550400 0.512864833 0.911759724 0.500000000 0.500000000 0.000000000 0.000000000 0.999471545 0.002751531 -0.032388333 -0.021553878 -0.002993543 0.999967933 -0.007426088 -0.133689637 0.032366864 0.007519120 0.999447763 -0.339639276
150583767 0.512864833 0.911759724 0.500000000 0.500000000 0.000000000 0.000000000 0.999462843 0.003031219 -0.032631911 -0.022184702 -0.003280472 0.999965847 -0.007587489 -0.134378985 0.032607798 0.007690462 0.999438643 -0.350707239
150617133 0.512864833 0.911759724 0.500000000 0.500000000 0.000000000 0.000000000 0.999454200 0.003064646 -0.032893144 -0.022495449 -0.003318229 0.999965191 -0.007657494 -0.135216016 0.032868531 0.007762462 0.999429524 -0.361872788
150650500 0.512864833 0.911759724 0.500000000 0.500000000 0.000000000 0.000000000 0.999454021 0.003014170 -0.032901786 -0.022487295 -0.003274360 0.999963760 -0.007857088 -0.135771642 0.032876913 0.007960530 0.999427676 -0.373252274
150683867 0.512864833 0.911759724 0.500000000 0.500000000 0.000000000 0.000000000 0.999456167 0.002822577 -0.032854337 -0.022246654 -0.003084807 0.999963760 -0.007933653 -0.136511419 0.032830756 0.008030687 0.999428689 -0.384744697
150717233 0.512864833 0.911759724 0.500000000 0.500000000 0.000000000 0.000000000 0.999454856 0.002580590 -0.032913160 -0.021652525 -0.002843933 0.999964297 -0.007956859 -0.137353766 0.032891452 0.008046124 0.999426544 -0.396550832
150750600 0.512864833 0.911759724 0.500000000 0.500000000 0.000000000 0.000000000 0.999452293 0.002401781 -0.033004683 -0.020829619 -0.002662919 0.999965489 -0.007870480 -0.138698826 0.032984640 0.007954059 0.999424219 -0.409120150
150783967 0.512864833 0.911759724 0.500000000 0.500000000 0.000000000 0.000000000 0.999440134 0.002356749 -0.033373788 -0.019367492 -0.002621317 0.999965489 -0.007885880 -0.140343199 0.033354051 0.007968948 0.999411821 -0.422049478
150817333 0.512864833 0.911759724 0.500000000 0.500000000 0.000000000 0.000000000 0.999439538 0.002609808 -0.033373382 -0.017764304 -0.002874973 0.999964654 -0.007899879 -0.142443918 0.033351585 0.007991400 0.999411702 -0.435557855
150850700 0.512864833 0.911759724 0.500000000 0.500000000 0.000000000 0.000000000 0.999454081 0.002762561 -0.032922316 -0.016872594 -0.003024020 0.999964237 -0.007894563 -0.145375231 0.032899328 0.007989811 0.999426723 -0.449844223
150884067 0.512864833 0.911759724 0.500000000 0.500000000 0.000000000 0.000000000 0.999455512 0.002684439 -0.032884963 -0.015335323 -0.002949574 0.999963522 -0.008016624 -0.148637888 0.032862242 0.008109256 0.999427021 -0.464630932
150917433 0.512864833 0.911759724 0.500000000 0.500000000 0.000000000 0.000000000 0.999452889 0.002597562 -0.032972861 -0.013636800 -0.002873214 0.999961317 -0.008315347 -0.152142042 0.032949988 0.008405535 0.999421656 -0.480009401
150950800 0.512864833 0.911759724 0.500000000 0.500000000 0.000000000 0.000000000 0.999456882 0.002451629 -0.032863028 -0.011974289 -0.002737506 0.999958754 -0.008656857 -0.155972642 0.032840449 0.008742117 0.999422371 -0.496025838
150984167 0.512864833 0.911759724 0.500000000 0.500000000 0.000000000 0.000000000 0.999449432 0.002337688 -0.033096179 -0.010230985 -0.002639895 0.999955177 -0.009090426 -0.159836625 0.033073444 0.009172793 0.999410808 -0.512759038
151017533 0.512864833 0.911759724 0.500000000 0.500000000 0.000000000 0.000000000 0.999435484 0.002312079 -0.033516753 -0.007700043 -0.002628371 0.999952376 -0.009395842 -0.163303301 0.033493437 0.009478633 0.999394000 -0.529945583
151050900 0.512864833 0.911759724 0.500000000 0.500000000 0.000000000 0.000000000 0.999427736 0.002179471 -0.033755314 -0.005030133 -0.002494659 0.999953687 -0.009298153 -0.166999853 0.033733487 0.009377040 0.999386847 -0.547916835
151084267 0.512864833 0.911759724 0.500000000 0.500000000 0.000000000 0.000000000 0.999427319 0.002076721 -0.033774700 -0.001783387 -0.002391074 0.999954164 -0.009269627 -0.170253444 0.033753902 0.009345076 0.999386489 -0.566356941
151117633 0.512864833 0.911759724 0.500000000 0.500000000 0.000000000 0.000000000 0.999441803 0.001941304 -0.033352066 0.000808796 -0.002251683 0.999954462 -0.009271096 -0.173326730 0.033332553 0.009341018 0.999400675 -0.585602026
151151000 0.512864833 0.911759724 0.500000000 0.500000000 0.000000000 0.000000000 0.999448597 0.001671385 -0.033162437 0.003715078 -0.001983277 0.999954104 -0.009374324 -0.176310897 0.033145245 0.009434925 0.999406040 -0.605473606
151184367 0.512864833 0.911759724 0.500000000 0.500000000 0.000000000 0.000000000 0.999446094 0.001427335 -0.033248134 0.006662375 -0.001755206 0.999950111 -0.009834267 -0.178403457 0.033232439 0.009887177 0.999398768 -0.625524575
151217733 0.512864833 0.911759724 0.500000000 0.500000000 0.000000000 0.000000000 0.999451160 0.001201159 -0.033105109 0.009608847 -0.001541835 0.999946117 -0.010267126 -0.180002896 0.033090994 0.010312534 0.999399126 -0.645746577
151251100 0.512864833 0.911759724 0.500000000 0.500000000 0.000000000 0.000000000 0.999458075 0.001119761 -0.032898206 0.011916953 -0.001467110 0.999943435 -0.010536052 -0.181359424 0.032884549 0.010578608 0.999403179 -0.666509723
151284467 0.512864833 0.911759724 0.500000000 0.500000000 0.000000000 0.000000000 0.999449432 0.001163290 -0.033157665 0.014875614 -0.001519206 0.999941468 -0.010710884 -0.182255080 0.033143263 0.010755361 0.999392748 -0.686884404
151317833 0.512864833 0.911759724 0.500000000 0.500000000 0.000000000 0.000000000 0.999444306 0.001267126 -0.033308759 0.018118570 -0.001632924 0.999938607 -0.010957138 -0.182156252 0.033292830 0.011005439 0.999385059 -0.707287913
151351200 0.512864833 0.911759724 0.500000000 0.500000000 0.000000000 0.000000000 0.999450386 0.001297355 -0.033125341 0.021478158 -0.001673317 0.999934494 -0.011324493 -0.181597512 0.033108477 0.011373698 0.999387026 -0.727297895
151384567 0.512864833 0.911759724 0.500000000 0.500000000 0.000000000 0.000000000 0.999472260 0.001228876 -0.032459691 0.024490906 -0.001611383 0.999929547 -0.011760522 -0.180593891 0.032442953 0.011806620 0.999403834 -0.747146485
151417933 0.512864833 0.911759724 0.500000000 0.500000000 0.000000000 0.000000000 0.999496520 0.001130225 -0.031708993 0.027093836 -0.001504782 0.999929368 -0.011790963 -0.179696939 0.031693429 0.011832742 0.999427617 -0.767056681
151451300 0.512864833 0.911759724 0.500000000 0.500000000 0.000000000 0.000000000 0.999509394 0.001065731 -0.031303015 0.029648423 -0.001426965 0.999932647 -0.011519843 -0.178977986 0.031288628 0.011558860 0.999443531 -0.786424043
151484667 0.512864833 0.911759724 0.500000000 0.500000000 0.000000000 0.000000000 0.999519050 0.000918068 -0.030996563 0.032489584 -0.001266974 0.999936044 -0.011238514 -0.177998079 0.030984262 0.011272381 0.999456286 -0.805165358
151518033 0.512864833 0.911759724 0.500000000 0.500000000 0.000000000 0.000000000 0.999544621 0.000791642 -0.030165406 0.034595928 -0.001130873 0.999936283 -0.011230302 -0.176587090 0.030154595 0.011259302 0.999481857 -0.823511849
151551400 0.512864833 0.911759724 0.500000000 0.500000000 0.000000000 0.000000000 0.999559462 0.000761698 -0.029669575 0.036252104 -0.001101087 0.999934137 -0.011424291 -0.175018008 0.029658919 0.011451927 0.999494493 -0.841766213
151584767 0.512864833 0.911759724 0.500000000 0.500000000 0.000000000 0.000000000 0.999567449 0.000746007 -0.029399268 0.038364291 -0.001088626 0.999931693 -0.011639702 -0.173279241 0.029388575 0.011666672 0.999499977 -0.859785041
151618133 0.512864833 0.911759724 0.500000000 0.500000000 0.000000000 0.000000000 0.999580860 0.000737737 -0.028940493 0.040168771 -0.001078206 0.999930382 -0.011750601 -0.171756472 0.028929809 0.011776879 0.999512076 -0.878035592
151651500 0.512864833 0.911759724 0.500000000 0.500000000 0.000000000 0.000000000 0.999591768 0.000801680 -0.028560255 0.041618184 -0.001138803 0.999929845 -0.011789599 -0.170601446 0.028548799 0.011817311 0.999522567 -0.896477104
151684867 0.512864833 0.911759724 0.500000000 0.500000000 0.000000000 0.000000000 0.999599159 0.000841258 -0.028299656 0.043368825 -0.001176092 0.999929488 -0.011817171 -0.169511301 0.028287720 0.011845717 0.999529660 -0.915239224
151718233 0.512864833 0.911759724 0.500000000 0.500000000 0.000000000 0.000000000 0.999617934 0.000782979 -0.027629774 0.044750528 -0.001104285 0.999931931 -0.011615632 -0.168961305 0.027618799 0.011641705 0.999550760 -0.934244207
151751600 0.512864833 0.911759724 0.500000000 0.500000000 0.000000000 0.000000000 0.999636889 0.000733444 -0.026935989 0.045696510 -0.001035643 0.999936640 -0.011206903 -0.169191388 0.026926063 0.011230729 0.999574363 -0.953749313
151784967 0.512864833 0.911759724 0.500000000 0.500000000 0.000000000 0.000000000 0.999644339 0.000545621 -0.026662007 0.046995332 -0.000840825 0.999938488 -0.011062131 -0.169761423 0.026654331 0.011080615 0.999583304 -0.973510843
151818333 0.512864833 0.911759724 0.500000000 0.500000000 0.000000000 0.000000000 0.999652386 0.000276316 -0.026364112 0.048339978 -0.000577484 0.999934673 -0.011416454 -0.169903776 0.026359236 0.011427710 0.999587238 -0.993488662
151851700 0.512864833 0.911759724 0.500000000 0.500000000 0.000000000 0.000000000 0.999664307 0.000194167 -0.025907373 0.049523287 -0.000497875 0.999931216 -0.011716896 -0.170534841 0.025903318 0.011725862 0.999595702 -1.013845885
151885067 0.512864833 0.911759724 0.500000000 0.500000000 0.000000000 0.000000000 0.999678969 0.000220703 -0.025335317 0.050302057 -0.000524112 0.999928236 -0.011969713 -0.171319615 0.025330856 0.011979150 0.999607325 -1.034913909
151918433 0.512864833 0.911759724 0.500000000 0.500000000 0.000000000 0.000000000 0.999693036 0.000229067 -0.024774907 0.051136382 -0.000532038 0.999925137 -0.012223030 -0.172084147 0.024770252 0.012232459 0.999618351 -1.056144196
151951800 0.512864833 0.911759724 0.500000000 0.500000000 0.000000000 0.000000000 0.999702156 0.000253478 -0.024404466 0.052088006 -0.000555178 0.999923527 -0.012356527 -0.172855291 0.024399467 0.012366395 0.999625802 -1.077748159
151985167 0.512864833 0.911759724 0.500000000 0.500000000 0.000000000 0.000000000 0.999720037 0.000324200 -0.023658339 0.052688645 -0.000615279 0.999924183 -0.012297228 -0.173537783 0.023652559 0.012308341 0.999644458 -1.099845895
152018533 0.512864833 0.911759724 0.500000000 0.500000000 0.000000000 0.000000000 0.999736071 0.000268809 -0.022973344 0.053174756 -0.000547607 0.999926269 -0.012130300 -0.174093180 0.022968391 0.012139678 0.999662459 -1.122616144
152051900 0.512864833 0.911759724 0.500000000 0.500000000 0.000000000 0.000000000 0.999744534 0.000360308 -0.022598464 0.054031444 -0.000631435 0.999927878 -0.011991580 -0.174000351 0.022592515 0.012002786 0.999672711 -1.145423813
152085267 0.512864833 0.911759724 0.500000000 0.500000000 0.000000000 0.000000000 0.999756575 0.000535797 -0.022056486 0.054693676 -0.000803667 0.999926031 -0.012137662 -0.172772074 0.022048352 0.012152433 0.999683022 -1.168506427
152118633 0.512864833 0.911759724 0.500000000 0.500000000 0.000000000 0.000000000 0.999769807 0.000711085 -0.021444162 0.055820324 -0.000981033 0.999920368 -0.012580523 -0.170783292 0.021433510 0.012598664 0.999690890 -1.191491183
152152000 0.512864833 0.911759724 0.500000000 0.500000000 0.000000000 0.000000000 0.999790192 0.000853465 -0.020464731 0.056608891 -0.001122344 0.999913156 -0.013130791 -0.167941237 0.020451747 0.013151005 0.999704361 -1.214671755
152185367 0.512864833 0.911759724 0.500000000 0.500000000 0.000000000 0.000000000 0.999819458 0.000698426 -0.018987564 0.056280883 -0.000954191 0.999908924 -0.013464430 -0.164690665 0.018976429 0.013480118 0.999729037 -1.237323662
152218733 0.512864833 0.911759724 0.500000000 0.500000000 0.000000000 0.000000000 0.999842882 0.000554506 -0.017715719 0.056114617 -0.000787042 0.999913573 -0.013121653 -0.161872215 0.017706912 0.013133535 0.999756932 -1.259759970
152252100 0.512864833 0.911759724 0.500000000 0.500000000 0.000000000 0.000000000 0.999867797 0.000257414 -0.016259182 0.055084144 -0.000460675 0.999921799 -0.012498811 -0.158955960 0.016254691 0.012504648 0.999789715 -1.281975999
152285467 0.512864833 0.911759724 0.500000000 0.500000000 0.000000000 0.000000000 0.999882877 0.000064882 -0.015306348 0.054559101 -0.000252572 0.999924779 -0.012260634 -0.155666643 0.015304402 0.012263063 0.999807656 -1.304049913
152318833 0.512864833 0.911759724 0.500000000 0.500000000 0.000000000 0.000000000 0.999894559 0.000075082 -0.014519475 0.053746055 -0.000262327 0.999916852 -0.012894635 -0.151046897 0.014517300 0.012897084 0.999811411 -1.325964132
152352200 0.512864833 0.911759724 0.500000000 0.500000000 0.000000000 0.000000000 0.999903142 0.000198849 -0.013916535 0.053709915 -0.000387512 0.999908030 -0.013555346 -0.146136702 0.013912560 0.013559426 0.999811292 -1.347086073
152385567 0.512864833 0.911759724 0.500000000 0.500000000 0.000000000 0.000000000 0.999917328 0.000307823 -0.012855391 0.052705605 -0.000479833 0.999910355 -0.013379474 -0.142505483 0.012850120 0.013384536 0.999827862 -1.368004691
152418933 0.512864833 0.911759724 0.500000000 0.500000000 0.000000000 0.000000000 0.999932528 0.000158729 -0.011614718 0.052011725 -0.000305409 0.999920189 -0.012628200 -0.140194064 0.011611787 0.012630895 0.999852777 -1.388403139
152452300 0.512864833 0.911759724 0.500000000 0.500000000 0.000000000 0.000000000 0.999946594 -0.000121463 -0.010335682 0.051196939 -0.000005326 0.999924779 -0.012266151 -0.137988074 0.010336394 0.012265551 0.999871373 -1.408425902
152485667 0.512864833 0.911759724 0.500000000 0.500000000 0.000000000 0.000000000 0.999957860 -0.000268946 -0.009177309 0.050695760 0.000151810 0.999918580 -0.012761977 -0.134923923 0.009179994 0.012760045 0.999876440 -1.428945712
152519033 0.512864833 0.911759724 0.500000000 0.500000000 0.000000000 0.000000000 0.999967933 -0.000295642 -0.008001965 0.050457911 0.000188358 0.999910116 -0.013404652 -0.131808774 0.008005208 0.013402715 0.999878109 -1.449725405
152552400 0.512864833 0.911759724 0.500000000 0.500000000 0.000000000 0.000000000 0.999978960 -0.000337417 -0.006478035 0.049836527 0.000252078 0.999913216 -0.013169893 -0.130360455 0.006481917 0.013167984 0.999892294 -1.470495984
152585767 0.512864833 0.911759724 0.500000000 0.500000000 0.000000000 0.000000000 0.999988914 -0.000415985 -0.004690728 0.049085410 0.000357694 0.999922812 -0.012420710 -0.130410196 0.004695533 0.012418895 0.999911845 -1.491613512
152619133 0.512864833 0.911759724 0.500000000 0.500000000 0.000000000 0.000000000 0.999995887 -0.000537920 -0.002816486 0.048387813 0.000504099 0.999927938 -0.011995017 -0.130793791 0.002822735 0.011993547 0.999924064 -1.513000910
152652500 0.512864833 0.911759724 0.500000000 0.500000000 0.000000000 0.000000000 0.999999225 -0.000548586 -0.001142661 0.048086197 0.000534698 0.999926388 -0.012119552 -0.130650803 0.001149225 0.012118931 0.999925911 -1.534800881
152685867 0.512864833 0.911759724 0.500000000 0.500000000 0.000000000 0.000000000 0.999999583 -0.000682138 0.000637953 0.047773438 0.000690104 0.999920726 -0.012572030 -0.130404263 -0.000629326 0.012572465 0.999920785 -1.556537530
152719233 0.512864833 0.911759724 0.500000000 0.500000000 0.000000000 0.000000000 0.999996781 -0.000870364 0.002387326 0.047210463 0.000901267 0.999915421 -0.012973978 -0.130397478 -0.002375833 0.012976088 0.999912977 -1.578665890
152752600 0.512864833 0.911759724 0.500000000 0.500000000 0.000000000 0.000000000 0.999992371 -0.001271132 0.003692570 0.047475453 0.001318870 0.999915242 -0.012954515 -0.131182666 -0.003675791 0.012959287 0.999909282 -1.600827077
152785967 0.512864833 0.911759724 0.500000000 0.500000000 0.000000000 0.000000000 0.999985933 -0.001451333 0.005097019 0.047804125 0.001516771 0.999916196 -0.012858083 -0.131576285 -0.005077931 0.012865633 0.999904335 -1.623048937
152819333 0.512864833 0.911759724 0.500000000 0.500000000 0.000000000 0.000000000 0.999977350 -0.001666006 0.006521611 0.047910182 0.001750164 0.999915004 -0.012920201 -0.131738881 -0.006499531 0.012931322 0.999895275 -1.645744363
152852700 0.512864833 0.911759724 0.500000000 0.500000000 0.000000000 0.000000000 0.999970436 -0.001791212 0.007477076 0.049028660 0.001889461 0.999911726 -0.013153726 -0.131080153 -0.007452855 0.013167465 0.999885559 -1.668434653
152886067 0.512864833 0.911759724 0.500000000 0.500000000 0.000000000 0.000000000 0.999963105 -0.001857552 0.008389031 0.050604345 0.001968589 0.999910295 -0.013247135 -0.130109513 -0.008363671 0.013263161 0.999877036 -1.691473078
152919433 0.512864833 0.911759724 0.500000000 0.500000000 0.000000000 0.000000000 0.999955595 -0.001832746 0.009246473 0.052590027 0.001953956 0.999912083 -0.013116833 -0.128997653 -0.009221620 0.013134317 0.999871194 -1.714547744
152952800 0.512864833 0.911759724 0.500000000 0.500000000 0.000000000 0.000000000 0.999944985 -0.001832971 0.010327625 0.054483341 0.001967405 0.999913275 -0.013021753 -0.127124840 -0.010302861 0.013041356 0.999861896 -1.737848207
152986167 0.512864833 0.911759724 0.500000000 0.500000000 0.000000000 0.000000000 0.999931991 -0.001719871 0.011535211 0.056386398 0.001870402 0.999913096 -0.013051650 -0.124845552 -0.011511762 0.013072337 0.999848306 -1.760856776
153019533 0.512864833 0.911759724 0.500000000 0.500000000 0.000000000 0.000000000 0.999911845 -0.001812333 0.013154911 0.057283375 0.001986574 0.999910295 -0.013244421 -0.121629089 -0.013129728 0.013269387 0.999825776 -1.784219613
153052900 0.512864833 0.911759724 0.500000000 0.500000000 0.000000000 0.000000000 0.999889970 -0.001998182 0.014700241 0.057842716 0.002193611 0.999909282 -0.013290199 -0.118464785 -0.014672352 0.013320982 0.999803603 -1.807166923
153086267 0.512864833 0.911759724 0.500000000 0.500000000 0.000000000 0.000000000 0.999875307 -0.002076715 0.015655192 0.059290801 0.002282781 0.999910831 -0.013156442 -0.115557378 -0.015626473 0.013190539 0.999790907 -1.829823830
153119633 0.512864833 0.911759724 0.500000000 0.500000000 0.000000000 0.000000000 0.999866366 -0.002125337 0.016210260 0.061344419 0.002337704 0.999911547 -0.013093123 -0.112650571 -0.016181000 0.013129268 0.999782860 -1.852567608
153153000 0.512864833 0.911759724 0.500000000 0.500000000 0.000000000 0.000000000 0.999855161 -0.002226937 0.016871337 0.063248635 0.002449385 0.999910176 -0.013175796 -0.109262204 -0.016840480 0.013215212 0.999770880 -1.875037368
153186367 0.512864833 0.911759724 0.500000000 0.500000000 0.000000000 0.000000000 0.999841154 -0.002298786 0.017672854 0.064600861 0.002532324 0.999909639 -0.013203504 -0.105893527 -0.017640904 0.013246161 0.999756634 -1.896786083
153219733 0.512864833 0.911759724 0.500000000 0.500000000 0.000000000 0.000000000 0.999820650 -0.002456750 0.018778302 0.065117717 0.002698993 0.999913335 -0.012885707 -0.103501580 -0.018745018 0.012934078 0.999740660 -1.918417309
153253100 0.512864833 0.911759724 0.500000000 0.500000000 0.000000000 0.000000000 0.999802053 -0.002573183 0.019729326 0.065463933 0.002820895 0.999917388 -0.012538032 -0.101177309 -0.019695433 0.012591205 0.999726713 -1.939407960
153286467 0.512864833 0.911759724 0.500000000 0.500000000 0.000000000 0.000000000 0.999793172 -0.002626681 0.020168509 0.066430650 0.002875331 0.999920130 -0.012309571 -0.098853952 -0.020134564 0.012365015 0.999720812 -1.960866699
153319833 0.512864833 0.911759724 0.500000000 0.500000000 0.000000000 0.000000000 0.999782681 -0.002738580 0.020666176 0.067369444 0.002996583 0.999917865 -0.012463682 -0.096003633 -0.020630345 0.012522901 0.999708712 -1.982083552
153353200 0.512864833 0.911759724 0.500000000 0.500000000 0.000000000 0.000000000 0.999771416 -0.002734351 0.021204745 0.067478787 0.003008474 0.999912202 -0.012906339 -0.093221613 -0.021167591 0.012967183 0.999691844 -2.003334086
153386567 0.512864833 0.911759724 0.500000000 0.500000000 0.000000000 0.000000000 0.999761343 -0.002722647 0.021677075 0.067594094 0.003007936 0.999909163 -0.013139137 -0.090702897 -0.021639332 0.013201205 0.999678671 -2.024804357
153419933 0.512864833 0.911759724 0.500000000 0.500000000 0.000000000 0.000000000 0.999748647 -0.002706102 0.022256549 0.067337494 0.002989602 0.999914706 -0.012714417 -0.090225909 -0.022220245 0.012777759 0.999671459 -2.046920432
153453300 0.512864833 0.911759724 0.500000000 0.500000000 0.000000000 0.000000000 0.999735236 -0.002791017 0.022841126 0.067050025 0.003074575 0.999918520 -0.012388658 -0.090297250 -0.022804689 0.012455604 0.999662340 -2.068783378
153486667 0.512864833 0.911759724 0.500000000 0.500000000 0.000000000 0.000000000 0.999724805 -0.002940823 0.023272773 0.067133208 0.003234662 0.999915421 -0.012598327 -0.089498834 -0.023233756 0.012670140 0.999649763 -2.091145540
153520033 0.512864833 0.911759724 0.500000000 0.500000000 0.000000000 0.000000000 0.999713063 -0.002981389 0.023768183 0.066838160 0.003286659 0.999912500 -0.012814916 -0.089202276 -0.023727896 0.012889356 0.999635339 -2.114461531
153553400 0.512864833 0.911759724 0.500000000 0.500000000 0.000000000 0.000000000 0.999697804 -0.002987722 0.024401017 0.066063008 0.003299097 0.999913514 -0.012730476 -0.089497974 -0.024360871 0.012807130 0.999621212 -2.137830231
153586767 0.512864833 0.911759724 0.500000000 0.500000000 0.000000000 0.000000000 0.999683976 -0.002816198 0.024979748 0.065307242 0.003128090 0.999917507 -0.012455515 -0.090212807 -0.024942610 0.012529717 0.999610364 -2.161534761
153620133 0.512864833 0.911759724 0.500000000 0.500000000 0.000000000 0.000000000 0.999665618 -0.002547614 0.025732080 0.064269606 0.002865148 0.999920130 -0.012310674 -0.090698943 -0.025698662 0.012380284 0.999593079 -2.185308371
153653500 0.512864833 0.911759724 0.500000000 0.500000000 0.000000000 0.000000000 0.999647617 -0.002281274 0.026446542 0.063096819 0.002614229 0.999917686 -0.012561995 -0.089764481 -0.026415708 0.012626706 0.999571323 -2.209271039
153686867 0.512864833 0.911759724 0.500000000 0.500000000 0.000000000 0.000000000 0.999640942 -0.002154058 0.026709542 0.062471392 0.002496599 0.999915004 -0.012797973 -0.088583720 -0.026679702 0.012860060 0.999561310 -2.233306854
153720233 0.512864833 0.911759724 0.500000000 0.500000000 0.000000000 0.000000000 0.999631703 -0.002123888 0.027053809 0.062586890 0.002469210 0.999915838 -0.012737243 -0.087322518 -0.027024480 0.012799354 0.999552846 -2.256737907
153753600 0.512864833 0.911759724 0.500000000 0.500000000 0.000000000 0.000000000 0.999605298 -0.002102273 0.028014254 0.060428416 0.002459361 0.999916077 -0.012718298 -0.085439295 -0.027985165 0.012782175 0.999526620 -2.280512139
153786967 0.512864833 0.911759724 0.500000000 0.500000000 0.000000000 0.000000000 0.999580085 -0.002059312 0.028903112 0.057920588 0.002434056 0.999913335 -0.012936357 -0.082534827 -0.028873967 0.013001277 0.999498487 -2.304399451
153820333 0.512864833 0.911759724 0.500000000 0.500000000 0.000000000 0.000000000 0.999558270 -0.002086255 0.029645896 0.056001780 0.002476766 0.999910593 -0.013141884 -0.079169810 -0.029615829 0.013209504 0.999474049 -2.327621166
153853700 0.512864833 0.911759724 0.500000000 0.500000000 0.000000000 0.000000000 0.999535084 -0.002111265 0.030416878 0.053605582 0.002509899 0.999911368 -0.013073450 -0.076090439 -0.030386580 0.013143715 0.999451816 -2.350576906
153887067 0.512864833 0.911759724 0.500000000 0.500000000 0.000000000 0.000000000 0.999508500 -0.002282263 0.031265214 0.050304986 0.002683889 0.999914348 -0.012809831 -0.073305186 -0.031233301 0.012887447 0.999429047 -2.373539362
153920433 0.512864833 0.911759724 0.500000000 0.500000000 0.000000000 0.000000000 0.999499798 -0.002378342 0.031535961 0.048263442 0.002776284 0.999917030 -0.012580893 -0.070508970 -0.031503420 0.012662153 0.999423444 -2.396243424
153953800 0.512864833 0.911759724 0.500000000 0.500000000 0.000000000 0.000000000 0.999512017 -0.002388494 0.031145724 0.048137434 0.002782079 0.999916732 -0.012599708 -0.066837679 -0.031113036 0.012680209 0.999435425 -2.418539871
153987167 0.512864833 0.911759724 0.500000000 0.500000000 0.000000000 0.000000000 0.999527633 -0.002281661 0.030647594 0.049066185 0.002673562 0.999915123 -0.012752444 -0.062372569 -0.030615896 0.012828358 0.999448895 -2.440272337
154020533 0.512864833 0.911759724 0.500000000 0.500000000 0.000000000 0.000000000 0.999512672 -0.002227092 0.031136846 0.048113047 0.002620830 0.999917030 -0.012610320 -0.058566278 -0.031106180 0.012685779 0.999435604 -2.461981948
154053900 0.512864833 0.911759724 0.500000000 0.500000000 0.000000000 0.000000000 0.999475002 -0.002075998 0.032332599 0.045417989 0.002475693 0.999920964 -0.012326843 -0.055536602 -0.032304455 0.012400417 0.999401152 -2.483170714
154087267 0.512864833 0.911759724 0.500000000 0.500000000 0.000000000 0.000000000 0.999445140 -0.002008899 0.033247832 0.042956542 0.002422107 0.999920249 -0.012392531 -0.051746373 -0.033220284 0.012466185 0.999370277 -2.504766262
154120633 0.512864833 0.911759724 0.500000000 0.500000000 0.000000000 0.000000000 0.999421060 -0.002127051 0.033956774 0.041575831 0.002554246 0.999918103 -0.012542133 -0.047973568 -0.033927314 0.012621606 0.999344587 -2.526305587
154154000 0.512864833 0.911759724 0.500000000 0.500000000 0.000000000 0.000000000 0.999392867 -0.002228547 0.034769498 0.040138581 0.002661402 0.999919474 -0.012407964 -0.045210632 -0.034739047 0.012492966 0.999318302 -2.548039992
154187367 0.512864833 0.911759724 0.500000000 0.500000000 0.000000000 0.000000000 0.999361634 -0.002355558 0.035648189 0.038377608 0.002787480 0.999923229 -0.012071396 -0.043817197 -0.035617016 0.012163059 0.999291480 -2.569976030
154220733 0.512864833 0.911759724 0.500000000 0.500000000 0.000000000 0.000000000 0.999320090 -0.002417045 0.036790181 0.035740396 0.002860169 0.999923944 -0.011996769 -0.042221851 -0.036758386 0.012093838 0.999251008 -2.592485206
154254100 0.512864833 0.911759724 0.500000000 0.500000000 0.000000000 0.000000000 0.999296665 -0.002586106 0.037410300 0.034391315 0.003034580 0.999924183 -0.011936166 -0.041209845 -0.037376598 0.012041295 0.999228716 -2.615323393
154287467 0.512864833 0.911759724 0.500000000 0.500000000 0.000000000 0.000000000 0.999287307 -0.002748936 0.037647098 0.034574974 0.003199421 0.999923944 -0.011910980 -0.040590422 -0.037611492 0.012022940 0.999220133 -2.638140019
154320833 0.512864833 0.911759724 0.500000000 0.500000000 0.000000000 0.000000000 0.999264002 -0.002798793 0.038256966 0.033807892 0.003255837 0.999924004 -0.011889604 -0.040258883 -0.038220782 0.012005412 0.999197185 -2.661274525
154354200 0.512864833 0.911759724 0.500000000 0.500000000 0.000000000 0.000000000 0.999229729 -0.002870994 0.039136924 0.032313005 0.003339751 0.999923408 -0.011917248 -0.040302211 -0.039099712 0.012038777 0.999162793 -2.684672843
154387567 0.512864833 0.911759724 0.500000000 0.500000000 0.000000000 0.000000000 0.999194503 -0.003034263 0.040014572 0.030877160 0.003521321 0.999920487 -0.012107139 -0.039958773 -0.039974652 0.012238290 0.999125719 -2.708471721
154420933 0.512864833 0.911759724 0.500000000 0.500000000 0.000000000 0.000000000 0.999175370 -0.003157736 0.040479880 0.030863425 0.003652956 0.999919295 -0.012165614 -0.039900203 -0.040438198 0.012303453 0.999106288 -2.732506484
154454300 0.512864833 0.911759724 0.500000000 0.500000000 0.000000000 0.000000000 0.999162853 -0.003188280 0.040785301 0.031753795 0.003681710 0.999920845 -0.012028835 -0.039931409 -0.040743724 0.012168924 0.999095500 -2.756320204
154487667 0.512864833 0.911759724 0.500000000 0.500000000 0.000000000 0.000000000 0.999121308 -0.003188513 0.041790962 0.030283825 0.003690684 0.999921858 -0.011944615 -0.039397900 -0.041749611 0.012088357 0.999054968 -2.780300225
154521033 0.512864833 0.911759724 0.500000000 0.500000000 0.000000000 0.000000000 0.999092937 -0.003081237 0.042471237 0.029771595 0.003599891 0.999919832 -0.012140841 -0.037802228 -0.042430423 0.012282721 0.999023914 -2.804196272
154554400 0.512864833 0.911759724 0.500000000 0.500000000 0.000000000 0.000000000 0.999074042 -0.002956423 0.042922545 0.030292317 0.003497308 0.999915361 -0.012531787 -0.034910735 -0.042881861 0.012670296 0.998999834 -2.828157266
154587767 0.512864833 0.911759724 0.500000000 0.500000000 0.000000000 0.000000000 0.999046445 -0.003006843 0.043556120 0.030246679 0.003557341 0.999914706 -0.012566837 -0.032636585 -0.043514621 0.012709798 0.998971939 -2.851866995
154621133 0.512864833 0.911759724 0.500000000 0.500000000 0.000000000 0.000000000 0.999014258 -0.003123516 0.044280391 0.030126414 0.003667714 0.999918699 -0.012213903 -0.031145869 -0.044238638 0.012364271 0.998944461 -2.875426929
154654500 0.512864833 0.911759724 0.500000000 0.500000000 0.000000000 0.000000000 0.998974442 -0.003138955 0.045168091 0.029134756 0.003689925 0.999919713 -0.012120008 -0.028769589 -0.045126420 0.012274246 0.998905897 -2.899024053
154687867 0.512864833 0.911759724 0.500000000 0.500000000 0.000000000 0.000000000 0.998956680 -0.003321120 0.045547303 0.029317868 0.003886941 0.999916315 -0.012339780 -0.025391962 -0.045502510 0.012503945 0.998885989 -2.922158581
154721233 0.512864833 0.911759724 0.500000000 0.500000000 0.000000000 0.000000000 0.998951435 -0.003401846 0.045655865 0.030411234 0.003975100 0.999914348 -0.012471073 -0.021772120 -0.045609530 0.012639483 0.998879373 -2.945131572
154754600 0.512864833 0.911759724 0.500000000 0.500000000 0.000000000 0.000000000 0.998942196 -0.003320181 0.045863573 0.031306412 0.003882681 0.999918282 -0.012181000 -0.019130602 -0.045819379 0.012346189 0.998873472 -2.967735993
154787967 0.512864833 0.911759724 0.500000000 0.500000000 0.000000000 0.000000000 0.998909116 -0.003336424 0.046577651 0.030684448 0.003888097 0.999923289 -0.011758597 -0.016815030 -0.046534847 0.011926868 0.998845458 -2.990131722
154821333 0.512864833 0.911759724 0.500000000 0.500000000 0.000000000 0.000000000 0.998873413 -0.003482233 0.047326095 0.029326115 0.004033385 0.999925077 -0.011555336 -0.014045053 -0.047282312 0.011733202 0.998812675 -3.012132394
154854700 0.512864833 0.911759724 0.500000000 0.500000000 0.000000000 0.000000000 0.998863161 -0.003546746 0.047537819 0.029309634 0.004105004 0.999923706 -0.011650975 -0.010518832 -0.047492869 0.011832872 0.998801470 -3.033866604
154888067 0.512864833 0.911759724 0.500000000 0.500000000 0.000000000 0.000000000 0.998856068 -0.003568233 0.047684766 0.029615593 0.004142920 0.999919891 -0.011958387 -0.006716028 -0.047638278 0.012142261 0.998790860 -3.056173271
154921433 0.512864833 0.911759724 0.500000000 0.500000000 0.000000000 0.000000000 0.998825014 -0.003513052 0.048334613 0.027947219 0.004101182 0.999918699 -0.012074096 -0.003838330 -0.048288267 0.012258139 0.998758197 -3.078569953
154954800 0.512864833 0.911759724 0.500000000 0.500000000 0.000000000 0.000000000 0.998799920 -0.003603177 0.048843883 0.026614483 0.004187178 0.999920905 -0.011859442 -0.002348145 -0.048797287 0.012049728 0.998736024 -3.101176813
154988167 0.512864833 0.911759724 0.500000000 0.500000000 0.000000000 0.000000000 0.998790622 -0.003685231 0.049027525 0.026344487 0.004255307 0.999924481 -0.011528389 -0.001632220 -0.048981339 0.011723074 0.998730898 -3.123776264
155021533 0.512864833 0.911759724 0.500000000 0.500000000 0.000000000 0.000000000 0.998773396 -0.003738632 0.049372777 0.025320846 0.004300610 0.999927104 -0.011281026 -0.001210295 -0.049327005 0.011479521 0.998716712 -3.146604411
155054900 0.512864833 0.911759724 0.500000000 0.500000000 0.000000000 0.000000000 0.998758614 -0.003767575 0.049669355 0.024941298 0.004325826 0.999928653 -0.011136650 -0.001134483 -0.049623851 0.011337685 0.998703599 -3.169536266
155088267 0.512864833 0.911759724 0.500000000 0.500000000 0.000000000 0.000000000 0.998734891 -0.003647623 0.050153151 0.023730468 0.004221712 0.999926746 -0.011345568 -0.000375467 -0.050108090 0.011542946 0.998677075 -3.192918044
155121633 0.512864833 0.911759724 0.500000000 0.500000000 0.000000000 0.000000000 0.998702586 -0.003605120 0.050795078 0.021389195 0.004203106 0.999923050 -0.011670615 0.000833721 -0.050749097 0.011868970 0.998640895 -3.216866646
155155000 0.512864833 0.911759724 0.500000000 0.500000000 0.000000000 0.000000000 0.998667061 -0.003606586 0.051488679 0.018939761 0.004207573 0.999924242 -0.011568591 0.000240189 -0.051443055 0.011769813 0.998606563 -3.240887571
155188367 0.512864833 0.911759724 0.500000000 0.500000000 0.000000000 0.000000000 0.998646200 -0.003610200 0.051891781 0.016814116 0.004201569 0.999927402 -0.011291626 -0.000913320 -0.051847249 0.011494366 0.998588860 -3.265102326
155221733 0.512864833 0.911759724 0.500000000 0.500000000 0.000000000 0.000000000 0.998629391 -0.003480165 0.052222546 0.015249383 0.004069389 0.999929190 -0.011180871 -0.001094584 -0.052179940 0.011378060 0.998572886 -3.289192678
155255100 0.512864833 0.911759724 0.500000000 0.500000000 0.000000000 0.000000000 0.998592913 -0.003377823 0.052922424 0.011719423 0.003977671 0.999929011 -0.011233244 -0.000531026 -0.052880719 0.011427945 0.998535454 -3.313713558
155288467 0.512864833 0.911759724 0.500000000 0.500000000 0.000000000 0.000000000 0.998572469 -0.003311425 0.053311005 0.009425242 0.003937918 0.999924362 -0.011650914 0.001757491 -0.053268392 0.011844217 0.998510003 -3.338387571
155321833 0.512864833 0.911759724 0.500000000 0.500000000 0.000000000 0.000000000 0.998543203 -0.003218113 0.053861994 0.006039568 0.003880506 0.999918044 -0.012197908 0.005957171 -0.053818326 0.012389150 0.998473883 -3.363164956
155355200 0.512864833 0.911759724 0.500000000 0.500000000 0.000000000 0.000000000 0.998502731 -0.003173244 0.054609578 0.001601743 0.003841389 0.999918997 -0.012134339 0.008752953 -0.054566648 0.012325947 0.998434067 -3.388146215
155388567 0.512864833 0.911759724 0.500000000 0.500000000 0.000000000 0.000000000 0.998461485 -0.003184809 0.055357892 -0.002975473 0.003846275 0.999922454 -0.011846464 0.010984806 -0.055315871 0.012041160 0.998396277 -3.412602579
155421933 0.512864833 0.911759724 0.500000000 0.500000000 0.000000000 0.000000000 0.998446822 -0.003255548 0.055618014 -0.005684369 0.003920558 0.999922097 -0.011851814 0.014534047 -0.055575095 0.012051458 0.998381793 -3.437085945
155455300 0.512864833 0.911759724 0.500000000 0.500000000 0.000000000 0.000000000 0.998440683 -0.003272414 0.055726875 -0.007732643 0.003950093 0.999919534 -0.012054918 0.019249207 -0.055682942 0.012256248 0.998373270 -3.460949008
155488667 0.512864833 0.911759724 0.500000000 0.500000000 0.000000000 0.000000000 0.998417616 -0.003334106 0.056134883 -0.010513952 0.004009524 0.999920845 -0.011923743 0.022327197 -0.056090686 0.012129949 0.998351991 -3.484647188
155522033 0.512864833 0.911759724 0.500000000 0.500000000 0.000000000 0.000000000 0.998385549 -0.003348039 0.056701660 -0.013772299 0.004023782 0.999922216 -0.011807543 0.025772039 -0.056657717 0.012016636 0.998321354 -3.507951550
155555400 0.512864833 0.911759724 0.500000000 0.500000000 0.000000000 0.000000000 0.998337150 -0.003292580 0.057550814 -0.018256457 0.003978495 0.999922395 -0.011807906 0.029075213 -0.057507467 0.012017236 0.998272777 -3.530748740
155588767 0.512864833 0.911759724 0.500000000 0.500000000 0.000000000 0.000000000 0.998287201 -0.003180646 0.058417164 -0.022552882 0.003889219 0.999920189 -0.012019859 0.033218237 -0.058374271 0.012226468 0.998219907 -3.553539611
155622133 0.512864833 0.911759724 0.500000000 0.500000000 0.000000000 0.000000000 0.998221636 -0.003191954 0.059526257 -0.028159515 0.003920421 0.999918818 -0.012124984 0.036983037 -0.059482723 0.012336789 0.998153090 -3.576458060
155655500 0.512864833 0.911759724 0.500000000 0.500000000 0.000000000 0.000000000 0.998171270 -0.003424765 0.060351972 -0.032818121 0.004155801 0.999919474 -0.011991512 0.039604971 -0.060306042 0.012220394 0.998105109 -3.599456472
155688867 0.512864833 0.911759724 0.500000000 0.500000000 0.000000000 0.000000000 0.998134255 -0.003720185 0.060944133 -0.036321335 0.004449381 0.999920070 -0.011833657 0.041778502 -0.060895238 0.012082742 0.998071015 -3.621875825
155722233 0.512864833 0.911759724 0.500000000 0.500000000 0.000000000 0.000000000 0.998108268 -0.003949812 0.061354212 -0.039412041 0.004684554 0.999918997 -0.011836190 0.044662922 -0.061302491 0.012101215 0.998045862 -3.645228470
155755600 0.512864833 0.911759724 0.500000000 0.500000000 0.000000000 0.000000000 0.998085141 -0.004028422 0.061723821 -0.041904657 0.004762889 0.999919534 -0.011756743 0.046612562 -0.061671495 0.012028214 0.998024046 -3.668153363
155788967 0.512864833 0.911759724 0.500000000 0.500000000 0.000000000 0.000000000 0.998045027 -0.004072506 0.062366229 -0.045416645 0.004808711 0.999920487 -0.011658998 0.048448581 -0.062313788 0.011936106 0.997985244 -3.691146853
155822333 0.512864833 0.911759724 0.500000000 0.500000000 0.000000000 0.000000000 0.998001277 -0.004154942 0.063056655 -0.048528465 0.004890667 0.999921679 -0.011517826 0.049350386 -0.063003860 0.011803195 0.997943461 -3.714326452
155855700 0.512864833 0.911759724 0.500000000 0.500000000 0.000000000 0.000000000 0.997961879 -0.004126416 0.063679717 -0.051390262 0.004869051 0.999921918 -0.011511249 0.050404081 -0.063627243 0.011797848 0.997904003 -3.737597189
155889067 0.512864833 0.911759724 0.500000000 0.500000000 0.000000000 0.000000000 0.997907341 -0.003996133 0.064536668 -0.054505137 0.004752035 0.999921858 -0.011563497 0.051590358 -0.064485416 0.011845979 0.997848332 -3.761325092
155922433 0.512864833 0.911759724 0.500000000 0.500000000 0.000000000 0.000000000 0.997836947 -0.003904504 0.065621123 -0.059150087 0.004673307 0.999922216 -0.011566385 0.052233468 -0.065570861 0.011848033 0.997777581 -3.785359453
155955800 0.512864833 0.911759724 0.500000000 0.500000000 0.000000000 0.000000000 0.997778296 -0.003958972 0.066504419 -0.063091621 0.004736590 0.999922216 -0.011539118 0.053089205 -0.066453561 0.011828486 0.997719407 -3.809644226
155989167 0.512864833 0.911759724 0.500000000 0.500000000 0.000000000 0.000000000 0.997725725 -0.004127462 0.067277670 -0.066115083 0.004914179 0.999921441 -0.011532277 0.054749246 -0.067224778 0.011836665 0.997667670 -3.834359836
156022533 0.512864833 0.911759724 0.500000000 0.500000000 0.000000000 0.000000000 0.997695327 -0.004324948 0.067714661 -0.068140424 0.005111552 0.999921381 -0.011447505 0.056322461 -0.067659833 0.011767250 0.997639060 -3.859121549
156055900 0.512864833 0.911759724 0.500000000 0.500000000 0.000000000 0.000000000 0.997694016 -0.004552762 0.067719407 -0.068264624 0.005339317 0.999920309 -0.011438456 0.058461589 -0.067661934 0.011773655 0.997638822 -3.883809931
156089267 0.512864833 0.911759724 0.500000000 0.500000000 0.000000000 0.000000000 0.997687340 -0.004496297 0.067821436 -0.067700933 0.005279019 0.999921441 -0.011366121 0.060463413 -0.067765005 0.011697867 0.997632742 -3.908613463
156122633 0.512864833 0.911759724 0.500000000 0.500000000 0.000000000 0.000000000 0.997636259 -0.004217802 0.068586275 -0.070250665 0.005017101 0.999921441 -0.011485843 0.064128055 -0.068532445 0.011802797 0.997579098 -3.933461863
156156000 0.512864833 0.911759724 0.500000000 0.500000000 0.000000000 0.000000000 0.997580111 -0.004338125 0.069390558 -0.072263194 0.005152893 0.999919832 -0.011567080 0.067748593 -0.069334812 0.011896651 0.997522533 -3.958013252
156189367 0.512864833 0.911759724 0.500000000 0.500000000 0.000000000 0.000000000 0.997495830 -0.004538307 0.070579186 -0.076041588 0.005388776 0.999915123 -0.011864110 0.072790923 -0.070519350 0.012214736 0.997435629 -3.982240528
156222733 0.512864833 0.911759724 0.500000000 0.500000000 0.000000000 0.000000000 0.997413695 -0.004724320 0.071719058 -0.080083585 0.005596378 0.999912798 -0.011963291 0.077353245 -0.071656287 0.012333717 0.997353137 -4.006300893
156256100 0.512864833 0.911759724 0.500000000 0.500000000 0.000000000 0.000000000 0.997379065 -0.004848906 0.072190531 -0.081983787 0.005704278 0.999915898 -0.011647364 0.079802121 -0.072127983 0.012028633 0.997322857 -4.030618845
156289467 0.512864833 0.911759724 0.500000000 0.500000000 0.000000000 0.000000000 0.997348607 -0.004973144 0.072601937 -0.083571080 0.005830140 0.999915779 -0.011596887 0.084517605 -0.072538152 0.011989418 0.997293591 -4.054068748
156322833 0.512864833 0.911759724 0.500000000 0.500000000 0.000000000 0.000000000 0.997316778 -0.005023448 0.073034406 -0.085538200 0.005883506 0.999915779 -0.011565690 0.089746088 -0.072970159 0.011964356 0.997262359 -4.077333842
156356200 0.512864833 0.911759724 0.500000000 0.500000000 0.000000000 0.000000000 0.997270584 -0.005032782 0.073661752 -0.089010817 0.005883478 0.999918461 -0.011336246 0.094352147 -0.073598690 0.011738691 0.997218847 -4.100706970
156389567 0.512864833 0.911759724 0.500000000 0.500000000 0.000000000 0.000000000 0.997218847 -0.005105887 0.074354030 -0.093003941 0.005941988 0.999921560 -0.011027989 0.098766450 -0.074291892 0.011439129 0.997170925 -4.123695062
156422933 0.512864833 0.911759724 0.500000000 0.500000000 0.000000000 0.000000000 0.997206271 -0.005110990 0.074521974 -0.095252996 0.005924016 0.999925256 -0.010692927 0.102420857 -0.074461751 0.011104523 0.997162044 -4.146587712
156456300 0.512864833 0.911759724 0.500000000 0.500000000 0.000000000 0.000000000 0.997219086 -0.005246062 0.074340805 -0.095724204 0.006045033 0.999926329 -0.010526477 0.106643145 -0.074280106 0.010946597 0.997177362 -4.169099073
156489667 0.512864833 0.911759724 0.500000000 0.500000000 0.000000000 0.000000000 0.997211695 -0.005266012 0.074438848 -0.097574720 0.006061104 0.999926925 -0.010459270 0.110869110 -0.074378327 0.010881289 0.997170746 -4.191711943
156523033 0.512864833 0.911759724 0.500000000 0.500000000 0.000000000 0.000000000 0.997201264 -0.005251177 0.074578851 -0.099819964 0.006040975 0.999927998 -0.010368477 0.114720528 -0.074519038 0.010789987 0.997161210 -4.214589240
156556400 0.512864833 0.911759724 0.500000000 0.500000000 0.000000000 0.000000000 0.997168005 -0.004995686 0.075039752 -0.103513170 0.005792742 0.999929070 -0.010407893 0.118460671 -0.074982435 0.010813104 0.997126222 -4.237159128
156589767 0.512864833 0.911759724 0.500000000 0.500000000 0.000000000 0.000000000 0.997106314 -0.004844659 0.075864881 -0.109664149 0.005671249 0.999926865 -0.010683913 0.122571930 -0.075807571 0.011083246 0.997060895 -4.259728662
156623133 0.512864833 0.911759724 0.500000000 0.500000000 0.000000000 0.000000000 0.997072697 -0.004806054 0.076307878 -0.114595531 0.005682614 0.999920309 -0.011274177 0.128063356 -0.076247610 0.011674802 0.997020543 -4.282564260
156656500 0.512864833 0.911759724 0.500000000 0.500000000 0.000000000 0.000000000 0.997053206 -0.004772850 0.076564834 -0.118347405 0.005667080 0.999918222 -0.011466375 0.132017667 -0.076503843 0.011866484 0.996998668 -4.305604981
156689867 0.512864833 0.911759724 0.500000000 0.500000000 0.000000000 0.000000000 0.997018516 -0.004711609 0.077018678 -0.123621629 0.005565251 0.999925375 -0.010872701 0.131294019 -0.076961704 0.011268913 0.996970356 -4.329182990
156723233 0.512864833 0.911759724 0.500000000 0.500000000 0.000000000 0.000000000 0.996998847 -0.004603500 0.077279732 -0.128553846 0.005451202 0.999927223 -0.010761903 0.132970124 -0.077224568 0.011150871 0.996951342 -4.352799303
156756600 0.512864833 0.911759724 0.500000000 0.500000000 0.000000000 0.000000000 0.996982276 -0.004485315 0.077500112 -0.133265163 0.005357811 0.999924541 -0.011053743 0.136233198 -0.077444680 0.011435617 0.996931076 -4.377127555
156789967 0.512864833 0.911759724 0.500000000 0.500000000 0.000000000 0.000000000 0.996940315 -0.004351474 0.078045547 -0.139594617 0.005247566 0.999922633 -0.011280243 0.139290020 -0.077990420 0.011655279 0.996885955 -4.401761941
156823333 0.512864833 0.911759724 0.500000000 0.500000000 0.000000000 0.000000000 0.996911168 -0.004202811 0.078424707 -0.145574968 0.005088026 0.999925554 -0.011091041 0.140592332 -0.078372255 0.011455810 0.996858358 -4.426777125
156856700 0.512864833 0.911759724 0.500000000 0.500000000 0.000000000 0.000000000 0.996869981 -0.004013985 0.078956351 -0.152552299 0.004908655 0.999925911 -0.011140380 0.143633914 -0.078905784 0.011493079 0.996815801 -4.451601689
156890067 0.512864833 0.911759724 0.500000000 0.500000000 0.000000000 0.000000000 0.996828616 -0.003864196 0.079484388 -0.159680143 0.004779612 0.999924362 -0.011329906 0.147804530 -0.079434596 0.011673880 0.996771693 -4.476158162
156923433 0.512864833 0.911759724 0.500000000 0.500000000 0.000000000 0.000000000 0.996779859 -0.003736758 0.080099717 -0.167566653 0.004668705 0.999923527 -0.011450707 0.152415227 -0.080050804 0.011787795 0.996721089 -4.500685394
156956800 0.512864833 0.911759724 0.500000000 0.500000000 0.000000000 0.000000000 0.996723711 -0.003590385 0.080801763 -0.176008223 0.004526660 0.999924719 -0.011407115 0.156995159 -0.080754720 0.011735504 0.996664941 -4.524893874
156990167 0.512864833 0.911759724 0.500000000 0.500000000 0.000000000 0.000000000 0.996660352 -0.003519414 0.081583127 -0.184960105 0.004471064 0.999924064 -0.011485048 0.162576169 -0.081536509 0.011811455 0.996600389 -4.548550288
157023533 0.512864833 0.911759724 0.500000000 0.500000000 0.000000000 0.000000000 0.996591866 -0.003427010 0.082419366 -0.194452747 0.004395387 0.999923408 -0.011570818 0.168855245 -0.082373396 0.011893647 0.996530592 -4.571791919
157056900 0.512864833 0.911759724 0.500000000 0.500000000 0.000000000 0.000000000 0.996522188 -0.003404833 0.083258152 -0.203869184 0.004370528 0.999925256 -0.011419305 0.174256580 -0.083213046 0.011743473 0.996462584 -4.594634832
157090267 0.512864833 0.911759724 0.500000000 0.500000000 0.000000000 0.000000000 0.996433198 -0.003370402 0.084318295 -0.214215966 0.004327908 0.999928176 -0.011175632 0.179070989 -0.084274575 0.011500692 0.996376216 -4.616881644
157123633 0.512864833 0.911759724 0.500000000 0.500000000 0.000000000 0.000000000 0.996375978 -0.003447929 0.084988616 -0.222361475 0.004392902 0.999930561 -0.010934319 0.183838652 -0.084945008 0.011268040 0.996321917 -4.638648556
157157000 0.512864833 0.911759724 0.500000000 0.500000000 0.000000000 0.000000000 0.996296942 -0.003322765 0.085914873 -0.230878295 0.004265324 0.999932706 -0.010789617 0.189782399 -0.085873239 0.011116117 0.996244073 -4.660038061
157190367 0.512864833 0.911759724 0.500000000 0.500000000 0.000000000 0.000000000 0.996162176 -0.003337806 0.087462761 -0.242319336 0.004278971 0.999934912 -0.010575480 0.195258294 -0.087421775 0.010909145 0.996111631 -4.680598326
157223733 0.512864833 0.911759724 0.500000000 0.500000000 0.000000000 0.000000000 0.995995820 -0.003364288 0.089336254 -0.255271898 0.004297777 0.999938130 -0.010258859 0.200211855 -0.089296214 0.010601728 0.995948672 -4.701231223
157257100 0.512864833 0.911759724 0.500000000 0.500000000 0.000000000 0.000000000 0.995818019 -0.003502450 0.091291688 -0.268527352 0.004431449 0.999940395 -0.009975449 0.204766963 -0.091251314 0.010338287 0.995774209 -4.721349142
157290467 0.512864833 0.911759724 0.500000000 0.500000000 0.000000000 0.000000000 0.995659828 -0.003722164 0.092993036 -0.280156839 0.004672022 0.999939084 -0.009998674 0.210671552 -0.092950150 0.010389743 0.995616555 -4.741205163
157323833 0.512864833 0.911759724 0.500000000 0.500000000 0.000000000 0.000000000 0.995520175 -0.003839039 0.094471268 -0.290731996 0.004810220 0.999937892 -0.010054590 0.216003377 -0.094426796 0.010463975 0.995476842 -4.761308439
157357200 0.512864833 0.911759724 0.500000000 0.500000000 0.000000000 0.000000000 0.995367289 -0.004008132 0.096061982 -0.301402438 0.005025402 0.999933779 -0.010350127 0.222264231 -0.096014135 0.010784928 0.995321512 -4.781567498
157390567 0.512864833 0.911759724 0.500000000 0.500000000 0.000000000 0.000000000 0.995186627 -0.004189607 0.097908475 -0.313193852 0.005255081 0.999929726 -0.010627002 0.228389247 -0.097857073 0.011090367 0.995138705 -4.801928405
157423933 0.512864833 0.911759724 0.500000000 0.500000000 0.000000000 0.000000000 0.995055735 -0.004311232 0.099224448 -0.321974685 0.005387222 0.999929547 -0.010578627 0.233066666 -0.099171847 0.011060867 0.995008826 -4.822952643
157457300 0.512864833 0.911759724 0.500000000 0.500000000 0.000000000 0.000000000 0.994919598 -0.004488915 0.100572780 -0.330557396 0.005564413 0.999930263 -0.010415754 0.237031166 -0.100519009 0.010922466 0.994875193 -4.844156856
157490667 0.512864833 0.911759724 0.500000000 0.500000000 0.000000000 0.000000000 0.994733691 -0.004842394 0.102379151 -0.340842437 0.005941115 0.999927938 -0.010429677 0.241785931 -0.102321267 0.010982997 0.994690776 -4.865690207
157524033 0.512864833 0.911759724 0.500000000 0.500000000 0.000000000 0.000000000 0.994479954 -0.005251355 0.104795255 -0.354193555 0.006384973 0.999924660 -0.010484914 0.246102066 -0.104732297 0.011096152 0.994438529 -4.887596529
157557400 0.512864833 0.911759724 0.500000000 0.500000000 0.000000000 0.000000000 0.994209051 -0.005733842 0.107310273 -0.368154747 0.006887392 0.999922395 -0.010382138 0.249037095 -0.107242413 0.011061104 0.994171381 -4.909952157
157590767 0.512864833 0.911759724 0.500000000 0.500000000 0.000000000 0.000000000 0.993967295 -0.005892631 0.109518431 -0.380892702 0.007057121 0.999922574 -0.010248247 0.252167679 -0.109449565 0.010959308 0.993931949 -4.932707448
157624133 0.512864833 0.911759724 0.500000000 0.500000000 0.000000000 0.000000000 0.993779838 -0.005942824 0.111203767 -0.391179175 0.007114591 0.999923229 -0.010143264 0.255572799 -0.111134954 0.010871341 0.993745863 -4.955569160
157657500 0.512864833 0.911759724 0.500000000 0.500000000 0.000000000 0.000000000 0.993605316 -0.006042453 0.112747259 -0.400496073 0.007227498 0.999922812 -0.010104842 0.259593615 -0.112677500 0.010855106 0.993572295 -4.978665177
157690867 0.512864833 0.911759724 0.500000000 0.500000000 0.000000000 0.000000000 0.993414104 -0.006323142 0.114404686 -0.410536638 0.007524738 0.999920964 -0.010074218 0.263743205 -0.114331938 0.010868736 0.993383169 -5.001434858
157724233 0.512864833 0.911759724 0.500000000 0.500000000 0.000000000 0.000000000 0.993277192 -0.006642306 0.115569271 -0.417487022 0.007869301 0.999917388 -0.010163955 0.269278464 -0.115492210 0.011005076 0.993247449 -5.023855927
157757600 0.512864833 0.911759724 0.500000000 0.500000000 0.000000000 0.000000000 0.993107796 -0.006754195 0.117009938 -0.425308466 0.008017653 0.999914467 -0.010330539 0.275513210 -0.116930157 0.011197484 0.993077040 -5.045658397
157790967 0.512864833 0.911759724 0.500000000 0.500000000 0.000000000 0.000000000 0.992912412 -0.006771664 0.118655413 -0.434149332 0.008071678 0.999912500 -0.010479062 0.281594206 -0.118574068 0.011362539 0.992880166 -5.067092715
157824333 0.512864833 0.911759724 0.500000000 0.500000000 0.000000000 0.000000000 0.992679060 -0.006906910 0.120584369 -0.444663561 0.008255355 0.999908805 -0.010686611 0.288455193 -0.120499566 0.011603842 0.992645562 -5.088075861
157857700 0.512864833 0.911759724 0.500000000 0.500000000 0.000000000 0.000000000 0.992448151 -0.007081572 0.122460514 -0.454715346 0.008455276 0.999907017 -0.010701493 0.294835009 -0.122373343 0.011656114 0.992415667 -5.108882299
157891067 0.512864833 0.911759724 0.500000000 0.500000000 0.000000000 0.000000000 0.992200494 -0.007258045 0.124440715 -0.465733280 0.008602048 0.999910295 -0.010266433 0.298651422 -0.124355040 0.011256806 0.992173910 -5.129864449
157924433 0.512864833 0.911759724 0.500000000 0.500000000 0.000000000 0.000000000 0.991925538 -0.007549824 0.126596913 -0.477833758 0.008840582 0.999914467 -0.009637053 0.301166581 -0.126513332 0.010678429 0.991907418 -5.150568382
157957800 0.512864833 0.911759724 0.500000000 0.500000000 0.000000000 0.000000000 0.991658688 -0.007716684 0.128660321 -0.489626943 0.009018991 0.999913812 -0.009542508 0.306483475 -0.128575608 0.010623298 0.991642833 -5.170853873
157991167 0.512864833 0.911759724 0.500000000 0.500000000 0.000000000 0.000000000 0.991390765 -0.007870398 0.130699560 -0.501645366 0.009248719 0.999907792 -0.009942058 0.314177709 -0.130609259 0.011065267 0.991372168 -5.190578752
158024533 0.512864833 0.911759724 0.500000000 0.500000000 0.000000000 0.000000000 0.991133869 -0.008007497 0.132625371 -0.513257077 0.009472959 0.999900818 -0.010422355 0.322301634 -0.132528767 0.011586304 0.991111457 -5.210202767
158057900 0.512864833 0.911759724 0.500000000 0.500000000 0.000000000 0.000000000 0.990913749 -0.008215582 0.134247676 -0.523420048 0.009699387 0.999898851 -0.010402448 0.327515499 -0.134148628 0.011610049 0.990893185 -5.229665836
158091267 0.512864833 0.911759724 0.500000000 0.500000000 0.000000000 0.000000000 0.990718722 -0.008286089 0.135675356 -0.532345866 0.009730902 0.999902785 -0.009989309 0.330354229 -0.135579392 0.011216839 0.990702987 -5.249099729
158124633 0.512864833 0.911759724 0.500000000 0.500000000 0.000000000 0.000000000 0.990500033 -0.008394892 0.137255818 -0.542095797 0.009805137 0.999905825 -0.009601684 0.332708841 -0.137162283 0.010856281 0.990489066 -5.268268491
158158000 0.512864833 0.911759724 0.500000000 0.500000000 0.000000000 0.000000000 0.990241945 -0.008465817 0.139101401 -0.553142082 0.009853556 0.999908268 -0.009290801 0.334618591 -0.139009997 0.010570785 0.990234554 -5.287331510
158191367 0.512864833 0.911759724 0.500000000 0.500000000 0.000000000 0.000000000 0.989923596 -0.008580490 0.141342267 -0.566769431 0.009997534 0.999906600 -0.009318561 0.337988234 -0.141249105 0.010637738 0.989916921 -5.306139146
158224733 0.512864833 0.911759724 0.500000000 0.500000000 0.000000000 0.000000000 0.989591002 -0.008790879 0.143639728 -0.581247534 0.010262202 0.999902189 -0.009505474 0.341273402 -0.143542111 0.010880591 0.989584386 -5.324993371
158258100 0.512864833 0.911759724 0.500000000 0.500000000 0.000000000 0.000000000 0.989258170 -0.008970010 0.145903453 -0.595884694 0.010521481 0.999895990 -0.009865317 0.345130181 -0.145799786 0.011294466 0.989249647 -5.343990205
158291467 0.512864833 0.911759724 0.500000000 0.500000000 0.000000000 0.000000000 0.988952041 -0.009148078 0.147953108 -0.609633555 0.010731323 0.999893367 -0.009906255 0.346686713 -0.147846714 0.011384544 0.988944769 -5.363494634
158324833 0.512864833 0.911759724 0.500000000 0.500000000 0.000000000 0.000000000 0.988604724 -0.009290270 0.150247931 -0.625456385 0.010869510 0.999893963 -0.009693081 0.346963019 -0.150141940 0.011215747 0.988600850 -5.383270624
158358200 0.512864833 0.911759724 0.500000000 0.500000000 0.000000000 0.000000000 0.988281429 -0.009426183 0.152351350 -0.640655589 0.011005756 0.999894023 -0.009527976 0.347155596 -0.152245387 0.011093064 0.988280475 -5.403412093
158391567 0.512864833 0.911759724 0.500000000 0.500000000 0.000000000 0.000000000 0.988036752 -0.009494546 0.153926104 -0.653339490 0.011111837 0.999891698 -0.009649990 0.349326669 -0.153817803 0.011244946 0.988035262 -5.424258061
158424933 0.512864833 0.911759724 0.500000000 0.500000000 0.000000000 0.000000000 0.987782598 -0.009512796 0.155547738 -0.666346596 0.011151667 0.999891102 -0.009666882 0.351119932 -0.155438840 0.011283394 0.987781048 -5.445583889
158458300 0.512864833 0.911759724 0.500000000 0.500000000 0.000000000 0.000000000 0.987477303 -0.009467517 0.157476619 -0.681164819 0.011106459 0.999892890 -0.009530777 0.352169454 -0.157369524 0.011160434 0.987476707 -5.466863113
158491667 0.512864833 0.911759724 0.500000000 0.500000000 0.000000000 0.000000000 0.987197518 -0.009391333 0.159225777 -0.695068474 0.011018153 0.999895692 -0.009337307 0.353163488 -0.159121484 0.010972139 0.987198055 -5.488405589
158525033 0.512864833 0.911759724 0.500000000 0.500000000 0.000000000 0.000000000 0.986911595 -0.009409471 0.160987556 -0.709009304 0.011045571 0.999895990 -0.009270964 0.355242053 -0.160883591 0.010927822 0.986912906 -5.510116890
158558400 0.512864833 0.911759724 0.500000000 0.500000000 0.000000000 0.000000000 0.986504495 -0.009479890 0.163459644 -0.727426084 0.011176162 0.999892771 -0.009460812 0.359071046 -0.163352430 0.011159985 0.986504674 -5.530982097
158591767 0.512864833 0.911759724 0.500000000 0.500000000 0.000000000 0.000000000 0.986117363 -0.009515121 0.165776864 -0.744555426 0.011289665 0.999888599 -0.009765388 0.363842497 -0.165665478 0.011501383 0.986114919 -5.551614684
158625133 0.512864833 0.911759724 0.500000000 0.500000000 0.000000000 0.000000000 0.985609233 -0.009684605 0.168762147 -0.766111325 0.011544374 0.999882936 -0.010042362 0.368908305 -0.168645144 0.011846097 0.985605657 -5.571194772
158658500 0.512864833 0.911759724 0.500000000 0.500000000 0.000000000 0.000000000 0.985003531 -0.009814520 0.172254965 -0.790780942 0.011721378 0.999880731 -0.010056308 0.372398588 -0.172135726 0.011924565 0.985001087 -5.590385833
158691867 0.512864833 0.911759724 0.500000000 0.500000000 0.000000000 0.000000000 0.984422028 -0.010096531 0.175531715 -0.814335108 0.012028942 0.999878168 -0.009948370 0.375292193 -0.175409883 0.011904855 0.984423518 -5.609484123
158725233 0.512864833 0.911759724 0.500000000 0.500000000 0.000000000 0.000000000 0.983850360 -0.010400200 0.178690419 -0.837595098 0.012339338 0.999876380 -0.009743936 0.377853872 -0.178566992 0.011791497 0.983857095 -5.628390166
