https://www.youtube.com/watch?v=ZSsHBXujOx4
134801333 0.477439790 0.848781872 0.500000000 0.500000000 0.000000000 0.000000000 0.998010218 -0.038471688 0.049955402 0.238970993 0.038592294 0.999253988 -0.001451606 0.031173713 -0.049862292 0.003376612 0.998750389 -0.297754990
134834700 0.477439790 0.848781872 0.500000000 0.500000000 0.000000000 0.000000000 0.998004317 -0.038621247 0.049957857 0.247191404 0.038743529 0.999248087 -0.001481337 0.029451302 -0.049863081 0.003413925 0.998750210 -0.310233757
134868067 0.477439790 0.848781872 0.500000000 0.500000000 0.000000000 0.000000000 0.998013914 -0.038376208 0.049955077 0.256022280 0.038538389 0.999254525 -0.002286984 0.031561948 -0.049830068 0.004207630 0.998748839 -0.321902874
134901433 0.477439790 0.848781872 0.500000000 0.500000000 0.000000000 0.000000000 0.998031557 -0.038147181 0.049777947 0.264473061 0.038333468 0.999261081 -0.002792755 0.031955796 -0.049634628 0.004695419 0.998756409 -0.335117307
134934800 0.477439790 0.848781872 0.500000000 0.500000000 0.000000000 0.000000000 0.998080313 -0.037705801 0.049132295 0.273778254 0.037905499 0.999276400 -0.003138746 0.031306920 -0.048978392 0.004995105 0.998787344 -0.350277215
134968167 0.477439790 0.848781872 0.500000000 0.500000000 0.000000000 0.000000000 0.998146594 -0.037082605 0.048251767 0.282102209 0.037307598 0.999296725 -0.003770326 0.031644842 -0.048078019 0.005563495 0.998828113 -0.364671479
135001533 0.477439790 0.848781872 0.500000000 0.500000000 0.000000000 0.000000000 0.998217642 -0.036740385 0.047028005 0.290492746 0.036991432 0.999305546 -0.004478863 0.031767983 -0.046830788 0.006210514 0.998883545 -0.378494776
135034900 0.477439790 0.848781872 0.500000000 0.500000000 0.000000000 0.000000000 0.998305500 -0.036582358 0.045253787 0.299235171 0.036878273 0.999303401 -0.005721209 0.035102051 -0.045012970 0.007380396 0.998959124 -0.392721753
135068267 0.477439790 0.848781872 0.500000000 0.500000000 0.000000000 0.000000000 0.998407722 -0.036243178 0.043225974 0.309164108 0.036563210 0.999309301 -0.006635965 0.035864860 -0.042955607 0.008205879 0.999043286 -0.405820088
135101633 0.477439790 0.848781872 0.500000000 0.500000000 0.000000000 0.000000000 0.998492181 -0.036289718 0.041187420 0.317395811 0.036620658 0.999302506 -0.007308927 0.036775747 -0.040893454 0.008806217 0.999124706 -0.420813104
135135000 0.477439790 0.848781872 0.500000000 0.500000000 0.000000000 0.000000000 0.998590529 -0.035926364 0.039067201 0.326389696 0.036266990 0.999309778 -0.008045314 0.038421526 -0.038751196 0.009450824 0.999204218 -0.434759392
135168367 0.477439790 0.848781872 0.500000000 0.500000000 0.000000000 0.000000000 0.998677731 -0.035708949 0.036981136 0.334642169 0.036035053 0.999316990 -0.008189191 0.037775374 -0.036663450 0.009510980 0.999282420 -0.447601042
135201733 0.477439790 0.848781872 0.500000000 0.500000000 0.000000000 0.000000000 0.998773992 -0.035193827 0.034811687 0.342916800 0.035520267 0.999330163 -0.008803543 0.039468189 -0.034478538 0.010029270 0.999355137 -0.460575350
135235100 0.477439790 0.848781872 0.500000000 0.500000000 0.000000000 0.000000000 0.998860240 -0.034672529 0.032803591 0.350666656 0.034989238 0.999345958 -0.009130297 0.040420179 -0.032465566 0.010267664 0.999420106 -0.471671528
135268467 0.477439790 0.848781872 0.500000000 0.500000000 0.000000000 0.000000000 0.998943806 -0.033988949 0.030919453 0.357628804 0.034298051 0.999366283 -0.009522139 0.042637356 -0.030576212 0.010572558 0.999476492 -0.482638671
135301833 0.477439790 0.848781872 0.500000000 0.500000000 0.000000000 0.000000000 0.999040663 -0.032976497 0.028815011 0.365130713 0.033261910 0.999401689 -0.009482296 0.043113291 -0.028485077 0.010431643 0.999539793 -0.493319243
135335200 0.477439790 0.848781872 0.500000000 0.500000000 0.000000000 0.000000000 0.999137402 -0.031824823 0.026676815 0.371265581 0.032086227 0.999440610 -0.009428735 0.043870093 -0.026361825 0.010276560 0.999599636 -0.503788723
135368567 0.477439790 0.848781872 0.500000000 0.500000000 0.000000000 0.000000000 0.999239922 -0.030616075 0.024129128 0.377295963 0.030852126 0.999479055 -0.009471952 0.044589815 -0.023826566 0.010209188 0.999663949 -0.513860915
135401933 0.477439790 0.848781872 0.500000000 0.500000000 0.000000000 0.000000000 0.999340117 -0.029533470 0.021144873 0.383702457 0.029744061 0.999510348 -0.009715063 0.046578831 -0.020847598 0.010337587 0.999729216 -0.521559517
135435300 0.477439790 0.848781872 0.500000000 0.500000000 0.000000000 0.000000000 0.999444067 -0.028295442 0.017631685 0.389739608 0.028470272 0.999547124 -0.009744805 0.047892220 -0.017347967 0.010241367 0.999797046 -0.529709910
135468667 0.477439790 0.848781872 0.500000000 0.500000000 0.000000000 0.000000000 0.999532521 -0.027217664 0.013924439 0.394112418 0.027355824 0.999577403 -0.009829767 0.049034412 -0.013651012 0.010206087 0.999854743 -0.537663748
135502033 0.477439790 0.848781872 0.500000000 0.500000000 0.000000000 0.000000000 0.999616325 -0.026070595 0.009353391 0.399780280 0.026163047 0.999608636 -0.009902067 0.049772557 -0.009091577 0.010142981 0.999907255 -0.545318509
135535400 0.477439790 0.848781872 0.500000000 0.500000000 0.000000000 0.000000000 0.999673367 -0.025200384 0.004256993 0.406175429 0.025241226 0.999633074 -0.009829304 0.049558747 -0.004007729 0.009933545 0.999942601 -0.552504070
135568767 0.477439790 0.848781872 0.500000000 0.500000000 0.000000000 0.000000000 0.999701917 -0.024394019 -0.001014497 0.413252697 0.024382630 0.999652386 -0.010030672 0.050536534 0.001258833 0.010002946 0.999949157 -0.557515253
135602133 0.477439790 0.848781872 0.500000000 0.500000000 0.000000000 0.000000000 0.999706626 -0.023341825 -0.006468791 0.419942769 0.023276325 0.999678850 -0.010022364 0.050826410 0.006700653 0.009868854 0.999928832 -0.564612018
135635500 0.477439790 0.848781872 0.500000000 0.500000000 0.000000000 0.000000000 0.999674380 -0.022558885 -0.011926945 0.426910128 0.022439942 0.999698043 -0.010014051 0.051324873 0.012149249 0.009743149 0.999878705 -0.570629997
135668867 0.477439790 0.848781872 0.500000000 0.500000000 0.000000000 0.000000000 0.999612331 -0.021743691 -0.017389201 0.434046815 0.021571057 0.999716759 -0.010054432 0.052062032 0.017602894 0.009675431 0.999798238 -0.575825343
135702233 0.477439790 0.848781872 0.500000000 0.500000000 0.000000000 0.000000000 0.999526083 -0.020654244 -0.022825284 0.440622627 0.020428810 0.999740660 -0.010065972 0.052947902 0.023027269 0.009594908 0.999688804 -0.581607693
135735600 0.477439790 0.848781872 0.500000000 0.500000000 0.000000000 0.000000000 0.999404550 -0.019564318 -0.028420692 0.448662134 0.019287799 0.999764264 -0.009971287 0.053867129 0.028609073 0.009417177 0.999546289 -0.586590172
135768967 0.477439790 0.848781872 0.500000000 0.500000000 0.000000000 0.000000000 0.999259412 -0.018321382 -0.033838000 0.455353526 0.017999267 0.999789953 -0.009799521 0.053807940 0.034010436 0.009183204 0.999379277 -0.591919599
135802333 0.477439790 0.848781872 0.500000000 0.500000000 0.000000000 0.000000000 0.999078572 -0.017121157 -0.039356243 0.461709125 0.016748419 0.999811888 -0.009781137 0.054179524 0.039516304 0.009112969 0.999177396 -0.597464037
135835700 0.477439790 0.848781872 0.500000000 0.500000000 0.000000000 0.000000000 0.998871446 -0.015677506 -0.044833701 0.468306909 0.015268607 0.999838769 -0.009448312 0.053961894 0.044974599 0.008753101 0.998949766 -0.602929780
135869067 0.477439790 0.848781872 0.500000000 0.500000000 0.000000000 0.000000000 0.998623073 -0.014481730 -0.050420389 0.474715872 0.014036966 0.999859452 -0.009164073 0.053687276 0.050546017 0.008443706 0.998686016 -0.609079998
135902433 0.477439790 0.848781872 0.500000000 0.500000000 0.000000000 0.000000000 0.998351693 -0.012884153 -0.055927686 0.480822383 0.012397265 0.999882221 -0.009043920 0.053137377 0.056037627 0.008335663 0.998393834 -0.614312159
135935800 0.477439790 0.848781872 0.500000000 0.500000000 0.000000000 0.000000000 0.998040318 -0.011440921 -0.061519302 0.486673019 0.010898086 0.999898732 -0.009152135 0.053757439 0.061617780 0.008463757 0.998063922 -0.619475366
135969167 0.477439790 0.848781872 0.500000000 0.500000000 0.000000000 0.000000000 0.997693479 -0.009814356 -0.067166805 0.492102132 0.009204782 0.999913633 -0.009379010 0.054719179 0.067253053 0.008739121 0.997697651 -0.624438958
136002533 0.477439790 0.848781872 0.500000000 0.500000000 0.000000000 0.000000000 0.997300625 -0.008330389 -0.072952271 0.497885382 0.007641634 0.999923587 -0.009715203 0.055045297 0.073027626 0.009131504 0.997288108 -0.629140175
136035900 0.477439790 0.848781872 0.500000000 0.500000000 0.000000000 0.000000000 0.996877134 -0.007310838 -0.078629225 0.502622253 0.006567764 0.999931335 -0.009704812 0.053308643 0.078694776 0.009158087 0.996856689 -0.633462225
136069267 0.477439790 0.848781872 0.500000000 0.500000000 0.000000000 0.000000000 0.996414483 -0.006255534 -0.084374569 0.507132845 0.005403988 0.999932170 -0.010317056 0.054865425 0.084433384 0.009824106 0.996380687 -0.637645182
136102633 0.477439790 0.848781872 0.500000000 0.500000000 0.000000000 0.000000000 0.995907247 -0.005263968 -0.090227880 0.511072512 0.004315280 0.999933362 -0.010706213 0.055906053 0.090278223 0.010273037 0.995863616 -0.641570631
136136000 0.477439790 0.848781872 0.500000000 0.500000000 0.000000000 0.000000000 0.995340943 -0.004397559 -0.096317790 0.516059258 0.003367989 0.999935448 -0.010849274 0.055700464 0.096359283 0.010474329 0.995291531 -0.645587154
136169367 0.477439790 0.848781872 0.500000000 0.500000000 0.000000000 0.000000000 0.994774044 -0.003333616 -0.102046669 0.519320765 0.002218112 0.999936581 -0.011042835 0.056204247 0.102077015 0.010758774 0.994718313 -0.648088972
136202733 0.477439790 0.848781872 0.500000000 0.500000000 0.000000000 0.000000000 0.994149089 -0.002554960 -0.107986145 0.522806019 0.001360950 0.999937117 -0.011129317 0.056922931 0.108007789 0.010917237 0.994090080 -0.650651698
136236100 0.477439790 0.848781872 0.500000000 0.500000000 0.000000000 0.000000000 0.993523061 -0.001472112 -0.113621026 0.524404081 0.000224982 0.999939620 -0.010988270 0.056088622 0.113630340 0.010891537 0.993463397 -0.654005749
136269467 0.477439790 0.848781872 0.500000000 0.500000000 0.000000000 0.000000000 0.992821813 -0.000240187 -0.119602472 0.527517529 -0.001038620 0.999942958 -0.010629697 0.053518754 0.119598202 0.010677616 0.992764950 -0.656730126
136302833 0.477439790 0.848781872 0.500000000 0.500000000 0.000000000 0.000000000 0.992094338 0.001092776 -0.125489384 0.529835219 -0.002440971 0.999940932 -0.010590237 0.053398990 0.125470400 0.010812830 0.992038429 -0.658272106
136336200 0.477439790 0.848781872 0.500000000 0.500000000 0.000000000 0.000000000 0.991323292 0.002464252 -0.131423190 0.531972936 -0.003871636 0.999937832 -0.010454355 0.053061541 0.131389260 0.010872468 0.991271257 -0.659844213
136369567 0.477439790 0.848781872 0.500000000 0.500000000 0.000000000 0.000000000 0.990515530 0.004073676 -0.137340203 0.533733726 -0.005533360 0.999932170 -0.010248123 0.052163053 0.137289137 0.010910878 0.990470946 -0.661988724
136402933 0.477439790 0.848781872 0.500000000 0.500000000 0.000000000 0.000000000 0.989694953 0.005480418 -0.143086776 0.534073069 -0.006944048 0.999928534 -0.009731601 0.049903445 0.143023208 0.010624918 0.989662290 -0.665458396
136436300 0.477439790 0.848781872 0.500000000 0.500000000 0.000000000 0.000000000 0.988798320 0.007036656 -0.149091899 0.535746786 -0.008549810 0.999918222 -0.009510628 0.049048559 0.149012774 0.010678800 0.988777578 -0.666162025
136469667 0.477439790 0.848781872 0.500000000 0.500000000 0.000000000 0.000000000 0.987862170 0.008525035 -0.155098990 0.536958251 -0.010099196 0.999905169 -0.009364253 0.048220593 0.155004442 0.010816965 0.987854540 -0.668257241
136503033 0.477439790 0.848781872 0.500000000 0.500000000 0.000000000 0.000000000 0.986883581 0.009838597 -0.161133647 0.537898709 -0.011483471 0.999890983 -0.009280025 0.046777680 0.161024779 0.011008678 0.986888945 -0.670597225
136536400 0.477439790 0.848781872 0.500000000 0.500000000 0.000000000 0.000000000 0.985901892 0.010967730 -0.166964620 0.537297109 -0.012723024 0.999874413 -0.009446916 0.046744690 0.166840032 0.011438028 0.985917628 -0.673804640
136569767 0.477439790 0.848781872 0.500000000 0.500000000 0.000000000 0.000000000 0.984911799 0.011855712 -0.172650397 0.536553337 -0.013694221 0.999861479 -0.009461493 0.045942546 0.172514305 0.011683050 0.984937727 -0.676972666
136603133 0.477439790 0.848781872 0.500000000 0.500000000 0.000000000 0.000000000 0.983910739 0.012449121 -0.178226501 0.535017317 -0.014358234 0.999852479 -0.009425847 0.044623284 0.178082868 0.011833210 0.983944356 -0.681004528
136636500 0.477439790 0.848781872 0.500000000 0.500000000 0.000000000 0.000000000 0.982896507 0.013180219 -0.183686554 0.533161357 -0.015258237 0.999834538 -0.009903989 0.046015427 0.183525622 0.012537329 0.982934952 -0.684456448
136669867 0.477439790 0.848781872 0.500000000 0.500000000 0.000000000 0.000000000 0.981861293 0.013700692 -0.189105108 0.530955504 -0.015872616 0.999824286 -0.009975526 0.045314377 0.188935205 0.012796176 0.981906176 -0.690601525
136703233 0.477439790 0.848781872 0.500000000 0.500000000 0.000000000 0.000000000 0.980769873 0.014171766 -0.194652423 0.529190853 -0.016412497 0.999816239 -0.009903399 0.042875165 0.194476306 0.012907688 0.980822265 -0.697311994
136736600 0.477439790 0.848781872 0.500000000 0.500000000 0.000000000 0.000000000 0.979664266 0.014745590 -0.200101182 0.526163425 -0.017250376 0.999793112 -0.010779738 0.045675580 0.199900821 0.014012346 0.979715943 -0.701560192
136769967 0.477439790 0.848781872 0.500000000 0.500000000 0.000000000 0.000000000 0.978510439 0.015219713 -0.205634952 0.523182159 -0.017870247 0.999779403 -0.011038333 0.044930267 0.205421597 0.014475872 0.978566527 -0.708589376
136803333 0.477439790 0.848781872 0.500000000 0.500000000 0.000000000 0.000000000 0.977334559 0.015989386 -0.211095929 0.519684339 -0.018801473 0.999759138 -0.011320895 0.044071889 0.210864082 0.015033216 0.977399766 -0.716486882
136836700 0.477439790 0.848781872 0.500000000 0.500000000 0.000000000 0.000000000 0.976125836 0.016704937 -0.216562510 0.515022325 -0.019720353 0.999736249 -0.011770343 0.043379835 0.216308758 0.015760025 0.976197779 -0.723957293
136870067 0.477439790 0.848781872 0.500000000 0.500000000 0.000000000 0.000000000 0.974837661 0.017321123 -0.222241938 0.511689629 -0.020562792 0.999713123 -0.012280446 0.043536122 0.221965477 0.016541356 0.974914193 -0.733285926
136903433 0.477439790 0.848781872 0.500000000 0.500000000 0.000000000 0.000000000 0.973553360 0.018323561 -0.227723613 0.506566882 -0.021900238 0.999673188 -0.013189146 0.044990963 0.227407515 0.017827539 0.973636508 -0.742274782
136936800 0.477439790 0.848781872 0.500000000 0.500000000 0.000000000 0.000000000 0.972169161 0.018963255 -0.233511284 0.503133990 -0.022755854 0.999649107 -0.013557966 0.042819363 0.233172253 0.018494384 0.972259581 -0.752303924
136970167 0.477439790 0.848781872 0.500000000 0.500000000 0.000000000 0.000000000 0.970776677 0.019798817 -0.239166498 0.498750988 -0.023901232 0.999612570 -0.014264587 0.042529042 0.238791406 0.019564101 0.970873773 -0.764171302
137003533 0.477439790 0.848781872 0.500000000 0.500000000 0.000000000 0.000000000 0.969336033 0.020505261 -0.244881943 0.493820200 -0.024915975 0.999578118 -0.014926962 0.042789060 0.244472548 0.020570714 0.969438016 -0.775981374
137036900 0.477439790 0.848781872 0.500000000 0.500000000 0.000000000 0.000000000 0.967863321 0.021464266 -0.250559062 0.489489346 -0.026192205 0.999535978 -0.015549907 0.043123778 0.250109047 0.021612879 0.967976451 -0.787411910
137070267 0.477439790 0.848781872 0.500000000 0.500000000 0.000000000 0.000000000 0.966389716 0.022162518 -0.256124586 0.485415173 -0.027177159 0.999501705 -0.016055675 0.043416694 0.255641103 0.022476777 0.966510415 -0.800096356
137103633 0.477439790 0.848781872 0.500000000 0.500000000 0.000000000 0.000000000 0.965004981 0.022862161 -0.261232972 0.479838872 -0.028112482 0.999470592 -0.016378600 0.043017403 0.260720223 0.023149338 0.965136826 -0.812569165
137137000 0.477439790 0.848781872 0.500000000 0.500000000 0.000000000 0.000000000 0.963715136 0.023680452 -0.265880376 0.474100528 -0.029129844 0.999438286 -0.016570309 0.042412404 0.265338629 0.023714112 0.963863611 -0.826440957
137170367 0.477439790 0.848781872 0.500000000 0.500000000 0.000000000 0.000000000 0.962400138 0.024374943 -0.270539969 0.468987050 -0.030084660 0.999403179 -0.016977476 0.042188027 0.269964665 0.024478227 0.962559044 -0.839577110
137203733 0.477439790 0.848781872 0.500000000 0.500000000 0.000000000 0.000000000 0.961120069 0.024746019 -0.275019825 0.464222345 -0.030751325 0.999373078 -0.017544955 0.042477619 0.274413228 0.025320033 0.961278439 -0.852389349
137237100 0.477439790 0.848781872 0.500000000 0.500000000 0.000000000 0.000000000 0.959845662 0.025372911 -0.279378891 0.459316697 -0.031566728 0.999345064 -0.017692439 0.041729683 0.278746992 0.025801087 0.960017920 -0.867163415
137270467 0.477439790 0.848781872 0.500000000 0.500000000 0.000000000 0.000000000 0.958492458 0.025569251 -0.283969074 0.455426510 -0.032004748 0.999324799 -0.018045353 0.041531289 0.283315927 0.026384693 0.958663642 -0.880155328
137303833 0.477439790 0.848781872 0.500000000 0.500000000 0.000000000 0.000000000 0.957143605 0.026029138 -0.288441628 0.450849013 -0.032694656 0.999297559 -0.018314376 0.041769964 0.287762314 0.026959989 0.957322299 -0.895412952
137337200 0.477439790 0.848781872 0.500000000 0.500000000 0.000000000 0.000000000 0.955757082 0.026188372 -0.292989016 0.446986158 -0.033063315 0.999281347 -0.018536346 0.041649964 0.292293042 0.027403433 0.955936074 -0.909833961
137370567 0.477439790 0.848781872 0.500000000 0.500000000 0.000000000 0.000000000 0.954385459 0.026193382 -0.297426194 0.442928748 -0.033255495 0.999271750 -0.018708013 0.041232062 0.296719581 0.027745711 0.954561532 -0.925017458
137403933 0.477439790 0.848781872 0.500000000 0.500000000 0.000000000 0.000000000 0.952936113 0.026460981 -0.302014232 0.439813722 -0.033846546 0.999241710 -0.019246370 0.042896125 0.301275939 0.028562699 0.953109086 -0.939740866
137437300 0.477439790 0.848781872 0.500000000 0.500000000 0.000000000 0.000000000 0.951505840 0.026348980 -0.306500167 0.436102460 -0.033997528 0.999228895 -0.019641703 0.042934835 0.305746287 0.029109444 0.951667905 -0.956395518
137470667 0.477439790 0.848781872 0.500000000 0.500000000 0.000000000 0.000000000 0.950033009 0.026581038 -0.311015636 0.432691692 -0.034464542 0.999208212 -0.019878294 0.042666009 0.310240984 0.029604048 0.950196922 -0.972968924
137504033 0.477439790 0.848781872 0.500000000 0.500000000 0.000000000 0.000000000 0.948527575 0.026652832 -0.315571010 0.429515520 -0.034830850 0.999186993 -0.020302432 0.043351611 0.314773321 0.030249022 0.948684752 -0.989543579
137537400 0.477439790 0.848781872 0.500000000 0.500000000 0.000000000 0.000000000 0.947016239 0.026669513 -0.320076555 0.426523559 -0.035114050 0.999170184 -0.020639414 0.043270395 0.319260508 0.030785043 0.947166860 -1.007402624
137570767 0.477439790 0.848781872 0.500000000 0.500000000 0.000000000 0.000000000 0.945516884 0.026578654 -0.324486375 0.423211129 -0.035304993 0.999155223 -0.021034060 0.043984713 0.323653191 0.031344049 0.945656478 -1.025336216
137604133 0.477439790 0.848781872 0.500000000 0.500000000 0.000000000 0.000000000 0.943994224 0.026576947 -0.328889817 0.420199046 -0.035480510 0.999147654 -0.021098563 0.042641043 0.328048766 0.031586103 0.944132566 -1.045052752
137637500 0.477439790 0.848781872 0.500000000 0.500000000 0.000000000 0.000000000 0.942375720 0.026538299 -0.333502173 0.418048272 -0.035885502 0.999116004 -0.021897271 0.045648851 0.332626224 0.032603350 0.942494988 -1.063429927
137670867 0.477439790 0.848781872 0.500000000 0.500000000 0.000000000 0.000000000 0.940856099 0.026284285 -0.337785333 0.415365335 -0.035868764 0.999110699 -0.022163294 0.046237370 0.336902410 0.032968413 0.940962195 -1.084221341
137704233 0.477439790 0.848781872 0.500000000 0.500000000 0.000000000 0.000000000 0.939270198 0.026327757 -0.342167109 0.412702385 -0.036192406 0.999092042 -0.022476142 0.047842587 0.341264695 0.033495020 0.939370275 -1.104081704
137737600 0.477439790 0.848781872 0.500000000 0.500000000 0.000000000 0.000000000 0.937794983 0.025947068 -0.346218616 0.409408695 -0.036082514 0.999087334 -0.022860158 0.049535182 0.345309496 0.033930581 0.937875271 -1.125251071
137770967 0.477439790 0.848781872 0.500000000 0.500000000 0.000000000 0.000000000 0.936330080 0.025791088 -0.350172520 0.406140593 -0.036210578 0.999073923 -0.023239544 0.051705897 0.349248856 0.034439832 0.936396897 -1.145821555
137804333 0.477439790 0.848781872 0.500000000 0.500000000 0.000000000 0.000000000 0.934911251 0.026013181 -0.353926927 0.403836520 -0.036822822 0.999037385 -0.023840878 0.055327177 0.352966070 0.035321694 0.934969187 -1.166778050
137837700 0.477439790 0.848781872 0.500000000 0.500000000 0.000000000 0.000000000 0.933676302 0.025966730 -0.357175469 0.399170353 -0.036847837 0.999040008 -0.023691854 0.055711186 0.356217384 0.035281666 0.933736801 -1.188610084
137871067 0.477439790 0.848781872 0.500000000 0.500000000 0.000000000 0.000000000 0.932435393 0.025969477 -0.360402286 0.395256476 -0.037020311 0.999031246 -0.023792109 0.058101599 0.359435260 0.035526808 0.932493508 -1.209364821
137904433 0.477439790 0.848781872 0.500000000 0.500000000 0.000000000 0.000000000 0.931214392 0.025917159 -0.363549322 0.390769936 -0.037082918 0.999029517 -0.023766065 0.060843932 0.362580568 0.035612769 0.931271732 -1.229936992
137937800 0.477439790 0.848781872 0.500000000 0.500000000 0.000000000 0.000000000 0.930036545 0.025728533 -0.366565228 0.385506419 -0.036935315 0.999039173 -0.023590285 0.063372527 0.365606070 0.035479028 0.930093229 -1.250901312
137971167 0.477439790 0.848781872 0.500000000 0.500000000 0.000000000 0.000000000 0.928804815 0.025567599 -0.369686306 0.380495788 -0.036817715 0.999047816 -0.023406912 0.065644354 0.368735850 0.035351455 0.928861737 -1.270759398
138004533 0.477439790 0.848781872 0.500000000 0.500000000 0.000000000 0.000000000 0.927604377 0.025464254 -0.372695148 0.374892027 -0.036708858 0.999058902 -0.023104697 0.067903127 0.371756047 0.035113234 0.927666187 -1.292015052
138037900 0.477439790 0.848781872 0.500000000 0.500000000 0.000000000 0.000000000 0.926380575 0.025462752 -0.375726908 0.368567071 -0.036629744 0.999073148 -0.022606658 0.068699155 0.374803066 0.034705151 0.926454663 -1.312529296
138071267 0.477439790 0.848781872 0.500000000 0.500000000 0.000000000 0.000000000 0.925184190 0.025200399 -0.378680885 0.362138427 -0.036383945 0.999086678 -0.022405328 0.071096029 0.377770394 0.034506958 0.925256073 -1.334344945
138104633 0.477439790 0.848781872 0.500000000 0.500000000 0.000000000 0.000000000 0.923926950 0.025313167 -0.381730646 0.356184462 -0.036393959 0.999098957 -0.021834766 0.071958100 0.380833983 0.034066416 0.924015701 -1.355667028
138138000 0.477439790 0.848781872 0.500000000 0.500000000 0.000000000 0.000000000 0.922656476 0.025504027 -0.384778678 0.349936487 -0.036601290 0.999097705 -0.021543302 0.072891728 0.383882046 0.033960462 0.922757447 -1.377179036
138171367 0.477439790 0.848781872 0.500000000 0.500000000 0.000000000 0.000000000 0.921377242 0.025874406 -0.387807250 0.343069497 -0.037200782 0.999071598 -0.021726182 0.078053854 0.386885077 0.034444742 0.921484411 -1.399304339
138204733 0.477439790 0.848781872 0.500000000 0.500000000 0.000000000 0.000000000 0.920133710 0.026100548 -0.390733510 0.336090463 -0.037431058 0.999069870 -0.021409241 0.079368724 0.389811277 0.034324933 0.920254827 -1.423262777
138238100 0.477439790 0.848781872 0.500000000 0.500000000 0.000000000 0.000000000 0.918939531 0.026345551 -0.393517464 0.327965609 -0.037781872 0.999058068 -0.021342177 0.082837542 0.392584532 0.034479998 0.919069350 -1.447695819
138271467 0.477439790 0.848781872 0.500000000 0.500000000 0.000000000 0.000000000 0.917555451 0.026788773 -0.396704406 0.322485582 -0.038195260 0.999052167 -0.020879248 0.083547668 0.395769060 0.034310095 0.917708933 -1.470941956
138304833 0.477439790 0.848781872 0.500000000 0.500000000 0.000000000 0.000000000 0.916316450 0.027216358 -0.399529070 0.314179715 -0.038698565 0.999036491 -0.020699361 0.086752872 0.398580760 0.034428366 0.916486800 -1.495660984
138338200 0.477439790 0.848781872 0.500000000 0.500000000 0.000000000 0.000000000 0.915101826 0.027448151 -0.402287453 0.306633703 -0.039074138 0.999021471 -0.020720320 0.090564348 0.401325077 0.034680240 0.915278912 -1.522026028
138371567 0.477439790 0.848781872 0.500000000 0.500000000 0.000000000 0.000000000 0.913887501 0.027900612 -0.405007601 0.298379529 -0.039407387 0.999021053 -0.020099927 0.092208365 0.404050320 0.034329366 0.914092362 -1.546691360
138404933 0.477439790 0.848781872 0.500000000 0.500000000 0.000000000 0.000000000 0.912634790 0.027880913 -0.407823980 0.291446940 -0.039315838 0.999032974 -0.019682631 0.094205356 0.406880856 0.033996996 0.912848413 -1.571177284
138438300 0.477439790 0.848781872 0.500000000 0.500000000 0.000000000 0.000000000 0.911423504 0.028314296 -0.410494208 0.284111615 -0.039781567 0.999019682 -0.019418830 0.097566569 0.409541965 0.034028880 0.911656439 -1.596436698
138471667 0.477439790 0.848781872 0.500000000 0.500000000 0.000000000 0.000000000 0.910151839 0.028722771 -0.413277954 0.278891734 -0.040208917 0.999008358 -0.019120138 0.102495761 0.412318945 0.034019686 0.910404146 -1.622368270
138505033 0.477439790 0.848781872 0.500000000 0.500000000 0.000000000 0.000000000 0.909047127 0.028501734 -0.415717393 0.271181724 -0.039916374 0.999026299 -0.018791331 0.105919467 0.414777040 0.033676136 0.909299672 -1.648105228
138538400 0.477439790 0.848781872 0.500000000 0.500000000 0.000000000 0.000000000 0.907861650 0.028580373 -0.418294638 0.265613990 -0.039801355 0.999043226 -0.018123813 0.107727708 0.417376459 0.033102609 0.908130586 -1.674704657
138571767 0.477439790 0.848781872 0.500000000 0.500000000 0.000000000 0.000000000 0.906688452 0.028572913 -0.420832038 0.259751450 -0.039761223 0.999050021 -0.017834362 0.112316117 0.419922680 0.032903008 0.906963229 -1.699788893
138605133 0.477439790 0.848781872 0.500000000 0.500000000 0.000000000 0.000000000 0.905683637 0.028300172 -0.423008531 0.253883665 -0.039471038 0.999064445 -0.017670039 0.116337066 0.422112703 0.032700051 0.905953407 -1.726604147
138638500 0.477439790 0.848781872 0.500000000 0.500000000 0.000000000 0.000000000 0.904652655 0.028399566 -0.425202370 0.249432329 -0.039584260 0.999063134 -0.017490607 0.121831389 0.424307287 0.032654244 0.904929280 -1.754060858
138671867 0.477439790 0.848781872 0.500000000 0.500000000 0.000000000 0.000000000 0.903845727 0.028127810 -0.426932991 0.243225287 -0.039219834 0.999082446 -0.017208032 0.126615454 0.426057220 0.032297648 0.904119551 -1.781863202
138705233 0.477439790 0.848781872 0.500000000 0.500000000 0.000000000 0.000000000 0.903110147 0.028466312 -0.428464442 0.237136790 -0.039421532 0.999082863 -0.016714992 0.130337014 0.427595645 0.031986203 0.903404057 -1.808974988
138738600 0.477439790 0.848781872 0.500000000 0.500000000 0.000000000 0.000000000 0.902321696 0.028569371 -0.430115551 0.231913834 -0.039580844 0.999077260 -0.016673762 0.136446226 0.429242313 0.032069433 0.902619839 -1.836899945
138771967 0.477439790 0.848781872 0.500000000 0.500000000 0.000000000 0.000000000 0.901677728 0.028441122 -0.431472391 0.225958468 -0.039093032 0.999110043 -0.015837640 0.139106928 0.430637956 0.031148009 0.901987135 -1.866246924
138805333 0.477439790 0.848781872 0.500000000 0.500000000 0.000000000 0.000000000 0.900938570 0.028657520 -0.432999313 0.220382898 -0.039265044 0.999107480 -0.015573817 0.144968473 0.432166547 0.031032789 0.901259720 -1.893619537
138838700 0.477439790 0.848781872 0.500000000 0.500000000 0.000000000 0.000000000 0.900185525 0.028692720 -0.434560448 0.216035159 -0.039058417 0.999125242 -0.014939696 0.149716929 0.433751643 0.030421741 0.900518775 -1.922540498
138872067 0.477439790 0.848781872 0.500000000 0.500000000 0.000000000 0.000000000 0.899447322 0.028923573 -0.436071038 0.210840912 -0.039260212 0.999120772 -0.014709416 0.157680860 0.435262173 0.030350585 0.899792016 -1.950495002
138905433 0.477439790 0.848781872 0.500000000 0.500000000 0.000000000 0.000000000 0.898785233 0.029249121 -0.437412351 0.206522432 -0.039572891 0.999111414 -0.014504393 0.167334290 0.436599404 0.030346004 0.899144053 -1.978877985
138938800 0.477439790 0.848781872 0.500000000 0.500000000 0.000000000 0.000000000 0.898233533 0.029609825 -0.438519955 0.201182374 -0.039719943 0.999114215 -0.013897172 0.176320663 0.437720031 0.029900894 0.898613989 -2.008170585
138972167 0.477439790 0.848781872 0.500000000 0.500000000 0.000000000 0.000000000 0.897767842 0.030167269 -0.439434618 0.195176295 -0.040081557 0.999107897 -0.013297946 0.186742189 0.438641459 0.029551694 0.898176134 -2.035607122
139005533 0.477439790 0.848781872 0.500000000 0.500000000 0.000000000 0.000000000 0.897394180 0.030679738 -0.440161884 0.188929722 -0.040255945 0.999112010 -0.012433955 0.196124747 0.439389557 0.028877292 0.897832334 -2.064369813
139038900 0.477439790 0.848781872 0.500000000 0.500000000 0.000000000 0.000000000 0.897101164 0.031245274 -0.440719038 0.182063734 -0.040493213 0.999112546 -0.011592334 0.208257780 0.439965695 0.028245626 0.897570252 -2.092075112
139072267 0.477439790 0.848781872 0.500000000 0.500000000 0.000000000 0.000000000 0.896729290 0.031937882 -0.441425622 0.175976634 -0.041173104 0.999087512 -0.011354998 0.223921501 0.440660179 0.028357221 0.897225976 -2.118173516
139105633 0.477439790 0.848781872 0.500000000 0.500000000 0.000000000 0.000000000 0.896466970 0.032800496 -0.441894889 0.169100972 -0.041886300 0.999063849 -0.010816817 0.240240178 0.441126406 0.028206261 0.897001624 -2.142788253
139139000 0.477439790 0.848781872 0.500000000 0.500000000 0.000000000 0.000000000 0.896642983 0.032924272 -0.441528440 0.157334380 -0.041017190 0.999119759 -0.008793282 0.248657048 0.440850288 0.025994692 0.897204161 -2.168215543
