https://www.youtube.com/watch?v=T0tHOQZfAek
162362200 0.467628643 0.831339832 0.500000000 0.500000000 0.000000000 0.000000000 0.999959826 -0.005268050 -0.007249147 0.377473005 0.004952498 0.999067962 -0.042879704 0.033158699 0.007468283 0.042842083 0.999053955 -0.808240582
162395567 0.467628643 0.831339832 0.500000000 0.500000000 0.000000000 0.000000000 0.999960244 -0.005226737 -0.007227941 0.374587437 0.004905747 0.999031067 -0.043735884 0.042679342 0.007449534 0.043698687 0.999017000 -0.803679996
162428933 0.467628643 0.831339832 0.500000000 0.500000000 0.000000000 0.000000000 0.999962747 -0.005216338 -0.006875034 0.370946676 0.004905380 0.998997509 -0.044496000 0.051816552 0.007100248 0.044460617 0.998985887 -0.799390186
162462300 0.467628643 0.831339832 0.500000000 0.500000000 0.000000000 0.000000000 0.999964654 -0.005081960 -0.006693650 0.366824200 0.004772211 0.998952687 -0.045505017 0.061955180 0.006917894 0.045471467 0.998941660 -0.793612752
162495667 0.467628643 0.831339832 0.500000000 0.500000000 0.000000000 0.000000000 0.999965072 -0.004997772 -0.006696881 0.362303865 0.004682067 0.998914003 -0.046356089 0.071864965 0.006921285 0.046323117 0.998902559 -0.788983799
162529033 0.467628643 0.831339832 0.500000000 0.500000000 0.000000000 0.000000000 0.999965906 -0.004780018 -0.006731186 0.358847242 0.004455904 0.998867512 -0.047369402 0.083238602 0.006949990 0.047337793 0.998854756 -0.783847988
162562400 0.467628643 0.831339832 0.500000000 0.500000000 0.000000000 0.000000000 0.999966264 -0.004777020 -0.006681862 0.354256947 0.004451520 0.998841822 -0.047908485 0.093576864 0.006902983 0.047877125 0.998829365 -0.777867453
162595767 0.467628643 0.831339832 0.500000000 0.500000000 0.000000000 0.000000000 0.999967694 -0.004477972 -0.006672774 0.350625008 0.004149660 0.998818040 -0.048428621 0.104893980 0.006881748 0.048399370 0.998804331 -0.772037724
162629133 0.467628643 0.831339832 0.500000000 0.500000000 0.000000000 0.000000000 0.999969780 -0.004298721 -0.006476135 0.347848936 0.003977315 0.998798192 -0.048850242 0.116562859 0.006678346 0.048823010 0.998785138 -0.766225567
162662500 0.467628643 0.831339832 0.500000000 0.500000000 0.000000000 0.000000000 0.999972463 -0.004087860 -0.006198348 0.343490959 0.003776719 0.998771727 -0.049404129 0.128943463 0.006392692 0.049379356 0.998759627 -0.759053953
162695867 0.467628643 0.831339832 0.500000000 0.500000000 0.000000000 0.000000000 0.999972582 -0.003936168 -0.006268003 0.340049699 0.003617274 0.998737693 -0.050099507 0.142531295 0.006457291 0.050075464 0.998724580 -0.752566367
162729233 0.467628643 0.831339832 0.500000000 0.500000000 0.000000000 0.000000000 0.999971747 -0.003929846 -0.006403421 0.337614249 0.003602174 0.998722434 -0.050403249 0.154168683 0.006593317 0.050378758 0.998708427 -0.745994665
162762600 0.467628643 0.831339832 0.500000000 0.500000000 0.000000000 0.000000000 0.999972641 -0.003944428 -0.006252893 0.336053624 0.003619769 0.998686552 -0.051108696 0.168231696 0.006446275 0.051084664 0.998673499 -0.739774096
162795967 0.467628643 0.831339832 0.500000000 0.500000000 0.000000000 0.000000000 0.999973953 -0.003965485 -0.006031081 0.334372475 0.003651162 0.998678446 -0.051264081 0.180222469 0.006226397 0.051240724 0.998666942 -0.733071780
162829333 0.467628643 0.831339832 0.500000000 0.500000000 0.000000000 0.000000000 0.999972343 -0.004050979 -0.006236560 0.334281423 0.003723559 0.998658538 -0.051645286 0.194461378 0.006437408 0.051620636 0.998646021 -0.726346933
162862700 0.467628643 0.831339832 0.500000000 0.500000000 0.000000000 0.000000000 0.999971569 -0.004105829 -0.006328802 0.334145449 0.003772517 0.998650014 -0.051806960 0.208272265 0.006532968 0.051781613 0.998637080 -0.720074164
162896067 0.467628643 0.831339832 0.500000000 0.500000000 0.000000000 0.000000000 0.999973655 -0.004205328 -0.005918924 0.332314531 0.003893372 0.998651743 -0.051764309 0.220862754 0.006128630 0.051739901 0.998641789 -0.713065629
162929433 0.467628643 0.831339832 0.500000000 0.500000000 0.000000000 0.000000000 0.999974012 -0.004415943 -0.005695245 0.332795660 0.004112769 0.998628795 -0.052188247 0.236054456 0.005917896 0.052163467 0.998621047 -0.705878750
162962800 0.467628643 0.831339832 0.500000000 0.500000000 0.000000000 0.000000000 0.999975979 -0.004483748 -0.005285625 0.332451911 0.004201353 0.998623669 -0.052278664 0.249939849 0.005512754 0.052255202 0.998618543 -0.699113202
162996167 0.467628643 0.831339832 0.500000000 0.500000000 0.000000000 0.000000000 0.999977946 -0.004715854 -0.004673573 0.330732345 0.004467169 0.998644173 -0.051863890 0.261445875 0.004911819 0.051841870 0.998643219 -0.692247065
163029533 0.467628643 0.831339832 0.500000000 0.500000000 0.000000000 0.000000000 0.999981523 -0.004770119 -0.003769100 0.329091880 0.004567752 0.998637199 -0.051988661 0.275412273 0.004011956 0.051970486 0.998640537 -0.684993036
163062900 0.467628643 0.831339832 0.500000000 0.500000000 0.000000000 0.000000000 0.999983847 -0.004823782 -0.003002582 0.327557574 0.004660749 0.998629868 -0.052121233 0.289001627 0.003249890 0.052106395 0.998636246 -0.677899019
163096267 0.467628643 0.831339832 0.500000000 0.500000000 0.000000000 0.000000000 0.999984860 -0.005055691 -0.002173583 0.325342577 0.004935593 0.998629689 -0.052100170 0.301919243 0.002434007 0.052088656 0.998639524 -0.670638644
163129633 0.467628643 0.831339832 0.500000000 0.500000000 0.000000000 0.000000000 0.999985695 -0.005214132 -0.001198120 0.323078976 0.005144740 0.998632431 -0.052027401 0.314051924 0.001467760 0.052020494 0.998644948 -0.663285734
163163000 0.467628643 0.831339832 0.500000000 0.500000000 0.000000000 0.000000000 0.999985278 -0.005423504 -0.000079217 0.320903696 0.005411952 0.998618662 -0.052264020 0.327538000 0.000362561 0.052262824 0.998633325 -0.656215458
163196367 0.467628643 0.831339832 0.500000000 0.500000000 0.000000000 0.000000000 0.999983490 -0.005569510 0.001415747 0.318259357 0.005635946 0.998615026 -0.052309167 0.339902816 -0.001122449 0.052316282 0.998629928 -0.648593088
163229733 0.467628643 0.831339832 0.500000000 0.500000000 0.000000000 0.000000000 0.999978662 -0.005724285 0.003142828 0.314190692 0.005880272 0.998624682 -0.052097585 0.351095787 -0.002840284 0.052114956 0.998637080 -0.641136903
163263100 0.467628643 0.831339832 0.500000000 0.500000000 0.000000000 0.000000000 0.999970376 -0.006000273 0.004823497 0.311581428 0.006243541 0.998621821 -0.052110109 0.363028221 -0.004504175 0.052138682 0.998629689 -0.632766953
163296467 0.467628643 0.831339832 0.500000000 0.500000000 0.000000000 0.000000000 0.999958575 -0.006014728 0.006830297 0.307508728 0.006362588 0.998621404 -0.052104391 0.374732812 -0.006507488 0.052145690 0.998618305 -0.624055577
163329833 0.467628643 0.831339832 0.500000000 0.500000000 0.000000000 0.000000000 0.999942958 -0.006152365 0.008729969 0.303022440 0.006596511 0.998636007 -0.051794104 0.384652196 -0.008399406 0.051848739 0.998619616 -0.614965505
163363200 0.467628643 0.831339832 0.500000000 0.500000000 0.000000000 0.000000000 0.999924541 -0.006254362 0.010573581 0.299387444 0.006795710 0.998625934 -0.051962398 0.396258839 -0.010234061 0.052030332 0.998593092 -0.605091022
163396567 0.467628643 0.831339832 0.500000000 0.500000000 0.000000000 0.000000000 0.999904871 -0.005964565 0.012437858 0.296264267 0.006602354 0.998631299 -0.051883873 0.406290950 -0.012111370 0.051961057 0.998575687 -0.595397796
163429933 0.467628643 0.831339832 0.500000000 0.500000000 0.000000000 0.000000000 0.999870002 -0.006008955 0.014962693 0.289540809 0.006774719 0.998641491 -0.051664926 0.415125304 -0.014631914 0.051759578 0.998552382 -0.584665535
163463300 0.467628643 0.831339832 0.500000000 0.500000000 0.000000000 0.000000000 0.999836385 -0.005945708 0.017082773 0.284359456 0.006818390 0.998650253 -0.051490042 0.423839457 -0.016753571 0.051598094 0.998527408 -0.572957446
163496667 0.467628643 0.831339832 0.500000000 0.500000000 0.000000000 0.000000000 0.999802887 -0.006097101 0.018895574 0.280345782 0.007060044 0.998657286 -0.051320914 0.433044355 -0.018557293 0.051444199 0.998503447 -0.561079492
163530033 0.467628643 0.831339832 0.500000000 0.500000000 0.000000000 0.000000000 0.999762237 -0.006271510 0.020884583 0.275126737 0.007330758 0.998669982 -0.051035039 0.441418430 -0.020536739 0.051176004 0.998478472 -0.548265519
163563400 0.467628643 0.831339832 0.500000000 0.500000000 0.000000000 0.000000000 0.999716520 -0.006290081 0.022962231 0.269403542 0.007450133 0.998681605 -0.050789155 0.449579714 -0.022612492 0.050945830 0.998445392 -0.535200633
163596767 0.467628643 0.831339832 0.500000000 0.500000000 0.000000000 0.000000000 0.999658823 -0.006446202 0.025310999 0.263428522 0.007724633 0.998682022 -0.050740480 0.457955972 -0.024950555 0.050918687 0.998391092 -0.520803692
163630133 0.467628643 0.831339832 0.500000000 0.500000000 0.000000000 0.000000000 0.999605477 -0.006518750 0.027321175 0.257291376 0.007899101 0.998681486 -0.050723661 0.467220284 -0.026954496 0.050919462 0.998338938 -0.506690762
163663500 0.467628643 0.831339832 0.500000000 0.500000000 0.000000000 0.000000000 0.999554157 -0.006616196 0.029115811 0.253490852 0.008080094 0.998693824 -0.050451539 0.475388759 -0.028743982 0.050664302 0.998302042 -0.491042928
163696867 0.467628643 0.831339832 0.500000000 0.500000000 0.000000000 0.000000000 0.999482453 -0.006551049 0.031494226 0.245576154 0.008124335 0.998711705 -0.050089225 0.482566243 -0.031125514 0.050319172 0.998248041 -0.474831882
163730233 0.467628643 0.831339832 0.500000000 0.500000000 0.000000000 0.000000000 0.999425948 -0.006600051 0.033230234 0.242362819 0.008256688 0.998716831 -0.049965519 0.490817789 -0.032857820 0.050211210 0.998197973 -0.459134668
163763600 0.467628643 0.831339832 0.500000000 0.500000000 0.000000000 0.000000000 0.999317884 -0.006885454 0.036280919 0.238549426 0.008699482 0.998707235 -0.050081305 0.499433764 -0.035889186 0.050362770 0.998085976 -0.442613321
163796967 0.467628643 0.831339832 0.500000000 0.500000000 0.000000000 0.000000000 0.999191821 -0.006893512 0.039600231 0.229466327 0.008860203 0.998724639 -0.049704820 0.503964813 -0.039207086 0.050015513 0.997978568 -0.425221320
163830333 0.467628643 0.831339832 0.500000000 0.500000000 0.000000000 0.000000000 0.999115407 -0.007245230 0.041423470 0.225130982 0.009318444 0.998701870 -0.050077308 0.511652343 -0.041006874 0.050419010 0.997885942 -0.408881895
163863700 0.467628643 0.831339832 0.500000000 0.500000000 0.000000000 0.000000000 0.998998761 -0.007369075 0.044126384 0.220892668 0.009580592 0.998697340 -0.050117947 0.518976535 -0.043699581 0.050490525 0.997768044 -0.391839367
163897067 0.467628643 0.831339832 0.500000000 0.500000000 0.000000000 0.000000000 0.998839557 -0.007436556 0.047584422 0.212635055 0.009803320 0.998716116 -0.049699791 0.524578168 -0.047153734 0.050108600 0.997630000 -0.375206897
163930433 0.467628643 0.831339832 0.500000000 0.500000000 0.000000000 0.000000000 0.998684585 -0.007883397 0.050665163 0.205911958 0.010386473 0.998728395 -0.049332473 0.530027945 -0.050211828 0.049793813 0.997496545 -0.358697791
163963800 0.467628643 0.831339832 0.500000000 0.500000000 0.000000000 0.000000000 0.998530567 -0.008188323 0.053569432 0.199573535 0.010828098 0.998731494 -0.049174521 0.535531413 -0.053098824 0.049682319 0.997352600 -0.340844385
163997167 0.467628643 0.831339832 0.500000000 0.500000000 0.000000000 0.000000000 0.998330355 -0.008590308 0.057120532 0.190937629 0.011358081 0.998767912 -0.048308261 0.536103882 -0.056635171 0.048876379 0.997197866 -0.324780692
164030533 0.467628643 0.831339832 0.500000000 0.500000000 0.000000000 0.000000000 0.998102963 -0.008737017 0.060943585 0.183259303 0.011687858 0.998767793 -0.048232049 0.540734024 -0.060447086 0.048852850 0.996975183 -0.307119718
164063900 0.467628643 0.831339832 0.500000000 0.500000000 0.000000000 0.000000000 0.997872293 -0.008910738 0.064587042 0.175592130 0.012034075 0.998768508 -0.048132036 0.543608211 -0.064078607 0.048806872 0.996750653 -0.289242022
164097267 0.467628643 0.831339832 0.500000000 0.500000000 0.000000000 0.000000000 0.997627974 -0.009147333 0.068225510 0.168290870 0.012439888 0.998770237 -0.047992267 0.545445549 -0.067702606 0.048727147 0.996514916 -0.271798839
164130633 0.467628643 0.831339832 0.500000000 0.500000000 0.000000000 0.000000000 0.997334838 -0.008980774 0.072405860 0.160028275 0.012507203 0.998749793 -0.048398323 0.549245202 -0.071880683 0.049174927 0.996200264 -0.252671159
164164000 0.467628643 0.831339832 0.500000000 0.500000000 0.000000000 0.000000000 0.996991813 -0.009059099 0.076975718 0.150888440 0.012801440 0.998752594 -0.048263688 0.550988300 -0.076442473 0.049103905 0.995864153 -0.234321847
164197367 0.467628643 0.831339832 0.500000000 0.500000000 0.000000000 0.000000000 0.996606052 -0.009126604 0.081811123 0.140340713 0.013113760 0.998745203 -0.048332084 0.554272868 -0.081267357 0.049240902 0.995475233 -0.214205760
164230733 0.467628643 0.831339832 0.500000000 0.500000000 0.000000000 0.000000000 0.996272802 -0.009349117 0.085750341 0.131826808 0.013480235 0.998769581 -0.047724333 0.554829725 -0.085198648 0.048702389 0.995172977 -0.194969125
164264100 0.467628643 0.831339832 0.500000000 0.500000000 0.000000000 0.000000000 0.995845377 -0.009647162 0.090547867 0.122368333 0.014020207 0.998759270 -0.047784299 0.557812488 -0.089974537 0.048855271 0.994745076 -0.174719383
164297467 0.467628643 0.831339832 0.500000000 0.500000000 0.000000000 0.000000000 0.995395243 -0.009766903 0.095356852 0.112979296 0.014297927 0.998794913 -0.046949495 0.555730275 -0.094783388 0.048096709 0.994335353 -0.154525984
164330833 0.467628643 0.831339832 0.500000000 0.500000000 0.000000000 0.000000000 0.994970858 -0.009837842 0.099680319 0.105057912 0.014613007 0.998774350 -0.047288496 0.559776175 -0.099092938 0.048507307 0.993895173 -0.133651167
164364200 0.467628643 0.831339832 0.500000000 0.500000000 0.000000000 0.000000000 0.994493365 -0.010028644 0.104318500 0.094765969 0.015012021 0.998777568 -0.047095880 0.560183765 -0.103718668 0.048402574 0.993428230 -0.112695379
164397567 0.467628643 0.831339832 0.500000000 0.500000000 0.000000000 0.000000000 0.994007289 -0.009969913 0.108858041 0.085426611 0.015155244 0.998784125 -0.046910938 0.560008275 -0.108257979 0.048279587 0.992949784 -0.091704874
164430933 0.467628643 0.831339832 0.500000000 0.500000000 0.000000000 0.000000000 0.993502021 -0.010094053 0.113365836 0.076979980 0.015464475 0.998794198 -0.046593454 0.558203060 -0.112758823 0.048043836 0.992460191 -0.069796341
164464300 0.467628643 0.831339832 0.500000000 0.500000000 0.000000000 0.000000000 0.992947876 -0.010459164 0.118089408 0.068055701 0.016054483 0.998787820 -0.046530668 0.556317378 -0.117459595 0.048098393 0.991912186 -0.048125540
164497667 0.467628643 0.831339832 0.500000000 0.500000000 0.000000000 0.000000000 0.992444336 -0.010871293 0.122213319 0.060177229 0.016669193 0.998778343 -0.046518944 0.554344076 -0.121558294 0.048204660 0.991413057 -0.025297678
164531033 0.467628643 0.831339832 0.500000000 0.500000000 0.000000000 0.000000000 0.991970420 -0.011375003 0.125957623 0.051972237 0.017350037 0.998770297 -0.046441872 0.552475716 -0.125274450 0.048254333 0.990947962 -0.002713871
164564400 0.467628643 0.831339832 0.500000000 0.500000000 0.000000000 0.000000000 0.991502523 -0.011764630 0.129554540 0.044037866 0.017880768 0.998774588 -0.046147458 0.550740242 -0.128852874 0.048071858 0.990497887 0.019629785
164597767 0.467628643 0.831339832 0.500000000 0.500000000 0.000000000 0.000000000 0.991007507 -0.012004721 0.133266568 0.035952089 0.018199017 0.998804927 -0.045360126 0.546490785 -0.132562757 0.047377545 0.990041673 0.042653128
164631133 0.467628643 0.831339832 0.500000000 0.500000000 0.000000000 0.000000000 0.990491390 -0.012277722 0.137025610 0.027083305 0.018591225 0.998818874 -0.044891085 0.543471028 -0.136312604 0.047011711 0.989549756 0.065363989
164664500 0.467628643 0.831339832 0.500000000 0.500000000 0.000000000 0.000000000 0.990046442 -0.012357078 0.140197456 0.018645785 0.018834459 0.998810828 -0.044969469 0.542327250 -0.139475048 0.047162406 0.989101827 0.089711650
164697867 0.467628643 0.831339832 0.500000000 0.500000000 0.000000000 0.000000000 0.989630282 -0.012549866 0.143088743 0.011535125 0.019124344 0.998818994 -0.044664491 0.538054548 -0.142359212 0.046937812 0.988701522 0.113821402
164731233 0.467628643 0.831339832 0.500000000 0.500000000 0.000000000 0.000000000 0.989268422 -0.012577991 0.145567134 0.005636257 0.019310715 0.998803437 -0.044931427 0.537443922 -0.144827813 0.047260243 0.988327563 0.138317338
164764600 0.467628643 0.831339832 0.500000000 0.500000000 0.000000000 0.000000000 0.988957226 -0.012691952 0.147656679 -0.002369078 0.019526806 0.998799205 -0.044931691 0.537887971 -0.146909103 0.047318783 0.988017559 0.163544386
164797967 0.467628643 0.831339832 0.500000000 0.500000000 0.000000000 0.000000000 0.988635421 -0.012980468 0.149771467 -0.007638680 0.019717792 0.998855054 -0.043587089 0.531709819 -0.149034202 0.046044901 0.987759411 0.187055044
164831333 0.467628643 0.831339832 0.500000000 0.500000000 0.000000000 0.000000000 0.988274753 -0.013361825 0.152100027 -0.013923202 0.020277163 0.998825490 -0.044005767 0.534751763 -0.151333377 0.046573944 0.987384975 0.213505928
164864700 0.467628643 0.831339832 0.500000000 0.500000000 0.000000000 0.000000000 0.988090217 -0.013244984 0.153304607 -0.018940705 0.020320136 0.998794854 -0.044676460 0.538523026 -0.152528107 0.047259543 0.987168550 0.239005919
164898067 0.467628643 0.831339832 0.500000000 0.500000000 0.000000000 0.000000000 0.987797320 -0.013511871 0.155157655 -0.021690580 0.020648019 0.998797178 -0.044473730 0.538617709 -0.154370099 0.047134727 0.986888111 0.264402974
164931433 0.467628643 0.831339832 0.500000000 0.500000000 0.000000000 0.000000000 0.987547994 -0.013653821 0.156724527 -0.022996412 0.020767681 0.998822510 -0.043843415 0.538994817 -0.155941352 0.046552282 0.986668706 0.288555634
164964800 0.467628643 0.831339832 0.500000000 0.500000000 0.000000000 0.000000000 0.987296402 -0.014133467 0.158259436 -0.025503986 0.020962527 0.998915851 -0.041565176 0.531782683 -0.157500416 0.044354666 0.986522317 0.309226012
164998167 0.467628643 0.831339832 0.500000000 0.500000000 0.000000000 0.000000000 0.987153828 -0.014300431 0.159131408 -0.027636033 0.021185501 0.998907447 -0.041654509 0.536432361 -0.158361882 0.044490688 0.986378253 0.334947539
165031533 0.467628643 0.831339832 0.500000000 0.500000000 0.000000000 0.000000000 0.986988246 -0.014508027 0.160136595 -0.029449918 0.021451212 0.998899281 -0.041714627 0.539509834 -0.159355134 0.044606969 0.986213028 0.362274425
165064900 0.467628643 0.831339832 0.500000000 0.500000000 0.000000000 0.000000000 0.986848235 -0.014743202 0.160975888 -0.028627564 0.021638451 0.998917997 -0.041165274 0.535158166 -0.160194814 0.044107143 0.986099482 0.387020469
165098267 0.467628643 0.831339832 0.500000000 0.500000000 0.000000000 0.000000000 0.986794531 -0.014906712 0.161289513 -0.027559021 0.021847460 0.998906016 -0.041345224 0.532157875 -0.160496742 0.044323009 0.986040711 0.413285531
165131633 0.467628643 0.831339832 0.500000000 0.500000000 0.000000000 0.000000000 0.986618459 -0.014984511 0.162356049 -0.027212047 0.022148751 0.998854876 -0.042406887 0.532126465 -0.161534697 0.045435403 0.985820532 0.441666410
165165000 0.467628643 0.831339832 0.500000000 0.500000000 0.000000000 0.000000000 0.986456692 -0.015199973 0.163316175 -0.027297330 0.022467416 0.998833358 -0.042744640 0.529640840 -0.162475929 0.045835029 0.985647380 0.467778681
165198367 0.467628643 0.831339832 0.500000000 0.500000000 0.000000000 0.000000000 0.986365020 -0.015326922 0.163857147 -0.026901617 0.022613488 0.998832166 -0.042696524 0.527968425 -0.163011387 0.045819741 0.985559642 0.495092308
165231733 0.467628643 0.831339832 0.500000000 0.500000000 0.000000000 0.000000000 0.986351788 -0.015945576 0.163877517 -0.024195909 0.023178590 0.998835206 -0.042319667 0.526753960 -0.163011819 0.045540530 0.985572517 0.522034065
165265100 0.467628643 0.831339832 0.500000000 0.500000000 0.000000000 0.000000000 0.986320376 -0.016217286 0.164040148 -0.021806307 0.023321575 0.998867333 -0.041475371 0.523173167 -0.163181722 0.044733677 0.985581338 0.548814653
165298467 0.467628643 0.831339832 0.500000000 0.500000000 0.000000000 0.000000000 0.986233413 -0.016320506 0.164551705 -0.019538176 0.023362806 0.998887897 -0.040952630 0.520536241 -0.163700342 0.044233240 0.985517919 0.574655705
165331833 0.467628643 0.831339832 0.500000000 0.500000000 0.000000000 0.000000000 0.986213982 -0.016813995 0.164618522 -0.015559838 0.023853697 0.998879254 -0.040880553 0.519869248 -0.163746670 0.044243734 0.985509753 0.602291495
165365200 0.467628643 0.831339832 0.500000000 0.500000000 0.000000000 0.000000000 0.986169040 -0.016913723 0.164877236 -0.012655831 0.023956897 0.998879135 -0.040823013 0.517088000 -0.164001957 0.044208337 0.985468924 0.629154351
165398567 0.467628643 0.831339832 0.500000000 0.500000000 0.000000000 0.000000000 0.986152470 -0.017102771 0.164957061 -0.008382941 0.024178319 0.998867333 -0.040981025 0.514589233 -0.164069340 0.044401925 0.985449016 0.656708051
165431933 0.467628643 0.831339832 0.500000000 0.500000000 0.000000000 0.000000000 0.986078680 -0.017195947 0.165387809 -0.004400235 0.024361039 0.998845935 -0.041392393 0.512750478 -0.164485157 0.044845175 0.985359609 0.685028492
165465300 0.467628643 0.831339832 0.500000000 0.500000000 0.000000000 0.000000000 0.986036718 -0.017493291 0.165606648 -0.001008479 0.024512619 0.998881340 -0.040436894 0.510235144 -0.164714023 0.043931715 0.985362530 0.711533894
165498667 0.467628643 0.831339832 0.500000000 0.500000000 0.000000000 0.000000000 0.986055970 -0.017430793 0.165498450 0.003590771 0.024044432 0.998986781 -0.038042799 0.509124248 -0.164667651 0.041491646 0.985476017 0.738753665
165532033 0.467628643 0.831339832 0.500000000 0.500000000 0.000000000 0.000000000 0.986039162 -0.017667430 0.165573597 0.007230166 0.023775471 0.999105155 -0.034980979 0.508286424 -0.164807409 0.038429204 0.985576868 0.768255625
165565400 0.467628643 0.831339832 0.500000000 0.500000000 0.000000000 0.000000000 0.986010075 -0.017786898 0.165733919 0.012151770 0.023481129 0.999197125 -0.032461740 0.507668898 -0.165023461 0.035899226 0.985636115 0.799043340
165598767 0.467628643 0.831339832 0.500000000 0.500000000 0.000000000 0.000000000 0.986018360 -0.018063668 0.165654600 0.016854324 0.023474241 0.999251068 -0.030762160 0.505827091 -0.164974853 0.034220669 0.985703945 0.828416195
165632133 0.467628643 0.831339832 0.500000000 0.500000000 0.000000000 0.000000000 0.986033976 -0.018276339 0.165538445 0.020987793 0.023591600 0.999265432 -0.030199664 0.503685018 -0.164864913 0.033683211 0.985740840 0.860552701
165665500 0.467628643 0.831339832 0.500000000 0.500000000 0.000000000 0.000000000 0.986021757 -0.018078681 0.165632874 0.023237414 0.023309071 0.999287367 -0.029688874 0.502543455 -0.164978102 0.033134624 0.985740483 0.887642234
165698867 0.467628643 0.831339832 0.500000000 0.500000000 0.000000000 0.000000000 0.986056685 -0.018032329 0.165429845 0.027688535 0.023068985 0.999325395 -0.028575035 0.502198747 -0.164802983 0.031992901 0.985807478 0.915146008
165732233 0.467628643 0.831339832 0.500000000 0.500000000 0.000000000 0.000000000 0.985951662 -0.018033011 0.166054636 0.031290820 0.022736942 0.999391019 -0.026470192 0.502433255 -0.165476173 0.029873904 0.985761225 0.944785509
165765600 0.467628643 0.831339832 0.500000000 0.500000000 0.000000000 0.000000000 0.985949636 -0.018080352 0.166061416 0.033815413 0.022406161 0.999455690 -0.024212943 0.502718500 -0.165533260 0.027593542 0.985818088 0.971991063
165798967 0.467628643 0.831339832 0.500000000 0.500000000 0.000000000 0.000000000 0.985983610 -0.018394824 0.165825158 0.037657679 0.022458376 0.999490857 -0.022663221 0.503164415 -0.165323839 0.026069727 0.985894740 1.001577510
165832333 0.467628643 0.831339832 0.500000000 0.500000000 0.000000000 0.000000000 0.985975146 -0.018619142 0.165850326 0.040487414 0.022582527 0.999501944 -0.022043619 0.501930554 -0.165357292 0.025479779 0.985904515 1.030529187
165865700 0.467628643 0.831339832 0.500000000 0.500000000 0.000000000 0.000000000 0.986018658 -0.018754991 0.165576100 0.043955465 0.022700459 0.999500930 -0.021968424 0.500459890 -0.165081441 0.025419930 0.985952318 1.058667310
165899067 0.467628643 0.831339832 0.500000000 0.500000000 0.000000000 0.000000000 0.986035407 -0.018703226 0.165482223 0.047091304 0.022541389 0.999517977 -0.021346077 0.498608409 -0.165003210 0.024778187 0.985981762 1.087560268
165932433 0.467628643 0.831339832 0.500000000 0.500000000 0.000000000 0.000000000 0.986001015 -0.018678088 0.165689692 0.048804138 0.022283580 0.999553084 -0.019928170 0.496804960 -0.165243432 0.023341358 0.985976577 1.113873052
165965800 0.467628643 0.831339832 0.500000000 0.500000000 0.000000000 0.000000000 0.985979438 -0.018457104 0.165842816 0.052610583 0.021799484 0.999593854 -0.018356156 0.496942341 -0.165436655 0.021714080 0.985981345 1.141574972
165999167 0.467628643 0.831339832 0.500000000 0.500000000 0.000000000 0.000000000 0.985910296 -0.018584453 0.166239336 0.054601439 0.021619612 0.999630630 -0.016466685 0.494149310 -0.165871903 0.019828703 0.985947907 1.167839278
166032533 0.467628643 0.831339832 0.500000000 0.500000000 0.000000000 0.000000000 0.985930622 -0.018347077 0.166145131 0.059541197 0.021222183 0.999653935 -0.015545879 0.490532208 -0.165802419 0.018853121 0.985978782 1.197902949
166065900 0.467628643 0.831339832 0.500000000 0.500000000 0.000000000 0.000000000 0.985861957 -0.018539110 0.166530699 0.060266682 0.021446431 0.999647081 -0.015676711 0.487901579 -0.166181296 0.019026563 0.985911667 1.226788993
166099267 0.467628643 0.831339832 0.500000000 0.500000000 0.000000000 0.000000000 0.985744178 -0.018513547 0.167229325 0.060249857 0.021462016 0.999644160 -0.015841102 0.483570329 -0.166876554 0.019204354 0.985790730 1.255203618
166132633 0.467628643 0.831339832 0.500000000 0.500000000 0.000000000 0.000000000 0.985593617 -0.018316805 0.168135881 0.059499076 0.021229194 0.999653876 -0.015540374 0.479886002 -0.167793036 0.018885884 0.985641301 1.283642470
166166000 0.467628643 0.831339832 0.500000000 0.500000000 0.000000000 0.000000000 0.985513926 -0.018341165 0.168599710 0.059512794 0.021042965 0.999677002 -0.014252075 0.474892466 -0.168283850 0.017593456 0.985581577 1.310381105
166199367 0.467628643 0.831339832 0.500000000 0.500000000 0.000000000 0.000000000 0.985423863 -0.017701743 0.169193596 0.060426071 0.020188240 0.999711871 -0.012987093 0.468045185 -0.168914944 0.016213512 0.985497296 1.336215033
166232733 0.467628643 0.831339832 0.500000000 0.500000000 0.000000000 0.000000000 0.985300362 -0.017604990 0.169921353 0.060403426 0.020016069 0.999721706 -0.012486653 0.462042174 -0.169654235 0.015704261 0.985378504 1.362457061
166266100 0.467628643 0.831339832 0.500000000 0.500000000 0.000000000 0.000000000 0.985141635 -0.017877661 0.170810789 0.058821363 0.020270323 0.999719203 -0.012273814 0.457496266 -0.170543402 0.015553835 0.985227406 1.393444630
166299467 0.467628643 0.831339832 0.500000000 0.500000000 0.000000000 0.000000000 0.984915733 -0.018110674 0.172084406 0.057220532 0.020443847 0.999721408 -0.011795597 0.453366652 -0.171822846 0.015135736 0.985011578 1.423018358
166332833 0.467628643 0.831339832 0.500000000 0.500000000 0.000000000 0.000000000 0.984729648 -0.017964872 0.173161238 0.056769726 0.020189444 0.999734640 -0.011093928 0.448520971 -0.172915995 0.014420549 0.984830976 1.449116090
166366200 0.467628643 0.831339832 0.500000000 0.500000000 0.000000000 0.000000000 0.984472573 -0.017981265 0.174615160 0.055924524 0.020099409 0.999744236 -0.010369382 0.444392062 -0.174384043 0.013718034 0.984582186 1.476148631
166399567 0.467628643 0.831339832 0.500000000 0.500000000 0.000000000 0.000000000 0.984200716 -0.017251771 0.176213950 0.055267405 0.019379565 0.999758482 -0.010361130 0.439703592 -0.175992653 0.013612381 0.984297335 1.505209470
166432933 0.467628643 0.831339832 0.500000000 0.500000000 0.000000000 0.000000000 0.983949721 -0.017558495 0.177579924 0.056934263 0.019664114 0.999755561 -0.010104164 0.434321093 -0.177359104 0.013433941 0.984054506 1.530746012
166466300 0.467628643 0.831339832 0.500000000 0.500000000 0.000000000 0.000000000 0.983664930 -0.017373167 0.179168910 0.059233967 0.019504396 0.999758363 -0.010140276 0.431076368 -0.178949445 0.013469215 0.983766079 1.558491696
166499667 0.467628643 0.831339832 0.500000000 0.500000000 0.000000000 0.000000000 0.983154118 -0.017482307 0.181940451 0.062544843 0.019565968 0.999761879 -0.009663695 0.428749250 -0.181728184 0.013060744 0.983262062 1.585541558
166533033 0.467628643 0.831339832 0.500000000 0.500000000 0.000000000 0.000000000 0.982700050 -0.017644774 0.184361741 0.066508024 0.019621965 0.999767780 -0.008905472 0.426862830 -0.184161797 0.012368947 0.982818127 1.611424275
166566400 0.467628643 0.831339832 0.500000000 0.500000000 0.000000000 0.000000000 0.982317746 -0.017687369 0.186384082 0.069964866 0.019592328 0.999772906 -0.008383438 0.424134844 -0.186193466 0.011886898 0.982441187 1.637736902
166599767 0.467628643 0.831339832 0.500000000 0.500000000 0.000000000 0.000000000 0.981835663 -0.018094001 0.188868433 0.073403070 0.019983577 0.999767482 -0.008105091 0.419957948 -0.188677862 0.011732134 0.981968939 1.663821250
166633133 0.467628643 0.831339832 0.500000000 0.500000000 0.000000000 0.000000000 0.981367826 -0.018770061 0.191219404 0.078460194 0.020757124 0.999749303 -0.008393596 0.414525931 -0.191013917 0.012206370 0.981511414 1.689100851
166666500 0.467628643 0.831339832 0.500000000 0.500000000 0.000000000 0.000000000 0.980853081 -0.019097762 0.193810448 0.085510462 0.021132855 0.999741077 -0.008438185 0.408639581 -0.193599120 0.012372388 0.981002688 1.712172821
166699867 0.467628643 0.831339832 0.500000000 0.500000000 0.000000000 0.000000000 0.980211735 -0.019680891 0.196970984 0.093400272 0.021740520 0.999729216 -0.008299455 0.403915107 -0.196754307 0.012417475 0.980374217 1.737034988
166733233 0.467628643 0.831339832 0.500000000 0.500000000 0.000000000 0.000000000 0.979559302 -0.019843755 0.200174525 0.100732667 0.021896904 0.999727845 -0.008047787 0.399813917 -0.199960351 0.012266487 0.979727209 1.762977417
166766600 0.467628643 0.831339832 0.500000000 0.500000000 0.000000000 0.000000000 0.978939593 -0.020368144 0.203131407 0.109699867 0.022441328 0.999716878 -0.007907818 0.394537043 -0.202912822 0.012299814 0.979119539 1.788793625
166799967 0.467628643 0.831339832 0.500000000 0.500000000 0.000000000 0.000000000 0.978174984 -0.020674694 0.206751734 0.121734557 0.022811044 0.999708176 -0.007954137 0.388681407 -0.206526950 0.012496761 0.978361130 1.811984436
166833333 0.467628643 0.831339832 0.500000000 0.500000000 0.000000000 0.000000000 0.977396250 -0.020947229 0.210375443 0.134399935 0.023131827 0.999700963 -0.007928660 0.381581093 -0.210146457 0.012615811 0.977588534 1.835290411
166866700 0.467628643 0.831339832 0.500000000 0.500000000 0.000000000 0.000000000 0.976520717 -0.021215511 0.214376211 0.148655506 0.023458904 0.999693394 -0.007925785 0.373972131 -0.214142323 0.012768724 0.976719022 1.856534779
166900067 0.467628643 0.831339832 0.500000000 0.500000000 0.000000000 0.000000000 0.975578606 -0.021781523 0.218567982 0.163112494 0.024123954 0.999676526 -0.008053952 0.367137189 -0.218321845 0.013129987 0.975788474 1.879973131
166933433 0.467628643 0.831339832 0.500000000 0.500000000 0.000000000 0.000000000 0.974656165 -0.021810671 0.222642511 0.178947611 0.024203457 0.999674857 -0.008023937 0.360080666 -0.222395107 0.013209298 0.974867105 1.899104937
166966800 0.467628643 0.831339832 0.500000000 0.500000000 0.000000000 0.000000000 0.973541856 -0.022149073 0.227432743 0.195677625 0.024647783 0.999662936 -0.008152039 0.354591729 -0.227175519 0.013542064 0.973759651 1.923696102
167000167 0.467628643 0.831339832 0.500000000 0.500000000 0.000000000 0.000000000 0.972515047 -0.022329260 0.231766969 0.214307298 0.024847358 0.999659657 -0.007950959 0.348425181 -0.231510550 0.013491224 0.972738862 1.942034516
167033533 0.467628643 0.831339832 0.500000000 0.500000000 0.000000000 0.000000000 0.971348047 -0.022729529 0.236572161 0.234598586 0.025217805 0.999653876 -0.007497096 0.341259488 -0.236319870 0.013248120 0.971584976 1.961433269
167066900 0.467628643 0.831339832 0.500000000 0.500000000 0.000000000 0.000000000 0.970078647 -0.022360079 0.241759136 0.256480294 0.024948681 0.999659479 -0.007651073 0.334785334 -0.241505727 0.013453714 0.970306098 1.980676170
167100267 0.467628643 0.831339832 0.500000000 0.500000000 0.000000000 0.000000000 0.968760610 -0.023012970 0.246927798 0.277967188 0.025735592 0.999638319 -0.007803831 0.327662095 -0.246658891 0.013914878 0.969002485 2.002839968
167133633 0.467628643 0.831339832 0.500000000 0.500000000 0.000000000 0.000000000 0.967499316 -0.023268173 0.251800835 0.300820689 0.026037920 0.999631524 -0.007673012 0.319691360 -0.251529515 0.013980004 0.967748642 2.022338287
167167000 0.467628643 0.831339832 0.500000000 0.500000000 0.000000000 0.000000000 0.966117203 -0.023600914 0.257022411 0.324704784 0.026469322 0.999619901 -0.007705649 0.313221187 -0.256742865 0.014247769 0.966374695 2.040922959
167200367 0.467628643 0.831339832 0.500000000 0.500000000 0.000000000 0.000000000 0.964668930 -0.024142820 0.262356550 0.348163261 0.027045146 0.999606431 -0.007456623 0.305995361 -0.262073278 0.014288644 0.964942217 2.059777108
167233733 0.467628643 0.831339832 0.500000000 0.500000000 0.000000000 0.000000000 0.963120103 -0.024937389 0.267913818 0.374432536 0.028008696 0.999578416 -0.007647466 0.300455029 -0.267610162 0.014869345 0.963412523 2.081324547
167267100 0.467628643 0.831339832 0.500000000 0.500000000 0.000000000 0.000000000 0.961521149 -0.025194472 0.273573339 0.400607281 0.028358726 0.999568760 -0.007617361 0.291739405 -0.273263454 0.015082445 0.961820960 2.100048796
167300467 0.467628643 0.831339832 0.500000000 0.500000000 0.000000000 0.000000000 0.959909439 -0.026071606 0.279095173 0.425098678 0.029438671 0.999535561 -0.007878888 0.284218129 -0.278760135 0.015779210 0.960231125 2.119037630
167333833 0.467628643 0.831339832 0.500000000 0.500000000 0.000000000 0.000000000 0.958398044 -0.026468717 0.284205288 0.452720206 0.029909829 0.999522388 -0.007774121 0.274885746 -0.283863753 0.015951233 0.958731949 2.138140615
167367200 0.467628643 0.831339832 0.500000000 0.500000000 0.000000000 0.000000000 0.956576169 -0.026793027 0.290248394 0.477587760 0.030441605 0.999504030 -0.008061977 0.266602307 -0.289888442 0.016547522 0.956917405 2.153224158
167400567 0.467628643 0.831339832 0.500000000 0.500000000 0.000000000 0.000000000 0.954684913 -0.027720395 0.296324700 0.504597609 0.031452700 0.999474525 -0.007834611 0.260188023 -0.295951813 0.016799796 0.955055118 2.172033079
167433933 0.467628643 0.831339832 0.500000000 0.500000000 0.000000000 0.000000000 0.952694058 -0.028350415 0.302605897 0.533131914 0.032126565 0.999455631 -0.007507469 0.253723617 -0.302228302 0.016874008 0.953086197 2.189506744
167467300 0.467628643 0.831339832 0.500000000 0.500000000 0.000000000 0.000000000 0.950551987 -0.028568141 0.309248656 0.563465128 0.032389436 0.999449193 -0.007228612 0.246541930 -0.308871806 0.016887562 0.950953722 2.204370420
167500667 0.467628643 0.831339832 0.500000000 0.500000000 0.000000000 0.000000000 0.948244452 -0.029292446 0.316187352 0.594203320 0.033332963 0.999417067 -0.007376718 0.239487099 -0.315786958 0.017534392 0.948668063 2.220928436
167534033 0.467628643 0.831339832 0.500000000 0.500000000 0.000000000 0.000000000 0.945798039 -0.029203223 0.323439628 0.627108904 0.033502117 0.999408722 -0.007730287 0.231918394 -0.323022634 0.018147202 0.946217239 2.236649092
