https://www.youtube.com/watch?v=N5mmqxq1_6I
96429667 0.504445478 0.896791956 0.500000000 0.500000000 0.000000000 0.000000000 0.999999344 -0.000520370 -0.001035689 0.022410809 0.000519310 0.999999344 -0.001023598 0.001698442 0.001036221 0.001023060 0.999998927 -0.002467644
96471375 0.504445478 0.896791956 0.500000000 0.500000000 0.000000000 0.000000000 0.999999166 -0.000739869 -0.001056873 0.024788891 0.000738639 0.999999046 -0.001163814 0.001923042 0.001057733 0.001163033 0.999998748 -0.002348858
96513083 0.504445478 0.896791956 0.500000000 0.500000000 0.000000000 0.000000000 0.999999166 -0.000768870 -0.001019246 0.027041648 0.000767652 0.999998987 -0.001194888 0.002027184 0.001020163 0.001194105 0.999998748 -0.002510900
96554792 0.504445478 0.896791956 0.500000000 0.500000000 0.000000000 0.000000000 0.999998868 -0.000860885 -0.001237312 0.029353481 0.000859493 0.999998987 -0.001124918 0.001964680 0.001238279 0.001123853 0.999998629 -0.002579115
96596500 0.504445478 0.896791956 0.500000000 0.500000000 0.000000000 0.000000000 0.999999046 -0.001013321 -0.000954687 0.031370000 0.001012100 0.999998689 -0.001278800 0.002192634 0.000955981 0.001277832 0.999998748 -0.002535496
96638208 0.504445478 0.896791956 0.500000000 0.500000000 0.000000000 0.000000000 0.999998689 -0.001119351 -0.001180931 0.033571313 0.001118045 0.999998748 -0.001106702 0.001961097 0.001182169 0.001105381 0.999998689 -0.002698328
96679917 0.504445478 0.896791956 0.500000000 0.500000000 0.000000000 0.000000000 0.999998271 -0.001195032 -0.001415430 0.035815783 0.001193479 0.999998689 -0.001097296 0.002225450 0.001416740 0.001095605 0.999998391 -0.002657193
96721625 0.504445478 0.896791956 0.500000000 0.500000000 0.000000000 0.000000000 0.999998331 -0.001373987 -0.001218376 0.037827780 0.001372688 0.999998510 -0.001066510 0.001884392 0.001219840 0.001064835 0.999998689 -0.002737252
96763333 0.504445478 0.896791956 0.500000000 0.500000000 0.000000000 0.000000000 0.999998271 -0.001174451 -0.001456697 0.039707779 0.001172886 0.999998748 -0.001075181 0.002476762 0.001457958 0.001073470 0.999998391 -0.002750700
96805042 0.504445478 0.896791956 0.500000000 0.500000000 0.000000000 0.000000000 0.999998391 -0.001270724 -0.001245074 0.041546243 0.001269052 0.999998271 -0.001342682 0.002747968 0.001246778 0.001341100 0.999998331 -0.002932844
96846750 0.504445478 0.896791956 0.500000000 0.500000000 0.000000000 0.000000000 0.999998093 -0.001247697 -0.001510165 0.043750206 0.001246072 0.999998629 -0.001076115 0.002347726 0.001511506 0.001074231 0.999998271 -0.002787874
96888458 0.504445478 0.896791956 0.500000000 0.500000000 0.000000000 0.000000000 0.999998033 -0.001260337 -0.001528470 0.045811501 0.001258739 0.999998689 -0.001046079 0.002429656 0.001529786 0.001044153 0.999998271 -0.002990394
96930167 0.504445478 0.896791956 0.500000000 0.500000000 0.000000000 0.000000000 0.999998152 -0.001260798 -0.001446053 0.047975295 0.001259282 0.999998629 -0.001048919 0.002557050 0.001447374 0.001047096 0.999998391 -0.002962430
96971875 0.504445478 0.896791956 0.500000000 0.500000000 0.000000000 0.000000000 0.999998033 -0.001257490 -0.001519998 0.050339801 0.001255840 0.999998629 -0.001086180 0.002912554 0.001521361 0.001084269 0.999998271 -0.002936874
97013583 0.504445478 0.896791956 0.500000000 0.500000000 0.000000000 0.000000000 0.999997914 -0.001289423 -0.001590226 0.053036017 0.001287888 0.999998689 -0.000965722 0.002698532 0.001591469 0.000963672 0.999998271 -0.002879911
97055292 0.504445478 0.896791956 0.500000000 0.500000000 0.000000000 0.000000000 0.999997795 -0.001309229 -0.001632278 0.055706451 0.001307873 0.999998808 -0.000831414 0.002904893 0.001633364 0.000829277 0.999998331 -0.002928364
97097000 0.504445478 0.896791956 0.500000000 0.500000000 0.000000000 0.000000000 0.999997854 -0.001297910 -0.001601217 0.058325665 0.001296633 0.999998868 -0.000798196 0.002927377 0.001602251 0.000796118 0.999998391 -0.002918770
97138708 0.504445478 0.896791956 0.500000000 0.500000000 0.000000000 0.000000000 0.999997675 -0.001328790 -0.001693842 0.061018609 0.001327538 0.999998868 -0.000739966 0.002818234 0.001694823 0.000737716 0.999998271 -0.002984004
97180417 0.504445478 0.896791956 0.500000000 0.500000000 0.000000000 0.000000000 0.999997735 -0.001263246 -0.001723194 0.063735501 0.001261854 0.999998868 -0.000808302 0.003032730 0.001724213 0.000806126 0.999998212 -0.003124620
97222125 0.504445478 0.896791956 0.500000000 0.500000000 0.000000000 0.000000000 0.999997556 -0.001322789 -0.001772473 0.066423569 0.001321426 0.999998808 -0.000769705 0.002946901 0.001773489 0.000767361 0.999998152 -0.003131051
97263833 0.504445478 0.896791956 0.500000000 0.500000000 0.000000000 0.000000000 0.999997497 -0.001290081 -0.001840776 0.069349108 0.001288635 0.999998868 -0.000786647 0.002970887 0.001841789 0.000784273 0.999997973 -0.003150582
97305542 0.504445478 0.896791956 0.500000000 0.500000000 0.000000000 0.000000000 0.999997258 -0.001286148 -0.001963871 0.072199818 0.001284543 0.999998868 -0.000818357 0.002963450 0.001964921 0.000815832 0.999997735 -0.003051051
97347250 0.504445478 0.896791956 0.500000000 0.500000000 0.000000000 0.000000000 0.999997199 -0.001277449 -0.001996666 0.075054214 0.001275773 0.999998808 -0.000840056 0.003009807 0.001997737 0.000837506 0.999997675 -0.003080720
97388958 0.504445478 0.896791956 0.500000000 0.500000000 0.000000000 0.000000000 0.999997139 -0.001241925 -0.002054531 0.077670860 0.001240247 0.999998868 -0.000817811 0.003010187 0.002055545 0.000815260 0.999997556 -0.003219269
97430667 0.504445478 0.896791956 0.500000000 0.500000000 0.000000000 0.000000000 0.999997020 -0.001211489 -0.002132017 0.080418922 0.001209692 0.999998927 -0.000843795 0.002977610 0.002133037 0.000841214 0.999997377 -0.003303228
97472375 0.504445478 0.896791956 0.500000000 0.500000000 0.000000000 0.000000000 0.999996722 -0.001261646 -0.002215729 0.083130218 0.001259963 0.999998927 -0.000760710 0.002798340 0.002216686 0.000757915 0.999997258 -0.003388964
97514083 0.504445478 0.896791956 0.500000000 0.500000000 0.000000000 0.000000000 0.999996483 -0.001239425 -0.002334851 0.086006804 0.001237651 0.999998927 -0.000760895 0.002790136 0.002335792 0.000758002 0.999996960 -0.003391391
97555792 0.504445478 0.896791956 0.500000000 0.500000000 0.000000000 0.000000000 0.999996305 -0.001297892 -0.002384280 0.088565260 0.001296162 0.999998868 -0.000726933 0.002679991 0.002385221 0.000723840 0.999996901 -0.003428170
97597500 0.504445478 0.896791956 0.500000000 0.500000000 0.000000000 0.000000000 0.999996066 -0.001277015 -0.002487815 0.091249444 0.001275247 0.999998927 -0.000712177 0.002669709 0.002488721 0.000709001 0.999996662 -0.003453188
97639208 0.504445478 0.896791956 0.500000000 0.500000000 0.000000000 0.000000000 0.999995947 -0.001218214 -0.002582085 0.093814305 0.001216150 0.999998927 -0.000800745 0.002773549 0.002583058 0.000797602 0.999996364 -0.003366212
97680917 0.504445478 0.896791956 0.500000000 0.500000000 0.000000000 0.000000000 0.999995828 -0.001194691 -0.002623896 0.096326553 0.001192509 0.999998927 -0.000833072 0.002910475 0.002624889 0.000829940 0.999996185 -0.003452752
97722625 0.504445478 0.896791956 0.500000000 0.500000000 0.000000000 0.000000000 0.999995768 -0.001175164 -0.002662605 0.098820617 0.001172815 0.999998927 -0.000883535 0.002923242 0.002663640 0.000880409 0.999996066 -0.003515131
97764333 0.504445478 0.896791956 0.500000000 0.500000000 0.000000000 0.000000000 0.999995470 -0.001183276 -0.002763750 0.101186531 0.001180790 0.999998868 -0.000901011 0.002912766 0.002764814 0.000897744 0.999995768 -0.003510518
97806042 0.504445478 0.896791956 0.500000000 0.500000000 0.000000000 0.000000000 0.999995351 -0.001137900 -0.002835158 0.103678897 0.001135232 0.999998927 -0.000942331 0.003013604 0.002836227 0.000939108 0.999995530 -0.003682948
97847750 0.504445478 0.896791956 0.500000000 0.500000000 0.000000000 0.000000000 0.999995172 -0.001116063 -0.002894583 0.106035029 0.001113215 0.999998868 -0.000985044 0.003067609 0.002895679 0.000981817 0.999995351 -0.003647752
97889458 0.504445478 0.896791956 0.500000000 0.500000000 0.000000000 0.000000000 0.999995053 -0.001105902 -0.002942493 0.108468018 0.001102886 0.999998868 -0.001026372 0.003208356 0.002943625 0.001023122 0.999995172 -0.003741025
97931167 0.504445478 0.896791956 0.500000000 0.500000000 0.000000000 0.000000000 0.999994993 -0.001074444 -0.002966820 0.110734451 0.001071206 0.999998808 -0.001092929 0.003351995 0.002967990 0.001089746 0.999994993 -0.003825068
97972875 0.504445478 0.896791956 0.500000000 0.500000000 0.000000000 0.000000000 0.999994576 -0.001159846 -0.003086089 0.113119892 0.001156545 0.999998748 -0.001071343 0.003351047 0.003087328 0.001067768 0.999994636 -0.003753640
98014583 0.504445478 0.896791956 0.500000000 0.500000000 0.000000000 0.000000000 0.999994278 -0.001229424 -0.003145038 0.115315771 0.001226305 0.999998748 -0.000993615 0.003287349 0.003146256 0.000989753 0.999994576 -0.003885772
98056292 0.504445478 0.896791956 0.500000000 0.500000000 0.000000000 0.000000000 0.999994040 -0.001262481 -0.003219801 0.117387679 0.001259461 0.999998748 -0.000939671 0.003206662 0.003220983 0.000935610 0.999994397 -0.003904730
98098000 0.504445478 0.896791956 0.500000000 0.500000000 0.000000000 0.000000000 0.999993742 -0.001362239 -0.003262297 0.119397501 0.001358936 0.999998569 -0.001014490 0.003397619 0.003263674 0.001010050 0.999994159 -0.003849011
98139708 0.504445478 0.896791956 0.500000000 0.500000000 0.000000000 0.000000000 0.999993563 -0.001485798 -0.003263318 0.121332205 0.001482363 0.999998331 -0.001054535 0.003454935 0.003264880 0.001049691 0.999994099 -0.003974716
98181417 0.504445478 0.896791956 0.500000000 0.500000000 0.000000000 0.000000000 0.999992669 -0.001552181 -0.003501526 0.123347586 0.001548687 0.999998271 -0.001000278 0.003371341 0.003503073 0.000994848 0.999993384 -0.003960305
98223125 0.504445478 0.896791956 0.500000000 0.500000000 0.000000000 0.000000000 0.999993086 -0.001508157 -0.003397057 0.124926427 0.001504589 0.999998331 -0.001052674 0.003548053 0.003398638 0.001047556 0.999993682 -0.004055490
98264833 0.504445478 0.896791956 0.500000000 0.500000000 0.000000000 0.000000000 0.999992490 -0.001574818 -0.003537349 0.126785026 0.001571192 0.999998212 -0.001027504 0.003555149 0.003538961 0.001021939 0.999993205 -0.004076849
98306542 0.504445478 0.896791956 0.500000000 0.500000000 0.000000000 0.000000000 0.999992073 -0.001586090 -0.003650184 0.128543065 0.001582323 0.999998212 -0.001034699 0.003618221 0.003651819 0.001028915 0.999992788 -0.004154060
98348250 0.504445478 0.896791956 0.500000000 0.500000000 0.000000000 0.000000000 0.999992013 -0.001693677 -0.003623268 0.130376399 0.001690239 0.999998093 -0.000951814 0.003426991 0.003624873 0.000945682 0.999992967 -0.004121731
98389958 0.504445478 0.896791956 0.500000000 0.500000000 0.000000000 0.000000000 0.999991536 -0.001802993 -0.003694138 0.132187112 0.001798892 0.999997735 -0.001113143 0.003721299 0.003696137 0.001106488 0.999992549 -0.004242617
98431667 0.504445478 0.896791956 0.500000000 0.500000000 0.000000000 0.000000000 0.999991417 -0.001838717 -0.003717614 0.134008117 0.001834702 0.999997735 -0.001083140 0.003664951 0.003719597 0.001076310 0.999992490 -0.004247508
98473375 0.504445478 0.896791956 0.500000000 0.500000000 0.000000000 0.000000000 0.999991417 -0.001852766 -0.003711597 0.135873240 0.001848646 0.999997675 -0.001113050 0.003727579 0.003713651 0.001106179 0.999992490 -0.004311868
98515083 0.504445478 0.896791956 0.500000000 0.500000000 0.000000000 0.000000000 0.999990225 -0.002092870 -0.003897475 0.137889115 0.002088710 0.999997258 -0.001071307 0.003653767 0.003899706 0.001063155 0.999991834 -0.004261881
98556792 0.504445478 0.896791956 0.500000000 0.500000000 0.000000000 0.000000000 0.999990165 -0.002148473 -0.003885202 0.139768332 0.002144432 0.999997139 -0.001044000 0.003592808 0.003887434 0.001035658 0.999991894 -0.004333034
98598500 0.504445478 0.896791956 0.500000000 0.500000000 0.000000000 0.000000000 0.999990046 -0.002209514 -0.003872653 0.141512706 0.002205266 0.999996960 -0.001100950 0.003648703 0.003875073 0.001092398 0.999991894 -0.004297968
98640208 0.504445478 0.896791956 0.500000000 0.500000000 0.000000000 0.000000000 0.999989390 -0.002323383 -0.003982448 0.143339515 0.002318823 0.999996662 -0.001149281 0.003779333 0.003985104 0.001140034 0.999991417 -0.004358737
98681917 0.504445478 0.896791956 0.500000000 0.500000000 0.000000000 0.000000000 0.999988317 -0.002401144 -0.004188703 0.145101738 0.002396199 0.999996424 -0.001185277 0.003785753 0.004191534 0.001175226 0.999990523 -0.004423784
98723625 0.504445478 0.896791956 0.500000000 0.500000000 0.000000000 0.000000000 0.999988616 -0.002469516 -0.004086989 0.146854199 0.002464543 0.999996245 -0.001221515 0.003870727 0.004089991 0.001211429 0.999990880 -0.004445242
98765333 0.504445478 0.896791956 0.500000000 0.500000000 0.000000000 0.000000000 0.999987662 -0.002659527 -0.004199884 0.148686969 0.002654164 0.999995649 -0.001282033 0.003881139 0.004203276 0.001270870 0.999990344 -0.004503833
98807042 0.504445478 0.896791956 0.500000000 0.500000000 0.000000000 0.000000000 0.999987304 -0.002659088 -0.004273914 0.150534211 0.002653501 0.999995589 -0.001312338 0.003952766 0.004277385 0.001300980 0.999989986 -0.004525617
98848750 0.504445478 0.896791956 0.500000000 0.500000000 0.000000000 0.000000000 0.999987423 -0.002757674 -0.004187160 0.152279223 0.002752351 0.999995410 -0.001276390 0.003886725 0.004190661 0.001264849 0.999990404 -0.004537975
98890458 0.504445478 0.896791956 0.500000000 0.500000000 0.000000000 0.000000000 0.999986172 -0.002890375 -0.004399811 0.154301774 0.002884924 0.999995053 -0.001244839 0.003808688 0.004403387 0.001232129 0.999989569 -0.004573131
98932167 0.504445478 0.896791956 0.500000000 0.500000000 0.000000000 0.000000000 0.999986410 -0.002889824 -0.004339435 0.156215540 0.002883915 0.999994934 -0.001367364 0.004126335 0.004343364 0.001354831 0.999989629 -0.004650591
98973875 0.504445478 0.896791956 0.500000000 0.500000000 0.000000000 0.000000000 0.999986053 -0.002993188 -0.004345574 0.158168212 0.002987353 0.999994636 -0.001348613 0.004039012 0.004349587 0.001335613 0.999989629 -0.004704620
99015583 0.504445478 0.896791956 0.500000000 0.500000000 0.000000000 0.000000000 0.999984622 -0.003223147 -0.004512332 0.160337699 0.003216712 0.999993801 -0.001432696 0.004137961 0.004516922 0.001418160 0.999988794 -0.004673534
99057292 0.504445478 0.896791956 0.500000000 0.500000000 0.000000000 0.000000000 0.999984384 -0.003340456 -0.004479516 0.162508662 0.003334193 0.999993443 -0.001404886 0.004290389 0.004484179 0.001389928 0.999988973 -0.004697012
99099000 0.504445478 0.896791956 0.500000000 0.500000000 0.000000000 0.000000000 0.999982774 -0.003592585 -0.004647245 0.164625078 0.003585929 0.999992549 -0.001439749 0.004196412 0.004652383 0.001423060 0.999988139 -0.004656917
99140708 0.504445478 0.896791956 0.500000000 0.500000000 0.000000000 0.000000000 0.999982595 -0.003598583 -0.004674718 0.166650603 0.003591867 0.999992490 -0.001444220 0.004259929 0.004679880 0.001427404 0.999988019 -0.004785442
99182417 0.504445478 0.896791956 0.500000000 0.500000000 0.000000000 0.000000000 0.999982119 -0.003778288 -0.004630837 0.168754369 0.003771971 0.999991953 -0.001372042 0.004311007 0.004635983 0.001354550 0.999988317 -0.004767365
99224125 0.504445478 0.896791956 0.500000000 0.500000000 0.000000000 0.000000000 0.999980867 -0.004041739 -0.004680839 0.170808547 0.004035084 0.999990821 -0.001430418 0.004457335 0.004686578 0.001411503 0.999988019 -0.004827923
99265833 0.504445478 0.896791956 0.500000000 0.500000000 0.000000000 0.000000000 0.999980509 -0.004146364 -0.004672307 0.172988824 0.004139964 0.999990463 -0.001378667 0.004489974 0.004677979 0.001359297 0.999988139 -0.004775371
99307542 0.504445478 0.896791956 0.500000000 0.500000000 0.000000000 0.000000000 0.999979496 -0.004324117 -0.004726667 0.175157324 0.004317695 0.999989748 -0.001368062 0.004442762 0.004732534 0.001347626 0.999987900 -0.004867741
99349250 0.504445478 0.896791956 0.500000000 0.500000000 0.000000000 0.000000000 0.999979794 -0.004248045 -0.004726008 0.177221467 0.004240960 0.999989867 -0.001508162 0.004757368 0.004732367 0.001488089 0.999987721 -0.004774708
99390958 0.504445478 0.896791956 0.500000000 0.500000000 0.000000000 0.000000000 0.999978662 -0.004557294 -0.004680384 0.179451704 0.004550793 0.999988675 -0.001398705 0.004718176 0.004686706 0.001377376 0.999988079 -0.004915236
99432667 0.504445478 0.896791956 0.500000000 0.500000000 0.000000000 0.000000000 0.999976695 -0.004820999 -0.004838910 0.181864002 0.004813763 0.999987304 -0.001505965 0.004786919 0.004846109 0.001482636 0.999987185 -0.004956534
99474375 0.504445478 0.896791956 0.500000000 0.500000000 0.000000000 0.000000000 0.999976218 -0.004950281 -0.004804650 0.184067036 0.004942724 0.999986529 -0.001583480 0.004882714 0.004812424 0.001559694 0.999987185 -0.005054011
99516083 0.504445478 0.896791956 0.500000000 0.500000000 0.000000000 0.000000000 0.999974787 -0.005160744 -0.004872154 0.186235715 0.005153550 0.999985635 -0.001487912 0.004891508 0.004879762 0.001462766 0.999987006 -0.005085959
99557792 0.504445478 0.896791956 0.500000000 0.500000000 0.000000000 0.000000000 0.999972284 -0.005377717 -0.005143217 0.188718895 0.005369562 0.999984324 -0.001598037 0.004910172 0.005151730 0.001570376 0.999985516 -0.004954017
99599500 0.504445478 0.896791956 0.500000000 0.500000000 0.000000000 0.000000000 0.999971509 -0.005582154 -0.005086160 0.190741441 0.005573986 0.999983132 -0.001618810 0.004892648 0.005095111 0.001590414 0.999985754 -0.005083654
99641208 0.504445478 0.896791956 0.500000000 0.500000000 0.000000000 0.000000000 0.999970973 -0.005651835 -0.005115703 0.192739933 0.005643720 0.999982774 -0.001599356 0.004873293 0.005124655 0.001570438 0.999985635 -0.005171222
99682917 0.504445478 0.896791956 0.500000000 0.500000000 0.000000000 0.000000000 0.999970078 -0.005763437 -0.005160637 0.194722402 0.005755121 0.999982119 -0.001624919 0.004945612 0.005169910 0.001595170 0.999985337 -0.005249130
99724625 0.504445478 0.896791956 0.500000000 0.500000000 0.000000000 0.000000000 0.999969006 -0.005899568 -0.005218412 0.196690308 0.005890952 0.999981284 -0.001664790 0.005056885 0.005228135 0.001633997 0.999984980 -0.005231695
99766333 0.504445478 0.896791956 0.500000000 0.500000000 0.000000000 0.000000000 0.999967635 -0.006115071 -0.005230068 0.198699074 0.006107152 0.999980211 -0.001528608 0.004889806 0.005239312 0.001496617 0.999985158 -0.005296814
99808042 0.504445478 0.896791956 0.500000000 0.500000000 0.000000000 0.000000000 0.999966145 -0.006390212 -0.005189093 0.200535150 0.006381491 0.999978185 -0.001695296 0.005179210 0.005199813 0.001662124 0.999985099 -0.005229315
99849750 0.504445478 0.896791956 0.500000000 0.500000000 0.000000000 0.000000000 0.999965310 -0.006449115 -0.005274332 0.202225921 0.006440489 0.999977887 -0.001650731 0.005116497 0.005284861 0.001616705 0.999984741 -0.005329142
99891458 0.504445478 0.896791956 0.500000000 0.500000000 0.000000000 0.000000000 0.999963880 -0.006571911 -0.005384849 0.203917914 0.006563468 0.999977231 -0.001584217 0.004926399 0.005395137 0.001548817 0.999984264 -0.005286162
99933167 0.504445478 0.896791956 0.500000000 0.500000000 0.000000000 0.000000000 0.999962449 -0.006681210 -0.005518235 0.205597137 0.006671595 0.999976218 -0.001759111 0.005108416 0.005529857 0.001722230 0.999983251 -0.005355645
99974875 0.504445478 0.896791956 0.500000000 0.500000000 0.000000000 0.000000000 0.999961376 -0.006823109 -0.005538458 0.207124258 0.006813473 0.999975264 -0.001756871 0.005021090 0.005550308 0.001719067 0.999983132 -0.005358437
100016583 0.504445478 0.896791956 0.500000000 0.500000000 0.000000000 0.000000000 0.999961853 -0.006873560 -0.005389204 0.208721818 0.006864149 0.999974906 -0.001762716 0.005326589 0.005401185 0.001725656 0.999983907 -0.005276346
100058292 0.504445478 0.896791956 0.500000000 0.500000000 0.000000000 0.000000000 0.999959588 -0.007132997 -0.005470212 0.210401714 0.007123609 0.999973118 -0.001733789 0.005210119 0.005482432 0.001694751 0.999983549 -0.005423459
100100000 0.504445478 0.896791956 0.500000000 0.500000000 0.000000000 0.000000000 0.999959648 -0.007142755 -0.005444076 0.211803337 0.007132189 0.999972641 -0.001957718 0.005579913 0.005457911 0.001918811 0.999983251 -0.005512776
100141708 0.504445478 0.896791956 0.500000000 0.500000000 0.000000000 0.000000000 0.999958515 -0.007203355 -0.005569680 0.213670246 0.007192777 0.999972284 -0.001916953 0.005570641 0.005583334 0.001876812 0.999982655 -0.005523009
100183417 0.504445478 0.896791956 0.500000000 0.500000000 0.000000000 0.000000000 0.999957979 -0.007312431 -0.005530586 0.215164194 0.007301822 0.999971449 -0.001935912 0.005568458 0.005544584 0.001895448 0.999982834 -0.005510088
100225125 0.504445478 0.896791956 0.500000000 0.500000000 0.000000000 0.000000000 0.999955177 -0.007594231 -0.005658073 0.216869820 0.007583477 0.999969423 -0.001919697 0.005346225 0.005672479 0.001876703 0.999982178 -0.005611345
100266833 0.504445478 0.896791956 0.500000000 0.500000000 0.000000000 0.000000000 0.999955237 -0.007563086 -0.005683457 0.218487370 0.007552101 0.999969602 -0.001951853 0.005471648 0.005698047 0.001908844 0.999981940 -0.005709552
100308542 0.504445478 0.896791956 0.500000000 0.500000000 0.000000000 0.000000000 0.999953866 -0.007749891 -0.005677264 0.220156047 0.007738736 0.999968112 -0.001984305 0.005710512 0.005692461 0.001940279 0.999981940 -0.005583261
100350250 0.504445478 0.896791956 0.500000000 0.500000000 0.000000000 0.000000000 0.999951363 -0.008017300 -0.005742609 0.221957658 0.008005298 0.999965727 -0.002110062 0.005757178 0.005759329 0.002063988 0.999981284 -0.005630009
