https://www.youtube.com/watch?v=I4BsKyVSbOE
131097633 0.487234563 0.866194806 0.500000000 0.500000000 0.000000000 0.000000000 0.980436623 0.009166976 -0.196621567 -0.269706291 -0.015202796 0.999457657 -0.029210292 -0.015058997 0.196247175 0.031628039 0.980044246 -0.019351881
131131000 0.487234563 0.866194806 0.500000000 0.500000000 0.000000000 0.000000000 0.979330003 0.009779783 -0.202032402 -0.279520970 -0.016166823 0.999419510 -0.029988002 -0.015633870 0.201621860 0.032634374 0.978919625 -0.022594511
131164367 0.487234563 0.866194806 0.500000000 0.500000000 0.000000000 0.000000000 0.978183806 0.010383024 -0.207481787 -0.289577925 -0.017111953 0.999383271 -0.030663004 -0.016706936 0.207035452 0.033544470 0.977758169 -0.025844599
131197733 0.487234563 0.866194806 0.500000000 0.500000000 0.000000000 0.000000000 0.976989210 0.010958011 -0.213007137 -0.299428729 -0.018050481 0.999344528 -0.031380624 -0.017508417 0.212523639 0.034503412 0.976546586 -0.029151268
131231100 0.487234563 0.866194806 0.500000000 0.500000000 0.000000000 0.000000000 0.975785971 0.011617012 -0.218418747 -0.310058868 -0.019075509 0.999303579 -0.032070022 -0.018349308 0.217894077 0.035459924 0.975328028 -0.032990568
131264467 0.487234563 0.866194806 0.500000000 0.500000000 0.000000000 0.000000000 0.974563420 0.012257136 -0.223776579 -0.320376469 -0.020070083 0.999264538 -0.032672975 -0.019218588 0.223211527 0.036333103 0.974092662 -0.036875832
131297833 0.487234563 0.866194806 0.500000000 0.500000000 0.000000000 0.000000000 0.973340988 0.012792827 -0.229005724 -0.330899717 -0.020964848 0.999225914 -0.033287477 -0.020151982 0.228402615 0.037201136 0.972855747 -0.041059110
131331200 0.487234563 0.866194806 0.500000000 0.500000000 0.000000000 0.000000000 0.972081244 0.013460089 -0.234258145 -0.341213085 -0.022023834 0.999179840 -0.033979215 -0.020602752 0.233608648 0.038189821 0.971580446 -0.045240293
131364567 0.487234563 0.866194806 0.500000000 0.500000000 0.000000000 0.000000000 0.970813930 0.014033895 -0.239423007 -0.351968445 -0.023015905 0.999130607 -0.034760516 -0.021266314 0.238727018 0.039256532 0.970292926 -0.050171090
131397933 0.487234563 0.866194806 0.500000000 0.500000000 0.000000000 0.000000000 0.969520807 0.014509063 -0.244579002 -0.362238557 -0.023927802 0.999080241 -0.035582706 -0.021874543 0.243837774 0.040350415 0.968976259 -0.055061877
131431300 0.487234563 0.866194806 0.500000000 0.500000000 0.000000000 0.000000000 0.968210280 0.015036742 -0.249685243 -0.372996897 -0.024891671 0.999028742 -0.036358710 -0.022235233 0.248896018 0.041417960 0.967644215 -0.060187477
131464667 0.487234563 0.866194806 0.500000000 0.500000000 0.000000000 0.000000000 0.966881990 0.015680924 -0.254741758 -0.383630193 -0.025943225 0.998979390 -0.036975157 -0.022032587 0.253901958 0.042359434 0.966301978 -0.065386450
131498033 0.487234563 0.866194806 0.500000000 0.500000000 0.000000000 0.000000000 0.965597510 0.016300110 -0.259529829 -0.394909578 -0.026901551 0.998940110 -0.037349220 -0.021663340 0.258645952 0.043046068 0.965012610 -0.070408333
131531400 0.487234563 0.866194806 0.500000000 0.500000000 0.000000000 0.000000000 0.964291096 0.016988652 -0.264299214 -0.406215969 -0.027854348 0.998911440 -0.037417974 -0.020994505 0.263375819 0.043443702 0.963714600 -0.075137932
131564767 0.487234563 0.866194806 0.500000000 0.500000000 0.000000000 0.000000000 0.962972462 0.017585803 -0.269025505 -0.418011178 -0.028666968 0.998892188 -0.037316836 -0.020615940 0.268071234 0.043647233 0.962409854 -0.080080250
131598133 0.487234563 0.866194806 0.500000000 0.500000000 0.000000000 0.000000000 0.961606264 0.018187251 -0.273829639 -0.429316974 -0.029517118 0.998867631 -0.037312206 -0.019583443 0.272840947 0.043962315 0.961054206 -0.084801321
131631500 0.487234563 0.866194806 0.500000000 0.500000000 0.000000000 0.000000000 0.960211337 0.018614033 -0.278653294 -0.440921072 -0.030147739 0.998854399 -0.037162643 -0.019525838 0.277642310 0.044084758 0.959672511 -0.089750552
131664867 0.487234563 0.866194806 0.500000000 0.500000000 0.000000000 0.000000000 0.958740771 0.019066116 -0.283641607 -0.451651162 -0.030885596 0.998828351 -0.037256535 -0.018566921 0.282598943 0.044479799 0.958206356 -0.094769652
131698233 0.487234563 0.866194806 0.500000000 0.500000000 0.000000000 0.000000000 0.957267761 0.019510757 -0.288544297 -0.462480972 -0.031594593 0.998805285 -0.037280373 -0.017936740 0.287472188 0.044803739 0.956740499 -0.099444466
131731600 0.487234563 0.866194806 0.500000000 0.500000000 0.000000000 0.000000000 0.955730021 0.019786809 -0.293578923 -0.472893427 -0.032109559 0.998791337 -0.037213765 -0.018100743 0.292487741 0.044993002 0.955210209 -0.104442285
131764967 0.487234563 0.866194806 0.500000000 0.500000000 0.000000000 0.000000000 0.954179943 0.019959237 -0.298567027 -0.483825480 -0.032512695 0.998781145 -0.037137564 -0.018648228 0.297461867 0.045143135 0.953665853 -0.109990503
131798333 0.487234563 0.866194806 0.500000000 0.500000000 0.000000000 0.000000000 0.952516258 0.020374717 -0.303805262 -0.493972676 -0.033197034 0.998759985 -0.037100293 -0.017601044 0.302672625 0.045424066 0.952011526 -0.115220941
131831700 0.487234563 0.866194806 0.500000000 0.500000000 0.000000000 0.000000000 0.950769365 0.020630430 -0.309211969 -0.504270848 -0.033620477 0.998759151 -0.036740128 -0.017706953 0.308070332 0.045327239 0.950283170 -0.120569747
131865067 0.487234563 0.866194806 0.500000000 0.500000000 0.000000000 0.000000000 0.948935568 0.020810474 -0.314782888 -0.513783047 -0.033994667 0.998757064 -0.036450967 -0.017697196 0.313633084 0.045290560 0.948463500 -0.126100592
131898433 0.487234563 0.866194806 0.500000000 0.500000000 0.000000000 0.000000000 0.947064698 0.020990396 -0.320355743 -0.523078790 -0.034401473 0.998750091 -0.036260508 -0.017155582 0.319194227 0.045361757 0.946603060 -0.131820374
131931800 0.487234563 0.866194806 0.500000000 0.500000000 0.000000000 0.000000000 0.945173621 0.021104665 -0.325885653 -0.532141676 -0.034666892 0.998755157 -0.035864841 -0.017249770 0.324723065 0.045195945 0.944728673 -0.137677357
131965167 0.487234563 0.866194806 0.500000000 0.500000000 0.000000000 0.000000000 0.943224013 0.021013746 -0.331491888 -0.540734059 -0.034787640 0.998757899 -0.035671733 -0.017658548 0.330330551 0.045178253 0.942783475 -0.144341497
131998533 0.487234563 0.866194806 0.500000000 0.500000000 0.000000000 0.000000000 0.941218615 0.020863101 -0.337153196 -0.548339102 -0.034943316 0.998749793 -0.035747200 -0.017417847 0.335985869 0.045427181 0.940770864 -0.150968831
132031900 0.487234563 0.866194806 0.500000000 0.500000000 0.000000000 0.000000000 0.939187825 0.020783758 -0.342774361 -0.556336103 -0.035162248 0.998740733 -0.035785556 -0.017183346 0.341598928 0.045662075 0.938735902 -0.158696934
132065267 0.487234563 0.866194806 0.500000000 0.500000000 0.000000000 0.000000000 0.937070072 0.020500191 -0.348538965 -0.563357522 -0.035168864 0.998739600 -0.035810452 -0.017396815 0.347365528 0.045814622 0.936609983 -0.166813711
132098633 0.487234563 0.866194806 0.500000000 0.500000000 0.000000000 0.000000000 0.934946895 0.020256607 -0.354208887 -0.570100156 -0.035161585 0.998744011 -0.035693765 -0.017452718 0.353040963 0.045826320 0.934484899 -0.175134373
132132000 0.487234563 0.866194806 0.500000000 0.500000000 0.000000000 0.000000000 0.932883263 0.020032112 -0.359621435 -0.577153371 -0.035119157 0.998753548 -0.035467658 -0.017651145 0.358462691 0.045716785 0.932423949 -0.184242895
132165367 0.487234563 0.866194806 0.500000000 0.500000000 0.000000000 0.000000000 0.930812597 0.019526865 -0.364974827 -0.583730822 -0.034691583 0.998783648 -0.035038713 -0.018711389 0.363846689 0.045276031 0.930357814 -0.193924002
132198733 0.487234563 0.866194806 0.500000000 0.500000000 0.000000000 0.000000000 0.928686142 0.019086087 -0.370375186 -0.589949095 -0.034455393 0.998795807 -0.034924429 -0.019182706 0.369262606 0.045195255 0.928225458 -0.204349682
132232100 0.487234563 0.866194806 0.500000000 0.500000000 0.000000000 0.000000000 0.926492631 0.018704362 -0.375847727 -0.595883216 -0.034284987 0.998805761 -0.034808680 -0.019860967 0.374747783 0.045135923 0.926027477 -0.215626570
132265467 0.487234563 0.866194806 0.500000000 0.500000000 0.000000000 0.000000000 0.924288750 0.018206080 -0.381259501 -0.601911873 -0.033992212 0.998819113 -0.034711368 -0.021055199 0.380177319 0.045043182 0.923816144 -0.227772250
132298833 0.487234563 0.866194806 0.500000000 0.500000000 0.000000000 0.000000000 0.921989799 0.017545639 -0.386816412 -0.607017527 -0.033610255 0.998828769 -0.034805197 -0.022469950 0.385752708 0.045091037 0.921499670 -0.240472438
132332200 0.487234563 0.866194806 0.500000000 0.500000000 0.000000000 0.000000000 0.919619679 0.017050520 -0.392439634 -0.611730749 -0.033406448 0.998832822 -0.034885895 -0.023780003 0.391386777 0.045191769 0.919115961 -0.254277817
132365567 0.487234563 0.866194806 0.500000000 0.500000000 0.000000000 0.000000000 0.917243600 0.016535847 -0.397983342 -0.616500710 -0.033149227 0.998840928 -0.034899041 -0.025886520 0.396944940 0.045203760 0.916728616 -0.269249026
132398933 0.487234563 0.866194806 0.500000000 0.500000000 0.000000000 0.000000000 0.914965630 0.016205668 -0.403206229 -0.621088606 -0.033062048 0.998844504 -0.034879655 -0.027126897 0.402175069 0.045244511 0.914444149 -0.284103989
132432300 0.487234563 0.866194806 0.500000000 0.500000000 0.000000000 0.000000000 0.912779689 0.015674485 -0.408151358 -0.625736298 -0.032647278 0.998866081 -0.034651510 -0.029701945 0.407145411 0.044954229 0.912256420 -0.300467482
132465667 0.487234563 0.866194806 0.500000000 0.500000000 0.000000000 0.000000000 0.910558462 0.015240750 -0.413099229 -0.629757843 -0.032360598 0.998881459 -0.034477226 -0.031627662 0.412111670 0.044761669 0.910033166 -0.317635363
132499033 0.487234563 0.866194806 0.500000000 0.500000000 0.000000000 0.000000000 0.908359706 0.014994895 -0.417920768 -0.633382961 -0.032249555 0.998892665 -0.034255072 -0.032943724 0.416944355 0.044593688 0.907837451 -0.334676602
132532400 0.487234563 0.866194806 0.500000000 0.500000000 0.000000000 0.000000000 0.906149566 0.014601640 -0.422705293 -0.636992046 -0.032037199 0.998902321 -0.034172460 -0.034087767 0.421742320 0.044507653 0.905622721 -0.353185338
132565767 0.487234563 0.866194806 0.500000000 0.500000000 0.000000000 0.000000000 0.903898478 0.014344676 -0.427506417 -0.640747803 -0.032008141 0.998903751 -0.034158926 -0.034928346 0.426547766 0.044559889 0.903366745 -0.372841428
132599133 0.487234563 0.866194806 0.500000000 0.500000000 0.000000000 0.000000000 0.901643276 0.013873975 -0.432257921 -0.644121588 -0.031829625 0.998903513 -0.034331832 -0.035686397 0.431307644 0.044713672 0.901096225 -0.393209501
132632500 0.487234563 0.866194806 0.500000000 0.500000000 0.000000000 0.000000000 0.899325490 0.013382493 -0.437075049 -0.646913253 -0.031726602 0.998894215 -0.034696206 -0.035392199 0.436127394 0.045070089 0.898755550 -0.414393077
132665867 0.487234563 0.866194806 0.500000000 0.500000000 0.000000000 0.000000000 0.896967828 0.012929542 -0.441906661 -0.649522464 -0.031577550 0.998892903 -0.034868948 -0.035204347 0.440966576 0.045230653 0.896383107 -0.436041338
132699233 0.487234563 0.866194806 0.500000000 0.500000000 0.000000000 0.000000000 0.894741774 0.012770652 -0.446401179 -0.652374465 -0.031728588 0.998882890 -0.035018966 -0.033288378 0.445455283 0.045496613 0.894147456 -0.457993511
132732600 0.487234563 0.866194806 0.500000000 0.500000000 0.000000000 0.000000000 0.892677665 0.012246630 -0.450529277 -0.656007934 -0.031203479 0.998911440 -0.034673329 -0.033282058 0.449614227 0.045010187 0.892088056 -0.480944695
132765967 0.487234563 0.866194806 0.500000000 0.500000000 0.000000000 0.000000000 0.890661299 0.011802477 -0.454514235 -0.659597193 -0.030722504 0.998940527 -0.034263771 -0.032467914 0.453628302 0.044481229 0.890080214 -0.503571570
132799333 0.487234563 0.866194806 0.500000000 0.500000000 0.000000000 0.000000000 0.888736725 0.011522947 -0.458273083 -0.663445168 -0.030406484 0.998964310 -0.033849571 -0.030306956 0.457408398 0.044017833 0.888166666 -0.524987194
132832700 0.487234563 0.866194806 0.500000000 0.500000000 0.000000000 0.000000000 0.886848390 0.011197385 -0.461924851 -0.667641274 -0.029959105 0.998996198 -0.033302035 -0.028364274 0.461088270 0.043372713 0.886293650 -0.545611151
132866067 0.487234563 0.866194806 0.500000000 0.500000000 0.000000000 0.000000000 0.884842873 0.010770641 -0.465765059 -0.671488390 -0.029309180 0.999039352 -0.032578062 -0.027327985 0.464966744 0.042477656 0.884308517 -0.566799771
132899433 0.487234563 0.866194806 0.500000000 0.500000000 0.000000000 0.000000000 0.882812858 0.010417956 -0.469609290 -0.674867110 -0.028844412 0.999069631 -0.032060601 -0.025662338 0.468838364 0.041849114 0.882292032 -0.587170409
132932800 0.487234563 0.866194806 0.500000000 0.500000000 0.000000000 0.000000000 0.880824924 0.010074187 -0.473334908 -0.678684387 -0.028387822 0.999098539 -0.031562421 -0.023906701 0.472590268 0.041237913 0.880316913 -0.608159286
132966167 0.487234563 0.866194806 0.500000000 0.500000000 0.000000000 0.000000000 0.878724039 0.009656585 -0.477232456 -0.681897245 -0.027853806 0.999129057 -0.031070048 -0.022693025 0.476516753 0.040594738 0.878227651 -0.630046342
132999533 0.487234563 0.866194806 0.500000000 0.500000000 0.000000000 0.000000000 0.876647711 0.009335246 -0.481042296 -0.684753778 -0.027526770 0.999147236 -0.030774828 -0.020536584 0.480344772 0.040220223 0.876157105 -0.651288384
133032900 0.487234563 0.866194806 0.500000000 0.500000000 0.000000000 0.000000000 0.874765873 0.009309588 -0.484456420 -0.688390033 -0.027409920 0.999165177 -0.030292602 -0.018172564 0.483769983 0.039777845 0.874290764 -0.673067353
133066267 0.487234563 0.866194806 0.500000000 0.500000000 0.000000000 0.000000000 0.872963727 0.009324472 -0.487695992 -0.691809860 -0.027308773 0.999183416 -0.029778203 -0.015912493 0.487020075 0.039313670 0.872505546 -0.694989137
133099633 0.487234563 0.866194806 0.500000000 0.500000000 0.000000000 0.000000000 0.871410966 0.009108589 -0.490469128 -0.695878546 -0.026776349 0.999220252 -0.029016539 -0.015556224 0.489822358 0.038418304 0.870975375 -0.717227767
133133000 0.487234563 0.866194806 0.500000000 0.500000000 0.000000000 0.000000000 0.869854391 0.008972630 -0.493226916 -0.699815017 -0.026401656 0.999248385 -0.028383916 -0.014739420 0.492601514 0.037711881 0.869437516 -0.739658493
133166367 0.487234563 0.866194806 0.500000000 0.500000000 0.000000000 0.000000000 0.868394852 0.009099609 -0.495789856 -0.704650441 -0.026306124 0.999269068 -0.027735833 -0.013543775 0.495175093 0.037127964 0.867999494 -0.762828745
133199733 0.487234563 0.866194806 0.500000000 0.500000000 0.000000000 0.000000000 0.866832376 0.008737130 -0.498523176 -0.708736237 -0.025727816 0.999298275 -0.027221810 -0.013875563 0.497935504 0.036422659 0.866448879 -0.786147153
133233100 0.487234563 0.866194806 0.500000000 0.500000000 0.000000000 0.000000000 0.865344763 0.008684103 -0.501101792 -0.713542427 -0.025552245 0.999314010 -0.026807640 -0.013457201 0.500525236 0.036002129 0.864973009 -0.810214050
133266467 0.487234563 0.866194806 0.500000000 0.500000000 0.000000000 0.000000000 0.863928020 0.008879308 -0.503537059 -0.719058103 -0.025651593 0.999322593 -0.026388997 -0.012765773 0.502961636 0.035714723 0.863570511 -0.834190401
133299833 0.487234563 0.866194806 0.500000000 0.500000000 0.000000000 0.000000000 0.862481177 0.008757402 -0.506013393 -0.724437900 -0.025487507 0.999333143 -0.026147395 -0.012731699 0.505446970 0.035448655 0.862129211 -0.858438266
133333200 0.487234563 0.866194806 0.500000000 0.500000000 0.000000000 0.000000000 0.861186624 0.009463262 -0.508200824 -0.730961752 -0.026137143 0.999328375 -0.025682859 -0.010841146 0.507616460 0.035400651 0.860855579 -0.882162800
133366567 0.487234563 0.866194806 0.500000000 0.500000000 0.000000000 0.000000000 0.859847844 0.009836718 -0.510455549 -0.737121718 -0.026263032 0.999342859 -0.024981525 -0.010633009 0.509874403 0.034886420 0.859541178 -0.906659772
133399933 0.487234563 0.866194806 0.500000000 0.500000000 0.000000000 0.000000000 0.858636200 0.010260546 -0.512482762 -0.743765421 -0.026582308 0.999345660 -0.024529019 -0.009096519 0.511895776 0.034684479 0.858347058 -0.931236254
133433300 0.487234563 0.866194806 0.500000000 0.500000000 0.000000000 0.000000000 0.857404828 0.010661928 -0.514532089 -0.750090965 -0.026784763 0.999354899 -0.023925301 -0.007773153 0.513945043 0.034295287 0.857137263 -0.956232678
133466667 0.487234563 0.866194806 0.500000000 0.500000000 0.000000000 0.000000000 0.856186271 0.011013865 -0.516549826 -0.756322821 -0.027058160 0.999356627 -0.023540895 -0.005088857 0.515958190 0.034132279 0.855933487 -0.981808084
133500033 0.487234563 0.866194806 0.500000000 0.500000000 0.000000000 0.000000000 0.855040729 0.011433528 -0.518434763 -0.762668994 -0.027451219 0.999353051 -0.023234896 -0.001453973 0.517833769 0.034098450 0.854801416 -1.006590374
133533400 0.487234563 0.866194806 0.500000000 0.500000000 0.000000000 0.000000000 0.853900313 0.011987532 -0.520298541 -0.769057512 -0.027855946 0.999354362 -0.022691607 0.002690569 0.519690573 0.033869777 0.853682935 -1.030870823
133566767 0.487234563 0.866194806 0.500000000 0.500000000 0.000000000 0.000000000 0.852684081 0.012365509 -0.522280514 -0.774381243 -0.028125906 0.999356568 -0.022258079 0.007069446 0.521669209 0.033668723 0.852483213 -1.054314818
133600133 0.487234563 0.866194806 0.500000000 0.500000000 0.000000000 0.000000000 0.851581097 0.012548566 -0.524072707 -0.779873792 -0.028209774 0.999361873 -0.021909842 0.010796664 0.523463368 0.033441979 0.851391673 -1.077775182
133633500 0.487234563 0.866194806 0.500000000 0.500000000 0.000000000 0.000000000 0.850423634 0.012900968 -0.525940299 -0.784920448 -0.028383652 0.999368429 -0.021381345 0.014668276 0.525332272 0.033111308 0.850252688 -1.101009880
133666867 0.487234563 0.866194806 0.500000000 0.500000000 0.000000000 0.000000000 0.849179447 0.013166782 -0.527940273 -0.789279583 -0.028595749 0.999368966 -0.021071415 0.019361519 0.527329683 0.032990258 0.849020064 -1.123799657
133700233 0.487234563 0.866194806 0.500000000 0.500000000 0.000000000 0.000000000 0.848029017 0.013498537 -0.529777825 -0.793845812 -0.028696073 0.999378562 -0.020470757 0.023372723 0.529172301 0.032562342 0.847889364 -1.146515038
133733600 0.487234563 0.866194806 0.500000000 0.500000000 0.000000000 0.000000000 0.847002983 0.014085324 -0.531401515 -0.798794734 -0.028863184 0.999392867 -0.019515248 0.027097860 0.530803978 0.031867411 0.846895278 -1.169478558
133766967 0.487234563 0.866194806 0.500000000 0.500000000 0.000000000 0.000000000 0.846069038 0.014557388 -0.532874584 -0.803831991 -0.029007191 0.999403238 -0.018753726 0.031188762 0.532283604 0.031324141 0.845986426 -1.192428713
133800333 0.487234563 0.866194806 0.500000000 0.500000000 0.000000000 0.000000000 0.844987333 0.014862611 -0.534579694 -0.807636960 -0.028912382 0.999421418 -0.017914234 0.034626432 0.534004152 0.030593274 0.844928145 -1.215651076
133833700 0.487234563 0.866194806 0.500000000 0.500000000 0.000000000 0.000000000 0.844019473 0.015214211 -0.536096692 -0.811873942 -0.028845429 0.999438465 -0.017049976 0.038135925 0.535536230 0.029854452 0.843984365 -1.239015310
133867067 0.487234563 0.866194806 0.500000000 0.500000000 0.000000000 0.000000000 0.842921495 0.015361573 -0.537817180 -0.815008731 -0.028775053 0.999448836 -0.016552104 0.042332814 0.537266493 0.029427841 0.842898965 -1.262342831
133900433 0.487234563 0.866194806 0.500000000 0.500000000 0.000000000 0.000000000 0.841825008 0.015522270 -0.539527297 -0.817699837 -0.028679404 0.999460697 -0.015993889 0.046403443 0.538988054 0.028937377 0.841816187 -1.285889182
133933800 0.487234563 0.866194806 0.500000000 0.500000000 0.000000000 0.000000000 0.840933025 0.016169425 -0.540897608 -0.821530151 -0.028983589 0.999464571 -0.015183076 0.051449823 0.540362477 0.028445104 0.840951383 -1.309127270
