https://www.youtube.com/watch?v=m6lfz0IDPnU
53286567 0.494523549 0.879152933 0.500000000 0.500000000 0.000000000 0.000000000 0.999985039 0.003367826 -0.004304735 0.014907496 -0.003393501 0.999976397 -0.005971104 -0.037742948 0.004284523 0.005985623 0.999972880 -0.497286868
53319933 0.494523549 0.879152933 0.500000000 0.500000000 0.000000000 0.000000000 0.999984682 0.003438367 -0.004343102 0.013134043 -0.003464760 0.999975502 -0.006084145 -0.039605559 0.004322076 0.006099099 0.999972045 -0.513137945
53353300 0.494523549 0.879152933 0.500000000 0.500000000 0.000000000 0.000000000 0.999984801 0.003403530 -0.004338231 0.011646523 -0.003431803 0.999972820 -0.006526559 -0.041339122 0.004315900 0.006541348 0.999969304 -0.529807861
53386667 0.494523549 0.879152933 0.500000000 0.500000000 0.000000000 0.000000000 0.999984682 0.003397921 -0.004371170 0.010248251 -0.003429026 0.999968708 -0.007128332 -0.042660350 0.004346812 0.007143212 0.999965012 -0.547111928
53420033 0.494523549 0.879152933 0.500000000 0.500000000 0.000000000 0.000000000 0.999984860 0.003364339 -0.004347795 0.008641025 -0.003395842 0.999967873 -0.007258807 -0.043817175 0.004323235 0.007273462 0.999964178 -0.564495423
53453400 0.494523549 0.879152933 0.500000000 0.500000000 0.000000000 0.000000000 0.999984741 0.003370441 -0.004378563 0.007441621 -0.003400970 0.999969840 -0.006983845 -0.045134970 0.004354892 0.006998630 0.999966025 -0.582310896
53486767 0.494523549 0.879152933 0.500000000 0.500000000 0.000000000 0.000000000 0.999985218 0.003378055 -0.004255254 0.006106282 -0.003406576 0.999971688 -0.006713207 -0.046144702 0.004232456 0.006727603 0.999968410 -0.600529940
53520133 0.494523549 0.879152933 0.500000000 0.500000000 0.000000000 0.000000000 0.999984801 0.003350252 -0.004382357 0.004989852 -0.003379936 0.999971271 -0.006783809 -0.046899306 0.004359504 0.006798518 0.999967396 -0.618844962
53553500 0.494523549 0.879152933 0.500000000 0.500000000 0.000000000 0.000000000 0.999985039 0.003361542 -0.004315191 0.003964828 -0.003392744 0.999967992 -0.007243954 -0.046543154 0.004290702 0.007258486 0.999964476 -0.637484727
53586867 0.494523549 0.879152933 0.500000000 0.500000000 0.000000000 0.000000000 0.999984801 0.003369421 -0.004363273 0.002929462 -0.003401824 0.999966562 -0.007440245 -0.045927932 0.004338058 0.007454976 0.999962807 -0.656619276
53620233 0.494523549 0.879152933 0.500000000 0.500000000 0.000000000 0.000000000 0.999983549 0.003353371 -0.004651507 0.002332860 -0.003388436 0.999965727 -0.007551096 -0.045085856 0.004626026 0.007566733 0.999960661 -0.675151472
53653600 0.494523549 0.879152933 0.500000000 0.500000000 0.000000000 0.000000000 0.999985337 0.003346857 -0.004254733 0.001492590 -0.003379618 0.999964535 -0.007716013 -0.044061674 0.004228758 0.007730279 0.999961197 -0.693326840
53686967 0.494523549 0.879152933 0.500000000 0.500000000 0.000000000 0.000000000 0.999987781 0.003395684 -0.003594823 -0.000371935 -0.003423518 0.999963999 -0.007765251 -0.043332946 0.003568325 0.007777463 0.999963403 -0.712077700
53720333 0.494523549 0.879152933 0.500000000 0.500000000 0.000000000 0.000000000 0.999986410 0.003382075 -0.003967527 -0.001593605 -0.003413095 0.999963462 -0.007838000 -0.042089405 0.003940874 0.007851435 0.999961436 -0.730199806
53753700 0.494523549 0.879152933 0.500000000 0.500000000 0.000000000 0.000000000 0.999985397 0.003400014 -0.004204640 -0.002592872 -0.003433594 0.999962091 -0.008005077 -0.040861957 0.004177263 0.008019397 0.999959111 -0.747850574
53787067 0.494523549 0.879152933 0.500000000 0.500000000 0.000000000 0.000000000 0.999985456 0.003480566 -0.004119963 -0.003561966 -0.003513695 0.999961317 -0.008061331 -0.040324247 0.004091746 0.008075690 0.999958992 -0.766408593
53820433 0.494523549 0.879152933 0.500000000 0.500000000 0.000000000 0.000000000 0.999986351 0.003509457 -0.003877093 -0.005400997 -0.003540508 0.999961495 -0.008031079 -0.038965665 0.003848759 0.008044695 0.999960244 -0.784042342
53853800 0.494523549 0.879152933 0.500000000 0.500000000 0.000000000 0.000000000 0.999987245 0.003612695 -0.003522476 -0.007528799 -0.003640472 0.999962091 -0.007911397 -0.038135641 0.003493761 0.007924120 0.999962509 -0.801966154
53887167 0.494523549 0.879152933 0.500000000 0.500000000 0.000000000 0.000000000 0.999987841 0.003607450 -0.003366339 -0.009789106 -0.003634000 0.999962091 -0.007914475 -0.037688833 0.003337661 0.007926612 0.999962986 -0.820405840
53920533 0.494523549 0.879152933 0.500000000 0.500000000 0.000000000 0.000000000 0.999986887 0.003621501 -0.003622449 -0.011638722 -0.003650472 0.999961138 -0.008023177 -0.037590703 0.003593252 0.008036296 0.999961257 -0.838553934
53953900 0.494523549 0.879152933 0.500000000 0.500000000 0.000000000 0.000000000 0.999986053 0.003704404 -0.003766748 -0.013534350 -0.003735035 0.999959767 -0.008157483 -0.037822778 0.003736378 0.008171438 0.999959648 -0.856905120
53987267 0.494523549 0.879152933 0.500000000 0.500000000 0.000000000 0.000000000 0.999986649 0.003766098 -0.003531307 -0.016083723 -0.003794696 0.999959767 -0.008126921 -0.039007819 0.003500558 0.008140214 0.999960721 -0.875765146
54020633 0.494523549 0.879152933 0.500000000 0.500000000 0.000000000 0.000000000 0.999987602 0.003834002 -0.003181438 -0.018887476 -0.003859918 0.999959111 -0.008180087 -0.040875905 0.003149945 0.008192265 0.999961495 -0.894474694
54054000 0.494523549 0.879152933 0.500000000 0.500000000 0.000000000 0.000000000 0.999988616 0.003975490 -0.002643865 -0.022334993 -0.003997630 0.999956548 -0.008422079 -0.042845235 0.002610268 0.008432552 0.999961019 -0.913566146
54087367 0.494523549 0.879152933 0.500000000 0.500000000 0.000000000 0.000000000 0.999989331 0.004103282 -0.002121084 -0.026044922 -0.004121509 0.999953985 -0.008661892 -0.045180573 0.002085444 0.008670541 0.999960244 -0.933302841
54120733 0.494523549 0.879152933 0.500000000 0.500000000 0.000000000 0.000000000 0.999990106 0.004248607 -0.001335654 -0.030517711 -0.004260283 0.999951661 -0.008863580 -0.047373889 0.001297932 0.008869182 0.999959826 -0.953145212
54154100 0.494523549 0.879152933 0.500000000 0.500000000 0.000000000 0.000000000 0.999990225 0.004410158 -0.000352077 -0.035753376 -0.004413146 0.999949813 -0.008991143 -0.049199242 0.000312407 0.008992609 0.999959528 -0.973536022
54187467 0.494523549 0.879152933 0.500000000 0.500000000 0.000000000 0.000000000 0.999989808 0.004511335 0.000187416 -0.041074922 -0.004509482 0.999949992 -0.008926356 -0.050792458 -0.000227677 0.008925420 0.999960124 -0.994519010
54220833 0.494523549 0.879152933 0.500000000 0.500000000 0.000000000 0.000000000 0.999988735 0.004735953 0.000400105 -0.046645341 -0.004732275 0.999950588 -0.008740882 -0.051696313 -0.000441482 0.008738890 0.999961734 -1.015170712
54254200 0.494523549 0.879152933 0.500000000 0.500000000 0.000000000 0.000000000 0.999987304 0.004996315 0.000613939 -0.051999944 -0.004990762 0.999949396 -0.008735417 -0.052082536 -0.000657553 0.008732243 0.999961674 -1.035894875
54287567 0.494523549 0.879152933 0.500000000 0.500000000 0.000000000 0.000000000 0.999985039 0.005261264 0.001513325 -0.058252580 -0.005247185 0.999944270 -0.009161699 -0.051438990 -0.001561443 0.009153620 0.999956906 -1.057061943
54320933 0.494523549 0.879152933 0.500000000 0.500000000 0.000000000 0.000000000 0.999981165 0.005449606 0.002829226 -0.065725135 -0.005422273 0.999939382 -0.009580269 -0.049892204 -0.002881263 0.009564748 0.999950111 -1.077718597
54354300 0.494523549 0.879152933 0.500000000 0.500000000 0.000000000 0.000000000 0.999977291 0.005531069 0.003849938 -0.072997973 -0.005493422 0.999937654 -0.009721577 -0.048224187 -0.003903469 0.009700207 0.999945343 -1.098412155
54387667 0.494523549 0.879152933 0.500000000 0.500000000 0.000000000 0.000000000 0.999970436 0.005741664 0.005111248 -0.080883368 -0.005693073 0.999938965 -0.009470954 -0.046617449 -0.005165315 0.009441575 0.999942064 -1.118918666
54421033 0.494523549 0.879152933 0.500000000 0.500000000 0.000000000 0.000000000 0.999962986 0.005965387 0.006197727 -0.089176040 -0.005909313 0.999941826 -0.009026874 -0.045363637 -0.006251215 0.008989915 0.999940038 -1.138841555
54454400 0.494523549 0.879152933 0.500000000 0.500000000 0.000000000 0.000000000 0.999958336 0.006126315 0.006762721 -0.096786609 -0.006064558 0.999940097 -0.009114929 -0.043847249 -0.006818157 0.009073536 0.999935567 -1.158359242
54487767 0.494523549 0.879152933 0.500000000 0.500000000 0.000000000 0.000000000 0.999952078 0.006261162 0.007524771 -0.104186309 -0.006189642 0.999935806 -0.009490439 -0.041715307 -0.007583709 0.009443409 0.999926627 -1.177840471
54521133 0.494523549 0.879152933 0.500000000 0.500000000 0.000000000 0.000000000 0.999941885 0.006434595 0.008649190 -0.112198773 -0.006352245 0.999934554 -0.009515094 -0.040026286 -0.008709849 0.009459599 0.999917328 -1.197130274
54554500 0.494523549 0.879152933 0.500000000 0.500000000 0.000000000 0.000000000 0.999930620 0.006621112 0.009739744 -0.119970977 -0.006531463 0.999936283 -0.009207557 -0.038967773 -0.009800088 0.009143303 0.999910176 -1.216525138
54587867 0.494523549 0.879152933 0.500000000 0.500000000 0.000000000 0.000000000 0.999913871 0.006713325 0.011279121 -0.128339884 -0.006613747 0.999939024 -0.008842798 -0.039105803 -0.011337798 0.008767439 0.999897301 -1.235679580
54621233 0.494523549 0.879152933 0.500000000 0.500000000 0.000000000 0.000000000 0.999893785 0.006814592 0.012884535 -0.136822468 -0.006699326 0.999937356 -0.008968105 -0.039069636 -0.012944842 0.008880834 0.999876797 -1.254729181
54654600 0.494523549 0.879152933 0.500000000 0.500000000 0.000000000 0.000000000 0.999868631 0.006912416 0.014658834 -0.145517260 -0.006778163 0.999934793 -0.009188510 -0.039018199 -0.014721393 0.009087943 0.999850333 -1.273904680
54687967 0.494523549 0.879152933 0.500000000 0.500000000 0.000000000 0.000000000 0.999838591 0.006944865 0.016569523 -0.154876444 -0.006794096 0.999935150 -0.009138176 -0.039664268 -0.016631912 0.009024126 0.999820948 -1.293264954
54721333 0.494523549 0.879152933 0.500000000 0.500000000 0.000000000 0.000000000 0.999809802 0.007016550 0.018197030 -0.163698150 -0.006856308 0.999937296 -0.008853446 -0.041145125 -0.018258009 0.008726998 0.999795198 -1.312524680
54754700 0.494523549 0.879152933 0.500000000 0.500000000 0.000000000 0.000000000 0.999771953 0.007151042 0.020123722 -0.172874694 -0.006979495 0.999938846 -0.008581992 -0.043183554 -0.020183861 0.008439581 0.999760687 -1.332139687
54788067 0.494523549 0.879152933 0.500000000 0.500000000 0.000000000 0.000000000 0.999727488 0.007237044 0.022194961 -0.182434810 -0.007044655 0.999937057 -0.008734098 -0.044546591 -0.022256773 0.008575362 0.999715507 -1.352025361
54821433 0.494523549 0.879152933 0.500000000 0.500000000 0.000000000 0.000000000 0.999679029 0.007286019 0.024264054 -0.192143718 -0.007066016 0.999933243 -0.009140467 -0.045215821 -0.024329033 0.008966083 0.999663770 -1.372022733
54854800 0.494523549 0.879152933 0.500000000 0.500000000 0.000000000 0.000000000 0.999636114 0.007416772 0.025934013 -0.201272683 -0.007170946 0.999928594 -0.009559083 -0.045164273 -0.026003057 0.009369634 0.999617934 -1.392667264
54888167 0.494523549 0.879152933 0.500000000 0.500000000 0.000000000 0.000000000 0.999589860 0.007492669 0.027640883 -0.210509202 -0.007232478 0.999928713 -0.009501251 -0.044948090 -0.027710102 0.009297443 0.999572754 -1.412822527
54921533 0.494523549 0.879152933 0.500000000 0.500000000 0.000000000 0.000000000 0.999538839 0.007547724 0.029413139 -0.219507030 -0.007280030 0.999931216 -0.009197645 -0.044696388 -0.029480537 0.008979275 0.999525011 -1.432791604
54954900 0.494523549 0.879152933 0.500000000 0.500000000 0.000000000 0.000000000 0.999467134 0.007672125 0.031727210 -0.229958913 -0.007392006 0.999932766 -0.008936866 -0.043852020 -0.031793639 0.008697577 0.999456584 -1.452738077
54988267 0.494523549 0.879152933 0.500000000 0.500000000 0.000000000 0.000000000 0.999399960 0.007739186 0.033760641 -0.239958189 -0.007452087 0.999935091 -0.008621523 -0.042900094 -0.033825174 0.008364762 0.999392748 -1.472558528
55021633 0.494523549 0.879152933 0.500000000 0.500000000 0.000000000 0.000000000 0.999313951 0.007748461 0.036215663 -0.250586756 -0.007442364 0.999935508 -0.008579233 -0.041381168 -0.036279801 0.008303817 0.999307156 -1.491615532
55055000 0.494523549 0.879152933 0.500000000 0.500000000 0.000000000 0.000000000 0.999209940 0.007811282 0.038966943 -0.262567716 -0.007475149 0.999933660 -0.008764375 -0.039343454 -0.039032821 0.008466167 0.999202073 -1.511149283
55088367 0.494523549 0.879152933 0.500000000 0.500000000 0.000000000 0.000000000 0.999107242 0.007864476 0.041507948 -0.274530469 -0.007500585 0.999932110 -0.008915260 -0.036827895 -0.041575242 0.008595968 0.999098420 -1.530123628
55121733 0.494523549 0.879152933 0.500000000 0.500000000 0.000000000 0.000000000 0.999010623 0.007851755 0.043774065 -0.286511963 -0.007471586 0.999933004 -0.008841667 -0.034619310 -0.043840554 0.008505858 0.999002337 -1.548856863
55155100 0.494523549 0.879152933 0.500000000 0.500000000 0.000000000 0.000000000 0.998920262 0.007875901 0.045785457 -0.298245080 -0.007495934 0.999936104 -0.008464632 -0.032873790 -0.045849197 0.008112287 0.998915434 -1.567310550
55188467 0.494523549 0.879152933 0.500000000 0.500000000 0.000000000 0.000000000 0.998825431 0.008055084 0.047779247 -0.310197978 -0.007682455 0.999938667 -0.007977508 -0.031793838 -0.047840577 0.007601076 0.998826087 -1.585586140
55221833 0.494523549 0.879152933 0.500000000 0.500000000 0.000000000 0.000000000 0.998737276 0.008139200 0.049574301 -0.321783641 -0.007763971 0.999939799 -0.007756879 -0.031060553 -0.049634453 0.007362191 0.998740315 -1.603521434
55255200 0.494523549 0.879152933 0.500000000 0.500000000 0.000000000 0.000000000 0.998653889 0.008161946 0.051222865 -0.333056077 -0.007773485 0.999939561 -0.007778393 -0.030046867 -0.051283251 0.007369742 0.998656929 -1.621317389
55288567 0.494523549 0.879152933 0.500000000 0.500000000 0.000000000 0.000000000 0.998560488 0.008242794 0.053000398 -0.344530039 -0.007853801 0.999940693 -0.007543526 -0.030014556 -0.053059436 0.007116412 0.998565972 -1.638985736
55321933 0.494523549 0.879152933 0.500000000 0.500000000 0.000000000 0.000000000 0.998440981 0.008358636 0.055187870 -0.357005206 -0.007967683 0.999941587 -0.007300275 -0.030733813 -0.055245668 0.006849174 0.998449326 -1.656101709
55355300 0.494523549 0.879152933 0.500000000 0.500000000 0.000000000 0.000000000 0.998297393 0.008435570 0.057715811 -0.370202689 -0.008031118 0.999941587 -0.007236023 -0.032379769 -0.057773478 0.006760180 0.998306811 -1.673587219
55388667 0.494523549 0.879152933 0.500000000 0.500000000 0.000000000 0.000000000 0.998154879 0.008491387 0.060122706 -0.383730959 -0.008064672 0.999940574 -0.007336488 -0.033973731 -0.060181428 0.006838082 0.998164058 -1.691359172
55422033 0.494523549 0.879152933 0.500000000 0.500000000 0.000000000 0.000000000 0.998028457 0.008596906 0.062171455 -0.396591551 -0.008150527 0.999939203 -0.007429871 -0.036019055 -0.062231548 0.006908492 0.998037815 -1.709409386
55455400 0.494523549 0.879152933 0.500000000 0.500000000 0.000000000 0.000000000 0.997876942 0.008680852 0.064546265 -0.410384973 -0.008217885 0.999938607 -0.007434678 -0.038290821 -0.064606838 0.006888460 0.997887015 -1.727639202
55488767 0.494523549 0.879152933 0.500000000 0.500000000 0.000000000 0.000000000 0.997712910 0.008770072 0.067022391 -0.424917127 -0.008294251 0.999938428 -0.007374417 -0.040610693 -0.067082934 0.006801650 0.997724235 -1.746359196
55522133 0.494523549 0.879152933 0.500000000 0.500000000 0.000000000 0.000000000 0.997536242 0.008880311 0.069588706 -0.440139443 -0.008399163 0.999938786 -0.007203706 -0.042690953 -0.069648422 0.006601471 0.997549772 -1.765090755
55555500 0.494523549 0.879152933 0.500000000 0.500000000 0.000000000 0.000000000 0.997383177 0.009029759 0.071730621 -0.455158299 -0.008553087 0.999939263 -0.006949692 -0.044025414 -0.071789019 0.006317988 0.997399807 -1.783807810
55588867 0.494523549 0.879152933 0.500000000 0.500000000 0.000000000 0.000000000 0.997233808 0.009164011 0.073761828 -0.470151979 -0.008689870 0.999939501 -0.006746373 -0.044707069 -0.073819190 0.006086731 0.997253060 -1.802435950
55622233 0.494523549 0.879152933 0.500000000 0.500000000 0.000000000 0.000000000 0.997110546 0.009253697 0.075398646 -0.484478304 -0.008765315 0.999938428 -0.006805690 -0.043961993 -0.075456977 0.006125133 0.997130275 -1.821051641
55655600 0.494523549 0.879152933 0.500000000 0.500000000 0.000000000 0.000000000 0.996976793 0.009561907 0.077109210 -0.498820128 -0.009060605 0.999935508 -0.006848428 -0.042162064 -0.077169724 0.006129068 0.996999145 -1.839279466
55688967 0.494523549 0.879152933 0.500000000 0.500000000 0.000000000 0.000000000 0.996788859 0.009689467 0.079486564 -0.514442070 -0.009186902 0.999935448 -0.006685909 -0.040314966 -0.079546213 0.005934204 0.996813536 -1.857160581
55722333 0.494523549 0.879152933 0.500000000 0.500000000 0.000000000 0.000000000 0.996581018 0.009637001 0.082057558 -0.530510434 -0.009120233 0.999936163 -0.006670134 -0.038317161 -0.082116596 0.005898945 0.996605277 -1.874617755
55755700 0.494523549 0.879152933 0.500000000 0.500000000 0.000000000 0.000000000 0.996343195 0.009642659 0.084895752 -0.547513862 -0.009092596 0.999935091 -0.006863548 -0.035547322 -0.084956422 0.006066527 0.996366203 -1.892481736
55789067 0.494523549 0.879152933 0.500000000 0.500000000 0.000000000 0.000000000 0.996166646 0.009649472 0.086942166 -0.563339480 -0.009088705 0.999935269 -0.006843435 -0.033116920 -0.087002575 0.006027010 0.996189833 -1.910839535
55822433 0.494523549 0.879152933 0.500000000 0.500000000 0.000000000 0.000000000 0.996036172 0.009722911 0.088416323 -0.576958327 -0.009163704 0.999935389 -0.006728422 -0.030846917 -0.088476025 0.005891530 0.996060908 -1.929146589
55855800 0.494523549 0.879152933 0.500000000 0.500000000 0.000000000 0.000000000 0.995838523 0.009645622 0.090623192 -0.591761837 -0.009096698 0.999937713 -0.006468314 -0.029275228 -0.090679936 0.005617024 0.995864272 -1.946893585
55889167 0.494523549 0.879152933 0.500000000 0.500000000 0.000000000 0.000000000 0.995639563 0.009629005 0.092785530 -0.606053611 -0.009076009 0.999938488 -0.006380076 -0.027911953 -0.092841253 0.005510134 0.995665669 -1.964865627
55922533 0.494523549 0.879152933 0.500000000 0.500000000 0.000000000 0.000000000 0.995399952 0.009597338 0.095324636 -0.621377180 -0.009023985 0.999938548 -0.006444021 -0.026475509 -0.095380619 0.005554170 0.995425403 -1.982708538
55955900 0.494523549 0.879152933 0.500000000 0.500000000 0.000000000 0.000000000 0.995186508 0.009467803 0.097540416 -0.635274316 -0.008896537 0.999940634 -0.006289974 -0.026195138 -0.097594179 0.005391926 0.995211661 -2.000333333
55989267 0.494523549 0.879152933 0.500000000 0.500000000 0.000000000 0.000000000 0.994928718 0.009419904 0.100140363 -0.649975372 -0.008855338 0.999942303 -0.006080770 -0.026284751 -0.100191861 0.005163156 0.994954765 -2.017509885
56022633 0.494523549 0.879152933 0.500000000 0.500000000 0.000000000 0.000000000 0.994618952 0.009267176 0.103185311 -0.665646428 -0.008714415 0.999945164 -0.005806494 -0.027265229 -0.103233464 0.004876049 0.994645178 -2.034483222
56056000 0.494523549 0.879152933 0.500000000 0.500000000 0.000000000 0.000000000 0.994294524 0.009298963 0.106263563 -0.681837066 -0.008740131 0.999945402 -0.005723422 -0.028308680 -0.106310986 0.004762010 0.994321525 -2.051553244
56089367 0.494523549 0.879152933 0.500000000 0.500000000 0.000000000 0.000000000 0.993977547 0.009142801 0.109201841 -0.697653578 -0.008564875 0.999946713 -0.005760158 -0.029810766 -0.109248683 0.004790167 0.994002879 -2.068837759
56122733 0.494523549 0.879152933 0.500000000 0.500000000 0.000000000 0.000000000 0.993663728 0.008983774 0.112034485 -0.713777197 -0.008362971 0.999946952 -0.006009903 -0.030709143 -0.112082534 0.005034882 0.993686140 -2.086791818
56156100 0.494523549 0.879152933 0.500000000 0.500000000 0.000000000 0.000000000 0.993387461 0.008858899 0.114467703 -0.728728561 -0.008216313 0.999947727 -0.006084276 -0.031946884 -0.114515617 0.005103541 0.993408322 -2.105303954
56189467 0.494523549 0.879152933 0.500000000 0.500000000 0.000000000 0.000000000 0.993132889 0.008771402 0.116662644 -0.743255222 -0.008132585 0.999949217 -0.005950650 -0.033055274 -0.116708919 0.004961017 0.993153751 -2.124039253
56222833 0.494523549 0.879152933 0.500000000 0.500000000 0.000000000 0.000000000 0.992900908 0.008712712 0.118625052 -0.756691430 -0.008092117 0.999950945 -0.005712234 -0.033847596 -0.118669003 0.004711754 0.992922664 -2.142898772
56256200 0.494523549 0.879152933 0.500000000 0.500000000 0.000000000 0.000000000 0.992590606 0.008771052 0.121189736 -0.771372693 -0.008134872 0.999950409 -0.005743220 -0.033392037 -0.121234104 0.004714804 0.992612720 -2.160773646
56289567 0.494523549 0.879152933 0.500000000 0.500000000 0.000000000 0.000000000 0.992264569 0.008666727 0.123838395 -0.786700427 -0.007992989 0.999950409 -0.005936268 -0.032127619 -0.123883702 0.004900510 0.992284656 -2.179125566
56322933 0.494523549 0.879152933 0.500000000 0.500000000 0.000000000 0.000000000 0.991969705 0.008631727 0.126180783 -0.801068314 -0.007913417 0.999949515 -0.006192870 -0.029862646 -0.126227871 0.005144618 0.991987944 -2.197095976
56356300 0.494523549 0.879152933 0.500000000 0.500000000 0.000000000 0.000000000 0.991569161 0.008574653 0.129294708 -0.817373088 -0.007837335 0.999949992 -0.006210352 -0.028009764 -0.129341483 0.005144667 0.991586745 -2.214131234
56389667 0.494523549 0.879152933 0.500000000 0.500000000 0.000000000 0.000000000 0.991154492 0.008489022 0.132441387 -0.834203727 -0.007739462 0.999951005 -0.006173321 -0.025796009 -0.132487312 0.005093690 0.991171598 -2.230804049
56423033 0.494523549 0.879152933 0.500000000 0.500000000 0.000000000 0.000000000 0.990681708 0.008243795 0.135947570 -0.851978187 -0.007503878 0.999954104 -0.005954223 -0.024066892 -0.135990426 0.004878606 0.990698159 -2.247067102
56456400 0.494523549 0.879152933 0.500000000 0.500000000 0.000000000 0.000000000 0.990268409 0.008052410 0.138937637 -0.868837103 -0.007295353 0.999955654 -0.005957314 -0.022090137 -0.138979450 0.004885740 0.990283191 -2.263341818
56489767 0.494523549 0.879152933 0.500000000 0.500000000 0.000000000 0.000000000 0.989924192 0.007962612 0.141374156 -0.884799010 -0.007161207 0.999955297 -0.006176539 -0.019511161 -0.141417012 0.005101895 0.989936948 -2.280051101
56523133 0.494523549 0.879152933 0.500000000 0.500000000 0.000000000 0.000000000 0.989634395 0.007825798 0.143396258 -0.899361311 -0.006995604 0.999955714 -0.006292786 -0.017278607 -0.143439159 0.005224414 0.989645362 -2.296673148
56556500 0.494523549 0.879152933 0.500000000 0.500000000 0.000000000 0.000000000 0.989297986 0.007807143 0.145700082 -0.914267652 -0.006969418 0.999956131 -0.006259225 -0.016121398 -0.145742550 0.005176794 0.989309013 -2.313126172
56589867 0.494523549 0.879152933 0.500000000 0.500000000 0.000000000 0.000000000 0.988922715 0.007772447 0.148227617 -0.929668122 -0.006945763 0.999957323 -0.006093952 -0.015787889 -0.148268640 0.004996893 0.988934517 -2.329218660
56623233 0.494523549 0.879152933 0.500000000 0.500000000 0.000000000 0.000000000 0.988491237 0.007730737 0.151080608 -0.946102219 -0.006904491 0.999958217 -0.005992733 -0.015504271 -0.151120618 0.004880629 0.988503277 -2.344999099
56656600 0.494523549 0.879152933 0.500000000 0.500000000 0.000000000 0.000000000 0.988051355 0.007647804 0.153935194 -0.962415818 -0.006828374 0.999959588 -0.005851226 -0.016239812 -0.153973714 0.004730185 0.988063633 -2.360725454
56689967 0.494523549 0.879152933 0.500000000 0.500000000 0.000000000 0.000000000 0.987600625 0.007585624 0.156804085 -0.979338790 -0.006745221 0.999959886 -0.005891017 -0.016858826 -0.156842485 0.004760293 0.987612128 -2.376564076
56723333 0.494523549 0.879152933 0.500000000 0.500000000 0.000000000 0.000000000 0.987174988 0.007445657 0.159468114 -0.995990233 -0.006589967 0.999960899 -0.005894060 -0.017874726 -0.159505770 0.004767579 0.987185478 -2.392888290
56756700 0.494523549 0.879152933 0.500000000 0.500000000 0.000000000 0.000000000 0.986745298 0.007391719 0.162108377 -1.012740196 -0.006558510 0.999962389 -0.005674365 -0.019653082 -0.162144214 0.004535964 0.986756623 -2.409145897
56790067 0.494523549 0.879152933 0.500000000 0.500000000 0.000000000 0.000000000 0.986324787 0.007439820 0.164645180 -1.029951088 -0.006664456 0.999963939 -0.005261215 -0.021949438 -0.164678380 0.004091997 0.986338854 -2.426185268
56823433 0.494523549 0.879152933 0.500000000 0.500000000 0.000000000 0.000000000 0.985943198 0.007427809 0.166915685 -1.046634471 -0.006726431 0.999966025 -0.004766947 -0.024341953 -0.166945428 0.003577192 0.985959649 -2.443544167
56856800 0.494523549 0.879152933 0.500000000 0.500000000 0.000000000 0.000000000 0.985598385 0.007425737 0.168939903 -1.062674059 -0.006728830 0.999966323 -0.004697311 -0.025618856 -0.168969095 0.003492895 0.985615134 -2.460907359
56890167 0.494523549 0.879152933 0.500000000 0.500000000 0.000000000 0.000000000 0.985236287 0.007467974 0.171037227 -1.079390626 -0.006701864 0.999964774 -0.005056153 -0.024604045 -0.171068966 0.003835236 0.985251606 -2.478610872
56923533 0.494523549 0.879152933 0.500000000 0.500000000 0.000000000 0.000000000 0.984892607 0.007442886 0.173006058 -1.095845551 -0.006650825 0.999964595 -0.005157473 -0.023210326 -0.173038319 0.003928924 0.984907269 -2.496218040
56956900 0.494523549 0.879152933 0.500000000 0.500000000 0.000000000 0.000000000 0.984607100 0.007668739 0.174614027 -1.111162825 -0.006877497 0.999963164 -0.005136036 -0.021434366 -0.174646974 0.003856070 0.984623551 -2.513523870
56990267 0.494523549 0.879152933 0.500000000 0.500000000 0.000000000 0.000000000 0.984201431 0.007761933 0.176882088 -1.127471244 -0.006955323 0.999962389 -0.005179734 -0.019076301 -0.176915646 0.003867629 0.984218419 -2.529602270
57023633 0.494523549 0.879152933 0.500000000 0.500000000 0.000000000 0.000000000 0.983605742 0.007656335 0.180169716 -1.146824119 -0.006849181 0.999963522 -0.005101643 -0.016840209 -0.180202201 0.003783990 0.983622313 -2.544653837
57057000 0.494523549 0.879152933 0.500000000 0.500000000 0.000000000 0.000000000 0.983100474 0.007540191 0.182911590 -1.164895416 -0.006759366 0.999965191 -0.004891941 -0.015065554 -0.182942107 0.003572903 0.983117223 -2.560156068
57090367 0.494523549 0.879152933 0.500000000 0.500000000 0.000000000 0.000000000 0.982618749 0.007449754 0.185485557 -1.182071229 -0.006667805 0.999966085 -0.004839142 -0.012739338 -0.185515314 0.003518250 0.982635081 -2.575352227
57123733 0.494523549 0.879152933 0.500000000 0.500000000 0.000000000 0.000000000 0.982101858 0.007287939 0.188209608 -1.199724561 -0.006477305 0.999966919 -0.004921770 -0.010091140 -0.188239247 0.003614588 0.982116580 -2.590601825
57157100 0.494523549 0.879152933 0.500000000 0.500000000 0.000000000 0.000000000 0.981651545 0.007208255 0.190547183 -1.215684430 -0.006378154 0.999967337 -0.004969343 -0.007482383 -0.190576777 0.003662824 0.981665432 -2.605821941
57190467 0.494523549 0.879152933 0.500000000 0.500000000 0.000000000 0.000000000 0.981129169 0.007018102 0.193226114 -1.231978861 -0.006206663 0.999969184 -0.004804461 -0.005542133 -0.193253875 0.003514507 0.981142461 -2.620363140
57223833 0.494523549 0.879152933 0.500000000 0.500000000 0.000000000 0.000000000 0.980500460 0.006736992 0.196401224 -1.249535773 -0.005981829 0.999972284 -0.004437952 -0.004770125 -0.196425661 0.003176575 0.980513573 -2.634472592
57257200 0.494523549 0.879152933 0.500000000 0.500000000 0.000000000 0.000000000 0.979862690 0.006446505 0.199568555 -1.267169238 -0.005742989 0.999975085 -0.004103870 -0.005177384 -0.199590042 0.002875109 0.979875267 -2.648550663
57290567 0.494523549 0.879152933 0.500000000 0.500000000 0.000000000 0.000000000 0.979311407 0.006229458 0.202263027 -1.283410180 -0.005503530 0.999976218 -0.004151231 -0.005226352 -0.202284083 0.002952187 0.979322433 -2.663579327
57323933 0.494523549 0.879152933 0.500000000 0.500000000 0.000000000 0.000000000 0.978715897 0.006046457 0.205130816 -1.299585275 -0.005312867 0.999977350 -0.004126793 -0.006427798 -0.205151126 0.002949125 0.978725851 -2.678694497
57357300 0.494523549 0.879152933 0.500000000 0.500000000 0.000000000 0.000000000 0.978093028 0.005938806 0.208083645 -1.316424483 -0.005220125 0.999978364 -0.004002764 -0.008093624 -0.208102912 0.002828853 0.978102863 -2.693592550
57390667 0.494523549 0.879152933 0.500000000 0.500000000 0.000000000 0.000000000 0.977503002 0.005793660 0.210841879 -1.332318086 -0.005098142 0.999979615 -0.003842183 -0.010778089 -0.210859850 0.002680844 0.977512658 -2.708969479
57424033 0.494523549 0.879152933 0.500000000 0.500000000 0.000000000 0.000000000 0.976807654 0.005571573 0.214046136 -1.349117735 -0.004856232 0.999980748 -0.003867677 -0.013474997 -0.214063570 0.002738519 0.976815879 -2.724093890
57457400 0.494523549 0.879152933 0.500000000 0.500000000 0.000000000 0.000000000 0.976114869 0.005401076 0.217188030 -1.366160736 -0.004613469 0.999980807 -0.004133268 -0.015239149 -0.217206195 0.003032554 0.976121008 -2.739631580
57490767 0.494523549 0.879152933 0.500000000 0.500000000 0.000000000 0.000000000 0.975497723 0.005095731 0.219950542 -1.381861911 -0.004206151 0.999980986 -0.004512579 -0.016051087 -0.219969362 0.003476865 0.975500584 -2.756055676
57524133 0.494523549 0.879152933 0.500000000 0.500000000 0.000000000 0.000000000 0.974948645 0.004815227 0.222377971 -1.396000815 -0.003878954 0.999981701 -0.004646853 -0.016891891 -0.222396269 0.003667849 0.974949479 -2.773212625
57557500 0.494523549 0.879152933 0.500000000 0.500000000 0.000000000 0.000000000 0.974333584 0.004610673 0.225061759 -1.410538723 -0.003694849 0.999983072 -0.004490231 -0.017396244 -0.225078657 0.003543413 0.974334180 -2.789437091
57590867 0.494523549 0.879152933 0.500000000 0.500000000 0.000000000 0.000000000 0.973539352 0.004343223 0.228478193 -1.427177407 -0.003553965 0.999986231 -0.003865742 -0.019101706 -0.228491828 0.002951449 0.973541379 -2.805312187
57624233 0.494523549 0.879152933 0.500000000 0.500000000 0.000000000 0.000000000 0.972854972 0.004174427 0.231377900 -1.442805268 -0.003452142 0.999987841 -0.003526449 -0.019447980 -0.231389806 0.002631974 0.972857535 -2.821562562
57657600 0.494523549 0.879152933 0.500000000 0.500000000 0.000000000 0.000000000 0.972197592 0.004063334 0.234126836 -1.457590519 -0.003246149 0.999987245 -0.003875608 -0.017166744 -0.234139591 0.003007846 0.972198308 -2.837658298
57690967 0.494523549 0.879152933 0.500000000 0.500000000 0.000000000 0.000000000 0.971486926 0.003948307 0.237060234 -1.472912910 -0.003013919 0.999986172 -0.004303841 -0.013903578 -0.237073958 0.003466645 0.971485436 -2.853349720
57724333 0.494523549 0.879152933 0.500000000 0.500000000 0.000000000 0.000000000 0.970702887 0.003728300 0.240254000 -1.489190509 -0.002756386 0.999986589 -0.004381271 -0.011068775 -0.240267113 0.003590679 0.970700145 -2.868167960
57757700 0.494523549 0.879152933 0.500000000 0.500000000 0.000000000 0.000000000 0.969958842 0.003586946 0.243242592 -1.504473044 -0.002679559 0.999988139 -0.004061137 -0.010357852 -0.243254274 0.003287353 0.969956994 -2.883352497
57791067 0.494523549 0.879152933 0.500000000 0.500000000 0.000000000 0.000000000 0.969220638 0.003452188 0.246169552 -1.519588006 -0.002586058 0.999989271 -0.003841622 -0.008865197 -0.246180162 0.003086771 0.969219148 -2.898116311
57824433 0.494523549 0.879152933 0.500000000 0.500000000 0.000000000 0.000000000 0.968419492 0.003260987 0.249305218 -1.535024925 -0.002406291 0.999990165 -0.003732995 -0.007574844 -0.249314934 0.003015204 0.968417764 -2.912523842
57857800 0.494523549 0.879152933 0.500000000 0.500000000 0.000000000 0.000000000 0.967537344 0.003079723 0.252709389 -1.551115154 -0.002192179 0.999990404 -0.003793598 -0.006129293 -0.252718657 0.003116463 0.967534781 -2.926290580
57891167 0.494523549 0.879152933 0.500000000 0.500000000 0.000000000 0.000000000 0.966566980 0.002839787 0.256398529 -1.568443800 -0.001890520 0.999990404 -0.003948721 -0.004765179 -0.256407291 0.003331976 0.966563106 -2.939946966
57924533 0.494523549 0.879152933 0.500000000 0.500000000 0.000000000 0.000000000 0.965696871 0.002596111 0.259658962 -1.584467446 -0.001612655 0.999990702 -0.004000442 -0.004557045 -0.259666950 0.003444474 0.965692103 -2.954370358
57957900 0.494523549 0.879152933 0.500000000 0.500000000 0.000000000 0.000000000 0.964825809 0.002382506 0.262879312 -1.600133076 -0.001428822 0.999991715 -0.003818945 -0.005912601 -0.262886226 0.003309009 0.964821160 -2.968645699
57991267 0.494523549 0.879152933 0.500000000 0.500000000 0.000000000 0.000000000 0.963927984 0.002162604 0.266154498 -1.616358776 -0.001260837 0.999992847 -0.003558961 -0.007981823 -0.266160280 0.003095004 0.963923812 -2.983183053
58024633 0.494523549 0.879152933 0.500000000 0.500000000 0.000000000 0.000000000 0.963118315 0.001944904 0.269071251 -1.631477741 -0.001104946 0.999994040 -0.003273106 -0.010564028 -0.269075990 0.002855079 0.963114738 -2.998284595
58058000 0.494523549 0.879152933 0.500000000 0.500000000 0.000000000 0.000000000 0.962286413 0.001776287 0.272032559 -1.646690633 -0.000998475 0.999994993 -0.002997653 -0.013719164 -0.272036523 0.002612983 0.962283373 -3.013461563
58091367 0.494523549 0.879152933 0.500000000 0.500000000 0.000000000 0.000000000 0.961400092 0.001765830 0.275148571 -1.662805004 -0.001002494 0.999995232 -0.002914879 -0.016199600 -0.275152415 0.002526530 0.961397290 -3.028534413
58124733 0.494523549 0.879152933 0.500000000 0.500000000 0.000000000 0.000000000 0.960495591 0.001587125 0.278290629 -1.678880436 -0.000879087 0.999996066 -0.002669004 -0.019286637 -0.278293759 0.002318925 0.960493207 -3.044101061
58158100 0.494523549 0.879152933 0.500000000 0.500000000 0.000000000 0.000000000 0.959563136 0.001652210 0.281488687 -1.695433449 -0.000949015 0.999996066 -0.002634437 -0.021110697 -0.281491935 0.002260771 0.959560931 -3.059201704
58191467 0.494523549 0.879152933 0.500000000 0.500000000 0.000000000 0.000000000 0.958589971 0.001680769 0.284784883 -1.712243981 -0.000957901 0.999995947 -0.002677556 -0.022597594 -0.284788221 0.002293883 0.958587706 -3.074449271
58224833 0.494523549 0.879152933 0.500000000 0.500000000 0.000000000 0.000000000 0.957602382 0.001695716 0.288088262 -1.729160517 -0.000896164 0.999995351 -0.002907231 -0.022454789 -0.288091868 0.002525797 0.957599461 -3.089362533
58258200 0.494523549 0.879152933 0.500000000 0.500000000 0.000000000 0.000000000 0.956511080 0.001577884 0.291691750 -1.746597938 -0.000764749 0.999995470 -0.002901644 -0.022805248 -0.291695029 0.002552384 0.956507981 -3.103308891
58291567 0.494523549 0.879152933 0.500000000 0.500000000 0.000000000 0.000000000 0.955223441 0.001343519 0.295882285 -1.766145287 -0.000535293 0.999995887 -0.002812571 -0.022929944 -0.295884848 0.002528250 0.955220282 -3.115797039
58324933 0.494523549 0.879152933 0.500000000 0.500000000 0.000000000 0.000000000 0.953854561 0.001101634 0.300266981 -1.786309969 -0.000276117 0.999996066 -0.002791694 -0.022897868 -0.300268859 0.002579961 0.953851104 -3.127681076
58358300 0.494523549 0.879152933 0.500000000 0.500000000 0.000000000 0.000000000 0.952484727 0.000990753 0.304584682 -1.806204864 -0.000101410 0.999995708 -0.002935663 -0.022243790 -0.304586291 0.002765286 0.952480733 -3.139272383
58391667 0.494523549 0.879152933 0.500000000 0.500000000 0.000000000 0.000000000 0.951061964 0.000905873 0.308998972 -1.826538136 0.000023640 0.999995470 -0.003004385 -0.021832578 -0.309000283 0.002864661 0.951057613 -3.150728589
58425033 0.494523549 0.879152933 0.500000000 0.500000000 0.000000000 0.000000000 0.949735761 0.000633227 0.313052118 -1.845093266 0.000263537 0.999996006 -0.002822260 -0.022490550 -0.313052624 0.002762902 0.949731767 -3.162436520
58458400 0.494523549 0.879152933 0.500000000 0.500000000 0.000000000 0.000000000 0.948266268 0.000321482 0.317476004 -1.864572986 0.000507250 0.999996662 -0.002527715 -0.023510565 -0.317475766 0.002557986 0.948262930 -3.173245211
58491767 0.494523549 0.879152933 0.500000000 0.500000000 0.000000000 0.000000000 0.946667969 -0.000009922 0.322210729 -1.884998227 0.000707798 0.999997675 -0.002048746 -0.025638048 -0.322209954 0.002167543 0.946665764 -3.183735827
58525133 0.494523549 0.879152933 0.500000000 0.500000000 0.000000000 0.000000000 0.945042551 -0.000401277 0.326947093 -1.905000742 0.000959040 0.999998331 -0.001544765 -0.028336234 -0.326945931 0.001773424 0.945041358 -3.194137561
58558500 0.494523549 0.879152933 0.500000000 0.500000000 0.000000000 0.000000000 0.943352520 -0.000655860 0.331791550 -1.925304430 0.001134962 0.999998569 -0.001250214 -0.030965909 -0.331790268 0.001555964 0.943351865 -3.204170319
58591867 0.494523549 0.879152933 0.500000000 0.500000000 0.000000000 0.000000000 0.941548705 -0.000864691 0.336875826 -1.946581222 0.001353208 0.999998331 -0.001215350 -0.032575849 -0.336874217 0.001600175 0.941548288 -3.213469737
58625233 0.494523549 0.879152933 0.500000000 0.500000000 0.000000000 0.000000000 0.939680755 -0.001210768 0.342050672 -1.968200214 0.001620098 0.999998271 -0.000911002 -0.035933713 -0.342048973 0.001410207 0.939681053 -3.222752948
58658600 0.494523549 0.879152933 0.500000000 0.500000000 0.000000000 0.000000000 0.937770247 -0.001457148 0.347253293 -1.990224198 0.001835096 0.999998033 -0.000759541 -0.038771167 -0.347251505 0.001349519 0.937771082 -3.231807948
58691967 0.494523549 0.879152933 0.500000000 0.500000000 0.000000000 0.000000000 0.935962498 -0.001698159 0.352095604 -2.010929204 0.002035822 0.999997735 -0.000588753 -0.042173353 -0.352093816 0.001267855 0.935963869 -3.242086047
58725333 0.494523549 0.879152933 0.500000000 0.500000000 0.000000000 0.000000000 0.934238970 -0.001932254 0.356642425 -2.030716143 0.002290857 0.999997199 -0.000583103 -0.044621849 -0.356640309 0.001361775 0.934240758 -3.253211690
58758700 0.494523549 0.879152933 0.500000000 0.500000000 0.000000000 0.000000000 0.932584584 -0.002109436 0.360945344 -2.049645049 0.002559475 0.999996424 -0.000768810 -0.046118006 -0.360942453 0.001640811 0.932586670 -3.264997818
58792067 0.494523549 0.879152933 0.500000000 0.500000000 0.000000000 0.000000000 0.930914879 -0.002240245 0.365229279 -2.068286421 0.002748104 0.999995828 -0.000870728 -0.047066802 -0.365225822 0.001814262 0.930917203 -3.276759419
58825433 0.494523549 0.879152933 0.500000000 0.500000000 0.000000000 0.000000000 0.929237306 -0.002464822 0.369475186 -2.086589201 0.002875704 0.999995708 -0.000561337 -0.048770808 -0.369472235 0.001584116 0.929240406 -3.288776910
58858800 0.494523549 0.879152933 0.500000000 0.500000000 0.000000000 0.000000000 0.927590907 -0.002646175 0.373588175 -2.104161716 0.002865809 0.999995887 -0.000032481 -0.050441116 -0.373586565 0.001100762 0.927594662 -3.300512056
58892167 0.494523549 0.879152933 0.500000000 0.500000000 0.000000000 0.000000000 0.925787985 -0.002718150 0.378033370 -2.122963447 0.002771799 0.999996066 0.000402191 -0.051412016 -0.378032982 0.000675488 0.925791860 -3.311279885
58925533 0.494523549 0.879152933 0.500000000 0.500000000 0.000000000 0.000000000 0.923901916 -0.002959949 0.382617980 -2.142045585 0.003077976 0.999995232 0.000303664 -0.050042176 -0.382617027 0.000897133 0.923906624 -3.321534596
58958900 0.494523549 0.879152933 0.500000000 0.500000000 0.000000000 0.000000000 0.921805739 -0.003240484 0.387638539 -2.163250518 0.003521581 0.999993801 -0.000014833 -0.047275822 -0.387636095 0.001378773 0.921811461 -3.330548329
58992267 0.494523549 0.879152933 0.500000000 0.500000000 0.000000000 0.000000000 0.919860423 -0.003444664 0.392230749 -2.183682859 0.003801389 0.999992788 -0.000132850 -0.044504826 -0.392227441 0.001613225 0.919866860 -3.340128262
59025633 0.494523549 0.879152933 0.500000000 0.500000000 0.000000000 0.000000000 0.918122351 -0.003598390 0.396280736 -2.202270154 0.003808026 0.999992728 0.000257722 -0.043237921 -0.396278799 0.001272427 0.918129325 -3.350689893
59059000 0.494523549 0.879152933 0.500000000 0.500000000 0.000000000 0.000000000 0.916536510 -0.003719701 0.399933755 -2.219155876 0.003576168 0.999992967 0.001105148 -0.044154084 -0.399935067 0.000417322 0.916543365 -3.361622431
59092367 0.494523549 0.879152933 0.500000000 0.500000000 0.000000000 0.000000000 0.914985180 -0.003812664 0.403469354 -2.235550050 0.003581056 0.999992728 0.001328536 -0.043167625 -0.403471500 0.000229256 0.914992213 -3.372371076
59125733 0.494523549 0.879152933 0.500000000 0.500000000 0.000000000 0.000000000 0.913338780 -0.003911454 0.407181740 -2.252877471 0.003886602 0.999992073 0.000888150 -0.039379463 -0.407181978 0.000771372 0.913346708 -3.382713186
59159100 0.494523549 0.879152933 0.500000000 0.500000000 0.000000000 0.000000000 0.911683381 -0.004081907 0.410873175 -2.270025941 0.004106845 0.999991238 0.000821979 -0.037623300 -0.410872936 0.000938008 0.911692142 -3.393098103
59192467 0.494523549 0.879152933 0.500000000 0.500000000 0.000000000 0.000000000 0.910123467 -0.004169099 0.414316177 -2.286501620 0.004085002 0.999991059 0.001089038 -0.037457161 -0.414317012 0.000701323 0.910132349 -3.404027161
59225833 0.494523549 0.879152933 0.500000000 0.500000000 0.000000000 0.000000000 0.908539116 -0.004327155 0.417777419 -2.302845025 0.003960868 0.999990642 0.001743776 -0.039889919 -0.417781055 0.000070472 0.908547759 -3.414967312
59259200 0.494523549 0.879152933 0.500000000 0.500000000 0.000000000 0.000000000 0.906871319 -0.004408076 0.421384543 -2.320187352 0.003942921 0.999990284 0.001975181 -0.041300928 -0.421389133 -0.000129748 0.906879902 -3.425349874
59292567 0.494523549 0.879152933 0.500000000 0.500000000 0.000000000 0.000000000 0.905226409 -0.004540762 0.424905360 -2.337318392 0.004180016 0.999989688 0.001781231 -0.041832313 -0.424909055 0.000163694 0.905236006 -3.436282471
59325933 0.494523549 0.879152933 0.500000000 0.500000000 0.000000000 0.000000000 0.903517365 -0.004774825 0.428524852 -2.355219040 0.004490674 0.999988496 0.001674042 -0.043143947 -0.428527951 0.000411840 0.903528452 -3.447473829
59359300 0.494523549 0.879152933 0.500000000 0.500000000 0.000000000 0.000000000 0.901945412 -0.004843307 0.431822896 -2.372208028 0.004600042 0.999988139 0.001607747 -0.044692075 -0.431825548 0.000536304 0.901956975 -3.459560845
59392667 0.494523549 0.879152933 0.500000000 0.500000000 0.000000000 0.000000000 0.900442958 -0.004898957 0.434946507 -2.388808344 0.004514405 0.999987960 0.001917324 -0.047842289 -0.434950650 0.000237084 0.900454283 -3.472520962
59426033 0.494523549 0.879152933 0.500000000 0.500000000 0.000000000 0.000000000 0.898984790 -0.004926926 0.437952131 -2.404913877 0.004282483 0.999987781 0.002459124 -0.051645580 -0.437958926 -0.000335192 0.898994923 -3.485928511
59459400 0.494523549 0.879152933 0.500000000 0.500000000 0.000000000 0.000000000 0.897529662 -0.004830346 0.440927625 -2.421134797 0.004068262 0.999988139 0.002673687 -0.054118050 -0.440935344 -0.000605904 0.897538662 -3.498924263
59492767 0.494523549 0.879152933 0.500000000 0.500000000 0.000000000 0.000000000 0.895923972 -0.004767755 0.444181830 -2.438801523 0.004162946 0.999988616 0.002336921 -0.053656442 -0.444187909 -0.000244599 0.895933628 -3.511311951
59526133 0.494523549 0.879152933 0.500000000 0.500000000 0.000000000 0.000000000 0.894213438 -0.004717648 0.447615981 -2.457677913 0.004230747 0.999988854 0.002087514 -0.052578527 -0.447620869 0.000027067 0.894223452 -3.523412375
59559500 0.494523549 0.879152933 0.500000000 0.500000000 0.000000000 0.000000000 0.892563820 -0.004673250 0.450896829 -2.475973634 0.004102776 0.999989092 0.002242661 -0.052186541 -0.450902373 -0.000151790 0.892573237 -3.535150280
59592867 0.494523549 0.879152933 0.500000000 0.500000000 0.000000000 0.000000000 0.890787959 -0.004674378 0.454395175 -2.495440306 0.003927693 0.999988914 0.002587141 -0.052812140 -0.454402238 -0.000519869 0.890796483 -3.546104717
59626233 0.494523549 0.879152933 0.500000000 0.500000000 0.000000000 0.000000000 0.889125645 -0.004707221 0.457638919 -2.513841087 0.004018432 0.999988854 0.002478542 -0.051324403 -0.457645506 -0.000364744 0.889134645 -3.557677920
59659600 0.494523549 0.879152933 0.500000000 0.500000000 0.000000000 0.000000000 0.887241483 -0.004817684 0.461280078 -2.533583515 0.004215495 0.999988377 0.002335817 -0.050087296 -0.461285979 -0.000127910 0.887251496 -3.568160423
59692967 0.494523549 0.879152933 0.500000000 0.500000000 0.000000000 0.000000000 0.885215580 -0.004835492 0.465155840 -2.554954586 0.004293228 0.999988317 0.002225069 -0.048470581 -0.465161175 0.000027355 0.885226011 -3.577698652
59726333 0.494523549 0.879152933 0.500000000 0.500000000 0.000000000 0.000000000 0.883631647 -0.004860863 0.468157530 -2.572535086 0.004183175 0.999988139 0.002487238 -0.048703220 -0.468164086 -0.000239417 0.883641541 -3.589581123
59759700 0.494523549 0.879152933 0.500000000 0.500000000 0.000000000 0.000000000 0.881989717 -0.004989385 0.471242279 -2.589871029 0.004208510 0.999987483 0.002710836 -0.048730908 -0.471249878 -0.000407702 0.881999671 -3.600586407
59793067 0.494523549 0.879152933 0.500000000 0.500000000 0.000000000 0.000000000 0.880034626 -0.005097567 0.474882185 -2.609232806 0.004282594 0.999986887 0.002797893 -0.048684540 -0.474890232 -0.000428514 0.880044937 -3.609939030
59826433 0.494523549 0.879152933 0.500000000 0.500000000 0.000000000 0.000000000 0.877984881 -0.005125227 0.478660941 -2.629230573 0.004354219 0.999986827 0.002720551 -0.048202799 -0.478668571 -0.000304408 0.877995610 -3.618864097
59859800 0.494523549 0.879152933 0.500000000 0.500000000 0.000000000 0.000000000 0.875919402 -0.005168807 0.482429802 -2.649410238 0.004493155 0.999986649 0.002556012 -0.047697658 -0.482436568 -0.000071229 0.875930905 -3.627848312
59893167 0.494523549 0.879152933 0.500000000 0.500000000 0.000000000 0.000000000 0.873940647 -0.005349899 0.486003190 -2.668561133 0.004726464 0.999985695 0.002508571 -0.047906891 -0.486009628 0.000104734 0.873953462 -3.637048509
59926533 0.494523549 0.879152933 0.500000000 0.500000000 0.000000000 0.000000000 0.871842802 -0.005460120 0.489755362 -2.688455506 0.004698864 0.999985099 0.002783772 -0.049446897 -0.489763260 -0.000125718 0.871855438 -3.645687295
59959900 0.494523549 0.879152933 0.500000000 0.500000000 0.000000000 0.000000000 0.869757295 -0.005672393 0.493447125 -2.708538742 0.004606194 0.999983668 0.003376310 -0.053038142 -0.493458211 -0.000663657 0.869769275 -3.654874325
59993267 0.494523549 0.879152933 0.500000000 0.500000000 0.000000000 0.000000000 0.867984891 -0.005930715 0.496555209 -2.725944840 0.004580974 0.999981761 0.003935898 -0.056790201 -0.496569484 -0.001141593 0.867996216 -3.665763608
60026633 0.494523549 0.879152933 0.500000000 0.500000000 0.000000000 0.000000000 0.866267979 -0.006125832 0.499542028 -2.743141831 0.004627533 0.999980330 0.004237936 -0.059466795 -0.499558151 -0.001359541 0.866279304 -3.677151670
60060000 0.494523549 0.879152933 0.500000000 0.500000000 0.000000000 0.000000000 0.864818454 -0.006374531 0.502044201 -2.757607238 0.004844005 0.999978781 0.004352627 -0.061188811 -0.502061307 -0.001332328 0.864830971 -3.690140386
60093367 0.494523549 0.879152933 0.500000000 0.500000000 0.000000000 0.000000000 0.863402069 -0.006513041 0.504474461 -2.771784530 0.005103986 0.999978244 0.004174854 -0.060649430 -0.504490674 -0.001029747 0.863416553 -3.703355097
60126733 0.494523549 0.879152933 0.500000000 0.500000000 0.000000000 0.000000000 0.861897230 -0.006671694 0.507039130 -2.785873987 0.005337885 0.999977410 0.004084172 -0.060125422 -0.507054925 -0.000813619 0.861913323 -3.715971439
60160100 0.494523549 0.879152933 0.500000000 0.500000000 0.000000000 0.000000000 0.860198677 -0.006856318 0.509912908 -2.801552112 0.005559885 0.999976277 0.004066477 -0.059245852 -0.509928703 -0.000662921 0.860216439 -3.727637115
60193467 0.494523549 0.879152933 0.500000000 0.500000000 0.000000000 0.000000000 0.858613729 -0.007074106 0.512574315 -2.816323395 0.005736054 0.999974787 0.004192313 -0.058067600 -0.512591004 -0.000659423 0.858632624 -3.740146180
60226833 0.494523549 0.879152933 0.500000000 0.500000000 0.000000000 0.000000000 0.857228696 -0.007124067 0.514886618 -2.829766696 0.005653899 0.999974251 0.004422719 -0.056774695 -0.514904857 -0.000880165 0.857246876 -3.753338167
60260200 0.494523549 0.879152933 0.500000000 0.500000000 0.000000000 0.000000000 0.855926156 -0.007066089 0.517049730 -2.841934661 0.005379100 0.999974191 0.004761232 -0.055827063 -0.517070055 -0.001294001 0.855942130 -3.766947575
60293567 0.494523549 0.879152933 0.500000000 0.500000000 0.000000000 0.000000000 0.854181528 -0.007121929 0.519926131 -2.857499269 0.005222403 0.999973238 0.005117762 -0.055673588 -0.519948721 -0.001656234 0.854195893 -3.778203341
60326933 0.494523549 0.879152933 0.500000000 0.500000000 0.000000000 0.000000000 0.852439165 -0.007390526 0.522774220 -2.873677673 0.005669536 0.999971986 0.004891947 -0.053155558 -0.522795737 -0.001206200 0.852457106 -3.789381400
60360300 0.494523549 0.879152933 0.500000000 0.500000000 0.000000000 0.000000000 0.850910306 -0.007643333 0.525255382 -2.888383332 0.006271193 0.999970675 0.004391933 -0.049003678 -0.525273561 -0.000443163 0.850933313 -3.801617323
60393667 0.494523549 0.879152933 0.500000000 0.500000000 0.000000000 0.000000000 0.849437296 -0.007789065 0.527632058 -2.903119326 0.006332645 0.999969542 0.004566900 -0.048166328 -0.527651548 -0.000537988 0.849460781 -3.814088222
60427033 0.494523549 0.879152933 0.500000000 0.500000000 0.000000000 0.000000000 0.848365664 -0.007876036 0.529352069 -2.915030416 0.006049135 0.999968290 0.005183521 -0.049817345 -0.529376090 -0.001195399 0.848386407 -3.828072498
60460400 0.494523549 0.879152933 0.500000000 0.500000000 0.000000000 0.000000000 0.847539365 -0.007935201 0.530673206 -2.924991882 0.005746915 0.999966800 0.005774177 -0.052108533 -0.530701399 -0.001844108 0.847556829 -3.843082610
60493767 0.494523549 0.879152933 0.500000000 0.500000000 0.000000000 0.000000000 0.846767426 -0.008024117 0.531902790 -2.934200986 0.005741143 0.999965847 0.005945505 -0.052905405 -0.531932294 -0.001980730 0.846784532 -3.858368186
60527133 0.494523549 0.879152933 0.500000000 0.500000000 0.000000000 0.000000000 0.845814764 -0.008082936 0.533415496 -2.944833037 0.005935627 0.999965906 0.005740777 -0.052423300 -0.533443689 -0.001689478 0.845833898 -3.872633419
60560500 0.494523549 0.879152933 0.500000000 0.500000000 0.000000000 0.000000000 0.844690084 -0.008214278 0.535192668 -2.956702376 0.006141373 0.999965131 0.005654851 -0.052716531 -0.535220444 -0.001489779 0.844711125 -3.886178243
60593867 0.494523549 0.879152933 0.500000000 0.500000000 0.000000000 0.000000000 0.843581915 -0.008404939 0.536934733 -2.968861693 0.006081376 0.999962926 0.006098485 -0.056004539 -0.536966085 -0.001879270 0.843601763 -3.899874074
60627233 0.494523549 0.879152933 0.500000000 0.500000000 0.000000000 0.000000000 0.842684269 -0.008585533 0.538339615 -2.979555632 0.005798617 0.999959588 0.006870725 -0.061512518 -0.538376868 -0.002668226 0.842699945 -3.914906541
60660600 0.494523549 0.879152933 0.500000000 0.500000000 0.000000000 0.000000000 0.841863036 -0.008711859 0.539620936 -2.989833520 0.005554724 0.999956608 0.007477776 -0.066641589 -0.539662659 -0.003297818 0.841874897 -3.930717092
60693967 0.494523549 0.879152933 0.500000000 0.500000000 0.000000000 0.000000000 0.841019273 -0.008763586 0.540934145 -3.000026993 0.005630481 0.999956429 0.007446120 -0.068935479 -0.540975869 -0.003216611 0.841031969 -3.946310891
60727333 0.494523549 0.879152933 0.500000000 0.500000000 0.000000000 0.000000000 0.840102613 -0.008697427 0.542357802 -3.011385751 0.005775415 0.999958217 0.007089641 -0.069229091 -0.542396784 -0.002823684 0.840117693 -3.962008268
60760700 0.494523549 0.879152933 0.500000000 0.500000000 0.000000000 0.000000000 0.839052439 -0.008675200 0.543981373 -3.023734449 0.005764642 0.999958515 0.007055394 -0.070519488 -0.544019997 -0.002783988 0.839067638 -3.977142537
60794067 0.494523549 0.879152933 0.500000000 0.500000000 0.000000000 0.000000000 0.837994874 -0.008732266 0.545608222 -3.036390248 0.005551828 0.999956608 0.007476947 -0.073409547 -0.545649886 -0.003236520 0.838006973 -3.991910577
60827433 0.494523549 0.879152933 0.500000000 0.500000000 0.000000000 0.000000000 0.837197840 -0.008712206 0.546830773 -3.047220885 0.005239223 0.999954998 0.007910213 -0.076118425 -0.546875060 -0.003757445 0.837205827 -4.007863535
60860800 0.494523549 0.879152933 0.500000000 0.500000000 0.000000000 0.000000000 0.836370051 -0.008516585 0.548099101 -3.058069463 0.005226329 0.999957740 0.007562649 -0.074052828 -0.548140347 -0.003460627 0.836379230 -4.023937789
60894167 0.494523549 0.879152933 0.500000000 0.500000000 0.000000000 0.000000000 0.835370839 -0.008433957 0.549622059 -3.070209078 0.005384787 0.999959886 0.007160055 -0.070705700 -0.549660385 -0.003021703 0.835382760 -4.038845415
60927533 0.494523549 0.879152933 0.500000000 0.500000000 0.000000000 0.000000000 0.834293425 -0.008391121 0.551256835 -3.082549562 0.005319627 0.999960124 0.007170265 -0.068837111 -0.551294982 -0.003049624 0.834304810 -4.052619277
60960900 0.494523549 0.879152933 0.500000000 0.500000000 0.000000000 0.000000000 0.833179832 -0.008434902 0.552937806 -3.095059018 0.005077783 0.999958217 0.007602741 -0.068529903 -0.552978814 -0.003526753 0.833187878 -4.066094685
60994267 0.494523549 0.879152933 0.500000000 0.500000000 0.000000000 0.000000000 0.831989825 -0.008461266 0.554726362 -3.107918700 0.004871498 0.999956548 0.007946010 -0.068009892 -0.554769516 -0.003908651 0.831994891 -4.078888480
61027633 0.494523549 0.879152933 0.500000000 0.500000000 0.000000000 0.000000000 0.830845594 -0.008552353 0.556437314 -3.119915641 0.005029628 0.999956489 0.007859172 -0.065508578 -0.556480348 -0.003731085 0.830852389 -4.091194930
61061000 0.494523549 0.879152933 0.500000000 0.500000000 0.000000000 0.000000000 0.829517245 -0.008706667 0.558413208 -3.133284649 0.005302085 0.999956191 0.007714924 -0.062374839 -0.558455884 -0.003438909 0.829527080 -4.102698366
61094367 0.494523549 0.879152933 0.500000000 0.500000000 0.000000000 0.000000000 0.828031301 -0.008909265 0.560611129 -3.147686742 0.005397617 0.999954104 0.007918965 -0.061216749 -0.560655892 -0.003531187 0.828041315 -4.113283742
61127733 0.494523549 0.879152933 0.500000000 0.500000000 0.000000000 0.000000000 0.826731801 -0.009115325 0.562522352 -3.160335815 0.005379790 0.999951124 0.008296979 -0.061580073 -0.562570512 -0.003833124 0.826740444 -4.124350525
61161100 0.494523549 0.879152933 0.500000000 0.500000000 0.000000000 0.000000000 0.825475574 -0.009339553 0.564360499 -3.172120058 0.005448758 0.999948382 0.008578301 -0.061899103 -0.564411521 -0.004006114 0.825483859 -4.135674857
61194467 0.494523549 0.879152933 0.500000000 0.500000000 0.000000000 0.000000000 0.824032843 -0.009614418 0.566460431 -3.185378453 0.005657131 0.999945760 0.008742419 -0.061977391 -0.566513777 -0.003999500 0.824042559 -4.146239491
61227833 0.494523549 0.879152933 0.500000000 0.500000000 0.000000000 0.000000000 0.822469175 -0.009844545 0.568724513 -3.198665690 0.005856629 0.999943793 0.008839246 -0.062464705 -0.568779528 -0.003939199 0.822480619 -4.155692719
61261200 0.494523549 0.879152933 0.500000000 0.500000000 0.000000000 0.000000000 0.820929289 -0.010106756 0.570940435 -3.211807617 0.006020674 0.999940991 0.009044046 -0.064132686 -0.570998132 -0.003987075 0.820941687 -4.165731958
61294567 0.494523549 0.879152933 0.500000000 0.500000000 0.000000000 0.000000000 0.819341362 -0.010294522 0.573213577 -3.225215287 0.005988636 0.999937892 0.009398148 -0.066960094 -0.573274732 -0.004267524 0.819352090 -4.175854391
61327933 0.494523549 0.879152933 0.500000000 0.500000000 0.000000000 0.000000000 0.817737877 -0.010455211 0.575495839 -3.238211312 0.005864074 0.999934435 0.009833694 -0.070584051 -0.575560927 -0.004666634 0.817745566 -4.185373927
61361300 0.494523549 0.879152933 0.500000000 0.500000000 0.000000000 0.000000000 0.816096604 -0.010686739 0.577816725 -3.251415147 0.005809541 0.999930203 0.010288465 -0.074434876 -0.577886343 -0.005039532 0.816101730 -4.194842777
61394667 0.494523549 0.879152933 0.500000000 0.500000000 0.000000000 0.000000000 0.814412057 -0.010986839 0.580182970 -3.264849553 0.006040778 0.999927104 0.010455935 -0.076477261 -0.580255568 -0.005010683 0.814419031 -4.204584413
61428033 0.494523549 0.879152933 0.500000000 0.500000000 0.000000000 0.000000000 0.812875926 -0.011194382 0.582329273 -3.276921184 0.006279424 0.999925613 0.010456551 -0.077549214 -0.582403064 -0.004843186 0.812885761 -4.214837364
61461400 0.494523549 0.879152933 0.500000000 0.500000000 0.000000000 0.000000000 0.811766088 -0.011401682 0.583871424 -3.285584937 0.006585812 0.999924541 0.010369890 -0.077521923 -0.583945632 -0.004572657 0.811779916 -4.227891827
61494767 0.494523549 0.879152933 0.500000000 0.500000000 0.000000000 0.000000000 0.810737193 -0.011574656 0.585295856 -3.293244023 0.006727024 0.999922693 0.010456102 -0.077306727 -0.585371614 -0.004539852 0.810752392 -4.241733319
61528133 0.494523549 0.879152933 0.500000000 0.500000000 0.000000000 0.000000000 0.809534073 -0.011756234 0.586955130 -3.301490645 0.006702370 0.999919415 0.010783600 -0.077838817 -0.587034583 -0.004795702 0.809547603 -4.254438146
61561500 0.494523549 0.879152933 0.500000000 0.500000000 0.000000000 0.000000000 0.808234692 -0.011998762 0.588738263 -3.310006956 0.006764882 0.999915600 0.011091751 -0.077663704 -0.588821650 -0.004981993 0.808247626 -4.266969183
61594867 0.494523549 0.879152933 0.500000000 0.500000000 0.000000000 0.000000000 0.807046413 -0.012261601 0.590360701 -3.317296459 0.007066716 0.999913335 0.011107398 -0.075469264 -0.590445757 -0.004792274 0.807063103 -4.280025861
61628233 0.494523549 0.879152933 0.500000000 0.500000000 0.000000000 0.000000000 0.805805564 -0.012550970 0.592047215 -3.324715623 0.007498568 0.999911487 0.010991472 -0.071972740 -0.592132747 -0.004417483 0.805828333 -4.292712010
61661600 0.494523549 0.879152933 0.500000000 0.500000000 0.000000000 0.000000000 0.804580510 -0.012837129 0.593704820 -3.332068720 0.007780004 0.999908388 0.011076738 -0.069165536 -0.593792617 -0.004293101 0.804606676 -4.305513709
61694967 0.494523549 0.879152933 0.500000000 0.500000000 0.000000000 0.000000000 0.803339601 -0.013095129 0.595377207 -3.339045067 0.007872058 0.999904335 0.011370844 -0.067424486 -0.595469177 -0.004447805 0.803365827 -4.317485795
61728333 0.494523549 0.879152933 0.500000000 0.500000000 0.000000000 0.000000000 0.802140415 -0.013422910 0.596984565 -3.345689508 0.007938811 0.999898672 0.011815229 -0.066566270 -0.597082675 -0.004738126 0.802165747 -4.329332548
61761700 0.494523549 0.879152933 0.500000000 0.500000000 0.000000000 0.000000000 0.801057160 -0.013677808 0.598431528 -3.351176473 0.007972898 0.999894023 0.012181195 -0.065034353 -0.598534763 -0.004986600 0.801081359 -4.341370371
61795067 0.494523549 0.879152933 0.500000000 0.500000000 0.000000000 0.000000000 0.799979270 -0.013830983 0.599868238 -3.356711208 0.007966830 0.999890983 0.012429691 -0.062541884 -0.599974751 -0.005164447 0.800002277 -4.352599865
61828433 0.494523549 0.879152933 0.500000000 0.500000000 0.000000000 0.000000000 0.798932910 -0.014026295 0.601256609 -3.362066270 0.007958788 0.999887049 0.012750252 -0.060054771 -0.601367474 -0.005401322 0.798954308 -4.363601657
61861800 0.494523549 0.879152933 0.500000000 0.500000000 0.000000000 0.000000000 0.797975659 -0.014248414 0.602521241 -3.366541930 0.007842883 0.999881327 0.013258112 -0.058661638 -0.602638662 -0.005854147 0.797992706 -4.374723533
61895167 0.494523549 0.879152933 0.500000000 0.500000000 0.000000000 0.000000000 0.797172844 -0.014491471 0.603577197 -3.369705631 0.007818983 0.999875844 0.013679427 -0.057357740 -0.603700519 -0.006185508 0.797187209 -4.386020808
61928533 0.494523549 0.879152933 0.500000000 0.500000000 0.000000000 0.000000000 0.796646357 -0.014812613 0.604264140 -3.370645338 0.007946076 0.999869943 0.014034382 -0.056184681 -0.604393423 -0.006378911 0.796660483 -4.398626663
61961900 0.494523549 0.879152933 0.500000000 0.500000000 0.000000000 0.000000000 0.796272218 -0.014970677 0.604753196 -3.370191872 0.008154079 0.999868512 0.014015373 -0.052639239 -0.604883552 -0.006228846 0.796289623 -4.412408215
61995267 0.494523549 0.879152933 0.500000000 0.500000000 0.000000000 0.000000000 0.795930564 -0.015150080 0.605198324 -3.368958437 0.008284971 0.999865770 0.014133854 -0.050367227 -0.605331242 -0.006235515 0.795949221 -4.425792614
62028633 0.494523549 0.879152933 0.500000000 0.500000000 0.000000000 0.000000000 0.795607030 -0.015442519 0.605616212 -3.367240513 0.008224144 0.999858260 0.014691058 -0.051091327 -0.605757236 -0.006707635 0.795621276 -4.439512548
62062000 0.494523549 0.879152933 0.500000000 0.500000000 0.000000000 0.000000000 0.795188069 -0.015670076 0.606160343 -3.365821283 0.008079278 0.999851108 0.015248765 -0.052341512 -0.606309056 -0.007228298 0.795196235 -4.452911704
62095367 0.494523549 0.879152933 0.500000000 0.500000000 0.000000000 0.000000000 0.794978499 -0.015883537 0.606429636 -3.362536563 0.008018155 0.999844968 0.015676698 -0.053606514 -0.606584668 -0.007600190 0.794982553 -4.467214302
62128733 0.494523549 0.879152933 0.500000000 0.500000000 0.000000000 0.000000000 0.794475138 -0.016129104 0.607082427 -3.360931433 0.008072255 0.999839425 0.015999982 -0.054830623 -0.607243001 -0.007811064 0.794477761 -4.480204005
62162100 0.494523549 0.879152933 0.500000000 0.500000000 0.000000000 0.000000000 0.793855965 -0.016420064 0.607884109 -3.360176632 0.008152116 0.999832928 0.016361201 -0.057188618 -0.608051181 -0.008032896 0.793857217 -4.493063830
62195467 0.494523549 0.879152933 0.500000000 0.500000000 0.000000000 0.000000000 0.793618083 -0.016771045 0.608185053 -3.356531680 0.008364580 0.999826312 0.016655866 -0.059590533 -0.608358741 -0.008131186 0.793620527 -4.507957270
62228833 0.494523549 0.879152933 0.500000000 0.500000000 0.000000000 0.000000000 0.793387592 -0.017020619 0.608478785 -3.352525929 0.008521455 0.999821603 0.016856406 -0.061256863 -0.608657122 -0.008188538 0.793391109 -4.523119569
62262200 0.494523549 0.879152933 0.500000000 0.500000000 0.000000000 0.000000000 0.793222487 -0.017251913 0.608687460 -3.348099386 0.008539635 0.999815464 0.017208992 -0.063728162 -0.608872056 -0.008452591 0.793223441 -4.539153804
62295567 0.494523549 0.879152933 0.500000000 0.500000000 0.000000000 0.000000000 0.793256104 -0.017464025 0.608637571 -3.341722676 0.008506830 0.999808908 0.017600939 -0.066102085 -0.608828664 -0.008784475 0.793253124 -4.555836600
62328933 0.494523549 0.879152933 0.500000000 0.500000000 0.000000000 0.000000000 0.793271542 -0.017710295 0.608610451 -3.334997209 0.008706331 0.999804616 0.017745916 -0.066453021 -0.608805776 -0.008778565 0.793270707 -4.572615194
62362300 0.494523549 0.879152933 0.500000000 0.500000000 0.000000000 0.000000000 0.793135107 -0.017972944 0.608780503 -3.329127131 0.009108106 0.999802709 0.017650764 -0.064663717 -0.608977675 -0.008454603 0.793142319 -4.589001747
62395667 0.494523549 0.879152933 0.500000000 0.500000000 0.000000000 0.000000000 0.792668819 -0.018150754 0.609382212 -3.325724901 0.009391434 0.999801636 0.017563457 -0.062314338 -0.609580159 -0.008199031 0.792682052 -4.603263835
62429033 0.494523549 0.879152933 0.500000000 0.500000000 0.000000000 0.000000000 0.792203486 -0.018421426 0.609978914 -3.322065721 0.009362636 0.999793530 0.018034248 -0.063253560 -0.610185206 -0.008575783 0.792212427 -4.617246305
62462400 0.494523549 0.879152933 0.500000000 0.500000000 0.000000000 0.000000000 0.791971326 -0.018676959 0.610272527 -3.316693597 0.009306244 0.999785185 0.018520691 -0.064420726 -0.610487342 -0.008988512 0.791975021 -4.632600367
62495767 0.494523549 0.879152933 0.500000000 0.500000000 0.000000000 0.000000000 0.791964650 -0.018884009 0.610274851 -3.309419282 0.009596301 0.999783099 0.018483445 -0.062299792 -0.610491514 -0.008781853 0.791974127 -4.648646714
62529133 0.494523549 0.879152933 0.500000000 0.500000000 0.000000000 0.000000000 0.792203486 -0.019062784 0.609959245 -3.300208621 0.009803691 0.999780536 0.018512849 -0.060303541 -0.610178292 -0.008686091 0.792216539 -4.665894777
62562500 0.494523549 0.879152933 0.500000000 0.500000000 0.000000000 0.000000000 0.792353451 -0.018966969 0.609767377 -3.291555622 0.009762437 0.999782801 0.018412840 -0.056673613 -0.609984159 -0.008636662 0.792366564 -4.682615517
