https://www.youtube.com/watch?v=N583ZFpV_Yc
184517667 0.490388154 0.871801201 0.500000000 0.500000000 0.000000000 0.000000000 -0.158205345 -0.145978794 0.976555824 -1.540182915 0.113770381 0.979729295 0.164884359 -0.022941667 -0.980829954 0.137188718 -0.138390347 -0.247689867
184551033 0.490388154 0.871801201 0.500000000 0.500000000 0.000000000 0.000000000 -0.162391379 -0.145743743 0.975903571 -1.541767750 0.114118442 0.979620695 0.165288299 -0.022521053 -0.980105102 0.138209984 -0.142449915 -0.251412391
184584400 0.490388154 0.871801201 0.500000000 0.500000000 0.000000000 0.000000000 -0.167152762 -0.145077080 0.975198746 -1.546007492 0.114501335 0.979565203 0.165352628 -0.021809142 -0.979259610 0.139300704 -0.147125497 -0.253439952
184617767 0.490388154 0.871801201 0.500000000 0.500000000 0.000000000 0.000000000 -0.171871871 -0.144306317 0.974492550 -1.550360476 0.114967287 0.979514956 0.165326908 -0.020789221 -0.978387773 0.140449807 -0.151760563 -0.255274390
184651133 0.490388154 0.871801201 0.500000000 0.500000000 0.000000000 0.000000000 -0.176328495 -0.143381998 0.973832548 -1.554135381 0.115434900 0.979495347 0.165117159 -0.019427456 -0.977539301 0.141529128 -0.156161651 -0.258044641
184684500 0.490388154 0.871801201 0.500000000 0.500000000 0.000000000 0.000000000 -0.181351542 -0.142291754 0.973069727 -1.559350919 0.115899220 0.979488790 0.164830610 -0.017840266 -0.976564884 0.142670304 -0.161140293 -0.259645560
184717867 0.490388154 0.871801201 0.500000000 0.500000000 0.000000000 0.000000000 -0.185602412 -0.141573653 0.972372711 -1.561857938 0.115398422 0.979578316 0.164649531 -0.019149059 -0.975825250 0.142769620 -0.165474728 -0.261292730
184751233 0.490388154 0.871801201 0.500000000 0.500000000 0.000000000 0.000000000 -0.190690443 -0.140428856 0.971553862 -1.566912334 0.115745097 0.979594648 0.164308786 -0.017729700 -0.974802673 0.143784702 -0.170545399 -0.262529136
184784600 0.490388154 0.871801201 0.500000000 0.500000000 0.000000000 0.000000000 -0.195145741 -0.140021130 0.970727682 -1.570176560 0.116058998 0.979505479 0.164618656 -0.017049309 -0.973883152 0.144786313 -0.174895614 -0.263403322
184817967 0.490388154 0.871801201 0.500000000 0.500000000 0.000000000 0.000000000 -0.199349076 -0.139804438 0.969904482 -1.572407265 0.116364837 0.979390085 0.165088743 -0.016584024 -0.972994924 0.145773068 -0.178972185 -0.265189366
184851333 0.490388154 0.871801201 0.500000000 0.500000000 0.000000000 0.000000000 -0.203908026 -0.139535487 0.968995035 -1.575781880 0.116679512 0.979271650 0.165568486 -0.016130556 -0.972012043 0.146822602 -0.183400422 -0.265903784
184884700 0.490388154 0.871801201 0.500000000 0.500000000 0.000000000 0.000000000 -0.208375737 -0.139056697 0.968113005 -1.579265657 0.116772920 0.979223609 0.165786684 -0.015986215 -0.971052825 0.147595301 -0.187808380 -0.267382490
184918067 0.490388154 0.871801201 0.500000000 0.500000000 0.000000000 0.000000000 -0.212598890 -0.138487816 0.967275977 -1.582125423 0.117064245 0.979166269 0.165919885 -0.015297031 -0.970101893 0.148507819 -0.191957682 -0.269409399
184951433 0.490388154 0.871801201 0.500000000 0.500000000 0.000000000 0.000000000 -0.216911256 -0.138060972 0.966379166 -1.585027258 0.117122330 0.979116917 0.166169748 -0.015290809 -0.969139755 0.149228662 -0.196211457 -0.271083887
184984800 0.490388154 0.871801201 0.500000000 0.500000000 0.000000000 0.000000000 -0.221400812 -0.137383372 0.965457141 -1.588698452 0.117288977 0.979088426 0.166220069 -0.014834087 -0.968103826 0.150038734 -0.200657412 -0.272154833
185018167 0.490388154 0.871801201 0.500000000 0.500000000 0.000000000 0.000000000 -0.225818440 -0.137105361 0.964473009 -1.591991080 0.117559351 0.978975773 0.166691959 -0.014033775 -0.967050076 0.151024938 -0.204952762 -0.273633805
185051533 0.490388154 0.871801201 0.500000000 0.500000000 0.000000000 0.000000000 -0.229677886 -0.136681050 0.963621497 -1.593992740 0.117896333 0.978891730 0.166947424 -0.013040518 -0.966099620 0.151951566 -0.208715588 -0.276298567
185084900 0.490388154 0.871801201 0.500000000 0.500000000 0.000000000 0.000000000 -0.234457359 -0.136508495 0.962494254 -1.598653066 0.117816679 0.978803337 0.167520955 -0.013330686 -0.964960635 0.152674392 -0.213404670 -0.276316025
185118267 0.490388154 0.871801201 0.500000000 0.500000000 0.000000000 0.000000000 -0.238363340 -0.136322260 0.961560786 -1.600811748 0.118314102 0.978648543 0.168073952 -0.012191372 -0.963942289 0.153828874 -0.217145085 -0.278430674
185151633 0.490388154 0.871801201 0.500000000 0.500000000 0.000000000 0.000000000 -0.242547020 -0.135465354 0.960635245 -1.604510321 0.118331082 0.978678584 0.167886719 -0.011557976 -0.962895989 0.154393435 -0.221345812 -0.279156718
185185000 0.490388154 0.871801201 0.500000000 0.500000000 0.000000000 0.000000000 -0.246965960 -0.134889558 0.959589839 -1.608343566 0.117945366 0.978717148 0.167933434 -0.012477777 -0.961819470 0.154653013 -0.225800216 -0.279979829
185218367 0.490388154 0.871801201 0.500000000 0.500000000 0.000000000 0.000000000 -0.251428664 -0.134620205 0.958468080 -1.612304391 0.118309826 0.978579164 0.168480322 -0.011181836 -0.960617721 0.155756965 -0.230115950 -0.280939758
185251733 0.490388154 0.871801201 0.500000000 0.500000000 0.000000000 0.000000000 -0.255865216 -0.134557605 0.957302034 -1.616208469 0.118571416 0.978420317 0.169217438 -0.010622111 -0.959413290 0.156805515 -0.234389037 -0.281969734
185285100 0.490388154 0.871801201 0.500000000 0.500000000 0.000000000 0.000000000 -0.260159940 -0.134711996 0.956122100 -1.619458889 0.118823491 0.978226542 0.170158133 -0.010485913 -0.958226383 0.157878101 -0.238488391 -0.283739407
185318467 0.490388154 0.871801201 0.500000000 0.500000000 0.000000000 0.000000000 -0.263814449 -0.135078728 0.955068409 -1.621218750 0.119114056 0.978004992 0.171225101 -0.010265115 -0.957190573 0.158933729 -0.241922066 -0.286050397
185351833 0.490388154 0.871801201 0.500000000 0.500000000 0.000000000 0.000000000 -0.268094242 -0.135142475 0.953866839 -1.625163277 0.119234525 0.977845252 0.172051802 -0.010199321 -0.955985665 0.159859955 -0.246041030 -0.287400475
185385200 0.490388154 0.871801201 0.500000000 0.500000000 0.000000000 0.000000000 -0.272336125 -0.135281861 0.952644646 -1.628941687 0.119655378 0.977620304 0.173034906 -0.009630491 -0.954733253 0.161112711 -0.250054121 -0.289074196
185418567 0.490388154 0.871801201 0.500000000 0.500000000 0.000000000 0.000000000 -0.276727468 -0.135037079 0.951413095 -1.633505619 0.119955353 0.977478623 0.173626781 -0.008798974 -0.953432024 0.162174404 -0.254296780 -0.290002250
185451933 0.490388154 0.871801201 0.500000000 0.500000000 0.000000000 0.000000000 -0.280862451 -0.135349527 0.950156212 -1.636793496 0.120241016 0.977243185 0.174750835 -0.008728425 -0.952186108 0.163328692 -0.258196354 -0.292494674
185485300 0.490388154 0.871801201 0.500000000 0.500000000 0.000000000 0.000000000 -0.285409778 -0.135260731 0.948812842 -1.641900705 0.120452568 0.977078676 0.175523266 -0.008342957 -0.950806201 0.164382994 -0.262575328 -0.293650668
185518667 0.490388154 0.871801201 0.500000000 0.500000000 0.000000000 0.000000000 -0.290124953 -0.135198206 0.947390616 -1.647221872 0.120756015 0.976885617 0.176387146 -0.007719555 -0.949339509 0.165577427 -0.267092913 -0.294246460
185552033 0.490388154 0.871801201 0.500000000 0.500000000 0.000000000 0.000000000 -0.294528335 -0.134987190 0.946061075 -1.652081352 0.120595597 0.976809382 0.176918373 -0.008115119 -0.948003054 0.166198269 -0.271419168 -0.295718562
185585400 0.490388154 0.871801201 0.500000000 0.500000000 0.000000000 0.000000000 -0.298607290 -0.134704173 0.944821954 -1.656020456 0.120805375 0.976691067 0.177427858 -0.007289719 -0.946699381 0.167120814 -0.275374055 -0.297346251
185618767 0.490388154 0.871801201 0.500000000 0.500000000 0.000000000 0.000000000 -0.302824348 -0.134437308 0.943516850 -1.660660327 0.120851129 0.976592660 0.177937627 -0.006787738 -0.945353091 0.167908922 -0.279489130 -0.299447123
185652133 0.490388154 0.871801201 0.500000000 0.500000000 0.000000000 0.000000000 -0.306473017 -0.134426296 0.942339540 -1.663975505 0.121021233 0.976441503 0.178650200 -0.006147279 -0.944154739 0.168794572 -0.282984555 -0.302162529
185685500 0.490388154 0.871801201 0.500000000 0.500000000 0.000000000 0.000000000 -0.310074210 -0.134352550 0.941171288 -1.667376056 0.121175818 0.976305068 0.179289967 -0.005737745 -0.942958295 0.169640407 -0.286446750 -0.305667097
185718867 0.490388154 0.871801201 0.500000000 0.500000000 0.000000000 0.000000000 -0.313526809 -0.134193510 0.940049469 -1.670544311 0.121097207 0.976230741 0.179746971 -0.005513522 -0.941826105 0.170192868 -0.289824069 -0.308788970
185752233 0.490388154 0.871801201 0.500000000 0.500000000 0.000000000 0.000000000 -0.317085594 -0.134014800 0.938880563 -1.674418468 0.121085174 0.976143658 0.180227458 -0.005441149 -0.940635502 0.170832053 -0.293293893 -0.311987337
185785600 0.490388154 0.871801201 0.500000000 0.500000000 0.000000000 0.000000000 -0.320209205 -0.133928329 0.937832236 -1.677194866 0.121523693 0.975970805 0.180867255 -0.003907994 -0.939520121 0.171884194 -0.296239376 -0.315935581
185818967 0.490388154 0.871801201 0.500000000 0.500000000 0.000000000 0.000000000 -0.323058158 -0.133853778 0.936865270 -1.679408969 0.121709108 0.975850224 0.181392521 -0.003234451 -0.938520253 0.172625378 -0.298965156 -0.320748205
185852333 0.490388154 0.871801201 0.500000000 0.500000000 0.000000000 0.000000000 -0.325729430 -0.133816585 0.935945213 -1.681570744 0.121896848 0.975727260 0.181927189 -0.002466602 -0.937572122 0.173347816 -0.301511258 -0.326119570
185885700 0.490388154 0.871801201 0.500000000 0.500000000 0.000000000 0.000000000 -0.328475446 -0.134035006 0.934953749 -1.684018822 0.122176968 0.975533426 0.182776704 -0.001464029 -0.936577082 0.174267471 -0.304062784 -0.331484168
185919067 0.490388154 0.871801201 0.500000000 0.500000000 0.000000000 0.000000000 -0.330825359 -0.134199291 0.934101224 -1.685654456 0.122342490 0.975384474 0.183459669 -0.000879111 -0.935728014 0.174973384 -0.306263655 -0.337815609
185952433 0.490388154 0.871801201 0.500000000 0.500000000 0.000000000 0.000000000 -0.332822680 -0.134150773 0.933398426 -1.686944508 0.122598581 0.975272357 0.183884099 0.000156871 -0.934985876 0.175634131 -0.308146089 -0.344216377
185985800 0.490388154 0.871801201 0.500000000 0.500000000 0.000000000 0.000000000 -0.335284382 -0.134278402 0.932498634 -1.689610275 0.122763149 0.975124657 0.184556559 0.000595468 -0.934084356 0.176355407 -0.310459614 -0.349764140
186019167 0.490388154 0.871801201 0.500000000 0.500000000 0.000000000 0.000000000 -0.337057859 -0.134612307 0.931810915 -1.690571899 0.123025864 0.974942088 0.185344517 0.001300874 -0.933411300 0.177108660 -0.312051088 -0.357182746
186052533 0.490388154 0.871801201 0.500000000 0.500000000 0.000000000 0.000000000 -0.338967085 -0.134437755 0.931143284 -1.692432694 0.123237982 0.974864244 0.185612887 0.002163488 -0.932691634 0.177668884 -0.313879043 -0.363602422
186085900 0.490388154 0.871801201 0.500000000 0.500000000 0.000000000 0.000000000 -0.340399384 -0.134571016 0.930601358 -1.693083814 0.123335965 0.974764347 0.186071634 0.002613747 -0.932156920 0.178115278 -0.315211743 -0.371229161
186119267 0.490388154 0.871801201 0.500000000 0.500000000 0.000000000 0.000000000 -0.341969401 -0.134501874 0.930035591 -1.694564720 0.123398438 0.974706113 0.186335132 0.003105967 -0.931573808 0.178485841 -0.316722333 -0.377714395
186152633 0.490388154 0.871801201 0.500000000 0.500000000 0.000000000 0.000000000 -0.343278915 -0.134501711 0.929553032 -1.695599338 0.123371050 0.974661052 0.186588868 0.003484911 -0.931095660 0.178731948 -0.317986965 -0.384541139
186186000 0.490388154 0.871801201 0.500000000 0.500000000 0.000000000 0.000000000 -0.344348729 -0.134311646 0.929184794 -1.696365632 0.123444207 0.974643886 0.186630145 0.004223565 -0.930690885 0.178968325 -0.319037378 -0.391515422
186219367 0.490388154 0.871801201 0.500000000 0.500000000 0.000000000 0.000000000 -0.345363915 -0.134329990 0.928805292 -1.697054945 0.123696223 0.974552333 0.186941043 0.005140505 -0.930281162 0.179452389 -0.319959104 -0.398717751
186252733 0.490388154 0.871801201 0.500000000 0.500000000 0.000000000 0.000000000 -0.346074939 -0.134102747 0.928573430 -1.697599088 0.124026261 0.974506676 0.186960354 0.006833682 -0.929972887 0.179869786 -0.320620090 -0.406489637
186286100 0.490388154 0.871801201 0.500000000 0.500000000 0.000000000 0.000000000 -0.346381783 -0.134005591 0.928473055 -1.697135955 0.124193251 0.974482000 0.186978295 0.007756539 -0.929836392 0.180075958 -0.320900232 -0.414830366
186319467 0.490388154 0.871801201 0.500000000 0.500000000 0.000000000 0.000000000 -0.346464604 -0.134427905 0.928381085 -1.696166725 0.124413937 0.974350810 0.187514558 0.008610349 -0.929776013 0.180470705 -0.320853353 -0.424506705
186352833 0.490388154 0.871801201 0.500000000 0.500000000 0.000000000 0.000000000 -0.346633613 -0.134425864 0.928318262 -1.696205558 0.125112697 0.974208653 0.187788084 0.011046400 -0.929619253 0.181238055 -0.320875078 -0.433703024
186386200 0.490388154 0.871801201 0.500000000 0.500000000 0.000000000 0.000000000 -0.346445531 -0.134406462 0.928391278 -1.695321644 0.125483990 0.974147499 0.187857315 0.012221321 -0.929639339 0.181580573 -0.320623189 -0.444203036
186419567 0.490388154 0.871801201 0.500000000 0.500000000 0.000000000 0.000000000 -0.346619785 -0.134412661 0.928325355 -1.695624178 0.125886664 0.974060595 0.188038483 0.013661828 -0.929519892 0.182041645 -0.320707917 -0.453451955
186452933 0.490388154 0.871801201 0.500000000 0.500000000 0.000000000 0.000000000 -0.346653759 -0.134345576 0.928322375 -1.696011685 0.126140088 0.974023163 0.188062504 0.015096842 -0.929472864 0.182291240 -0.320702434 -0.462604894
186486300 0.490388154 0.871801201 0.500000000 0.500000000 0.000000000 0.000000000 -0.346300274 -0.134719968 0.928400040 -1.695271944 0.126425266 0.973905325 0.188480824 0.016178804 -0.929565907 0.182644174 -0.320231676 -0.473384867
186519667 0.490388154 0.871801201 0.500000000 0.500000000 0.000000000 0.000000000 -0.346160084 -0.134838253 0.928435147 -1.695653515 0.126593605 0.973853827 0.188633963 0.017303882 -0.929595232 0.182831496 -0.320039660 -0.483921502
186553033 0.490388154 0.871801201 0.500000000 0.500000000 0.000000000 0.000000000 -0.345865995 -0.135156825 0.928498447 -1.695834981 0.127026096 0.973715663 0.189056128 0.019019303 -0.929645658 0.183331609 -0.319606662 -0.494423370
186586400 0.490388154 0.871801201 0.500000000 0.500000000 0.000000000 0.000000000 -0.345466107 -0.135027245 0.928666174 -1.696148187 0.127021015 0.973759055 0.188835844 0.019769013 -0.929795027 0.183196500 -0.319249451 -0.505181398
186619767 0.490388154 0.871801201 0.500000000 0.500000000 0.000000000 0.000000000 -0.345141321 -0.135109156 0.928775012 -1.696818860 0.127522171 0.973656535 0.189026505 0.021767298 -0.929847062 0.183680266 -0.318819672 -0.516021045
186653133 0.490388154 0.871801201 0.500000000 0.500000000 0.000000000 0.000000000 -0.344750047 -0.135356292 0.928884327 -1.697452539 0.127947122 0.973537922 0.189350009 0.023400619 -0.929933846 0.184126496 -0.318308800 -0.526952594
186686500 0.490388154 0.871801201 0.500000000 0.500000000 0.000000000 0.000000000 -0.344561875 -0.135503590 0.928932667 -1.698967499 0.128421307 0.973421454 0.189627513 0.025306633 -0.929938197 0.184633151 -0.318002403 -0.537241473
186719867 0.490388154 0.871801201 0.500000000 0.500000000 0.000000000 0.000000000 -0.344433963 -0.135486931 0.928982496 -1.700975008 0.128967136 0.973321557 0.189769998 0.027604932 -0.929910064 0.185171455 -0.317771643 -0.547926399
186753233 0.490388154 0.871801201 0.500000000 0.500000000 0.000000000 0.000000000 -0.343965083 -0.135381252 0.929171622 -1.702202794 0.129538700 0.973248243 0.189756498 0.029934723 -0.930004179 0.185633302 -0.317226321 -0.559276395
186786600 0.490388154 0.871801201 0.500000000 0.500000000 0.000000000 0.000000000 -0.343633294 -0.135479435 0.929280102 -1.703942136 0.129790813 0.973191381 0.189875871 0.031163386 -0.930091679 0.185859695 -0.316836983 -0.570037304
186819967 0.490388154 0.871801201 0.500000000 0.500000000 0.000000000 0.000000000 -0.343433321 -0.135461450 0.929356635 -1.706254475 0.130002216 0.973160982 0.189887166 0.032395658 -0.930136025 0.186031997 -0.316605628 -0.580841539
186853333 0.490388154 0.871801201 0.500000000 0.500000000 0.000000000 0.000000000 -0.343511194 -0.135405034 0.929336071 -1.709418524 0.130163103 0.973137140 0.189899176 0.033695004 -0.930084765 0.186197758 -0.316658735 -0.590965400
186886700 0.490388154 0.871801201 0.500000000 0.500000000 0.000000000 0.000000000 -0.342822641 -0.135355845 0.929597437 -1.710878269 0.130495906 0.973108709 0.189816460 0.035638959 -0.930292130 0.186382040 -0.315940291 -0.602479209
186920067 0.490388154 0.871801201 0.500000000 0.500000000 0.000000000 0.000000000 -0.342369497 -0.135490298 0.929744840 -1.712855855 0.130458564 0.973107278 0.189849526 0.036263194 -0.930464208 0.186291859 -0.315486372 -0.613406999
186953433 0.490388154 0.871801201 0.500000000 0.500000000 0.000000000 0.000000000 -0.341800690 -0.135625079 0.929934502 -1.714743887 0.130726233 0.973049402 0.189962000 0.037803513 -0.930635750 0.186495975 -0.314859182 -0.624929556
186986800 0.490388154 0.871801201 0.500000000 0.500000000 0.000000000 0.000000000 -0.341395676 -0.135536641 0.930096149 -1.717615748 0.131083682 0.973012328 0.189905345 0.039973764 -0.930734158 0.186753288 -0.314415574 -0.636341669
187020167 0.490388154 0.871801201 0.500000000 0.500000000 0.000000000 0.000000000 -0.340771854 -0.135632515 0.930310905 -1.719686431 0.131146491 0.973005712 0.189895928 0.041164357 -0.930953860 0.186718196 -0.313785225 -0.647886082
187053533 0.490388154 0.871801201 0.500000000 0.500000000 0.000000000 0.000000000 -0.340064824 -0.135568410 0.930578887 -1.721915990 0.131600946 0.972956538 0.189833462 0.043739418 -0.931148291 0.187020749 -0.313027382 -0.659781704
187086900 0.490388154 0.871801201 0.500000000 0.500000000 0.000000000 0.000000000 -0.338931412 -0.135647073 0.930980861 -1.722806617 0.131866381 0.972933590 0.189766794 0.045614051 -0.931523860 0.187083006 -0.311870486 -0.672716775
187120267 0.490388154 0.871801201 0.500000000 0.500000000 0.000000000 0.000000000 -0.337896019 -0.135691166 0.931350708 -1.724010248 0.132179573 0.972904086 0.189700231 0.047615452 -0.931855559 0.187204495 -0.310804844 -0.684768462
187153633 0.490388154 0.871801201 0.500000000 0.500000000 0.000000000 0.000000000 -0.337064862 -0.135921538 0.931618273 -1.726071692 0.132444829 0.972837865 0.189854726 0.049295421 -0.932118893 0.187381372 -0.309907377 -0.696420695
187187000 0.490388154 0.871801201 0.500000000 0.500000000 0.000000000 0.000000000 -0.335929543 -0.136072263 0.932006240 -1.727774583 0.132815227 0.972779214 0.189896598 0.051509667 -0.932475984 0.187576503 -0.308712810 -0.710421264
187220367 0.490388154 0.871801201 0.500000000 0.500000000 0.000000000 0.000000000 -0.334689915 -0.135958508 0.932468712 -1.729208094 0.133064404 0.972802997 0.189600095 0.053455503 -0.932886124 0.187535644 -0.307496101 -0.723675202
187253733 0.490388154 0.871801201 0.500000000 0.500000000 0.000000000 0.000000000 -0.333640128 -0.135902628 0.932852983 -1.731283441 0.133453280 0.972779036 0.189449564 0.055956377 -0.933206558 0.187700272 -0.306421489 -0.736972949
187287100 0.490388154 0.871801201 0.500000000 0.500000000 0.000000000 0.000000000 -0.332610160 -0.135831073 0.933231175 -1.733647508 0.134222105 0.972680867 0.189410642 0.059868922 -0.933463931 0.188260153 -0.305292010 -0.751237011
187320467 0.490388154 0.871801201 0.500000000 0.500000000 0.000000000 0.000000000 -0.331135839 -0.135637060 0.933783531 -1.734857571 0.134785697 0.972666800 0.189082414 0.063132096 -0.933906794 0.188472614 -0.303802878 -0.766350107
187353833 0.490388154 0.871801201 0.500000000 0.500000000 0.000000000 0.000000000 -0.329625219 -0.135736510 0.934303403 -1.735858805 0.135343194 0.972595811 0.189049184 0.065884597 -0.934360445 0.188766986 -0.302221090 -0.781148132
187387200 0.490388154 0.871801201 0.500000000 0.500000000 0.000000000 0.000000000 -0.328362375 -0.135452509 0.934789181 -1.737957075 0.136136487 0.972544432 0.188743815 0.069918393 -0.934689820 0.189235285 -0.300906956 -0.795297457
187420567 0.490388154 0.871801201 0.500000000 0.500000000 0.000000000 0.000000000 -0.326820046 -0.135260805 0.935357213 -1.739400656 0.136533961 0.972565532 0.188347340 0.072717533 -0.935172260 0.189263716 -0.299386233 -0.810673093
187453933 0.490388154 0.871801201 0.500000000 0.500000000 0.000000000 0.000000000 -0.324800253 -0.135315984 0.936052561 -1.739059197 0.136977836 0.972546875 0.188121453 0.075604320 -0.935810804 0.189320341 -0.297348171 -0.826605820
