https://www.youtube.com/watch?v=q-cKUGgnuRM
208508300 0.474806636 0.844100707 0.500000000 0.500000000 0.000000000 0.000000000 0.997303605 0.011864212 -0.072420619 -0.089944159 -0.012130607 0.999921203 -0.003239704 0.013771963 0.072376475 0.004109475 0.997368932 -0.292592784
208541667 0.474806636 0.844100707 0.500000000 0.500000000 0.000000000 0.000000000 0.997019708 0.012223793 -0.076173030 -0.091469545 -0.012523750 0.999915600 -0.003461375 0.015762255 0.076124288 0.004405031 0.997088611 -0.306849612
208575033 0.474806636 0.844100707 0.500000000 0.500000000 0.000000000 0.000000000 0.996749640 0.012637656 -0.079564385 -0.094374372 -0.012982229 0.999908447 -0.003814927 0.018263063 0.079508886 0.004835450 0.996822417 -0.321672024
208608400 0.474806636 0.844100707 0.500000000 0.500000000 0.000000000 0.000000000 0.996471047 0.013176219 -0.082896598 -0.096971537 -0.013566625 0.999899387 -0.004148015 0.020139214 0.082833596 0.005258004 0.996549547 -0.336645204
208641767 0.474806636 0.844100707 0.500000000 0.500000000 0.000000000 0.000000000 0.996192753 0.013824517 -0.086074971 -0.099730761 -0.014240904 0.999889672 -0.004225303 0.021799586 0.086007059 0.005435002 0.996279716 -0.351861454
208675133 0.474806636 0.844100707 0.500000000 0.500000000 0.000000000 0.000000000 0.995909572 0.014158879 -0.089239463 -0.102331651 -0.014612293 0.999883413 -0.004429574 0.023723926 0.089166343 0.005715447 0.996000350 -0.366912290
208708500 0.474806636 0.844100707 0.500000000 0.500000000 0.000000000 0.000000000 0.995612085 0.014515520 -0.092443682 -0.104126880 -0.015008451 0.999876618 -0.004639228 0.025732554 0.092364937 0.006006308 0.995707095 -0.381969178
208741867 0.474806636 0.844100707 0.500000000 0.500000000 0.000000000 0.000000000 0.995311737 0.015105154 -0.095532209 -0.105785279 -0.015622438 0.999867082 -0.004669092 0.027423872 0.095448978 0.006139648 0.995415390 -0.396625154
208775233 0.474806636 0.844100707 0.500000000 0.500000000 0.000000000 0.000000000 0.994995236 0.015528997 -0.098708272 -0.106994437 -0.016075484 0.999859512 -0.004743413 0.029120373 0.098620743 0.006306457 0.995105088 -0.411042000
208808600 0.474806636 0.844100707 0.500000000 0.500000000 0.000000000 0.000000000 0.994643748 0.015859993 -0.102138296 -0.106257727 -0.016486775 0.999850035 -0.005295299 0.031906669 0.102039002 0.006950868 0.994756103 -0.424921203
208841967 0.474806636 0.844100707 0.500000000 0.500000000 0.000000000 0.000000000 0.994328022 0.015997389 -0.105146721 -0.106616668 -0.016698480 0.999843776 -0.005790724 0.034638445 0.105037659 0.007513670 0.994439840 -0.438936829
208875333 0.474806636 0.844100707 0.500000000 0.500000000 0.000000000 0.000000000 0.994016588 0.016599091 -0.107960694 -0.108121778 -0.017348627 0.999831438 -0.006007099 0.036816124 0.107842781 0.007844126 0.994136989 -0.454495306
208908700 0.474806636 0.844100707 0.500000000 0.500000000 0.000000000 0.000000000 0.993672371 0.016842755 -0.111047216 -0.107758112 -0.017644422 0.999824822 -0.006240336 0.039207163 0.110922657 0.008160214 0.993795514 -0.468752280
208942067 0.474806636 0.844100707 0.500000000 0.500000000 0.000000000 0.000000000 0.993384004 0.016990596 -0.113576360 -0.107970863 -0.017852399 0.999819040 -0.006575015 0.041805218 0.113444090 0.008559125 0.993507504 -0.482491200
208975433 0.474806636 0.844100707 0.500000000 0.500000000 0.000000000 0.000000000 0.993127346 0.016972773 -0.115801468 -0.109339999 -0.017876595 0.999817252 -0.006770766 0.044127471 0.115665384 0.008794369 0.993249297 -0.497246235
209008800 0.474806636 0.844100707 0.500000000 0.500000000 0.000000000 0.000000000 0.992868483 0.017335076 -0.117947809 -0.111264968 -0.018265637 0.999809980 -0.006813126 0.046032675 0.117807284 0.008918930 0.992996395 -0.511170200
209042167 0.474806636 0.844100707 0.500000000 0.500000000 0.000000000 0.000000000 0.992612004 0.017435970 -0.120072521 -0.112629471 -0.018381620 0.999808133 -0.006772520 0.047614148 0.119931392 0.008929611 0.992742002 -0.525348413
209075533 0.474806636 0.844100707 0.500000000 0.500000000 0.000000000 0.000000000 0.992369711 0.017646495 -0.122028716 -0.114622880 -0.018615380 0.999803543 -0.006804213 0.049647307 0.121884674 0.009023905 0.992503226 -0.539680905
209108900 0.474806636 0.844100707 0.500000000 0.500000000 0.000000000 0.000000000 0.992147386 0.017862601 -0.123791955 -0.116729049 -0.018851859 0.999799013 -0.006824466 0.051468632 0.123645172 0.009104585 0.992284715 -0.553314459
209142267 0.474806636 0.844100707 0.500000000 0.500000000 0.000000000 0.000000000 0.991935372 0.017970717 -0.125464097 -0.118633644 -0.018983189 0.999796152 -0.006878814 0.053514118 0.125314906 0.009205048 0.992074311 -0.567125006
209175633 0.474806636 0.844100707 0.500000000 0.500000000 0.000000000 0.000000000 0.991756558 0.018030694 -0.126861468 -0.121575651 -0.019080181 0.999792993 -0.007062291 0.055822521 0.126707882 0.009424613 0.991895318 -0.581268310
209209000 0.474806636 0.844100707 0.500000000 0.500000000 0.000000000 0.000000000 0.991610348 0.018163869 -0.127980620 -0.125178447 -0.019197632 0.999792278 -0.006848495 0.057230375 0.127829641 0.009247962 0.991753042 -0.595372797
209242367 0.474806636 0.844100707 0.500000000 0.500000000 0.000000000 0.000000000 0.991503596 0.018347416 -0.128778756 -0.129435214 -0.019361412 0.999790609 -0.006626371 0.058759352 0.128630206 0.009063409 0.991651237 -0.609627855
209275733 0.474806636 0.844100707 0.500000000 0.500000000 0.000000000 0.000000000 0.991437137 0.018259404 -0.129301891 -0.134478059 -0.019230235 0.999795437 -0.006263644 0.060008904 0.129161075 0.008696515 0.991585493 -0.624596246
209309100 0.474806636 0.844100707 0.500000000 0.500000000 0.000000000 0.000000000 0.991370380 0.018283056 -0.129809469 -0.139104887 -0.019237483 0.999796331 -0.006102313 0.061922096 0.129671469 0.008546860 0.991520166 -0.639373301
209342467 0.474806636 0.844100707 0.500000000 0.500000000 0.000000000 0.000000000 0.991331458 0.018403811 -0.130089253 -0.144123857 -0.019344307 0.999795079 -0.005969605 0.063901971 0.129952729 0.008434345 0.991484344 -0.655166808
209375833 0.474806636 0.844100707 0.500000000 0.500000000 0.000000000 0.000000000 0.991319537 0.018421926 -0.130177811 -0.149565566 -0.019365845 0.999794543 -0.005988728 0.066103290 0.130040735 0.008457746 0.991472602 -0.671152070
209409200 0.474806636 0.844100707 0.500000000 0.500000000 0.000000000 0.000000000 0.991316438 0.018342057 -0.130212650 -0.155144806 -0.019302804 0.999794960 -0.006119913 0.068842972 0.130073696 0.008580239 0.991467178 -0.686969140
209442567 0.474806636 0.844100707 0.500000000 0.500000000 0.000000000 0.000000000 0.991347134 0.018364238 -0.129975379 -0.161757022 -0.019326933 0.999794304 -0.006149151 0.071599443 0.129835725 0.008607969 0.991498172 -0.702701118
209475933 0.474806636 0.844100707 0.500000000 0.500000000 0.000000000 0.000000000 0.991401255 0.018535683 -0.129537433 -0.168376554 -0.019504668 0.999790430 -0.006215615 0.074559354 0.129395083 0.008688753 0.991555035 -0.718812468
209509300 0.474806636 0.844100707 0.500000000 0.500000000 0.000000000 0.000000000 0.991486609 0.018696634 -0.128859192 -0.176268014 -0.019661590 0.999787331 -0.006220322 0.077213806 0.128715485 0.008700943 0.991643369 -0.734699524
209542667 0.474806636 0.844100707 0.500000000 0.500000000 0.000000000 0.000000000 0.991596997 0.018732613 -0.128001675 -0.184209364 -0.019725436 0.999784350 -0.006492968 0.080571638 0.127852440 0.008963297 0.991752684 -0.750516966
209576033 0.474806636 0.844100707 0.500000000 0.500000000 0.000000000 0.000000000 0.991729498 0.018733904 -0.126971051 -0.192973884 -0.019754017 0.999781907 -0.006779683 0.084434316 0.126816347 0.009231800 0.991883278 -0.767099753
209609400 0.474806636 0.844100707 0.500000000 0.500000000 0.000000000 0.000000000 0.991855323 0.018786602 -0.125976294 -0.201554481 -0.019843498 0.999777615 -0.007139875 0.088285175 0.125814140 0.009581533 0.992007554 -0.783352597
209642767 0.474806636 0.844100707 0.500000000 0.500000000 0.000000000 0.000000000 0.992011845 0.018764351 -0.124741375 -0.211020246 -0.019848986 0.999775171 -0.007457814 0.092122595 0.124573395 0.009874230 0.992161274 -0.799872492
209676133 0.474806636 0.844100707 0.500000000 0.500000000 0.000000000 0.000000000 0.992172062 0.018680904 -0.123473220 -0.220355343 -0.019793643 0.999773741 -0.007791352 0.096104791 0.123299733 0.010174346 0.992317319 -0.815482828
209709500 0.474806636 0.844100707 0.500000000 0.500000000 0.000000000 0.000000000 0.992284536 0.018950481 -0.122524455 -0.228556198 -0.020029472 0.999770641 -0.007580535 0.097868063 0.122352697 0.009976148 0.992436528 -0.831830532
209742867 0.474806636 0.844100707 0.500000000 0.500000000 0.000000000 0.000000000 0.992390811 0.019036647 -0.121647470 -0.236109398 -0.020114474 0.999768496 -0.007638289 0.101456360 0.121473901 0.010027043 0.992543995 -0.847549784
209776233 0.474806636 0.844100707 0.500000000 0.500000000 0.000000000 0.000000000 0.992469251 0.018889204 -0.121028811 -0.241980795 -0.019948736 0.999772489 -0.007548629 0.104248314 0.120858692 0.009906154 0.992620289 -0.865422946
209809600 0.474806636 0.844100707 0.500000000 0.500000000 0.000000000 0.000000000 0.992544532 0.018797785 -0.120424196 -0.247723653 -0.019851089 0.999774396 -0.007552835 0.107176274 0.120255053 0.009887077 0.992693782 -0.881024875
209842967 0.474806636 0.844100707 0.500000000 0.500000000 0.000000000 0.000000000 0.992600262 0.018868074 -0.119952813 -0.253230120 -0.019925959 0.999772370 -0.007625770 0.110350130 0.119781621 0.009959516 0.992750287 -0.897550432
209876333 0.474806636 0.844100707 0.500000000 0.500000000 0.000000000 0.000000000 0.992641091 0.018735964 -0.119635455 -0.258288727 -0.019783996 0.999775529 -0.007578419 0.113052268 0.119466618 0.009889517 0.992788970 -0.913530964
209909700 0.474806636 0.844100707 0.500000000 0.500000000 0.000000000 0.000000000 0.992699921 0.018845672 -0.119129010 -0.263650519 -0.019887581 0.999773622 -0.007563186 0.116115487 0.118959509 0.009877162 0.992850006 -0.930058841
209943067 0.474806636 0.844100707 0.500000000 0.500000000 0.000000000 0.000000000 0.992738903 0.018902920 -0.118794613 -0.267725494 -0.019928077 0.999773681 -0.007447602 0.119177137 0.118626945 0.009760872 0.992890894 -0.947301752
209976433 0.474806636 0.844100707 0.500000000 0.500000000 0.000000000 0.000000000 0.992778540 0.018828357 -0.118474521 -0.271858194 -0.019817909 0.999777853 -0.007179785 0.121587748 0.118313015 0.009475853 0.992931128 -0.964870968
210009800 0.474806636 0.844100707 0.500000000 0.500000000 0.000000000 0.000000000 0.992820382 0.018654861 -0.118151002 -0.275297989 -0.019623183 0.999782681 -0.007037504 0.123969077 0.117994048 0.009305476 0.992970705 -0.982216654
210043167 0.474806636 0.844100707 0.500000000 0.500000000 0.000000000 0.000000000 0.992909193 0.018726464 -0.117391124 -0.281709851 -0.019660860 0.999783516 -0.006806629 0.126440630 0.117238246 0.009066375 0.993062437 -0.997752846
210076533 0.474806636 0.844100707 0.500000000 0.500000000 0.000000000 0.000000000 0.992997050 0.018868048 -0.116622746 -0.287417344 -0.019744836 0.999784768 -0.006367342 0.127894546 0.116477504 0.008625449 0.993155897 -1.014863018
210109900 0.474806636 0.844100707 0.500000000 0.500000000 0.000000000 0.000000000 0.993107736 0.019178081 -0.115625381 -0.294406520 -0.020002371 0.999782085 -0.005972797 0.129586025 0.115485638 0.008244413 0.993274927 -1.029952511
210143267 0.474806636 0.844100707 0.500000000 0.500000000 0.000000000 0.000000000 0.993244171 0.019306878 -0.114425786 -0.301879313 -0.020075006 0.999782979 -0.005564257 0.131108344 0.114293523 0.007823764 0.993416190 -1.045675434
210176633 0.474806636 0.844100707 0.500000000 0.500000000 0.000000000 0.000000000 0.993369341 0.019428959 -0.113313004 -0.309186036 -0.020150898 0.999783278 -0.005229209 0.132713425 0.113186851 0.007477895 0.993545592 -1.061651153
210210000 0.474806636 0.844100707 0.500000000 0.500000000 0.000000000 0.000000000 0.993496478 0.019690836 -0.112147287 -0.316409226 -0.020362029 0.999780953 -0.004842581 0.134159296 0.112027362 0.007094633 0.993679821 -1.076721030
210243367 0.474806636 0.844100707 0.500000000 0.500000000 0.000000000 0.000000000 0.993603289 0.019832246 -0.111171991 -0.323190744 -0.020470839 0.999779820 -0.004605591 0.135786618 0.111056179 0.006851914 0.993790507 -1.092059356
210276733 0.474806636 0.844100707 0.500000000 0.500000000 0.000000000 0.000000000 0.993712783 0.020091554 -0.110141777 -0.330113206 -0.020708494 0.999775589 -0.004460151 0.138200472 0.110027447 0.006712979 0.993905902 -1.107300827
210310100 0.474806636 0.844100707 0.500000000 0.500000000 0.000000000 0.000000000 0.993783891 0.020063823 -0.109503582 -0.335518365 -0.020685194 0.999775708 -0.004541304 0.141007991 0.109387912 0.006778178 0.993975997 -1.123244523
210343467 0.474806636 0.844100707 0.500000000 0.500000000 0.000000000 0.000000000 0.993838966 0.020002309 -0.109013654 -0.340050965 -0.020634843 0.999776125 -0.004677207 0.143973811 0.108895697 0.006897870 0.994029224 -1.138719504
210376833 0.474806636 0.844100707 0.500000000 0.500000000 0.000000000 0.000000000 0.993903160 0.019784050 -0.108467013 -0.344613299 -0.020450937 0.999778152 -0.005039220 0.147967496 0.108343259 0.007226748 0.994087279 -1.155398321
210410200 0.474806636 0.844100707 0.500000000 0.500000000 0.000000000 0.000000000 0.993971884 0.019707799 -0.107849196 -0.349573285 -0.020386437 0.999778688 -0.005193429 0.150955703 0.107722975 0.007360783 0.994153678 -1.171269016
210443567 0.474806636 0.844100707 0.500000000 0.500000000 0.000000000 0.000000000 0.994036078 0.019828806 -0.107233778 -0.354371051 -0.020519242 0.999775231 -0.005338984 0.154256714 0.107103810 0.007507498 0.994219482 -1.186996074
210476933 0.474806636 0.844100707 0.500000000 0.500000000 0.000000000 0.000000000 0.994128287 0.019531643 -0.106430352 -0.359259262 -0.020233938 0.999779999 -0.005522716 0.157680574 0.106299065 0.007643793 0.994304836 -1.203860478
210510300 0.474806636 0.844100707 0.500000000 0.500000000 0.000000000 0.000000000 0.994233668 0.019364895 -0.105472147 -0.364899119 -0.020080226 0.999781966 -0.005724387 0.161088500 0.105338305 0.007809283 0.994405806 -1.219530034
210543667 0.474806636 0.844100707 0.500000000 0.500000000 0.000000000 0.000000000 0.994385958 0.019298667 -0.104039252 -0.372413174 -0.020006748 0.999783218 -0.005766527 0.163983695 0.103905410 0.007815640 0.994556487 -1.235583836
210577033 0.474806636 0.844100707 0.500000000 0.500000000 0.000000000 0.000000000 0.994505584 0.019124050 -0.102921911 -0.378248151 -0.019850446 0.999784708 -0.006038052 0.167824322 0.102784276 0.008047922 0.994671106 -1.251800787
210610400 0.474806636 0.844100707 0.500000000 0.500000000 0.000000000 0.000000000 0.994661868 0.018987227 -0.101425909 -0.385775428 -0.019718019 0.999786317 -0.006207426 0.171186201 0.101286374 0.008174208 0.994823754 -1.267963138
210643767 0.474806636 0.844100707 0.500000000 0.500000000 0.000000000 0.000000000 0.994816720 0.018641220 -0.099961177 -0.392921255 -0.019388631 0.999790847 -0.006510649 0.174926843 0.099818900 0.008415013 0.994970024 -1.283240197
210677133 0.474806636 0.844100707 0.500000000 0.500000000 0.000000000 0.000000000 0.994946003 0.018320462 -0.098725855 -0.399360788 -0.019086787 0.999794543 -0.006823187 0.178756884 0.098580569 0.008673063 0.995091259 -1.300193124
210710500 0.474806636 0.844100707 0.500000000 0.500000000 0.000000000 0.000000000 0.995081484 0.018274894 -0.097359300 -0.406352971 -0.019024493 0.999796033 -0.006776503 0.181152006 0.097215608 0.008595385 0.995226204 -1.315307033
210743867 0.474806636 0.844100707 0.500000000 0.500000000 0.000000000 0.000000000 0.995206356 0.018056158 -0.096115731 -0.412749520 -0.018778972 0.999801755 -0.006620938 0.183827711 0.095977128 0.008394155 0.995348155 -1.331212657
210777233 0.474806636 0.844100707 0.500000000 0.500000000 0.000000000 0.000000000 0.995337307 0.017613752 -0.094833337 -0.418398180 -0.018285099 0.999813497 -0.006214850 0.185255793 0.094706178 0.007919909 0.995473742 -1.348040358
210810600 0.474806636 0.844100707 0.500000000 0.500000000 0.000000000 0.000000000 0.995464802 0.017551858 -0.093497656 -0.424339366 -0.018157819 0.999819279 -0.005634182 0.186054388 0.093381867 0.007306343 0.995603561 -1.363085388
210843967 0.474806636 0.844100707 0.500000000 0.500000000 0.000000000 0.000000000 0.995617151 0.017390352 -0.091891751 -0.432139000 -0.017934170 0.999826193 -0.005095541 0.186923859 0.091787167 0.006721210 0.995755970 -1.377393141
210877333 0.474806636 0.844100707 0.500000000 0.500000000 0.000000000 0.000000000 0.995767117 0.017014505 -0.090323508 -0.439338280 -0.017528014 0.999834418 -0.004894992 0.188618498 0.090225264 0.006457464 0.995900452 -1.391981497
210910700 0.474806636 0.844100707 0.500000000 0.500000000 0.000000000 0.000000000 0.995916843 0.016518928 -0.088751234 -0.446434996 -0.017015843 0.999843478 -0.004845251 0.190339430 0.088657305 0.006335645 0.996042013 -1.406043780
210944067 0.474806636 0.844100707 0.500000000 0.500000000 0.000000000 0.000000000 0.996069193 0.016164754 -0.087091029 -0.453516195 -0.016608810 0.999852479 -0.004376505 0.190770041 0.087007441 0.005805780 0.996190727 -1.421532959
210977433 0.474806636 0.844100707 0.500000000 0.500000000 0.000000000 0.000000000 0.996242642 0.015271997 -0.085249089 -0.461310461 -0.015694087 0.999867678 -0.004283241 0.193236078 0.085172392 0.005605054 0.996350467 -1.437674831
211010800 0.474806636 0.844100707 0.500000000 0.500000000 0.000000000 0.000000000 0.996439934 0.014716683 -0.083011664 -0.470943161 -0.015106945 0.999877572 -0.004075116 0.194735381 0.082941525 0.005314660 0.996540248 -1.452064758
211044167 0.474806636 0.844100707 0.500000000 0.500000000 0.000000000 0.000000000 0.996613264 0.014255237 -0.080986358 -0.479418459 -0.014619120 0.999885499 -0.003901939 0.196315288 0.080921464 0.005072673 0.996707559 -1.467084932
211077533 0.474806636 0.844100707 0.500000000 0.500000000 0.000000000 0.000000000 0.996798754 0.013458423 -0.078810535 -0.488477775 -0.013803493 0.999897361 -0.003835308 0.198516670 0.078750826 0.004910891 0.996882260 -1.482787933
211110900 0.474806636 0.844100707 0.500000000 0.500000000 0.000000000 0.000000000 0.996995568 0.012801252 -0.076393470 -0.498855520 -0.013121611 0.999907076 -0.003693060 0.199888789 0.076339096 0.004684370 0.997070909 -1.497247621
211144267 0.474806636 0.844100707 0.500000000 0.500000000 0.000000000 0.000000000 0.997162580 0.012126708 -0.074295200 -0.508245502 -0.012443228 0.999915361 -0.003798885 0.202369335 0.074242845 0.004712578 0.997229040 -1.512477506
211177633 0.474806636 0.844100707 0.500000000 0.500000000 0.000000000 0.000000000 0.997359514 0.011515844 -0.071703225 -0.519513864 -0.011815416 0.999923170 -0.003755187 0.204661740 0.071654469 0.004592475 0.997418940 -1.527505427
211211000 0.474806636 0.844100707 0.500000000 0.500000000 0.000000000 0.000000000 0.997545362 0.011127979 -0.069133103 -0.530456371 -0.011391960 0.999929249 -0.003425360 0.205344036 0.069090091 0.004204513 0.997601569 -1.542824200
211244367 0.474806636 0.844100707 0.500000000 0.500000000 0.000000000 0.000000000 0.997724891 0.010940412 -0.066523492 -0.542395493 -0.011182238 0.999932170 -0.003263918 0.207187858 0.066483267 0.004000374 0.997779548 -1.557618622
211277733 0.474806636 0.844100707 0.500000000 0.500000000 0.000000000 0.000000000 0.997879446 0.010368960 -0.064257979 -0.552345405 -0.010609667 0.999937892 -0.003405828 0.210152276 0.064218678 0.004080362 0.997927487 -1.573138675
211311100 0.474806636 0.844100707 0.500000000 0.500000000 0.000000000 0.000000000 0.997998595 0.010111772 -0.062422197 -0.560491235 -0.010354220 0.999940038 -0.003561739 0.212959510 0.062382441 0.004200944 0.998043478 -1.588687486
211344467 0.474806636 0.844100707 0.500000000 0.500000000 0.000000000 0.000000000 0.998123884 0.009645082 -0.060462467 -0.569180780 -0.009906298 0.999942839 -0.004022025 0.216543645 0.060420219 0.004613438 0.998162389 -1.604080632
211377833 0.474806636 0.844100707 0.500000000 0.500000000 0.000000000 0.000000000 0.998232484 0.008609573 -0.058802471 -0.575889853 -0.008900435 0.999949396 -0.004686291 0.220539490 0.058759149 0.005201376 0.998258650 -1.620949785
211411200 0.474806636 0.844100707 0.500000000 0.500000000 0.000000000 0.000000000 0.998336971 0.007896733 -0.057104088 -0.583443770 -0.008206677 0.999952853 -0.005195221 0.223831239 0.057060372 0.005655217 0.998354733 -1.637140430
211444567 0.474806636 0.844100707 0.500000000 0.500000000 0.000000000 0.000000000 0.998439550 0.007230313 -0.055372991 -0.591418258 -0.007554824 0.999955475 -0.005653376 0.226972420 0.055329651 0.006062887 0.998449743 -1.652912828
211477933 0.474806636 0.844100707 0.500000000 0.500000000 0.000000000 0.000000000 0.998557150 0.006692236 -0.053281140 -0.601034863 -0.007012644 0.999958396 -0.005828848 0.229377058 0.053239916 0.006194079 0.998562515 -1.669116502
211511300 0.474806636 0.844100707 0.500000000 0.500000000 0.000000000 0.000000000 0.998671532 0.006270081 -0.051145006 -0.611109238 -0.006585611 0.999960303 -0.006003134 0.231654749 0.051105335 0.006331980 0.998673201 -1.683865479
211544667 0.474806636 0.844100707 0.500000000 0.500000000 0.000000000 0.000000000 0.998780310 0.005956239 -0.049014982 -0.621237400 -0.006269941 0.999960840 -0.006248873 0.234570718 0.048975840 0.006548572 0.998778522 -1.699070074
211578033 0.474806636 0.844100707 0.500000000 0.500000000 0.000000000 0.000000000 0.998886108 0.005183286 -0.046900708 -0.630499163 -0.005483246 0.999965310 -0.006269257 0.236386750 0.046866588 0.006519442 0.998879910 -1.716446421
211611400 0.474806636 0.844100707 0.500000000 0.500000000 0.000000000 0.000000000 0.998990774 0.004496981 -0.044690553 -0.640377490 -0.004790922 0.999967575 -0.006472324 0.238683943 0.044659998 0.006679900 0.998979926 -1.733359196
211644767 0.474806636 0.844100707 0.500000000 0.500000000 0.000000000 0.000000000 0.999099970 0.004252123 -0.042204149 -0.652541239 -0.004535620 0.999967754 -0.006623791 0.240994899 0.042174626 0.006809251 0.999087036 -1.748632498
211678133 0.474806636 0.844100707 0.500000000 0.500000000 0.000000000 0.000000000 0.999183357 0.003717748 -0.040233731 -0.661335990 -0.003995521 0.999968708 -0.006825792 0.243460446 0.040207095 0.006980973 0.999166965 -1.766621307
211711500 0.474806636 0.844100707 0.500000000 0.500000000 0.000000000 0.000000000 0.999265790 0.003584524 -0.038145557 -0.671558019 -0.003846949 0.999969423 -0.006808403 0.244511361 0.038119987 0.006950148 0.999248981 -1.783297307
211744867 0.474806636 0.844100707 0.500000000 0.500000000 0.000000000 0.000000000 0.999324381 0.003191149 -0.036613937 -0.678599284 -0.003453434 0.999968827 -0.007102518 0.247089308 0.036590129 0.007224163 0.999304235 -1.801272052
211778233 0.474806636 0.844100707 0.500000000 0.500000000 0.000000000 0.000000000 0.999373317 0.002993538 -0.035271365 -0.685670465 -0.003262423 0.999966025 -0.007568234 0.250373950 0.035247512 0.007678561 0.999349117 -1.817718734
211811600 0.474806636 0.844100707 0.500000000 0.500000000 0.000000000 0.000000000 0.999420941 0.002796995 -0.033910543 -0.693264697 -0.003073345 0.999962449 -0.008099991 0.253303640 0.033886611 0.008199519 0.999392033 -1.833046473
211844967 0.474806636 0.844100707 0.500000000 0.500000000 0.000000000 0.000000000 0.999469161 0.002280854 -0.032499701 -0.700400860 -0.002556944 0.999960959 -0.008456114 0.255783041 0.032479145 0.008534725 0.999435961 -1.849328651
211878333 0.474806636 0.844100707 0.500000000 0.500000000 0.000000000 0.000000000 0.999513924 0.001939656 -0.031115331 -0.707315854 -0.002222480 0.999956489 -0.009057552 0.258963141 0.031096410 0.009122303 0.999474764 -1.864561300
211911700 0.474806636 0.844100707 0.500000000 0.500000000 0.000000000 0.000000000 0.999566138 0.001508553 -0.029415384 -0.715567750 -0.001797489 0.999950349 -0.009798641 0.262755363 0.029399142 0.009847264 0.999519229 -1.880845133
211945067 0.474806636 0.844100707 0.500000000 0.500000000 0.000000000 0.000000000 0.999621630 0.001453519 -0.027466908 -0.725516102 -0.001734846 0.999946237 -0.010221352 0.265381605 0.027450576 0.010265135 0.999570429 -1.896667696
211978433 0.474806636 0.844100707 0.500000000 0.500000000 0.000000000 0.000000000 0.999666333 0.001315671 -0.025796805 -0.734091626 -0.001598403 0.999938846 -0.010942400 0.269504636 0.025780831 0.010979983 0.999607325 -1.912732415
212011800 0.474806636 0.844100707 0.500000000 0.500000000 0.000000000 0.000000000 0.999711454 0.001380457 -0.023981698 -0.743065368 -0.001660917 0.999930441 -0.011678769 0.273127056 0.023963908 0.011715231 0.999644160 -1.928118192
212045167 0.474806636 0.844100707 0.500000000 0.500000000 0.000000000 0.000000000 0.999751866 0.001003502 -0.022252835 -0.750855338 -0.001286369 0.999918520 -0.012700846 0.277685337 0.022238277 0.012726320 0.999671698 -1.944332943
212078533 0.474806636 0.844100707 0.500000000 0.500000000 0.000000000 0.000000000 0.999791205 0.000785784 -0.020419437 -0.759690429 -0.001064844 0.999906123 -0.013659127 0.282240366 0.020406788 0.013678018 0.999698162 -1.959542639
212111900 0.474806636 0.844100707 0.500000000 0.500000000 0.000000000 0.000000000 0.999821186 0.000513249 -0.018903555 -0.766514988 -0.000788979 0.999893367 -0.014581581 0.286401137 0.018894056 0.014593888 0.999714971 -1.975298304
212145267 0.474806636 0.844100707 0.500000000 0.500000000 0.000000000 0.000000000 0.999849379 0.000302462 -0.017351922 -0.773993166 -0.000570390 0.999880672 -0.015437925 0.290709136 0.017345181 0.015445498 0.999730229 -1.989591748
212178633 0.474806636 0.844100707 0.500000000 0.500000000 0.000000000 0.000000000 0.999872386 -0.000013118 -0.015973780 -0.780354089 -0.000246112 0.999868333 -0.016226405 0.294579917 0.015971890 0.016228266 0.999740720 -2.004769108
212212000 0.474806636 0.844100707 0.500000000 0.500000000 0.000000000 0.000000000 0.999895275 -0.000312248 -0.014470479 -0.787497370 0.000068112 0.999857724 -0.016868724 0.297959042 0.014473687 0.016865972 0.999752998 -2.019190456
212245367 0.474806636 0.844100707 0.500000000 0.500000000 0.000000000 0.000000000 0.999916255 -0.000971415 -0.012903653 -0.794928984 0.000745364 0.999846399 -0.017511630 0.301618267 0.012918682 0.017500546 0.999763370 -2.034044946
212278733 0.474806636 0.844100707 0.500000000 0.500000000 0.000000000 0.000000000 0.999934018 -0.001585489 -0.011376690 -0.802349341 0.001378700 0.999834120 -0.018161489 0.305242910 0.011403598 0.018144606 0.999770343 -2.048714070
212312100 0.474806636 0.844100707 0.500000000 0.500000000 0.000000000 0.000000000 0.999950469 -0.002087707 -0.009730374 -0.809511763 0.001904753 0.999821961 -0.018773811 0.308594995 0.009767835 0.018754348 0.999776423 -2.063389877
212345467 0.474806636 0.844100707 0.500000000 0.500000000 0.000000000 0.000000000 0.999965489 -0.002567417 -0.007899599 -0.817844681 0.002414358 0.999810338 -0.019324461 0.311769998 0.007947715 0.019304723 0.999782085 -2.078024847
212378833 0.474806636 0.844100707 0.500000000 0.500000000 0.000000000 0.000000000 0.999977052 -0.002978552 -0.006086190 -0.826145508 0.002856173 0.999795556 -0.020018227 0.315520502 0.006144571 0.020000385 0.999781072 -2.093282753
212412200 0.474806636 0.844100707 0.500000000 0.500000000 0.000000000 0.000000000 0.999985754 -0.003259229 -0.004227335 -0.834506130 0.003170670 0.999778867 -0.020789348 0.319674836 0.004294157 0.020775648 0.999774933 -2.107170293
212445567 0.474806636 0.844100707 0.500000000 0.500000000 0.000000000 0.000000000 0.999988914 -0.003929624 -0.002591444 -0.841162547 0.003873271 0.999763429 -0.021403721 0.322956571 0.002674940 0.021393446 0.999767542 -2.122888664
212478933 0.474806636 0.844100707 0.500000000 0.500000000 0.000000000 0.000000000 0.999991596 -0.004044372 -0.000652493 -0.849697495 0.004028962 0.999747574 -0.022104222 0.327104681 0.000741726 0.022101408 0.999755442 -2.137609074
212512300 0.474806636 0.844100707 0.500000000 0.500000000 0.000000000 0.000000000 0.999988794 -0.004600109 0.001102447 -0.857659712 0.004624008 0.999730349 -0.022756446 0.330969293 -0.000997467 0.022761289 0.999740422 -2.152326153
212545667 0.474806636 0.844100707 0.500000000 0.500000000 0.000000000 0.000000000 0.999982297 -0.005135071 0.003010269 -0.866357767 0.005203557 0.999717236 -0.023202473 0.333957767 -0.002890271 0.023217726 0.999726236 -2.167462267
212579033 0.474806636 0.844100707 0.500000000 0.500000000 0.000000000 0.000000000 0.999973297 -0.005484349 0.004828107 -0.873986153 0.005595458 0.999712646 -0.023308417 0.336431021 -0.004698888 0.023334811 0.999716640 -2.183216870
212612400 0.474806636 0.844100707 0.500000000 0.500000000 0.000000000 0.000000000 0.999961257 -0.005673157 0.006726983 -0.883150286 0.005827599 0.999714673 -0.023165723 0.338019828 -0.006593641 0.023204029 0.999709010 -2.198985684
212645767 0.474806636 0.844100707 0.500000000 0.500000000 0.000000000 0.000000000 0.999948680 -0.005515683 0.008501369 -0.891453874 0.005709989 0.999719083 -0.023003655 0.339499519 -0.008372099 0.023051016 0.999699235 -2.214440655
212679133 0.474806636 0.844100707 0.500000000 0.500000000 0.000000000 0.000000000 0.999932766 -0.005073273 0.010430001 -0.900421901 0.005311174 0.999723434 -0.022909628 0.341282260 -0.010310889 0.022963483 0.999683142 -2.229452835
212712500 0.474806636 0.844100707 0.500000000 0.500000000 0.000000000 0.000000000 0.999919891 -0.004911246 0.011665214 -0.906011311 0.005181713 0.999715805 -0.023269854 0.344772812 -0.011547615 0.023328437 0.999661148 -2.244448119
212745867 0.474806636 0.844100707 0.500000000 0.500000000 0.000000000 0.000000000 0.999919653 -0.003981288 0.012034327 -0.908383664 0.004265758 0.999709904 -0.023705680 0.348585250 -0.011936457 0.023755111 0.999646544 -2.260361984
212779233 0.474806636 0.844100707 0.500000000 0.500000000 0.000000000 0.000000000 0.999916255 -0.004460011 0.012147326 -0.909230488 0.004754666 0.999692500 -0.024336923 0.352511328 -0.012035048 0.024392642 0.999630034 -2.276727285
212812600 0.474806636 0.844100707 0.500000000 0.500000000 0.000000000 0.000000000 0.999910891 -0.005166457 0.012311551 -0.910493887 0.005474424 0.999669611 -0.025113486 0.357134464 -0.012177736 0.025178647 0.999608815 -2.292358618
212845967 0.474806636 0.844100707 0.500000000 0.500000000 0.000000000 0.000000000 0.999910057 -0.005079025 0.012413703 -0.912293958 0.005398533 0.999651492 -0.025841866 0.361760644 -0.012278125 0.025906557 0.999588966 -2.307612026
212879333 0.474806636 0.844100707 0.500000000 0.500000000 0.000000000 0.000000000 0.999910951 -0.005500171 0.012156769 -0.912235030 0.005824523 0.999623597 -0.026808394 0.367183858 -0.012004742 0.026876815 0.999566674 -2.323181701
212912700 0.474806636 0.844100707 0.500000000 0.500000000 0.000000000 0.000000000 0.999914110 -0.005603214 0.011845928 -0.911782832 0.005928174 0.999602079 -0.027577467 0.372145846 -0.011686692 0.027645325 0.999549448 -2.338767131
212946067 0.474806636 0.844100707 0.500000000 0.500000000 0.000000000 0.000000000 0.999915600 -0.005126397 0.011939698 -0.913450320 0.005463944 0.999581337 -0.028412072 0.377350150 -0.011789048 0.028474912 0.999525011 -2.354233000
212979433 0.474806636 0.844100707 0.500000000 0.500000000 0.000000000 0.000000000 0.999921739 -0.004541152 0.011657483 -0.913170323 0.004878938 0.999564230 -0.029112915 0.382277725 -0.011520197 0.029167512 0.999508142 -2.370353241
213012800 0.474806636 0.844100707 0.500000000 0.500000000 0.000000000 0.000000000 0.999930084 -0.004355232 0.010992140 -0.911569023 0.004683357 0.999538839 -0.030003764 0.387595590 -0.010856397 0.030053146 0.999489367 -2.386227831
213046167 0.474806636 0.844100707 0.500000000 0.500000000 0.000000000 0.000000000 0.999940395 -0.004719808 0.009843943 -0.907524032 0.005022396 0.999508500 -0.030943748 0.392426875 -0.009693056 0.030991344 0.999472678 -2.401973891
213079533 0.474806636 0.844100707 0.500000000 0.500000000 0.000000000 0.000000000 0.999954104 -0.004050339 0.008681226 -0.904003692 0.004324199 0.999486089 -0.031763211 0.398460962 -0.008548113 0.031799294 0.999457717 -2.418836468
213112900 0.474806636 0.844100707 0.500000000 0.500000000 0.000000000 0.000000000 0.999965966 -0.004496164 0.006920793 -0.897539586 0.004717481 0.999467015 -0.032301582 0.401691271 -0.006771871 0.032333132 0.999454200 -2.435043908
213146267 0.474806636 0.844100707 0.500000000 0.500000000 0.000000000 0.000000000 0.999977708 -0.004373434 0.005042895 -0.890529369 0.004537003 0.999448538 -0.032893755 0.406473333 -0.004896256 0.032915901 0.999446154 -2.452255583
213179633 0.474806636 0.844100707 0.500000000 0.500000000 0.000000000 0.000000000 0.999985456 -0.004541178 0.002908513 -0.882368610 0.004635384 0.999436438 -0.033246480 0.409104850 -0.002755896 0.033259481 0.999442935 -2.467780228
213213000 0.474806636 0.844100707 0.500000000 0.500000000 0.000000000 0.000000000 0.999988496 -0.004765376 0.000590932 -0.873228677 0.004782625 0.999417365 -0.033794533 0.412549460 -0.000429544 0.033796974 0.999428630 -2.483328433
213246367 0.474806636 0.844100707 0.500000000 0.500000000 0.000000000 0.000000000 0.999988556 -0.004538227 -0.001497258 -0.865470721 0.004484056 0.999398410 -0.034390744 0.417571505 0.001652430 0.034383636 0.999407351 -2.498527127
213279733 0.474806636 0.844100707 0.500000000 0.500000000 0.000000000 0.000000000 0.999985397 -0.003276780 -0.004292002 -0.853307279 0.003128667 0.999414444 -0.034072578 0.420727174 0.004401137 0.034058653 0.999410152 -2.514245550
213313100 0.474806636 0.844100707 0.500000000 0.500000000 0.000000000 0.000000000 0.999970078 -0.003598042 -0.006850690 -0.844772691 0.003361016 0.999405861 -0.034301523 0.422625499 0.006970038 0.034277469 0.999388039 -2.531831596
213346467 0.474806636 0.844100707 0.500000000 0.500000000 0.000000000 0.000000000 0.999948442 -0.003620395 -0.009486345 -0.834284425 0.003285994 0.999380767 -0.035032358 0.427637727 0.009607301 0.034999382 0.999341130 -2.547527089
213379833 0.474806636 0.844100707 0.500000000 0.500000000 0.000000000 0.000000000 0.999922454 -0.003414640 -0.011978186 -0.823375982 0.002987541 0.999365389 -0.035494849 0.432061254 0.012091787 0.035456307 0.999298096 -2.561592274
213413200 0.474806636 0.844100707 0.500000000 0.500000000 0.000000000 0.000000000 0.999895811 -0.002566937 -0.014203432 -0.816568264 0.002065547 0.999378026 -0.035203382 0.434695956 0.014284963 0.035170380 0.999279261 -2.580262689
213446567 0.474806636 0.844100707 0.500000000 0.500000000 0.000000000 0.000000000 0.999861240 -0.002230028 -0.016508292 -0.809058546 0.001651436 0.999386668 -0.034979649 0.436929706 0.016576173 0.034947533 0.999251664 -2.597173531
213479933 0.474806636 0.844100707 0.500000000 0.500000000 0.000000000 0.000000000 0.999821663 -0.001844094 -0.018794306 -0.801505404 0.001182634 0.999381542 -0.035145253 0.441056208 0.018847493 0.035116762 0.999205470 -2.614094298
213513300 0.474806636 0.844100707 0.500000000 0.500000000 0.000000000 0.000000000 0.999779701 -0.001628932 -0.020925235 -0.793196721 0.000882711 0.999364972 -0.035621163 0.445242064 0.020969970 0.035594847 0.999146283 -2.629751749
213546667 0.474806636 0.844100707 0.500000000 0.500000000 0.000000000 0.000000000 0.999728143 -0.001443038 -0.023270143 -0.783596191 0.000599664 0.999344051 -0.036209047 0.450453494 0.023307130 0.036185250 0.999073267 -2.645492155
213580033 0.474806636 0.844100707 0.500000000 0.500000000 0.000000000 0.000000000 0.999683321 -0.000828937 -0.025150498 -0.779378185 -0.000094222 0.999327004 -0.036682036 0.455806265 0.025163978 0.036672790 0.999010444 -2.665563968
213613400 0.474806636 0.844100707 0.500000000 0.500000000 0.000000000 0.000000000 0.999629140 0.000030591 -0.027231216 -0.772732128 -0.001023815 0.999334574 -0.036460523 0.459069719 0.027211981 0.036474884 0.998964012 -2.684386452
213646767 0.474806636 0.844100707 0.500000000 0.500000000 0.000000000 0.000000000 0.999559283 0.000400778 -0.029683907 -0.763558144 -0.001487467 0.999329031 -0.036595665 0.462931641 0.029649323 0.036623690 0.998889208 -2.704516230
213680133 0.474806636 0.844100707 0.500000000 0.500000000 0.000000000 0.000000000 0.999490499 0.001302171 -0.031890895 -0.756353727 -0.002480940 0.999314010 -0.036950950 0.468618258 0.031820901 0.037011243 0.998808086 -2.723742355
213713500 0.474806636 0.844100707 0.500000000 0.500000000 0.000000000 0.000000000 0.999409556 0.001751985 -0.034314897 -0.747843136 -0.003028804 0.999303520 -0.037192307 0.473102065 0.034225836 0.037274282 0.998718798 -2.744244342
213746867 0.474806636 0.844100707 0.500000000 0.500000000 0.000000000 0.000000000 0.999326110 0.002093847 -0.036645394 -0.739974813 -0.003468039 0.999291480 -0.037476432 0.477270596 0.036540963 0.037578266 0.998625398 -2.763915188
213780233 0.474806636 0.844100707 0.500000000 0.500000000 0.000000000 0.000000000 0.999235570 0.002828530 -0.038990714 -0.732033772 -0.004286938 0.999292254 -0.037371293 0.481253497 0.038857412 0.037509877 0.998540461 -2.783543502
213813600 0.474806636 0.844100707 0.500000000 0.500000000 0.000000000 0.000000000 0.999136031 0.003527511 -0.041409403 -0.723628489 -0.005104228 0.999263465 -0.038032558 0.488422377 0.041244745 0.038211063 0.998418152 -2.802976974
213846967 0.474806636 0.844100707 0.500000000 0.500000000 0.000000000 0.000000000 0.999027252 0.004011956 -0.043914836 -0.715379988 -0.005713053 0.999235332 -0.038679581 0.493523539 0.043726075 0.038892839 0.998286247 -2.823014404
213880333 0.474806636 0.844100707 0.500000000 0.500000000 0.000000000 0.000000000 0.998907685 0.004861718 -0.046474021 -0.705768960 -0.006686193 0.999209642 -0.039183486 0.499449269 0.046246793 0.039451417 0.998150706 -2.842204652
213913700 0.474806636 0.844100707 0.500000000 0.500000000 0.000000000 0.000000000 0.998800337 0.004878613 -0.048724342 -0.698883639 -0.006821895 0.999184489 -0.039796870 0.505222137 0.048490454 0.040081520 0.998019099 -2.861992346
213947067 0.474806636 0.844100707 0.500000000 0.500000000 0.000000000 0.000000000 0.998676062 0.005293421 -0.051167917 -0.690706791 -0.007338059 0.999178529 -0.039854489 0.508641506 0.050914917 0.040177196 0.997894526 -2.881615767
213980433 0.474806636 0.844100707 0.500000000 0.500000000 0.000000000 0.000000000 0.998547614 0.006112405 -0.053528436 -0.683627383 -0.008242895 0.999178767 -0.039671212 0.512395132 0.053241991 0.040054824 0.997777998 -2.903218728
214013800 0.474806636 0.844100707 0.500000000 0.500000000 0.000000000 0.000000000 0.998412371 0.006830854 -0.055910975 -0.676631188 -0.009038769 0.999185264 -0.039332703 0.514514445 0.055596750 0.039775625 0.997660697 -2.926004365
214047167 0.474806636 0.844100707 0.500000000 0.500000000 0.000000000 0.000000000 0.998285353 0.007582904 -0.058041397 -0.670918777 -0.009873194 0.999179661 -0.039275099 0.518905240 0.057695962 0.039780810 0.997541308 -2.947551041
214080533 0.474806636 0.844100707 0.500000000 0.500000000 0.000000000 0.000000000 0.998109043 0.008536765 -0.060872857 -0.661185427 -0.010945441 0.999165714 -0.039345946 0.524153878 0.060486183 0.039937824 0.997369766 -2.970217711
214113900 0.474806636 0.844100707 0.500000000 0.500000000 0.000000000 0.000000000 0.997945428 0.009265355 -0.063396610 -0.652750363 -0.011791556 0.999146402 -0.039590180 0.529844543 0.062975682 0.040256385 0.997202814 -2.994656697
214147267 0.474806636 0.844100707 0.500000000 0.500000000 0.000000000 0.000000000 0.997764051 0.009871327 -0.066102035 -0.643041029 -0.012550426 0.999111295 -0.040237922 0.536865978 0.065646090 0.040977560 0.997001231 -3.015502226
214180633 0.474806636 0.844100707 0.500000000 0.500000000 0.000000000 0.000000000 0.997579694 0.011041109 -0.068650343 -0.635483726 -0.013833627 0.999090433 -0.040335976 0.541890316 0.068142548 0.041188031 0.996825039 -3.039146789
214214000 0.474806636 0.844100707 0.500000000 0.500000000 0.000000000 0.000000000 0.997370362 0.011608569 -0.071537636 -0.625609482 -0.014548104 0.999065161 -0.040707670 0.548230455 0.070998199 0.041641358 0.996606886 -3.060263337
214247367 0.474806636 0.844100707 0.500000000 0.500000000 0.000000000 0.000000000 0.997172534 0.012309636 -0.074131079 -0.617956572 -0.015353324 0.999056339 -0.040629297 0.552322141 0.073560990 0.041652579 0.996420503 -3.084079638
214280733 0.474806636 0.844100707 0.500000000 0.500000000 0.000000000 0.000000000 0.996944666 0.012831938 -0.077050090 -0.608026771 -0.016000232 0.999045551 -0.040644404 0.556668777 0.076455005 0.041753039 0.996198416 -3.106907377
214314100 0.474806636 0.844100707 0.500000000 0.500000000 0.000000000 0.000000000 0.996665895 0.013908871 -0.080396749 -0.595994454 -0.017222049 0.999024391 -0.040664934 0.562080136 0.079752713 0.041913949 0.995933115 -3.130053903
