https://www.youtube.com/watch?v=BeAYqp8b0J4
40807433 0.497692974 0.884787542 0.500000000 0.500000000 0.000000000 0.000000000 0.975046694 0.038780853 -0.218586370 0.192435425 -0.037227035 0.999243796 0.011224088 0.021024940 0.218856350 -0.002806687 0.975753069 -0.374873620
40840800 0.497692974 0.884787542 0.500000000 0.500000000 0.000000000 0.000000000 0.972216010 0.040747065 -0.230511770 0.214424641 -0.039009988 0.999165654 0.012090188 0.023753342 0.230812088 -0.002762014 0.972994447 -0.394889653
40874167 0.497692974 0.884787542 0.500000000 0.500000000 0.000000000 0.000000000 0.969263256 0.042629749 -0.242304385 0.236329966 -0.040855546 0.999088824 0.012344485 0.026428317 0.242609844 -0.002065578 0.970121741 -0.414044206
40907533 0.497692974 0.884787542 0.500000000 0.500000000 0.000000000 0.000000000 0.966059268 0.044600416 -0.254441142 0.258213561 -0.042978171 0.999004722 0.011934256 0.030001060 0.254720151 -0.000593784 0.967014611 -0.432757216
40940900 0.497692974 0.884787542 0.500000000 0.500000000 0.000000000 0.000000000 0.962632954 0.046585038 -0.266772568 0.280574626 -0.045127541 0.998913944 0.011594838 0.032994754 0.267022997 0.000877217 0.963689744 -0.451309934
40974267 0.497692974 0.884787542 0.500000000 0.500000000 0.000000000 0.000000000 0.959055781 0.048511047 -0.279031754 0.303272907 -0.047122661 0.998820782 0.011685340 0.035730865 0.279269576 0.001941826 0.960210800 -0.468760420
41007633 0.497692974 0.884787542 0.500000000 0.500000000 0.000000000 0.000000000 0.955207944 0.050400294 -0.291612148 0.325697646 -0.048813134 0.998726904 0.012720454 0.038222507 0.291882008 0.002083824 0.956452072 -0.485418020
41041000 0.497692974 0.884787542 0.500000000 0.500000000 0.000000000 0.000000000 0.951129317 0.052437622 -0.304307997 0.348254277 -0.050457332 0.998622775 0.014373457 0.039432570 0.304642588 0.001683553 0.952465236 -0.500100237
41074367 0.497692974 0.884787542 0.500000000 0.500000000 0.000000000 0.000000000 0.946747124 0.054525893 -0.317327648 0.370285506 -0.052113935 0.998511493 0.016090671 0.040430489 0.317732662 0.001303397 0.948179424 -0.513287253
41107733 0.497692974 0.884787542 0.500000000 0.500000000 0.000000000 0.000000000 0.942083955 0.056724861 -0.330545187 0.391541711 -0.054006018 0.998388827 0.017411431 0.042313430 0.331000268 0.001448398 0.943629563 -0.525530628
41141100 0.497692974 0.884787542 0.500000000 0.500000000 0.000000000 0.000000000 0.937142193 0.058985163 -0.343926311 0.413239133 -0.056070179 0.998256803 0.018424332 0.043356119 0.344413549 0.002017791 0.938815892 -0.536317004
41174467 0.497692974 0.884787542 0.500000000 0.500000000 0.000000000 0.000000000 0.932039678 0.061167207 -0.357156307 0.434515095 -0.058228921 0.998122692 0.018985286 0.043251027 0.357647091 0.003101786 0.933851659 -0.546720669
41207833 0.497692974 0.884787542 0.500000000 0.500000000 0.000000000 0.000000000 0.926724076 0.063392431 -0.370356381 0.455824682 -0.060658418 0.997977018 0.019037254 0.044699955 0.370813966 0.004822951 0.928694665 -0.557712790
41241200 0.497692974 0.884787542 0.500000000 0.500000000 0.000000000 0.000000000 0.921423137 0.065703064 -0.382965416 0.476095221 -0.063109353 0.997819066 0.019347316 0.043883900 0.383401364 0.006341635 0.923560023 -0.569497052
41274567 0.497692974 0.884787542 0.500000000 0.500000000 0.000000000 0.000000000 0.916075826 0.067625932 -0.395261765 0.497764863 -0.065192200 0.997680187 0.019602336 0.043187306 0.395670474 0.007810758 0.918359339 -0.578043130
41307933 0.497692974 0.884787542 0.500000000 0.500000000 0.000000000 0.000000000 0.910570621 0.069727682 -0.407429963 0.515995165 -0.067162521 0.997529030 0.020614998 0.039031396 0.407860637 0.008592611 0.913003743 -0.589076202
41341300 0.497692974 0.884787542 0.500000000 0.500000000 0.000000000 0.000000000 0.904886127 0.071852133 -0.419545412 0.535697621 -0.069064632 0.997372866 0.021851601 0.034911663 0.420013279 0.009202537 0.907471299 -0.600111937
41374667 0.497692974 0.884787542 0.500000000 0.500000000 0.000000000 0.000000000 0.899137259 0.074086219 -0.431350738 0.555556592 -0.071051620 0.997203529 0.023168800 0.029470328 0.431860983 0.009816238 0.901886761 -0.610097245
41408033 0.497692974 0.884787542 0.500000000 0.500000000 0.000000000 0.000000000 0.893302679 0.075945631 -0.442992806 0.574361868 -0.072910748 0.997051895 0.023906423 0.024219083 0.443502396 0.010943265 0.896206379 -0.619239962
41441400 0.497692974 0.884787542 0.500000000 0.500000000 0.000000000 0.000000000 0.887343943 0.077754594 -0.454505205 0.593656971 -0.074958026 0.996892989 0.024200957 0.020097469 0.454974771 0.012594240 0.890415251 -0.631452096
41474767 0.497692974 0.884787542 0.500000000 0.500000000 0.000000000 0.000000000 0.881520927 0.079557709 -0.465393811 0.610371887 -0.076614447 0.996740460 0.025271395 0.010825397 0.465887368 0.013378625 0.884742856 -0.643558249
41508133 0.497692974 0.884787542 0.500000000 0.500000000 0.000000000 0.000000000 0.875439882 0.081250675 -0.476448685 0.630187236 -0.078351080 0.996587038 0.025987513 0.006181675 0.476934105 0.014579764 0.878818095 -0.656026139
41541500 0.497692974 0.884787542 0.500000000 0.500000000 0.000000000 0.000000000 0.869311273 0.083048590 -0.487237960 0.650282135 -0.079985619 0.996426702 0.027131373 0.000429032 0.487750143 0.015386418 0.872847676 -0.668940802
41574867 0.497692974 0.884787542 0.500000000 0.500000000 0.000000000 0.000000000 0.863229156 0.084745482 -0.497648060 0.670790242 -0.081677876 0.996266067 0.027976241 -0.003789824 0.498160720 0.016496928 0.866927743 -0.683169761
41608233 0.497692974 0.884787542 0.500000000 0.500000000 0.000000000 0.000000000 0.856905937 0.086712271 -0.508127093 0.692205610 -0.083640151 0.996075988 0.028930295 -0.008120574 0.508641839 0.017709285 0.860796094 -0.698025067
41641600 0.497692974 0.884787542 0.500000000 0.500000000 0.000000000 0.000000000 0.850624144 0.088591173 -0.518256903 0.714156353 -0.085674815 0.995882869 0.029617291 -0.010347504 0.518746972 0.019208381 0.854712009 -0.712716275
41674967 0.497692974 0.884787542 0.500000000 0.500000000 0.000000000 0.000000000 0.844445527 0.090664662 -0.527912617 0.735779770 -0.087659806 0.995674849 0.030778958 -0.012896404 0.528419852 0.020285564 0.848740816 -0.728925931
41708333 0.497692974 0.884787542 0.500000000 0.500000000 0.000000000 0.000000000 0.838306367 0.092553310 -0.537286103 0.757524202 -0.089451611 0.995479703 0.031914271 -0.013727152 0.537811160 0.021307170 0.842796028 -0.744018867
41741700 0.497692974 0.884787542 0.500000000 0.500000000 0.000000000 0.000000000 0.832097948 0.094270773 -0.546558380 0.780369672 -0.091094047 0.995295882 0.032984853 -0.013747114 0.547096789 0.022341587 0.836771131 -0.759040816
41775067 0.497692974 0.884787542 0.500000000 0.500000000 0.000000000 0.000000000 0.825812101 0.095829263 -0.555743754 0.803987517 -0.092646845 0.995121002 0.033923585 -0.014005241 0.556283116 0.023473397 0.830661237 -0.773852932
41808433 0.497692974 0.884787542 0.500000000 0.500000000 0.000000000 0.000000000 0.819174588 0.097088113 -0.565267146 0.828166952 -0.094132274 0.994962573 0.034476213 -0.012592780 0.565766871 0.024967847 0.824187160 -0.787831003
41841800 0.497692974 0.884787542 0.500000000 0.500000000 0.000000000 0.000000000 0.812189043 0.098633029 -0.574996114 0.853569113 -0.095575847 0.994783938 0.035640061 -0.013844107 0.575512171 0.026009273 0.817379534 -0.802802599
41875167 0.497692974 0.884787542 0.500000000 0.500000000 0.000000000 0.000000000 0.805249333 0.100385666 -0.584376812 0.880465055 -0.097192705 0.994580448 0.036923539 -0.014312726 0.584916294 0.027064510 0.810642004 -0.817018620
41908533 0.497692974 0.884787542 0.500000000 0.500000000 0.000000000 0.000000000 0.798304558 0.102062568 -0.593542814 0.908150888 -0.098752111 0.994379818 0.038168602 -0.013576131 0.594102561 0.028143438 0.803896785 -0.831186620
41941900 0.497692974 0.884787542 0.500000000 0.500000000 0.000000000 0.000000000 0.791589200 0.103653647 -0.602198064 0.934271905 -0.100110352 0.994190753 0.039530560 -0.013813038 0.602797210 0.028994294 0.797367454 -0.844905530
41975267 0.497692974 0.884787542 0.500000000 0.500000000 0.000000000 0.000000000 0.785142899 0.105049655 -0.610340238 0.959823866 -0.101425946 0.994013846 0.040611684 -0.012948466 0.610952854 0.030018361 0.791097641 -0.858072972
42008633 0.497692974 0.884787542 0.500000000 0.500000000 0.000000000 0.000000000 0.778351426 0.106471159 -0.618734956 0.985514005 -0.102705255 0.993832469 0.041817114 -0.013610104 0.619371176 0.030998921 0.784486055 -0.870418746
42042000 0.497692974 0.884787542 0.500000000 0.500000000 0.000000000 0.000000000 0.771196663 0.107896008 -0.627386749 1.011258297 -0.104201593 0.993635058 0.042795502 -0.012699851 0.628010929 0.032370947 0.777530968 -0.880803494
42075367 0.497692974 0.884787542 0.500000000 0.500000000 0.000000000 0.000000000 0.763700783 0.109226130 -0.636263132 1.037735877 -0.105738163 0.993436635 0.043624904 -0.010701209 0.636852026 0.033960916 0.770237684 -0.889744055
42108733 0.497692974 0.884787542 0.500000000 0.500000000 0.000000000 0.000000000 0.755751491 0.110538982 -0.645461679 1.066731199 -0.107052281 0.993245602 0.044754695 -0.008021060 0.646049142 0.035274718 0.762480319 -0.897796510
42142100 0.497692974 0.884787542 0.500000000 0.500000000 0.000000000 0.000000000 0.748044312 0.111800142 -0.654163897 1.095448379 -0.108216196 0.993063807 0.045973431 -0.004509151 0.654766321 0.036400966 0.754954338 -0.904711329
42175467 0.497692974 0.884787542 0.500000000 0.500000000 0.000000000 0.000000000 0.740700781 0.113231786 -0.662224233 1.123720280 -0.109188892 0.992878675 0.047641166 -0.003687698 0.662902832 0.037019681 0.747789681 -0.912000409
42208833 0.497692974 0.884787542 0.500000000 0.500000000 0.000000000 0.000000000 0.733668327 0.114551559 -0.669782579 1.151416671 -0.110514417 0.992679656 0.048720401 -0.002508525 0.670460522 0.038276013 0.740957260 -0.919033012
42242200 0.497692974 0.884787542 0.500000000 0.500000000 0.000000000 0.000000000 0.726747036 0.115852393 -0.677064955 1.178709399 -0.112033330 0.992467463 0.049566653 -0.002142578 0.677707374 0.039831426 0.734252095 -0.925830077
42275567 0.497692974 0.884787542 0.500000000 0.500000000 0.000000000 0.000000000 0.719722629 0.117218830 -0.684294581 1.206933723 -0.113597728 0.992243052 0.050490979 -0.002429157 0.684904993 0.041394807 0.727455556 -0.932379434
42308933 0.497692974 0.884787542 0.500000000 0.500000000 0.000000000 0.000000000 0.713006437 0.118353002 -0.691096544 1.234170744 -0.114595763 0.992067695 0.051666707 -0.003570336 0.691729486 0.042358041 0.720913410 -0.938769497
42342300 0.497692974 0.884787542 0.500000000 0.500000000 0.000000000 0.000000000 0.705947638 0.119341768 -0.698137105 1.261405753 -0.115385808 0.991912007 0.052883867 -0.004673051 0.698801816 0.043221876 0.714008331 -0.944342989
42375667 0.497692974 0.884787542 0.500000000 0.500000000 0.000000000 0.000000000 0.698356867 0.120282851 -0.705570519 1.290442970 -0.116226986 0.991751969 0.054031231 -0.006197879 0.706249952 0.044273254 0.706576884 -0.948851457
42409033 0.497692974 0.884787542 0.500000000 0.500000000 0.000000000 0.000000000 0.690660298 0.121245995 -0.712943017 1.321021161 -0.116955079 0.991594434 0.055334903 -0.009542104 0.713659525 0.045164689 0.699035227 -0.954002706
42442400 0.497692974 0.884787542 0.500000000 0.500000000 0.000000000 0.000000000 0.683260739 0.122098185 -0.719893575 1.352840108 -0.117918946 0.991429687 0.056233838 -0.011165555 0.720589936 0.046466719 0.691802680 -0.959490693
42475767 0.497692974 0.884787542 0.500000000 0.500000000 0.000000000 0.000000000 0.676219165 0.122892946 -0.726377964 1.384811274 -0.118925966 0.991265953 0.056994546 -0.013800348 0.727037966 0.047844395 0.684928238 -0.966572855
42509133 0.497692974 0.884787542 0.500000000 0.500000000 0.000000000 0.000000000 0.669165730 0.123780526 -0.732731640 1.417616981 -0.120116539 0.991079986 0.057727188 -0.016023042 0.733341157 0.049384136 0.678064823 -0.973622697
42542500 0.497692974 0.884787542 0.500000000 0.500000000 0.000000000 0.000000000 0.662014306 0.124704540 -0.739043832 1.450883313 -0.121303961 0.990887702 0.058539473 -0.017792311 0.739609599 0.050894976 0.671109021 -0.980752641
42575867 0.497692974 0.884787542 0.500000000 0.500000000 0.000000000 0.000000000 0.655215263 0.125680149 -0.744914412 1.484340716 -0.122111142 0.990716636 0.059744231 -0.020727451 0.745507777 0.051817019 0.664479613 -0.989417290
42609233 0.497692974 0.884787542 0.500000000 0.500000000 0.000000000 0.000000000 0.648351014 0.126519799 -0.750755429 1.518681377 -0.123081729 0.990542352 0.060636334 -0.020643740 0.751326740 0.053090651 0.657791376 -0.997679242
42642600 0.497692974 0.884787542 0.500000000 0.500000000 0.000000000 0.000000000 0.640995741 0.127464935 -0.756886482 1.555503880 -0.123928115 0.990362942 0.061831139 -0.022508411 0.757473588 0.054166012 0.650614917 -1.005012589
42675967 0.497692974 0.884787542 0.500000000 0.500000000 0.000000000 0.000000000 0.633672416 0.128698781 -0.762821019 1.593586766 -0.125126883 0.990131676 0.063106932 -0.024295624 0.763415039 0.055460289 0.643522859 -1.012822694
42709333 0.497692974 0.884787542 0.500000000 0.500000000 0.000000000 0.000000000 0.626575172 0.129671499 -0.768497825 1.630929303 -0.126523405 0.989905119 0.063872725 -0.023384414 0.769022346 0.057211902 0.636656404 -1.020012111
42742700 0.497692974 0.884787542 0.500000000 0.500000000 0.000000000 0.000000000 0.619068503 0.130753517 -0.774375677 1.668520940 -0.127591282 0.989687562 0.065107137 -0.025662633 0.774902999 0.058497801 0.629367411 -1.026214561
42776067 0.497692974 0.884787542 0.500000000 0.500000000 0.000000000 0.000000000 0.611414790 0.131688654 -0.780275643 1.706632957 -0.128447324 0.989494383 0.066349097 -0.027367845 0.780815780 0.059657503 0.621906519 -1.031980327
42809433 0.497692974 0.884787542 0.500000000 0.500000000 0.000000000 0.000000000 0.603656590 0.132605702 -0.786138952 1.745384948 -0.129058689 0.989318013 0.067776918 -0.029334765 0.786729038 0.060544081 0.614322305 -1.036751110
42842800 0.497692974 0.884787542 0.500000000 0.500000000 0.000000000 0.000000000 0.595935225 0.133492902 -0.791859150 1.782597825 -0.129584655 0.989148676 0.069229826 -0.030921382 0.792508066 0.061356299 0.606767118 -1.040760152
42876167 0.497692974 0.884787542 0.500000000 0.500000000 0.000000000 0.000000000 0.588253915 0.134303674 -0.797445834 1.818826163 -0.129972115 0.988994718 0.070686966 -0.031542704 0.798163235 0.062063832 0.599235773 -1.043938255
42909533 0.497692974 0.884787542 0.500000000 0.500000000 0.000000000 0.000000000 0.580466330 0.135262102 -0.802971363 1.853710922 -0.130035490 0.988849938 0.072571322 -0.033220075 0.803834319 0.062289558 0.591582954 -1.046248884
42942900 0.497692974 0.884787542 0.500000000 0.500000000 0.000000000 0.000000000 0.572369874 0.136246994 -0.808597267 1.888309411 -0.130176112 0.988691986 0.074446730 -0.034946354 0.809596777 0.062648989 0.583633602 -1.047252431
42976267 0.497692974 0.884787542 0.500000000 0.500000000 0.000000000 0.000000000 0.563901603 0.137239203 -0.814358890 1.923366400 -0.131068543 0.988469481 0.075822838 -0.035641367 0.815374792 0.063980214 0.575387239 -1.046843836
43009633 0.497692974 0.884787542 0.500000000 0.500000000 0.000000000 0.000000000 0.555377483 0.138151810 -0.820042610 1.957794453 -0.132863045 0.988178074 0.076495335 -0.033739088 0.820916116 0.066469572 0.567167163 -1.045379431
43043000 0.497692974 0.884787542 0.500000000 0.500000000 0.000000000 0.000000000 0.546565473 0.139073491 -0.825787365 1.991655867 -0.134944186 0.987852752 0.077051684 -0.031273189 0.826472163 0.069321416 0.558693349 -1.043272902
43076367 0.497692974 0.884787542 0.500000000 0.500000000 0.000000000 0.000000000 0.537712932 0.139931038 -0.831434965 2.024963902 -0.136970490 0.987529397 0.077619076 -0.028403806 0.831927776 0.072145276 0.550173759 -1.041211473
43109733 0.497692974 0.884787542 0.500000000 0.500000000 0.000000000 0.000000000 0.529353917 0.140979037 -0.836605847 2.056234871 -0.137920454 0.987279534 0.079101749 -0.028015778 0.837115526 0.073512234 0.542064190 -1.040599659
43143100 0.497692974 0.884787542 0.500000000 0.500000000 0.000000000 0.000000000 0.521184862 0.142006516 -0.841546476 2.085683309 -0.138020948 0.987104177 0.081089750 -0.029846944 0.842209339 0.073888294 0.534063637 -1.040391596
43176467 0.497692974 0.884787542 0.500000000 0.500000000 0.000000000 0.000000000 0.512862086 0.142967030 -0.846482694 2.114545972 -0.138262853 0.986918569 0.082916103 -0.032579626 0.847263753 0.074512579 0.525920153 -1.040260701
43209833 0.497692974 0.884787542 0.500000000 0.500000000 0.000000000 0.000000000 0.504642248 0.143864110 -0.851257503 2.141621984 -0.138596386 0.986729205 0.084596410 -0.037953145 0.852131009 0.075290285 0.517884314 -1.041454194
43243200 0.497692974 0.884787542 0.500000000 0.500000000 0.000000000 0.000000000 0.496154547 0.144792825 -0.856075764 2.168637724 -0.139634117 0.986468554 0.085919343 -0.042371425 0.856932282 0.076908112 0.509658873 -1.041897006
43276567 0.497692974 0.884787542 0.500000000 0.500000000 0.000000000 0.000000000 0.487534374 0.145718470 -0.860857904 2.195993882 -0.140975162 0.986174941 0.087091804 -0.047382749 0.861647367 0.078899339 0.501336873 -1.042548139
43309933 0.497692974 0.884787542 0.500000000 0.500000000 0.000000000 0.000000000 0.479219556 0.146551698 -0.865373433 2.222548520 -0.142322958 0.985887587 0.088146411 -0.051127895 0.866078973 0.080921024 0.493314296 -1.044927283
43343300 0.497692974 0.884787542 0.500000000 0.500000000 0.000000000 0.000000000 0.470921636 0.147313997 -0.869788110 2.247478895 -0.142964840 0.985669494 0.089536376 -0.056370324 0.870513558 0.082184501 0.485233784 -1.048487631
43376667 0.497692974 0.884787542 0.500000000 0.500000000 0.000000000 0.000000000 0.462255090 0.148025423 -0.874304712 2.273506498 -0.143385857 0.985470831 0.091036797 -0.061737911 0.875077546 0.083280705 0.476763666 -1.051355217
43410033 0.497692974 0.884787542 0.500000000 0.500000000 0.000000000 0.000000000 0.453634858 0.148687452 -0.878696442 2.299590194 -0.143916205 0.985264540 0.092422217 -0.066427596 0.879490495 0.084532715 0.468348891 -1.054507357
43443400 0.497692974 0.884787542 0.500000000 0.500000000 0.000000000 0.000000000 0.445042461 0.149377137 -0.882963002 2.325388865 -0.144709691 0.985027075 0.093705595 -0.070991511 0.883739948 0.086070336 0.459995210 -1.058900793
43476767 0.497692974 0.884787542 0.500000000 0.500000000 0.000000000 0.000000000 0.436616242 0.150120929 -0.887034357 2.351320580 -0.145861208 0.984746516 0.094861813 -0.074512174 0.887744784 0.087965690 0.451853156 -1.065302913
43510133 0.497692974 0.884787542 0.500000000 0.500000000 0.000000000 0.000000000 0.428707540 0.150883108 -0.890754819 2.375978100 -0.146934479 0.984472692 0.096040323 -0.076829968 0.891414642 0.089709379 0.444220811 -1.074014613
43543500 0.497692974 0.884787542 0.500000000 0.500000000 0.000000000 0.000000000 0.420862973 0.151717439 -0.894346774 2.400563076 -0.147548452 0.984234154 0.097532429 -0.079337655 0.895044029 0.090911701 0.436613381 -1.084492566
43576867 0.497692974 0.884787542 0.500000000 0.500000000 0.000000000 0.000000000 0.413096398 0.152513906 -0.897825658 2.425265093 -0.147870764 0.984027088 0.099120520 -0.081256389 0.898602009 0.091815837 0.429050386 -1.094707601
43610233 0.497692974 0.884787542 0.500000000 0.500000000 0.000000000 0.000000000 0.405366778 0.153126955 -0.901237965 2.450275831 -0.148097470 0.983847916 0.100550406 -0.083003980 0.902078092 0.092711270 0.421496987 -1.105734566
43643600 0.497692974 0.884787542 0.500000000 0.500000000 0.000000000 0.000000000 0.397745997 0.153764352 -0.904519022 2.475417632 -0.148334473 0.983663917 0.101991236 -0.085000642 0.905425310 0.093604743 0.414056927 -1.116942413
43676967 0.497692974 0.884787542 0.500000000 0.500000000 0.000000000 0.000000000 0.390057921 0.154451400 -0.907744229 2.500298620 -0.148744196 0.983453095 0.103417732 -0.086738989 0.908696890 0.094682783 0.406577408 -1.127565902
43710333 0.497692974 0.884787542 0.500000000 0.500000000 0.000000000 0.000000000 0.381821573 0.154910430 -0.911161363 2.526575022 -0.149080932 0.983266711 0.104697108 -0.088956048 0.912133276 0.095861167 0.398526639 -1.137353338
43743700 0.497692974 0.884787542 0.500000000 0.500000000 0.000000000 0.000000000 0.373348266 0.155448928 -0.914574623 2.553127744 -0.149238139 0.983084738 0.106171414 -0.093153008 0.915608585 0.096850492 0.390231907 -1.146271263
43777067 0.497692974 0.884787542 0.500000000 0.500000000 0.000000000 0.000000000 0.364961386 0.155968085 -0.917865515 2.579431322 -0.149604633 0.982881367 0.107530124 -0.097375442 0.918924153 0.098072596 0.382047296 -1.154973275
43810433 0.497692974 0.884787542 0.500000000 0.500000000 0.000000000 0.000000000 0.356686324 0.156404212 -0.921038866 2.604951933 -0.150122583 0.982670009 0.108732723 -0.102090055 0.922083557 0.099485256 0.373984784 -1.163247658
43843800 0.497692974 0.884787542 0.500000000 0.500000000 0.000000000 0.000000000 0.348778188 0.157022804 -0.923957586 2.628877514 -0.150775328 0.982424140 0.110043854 -0.107028405 0.924997628 0.100929104 0.366323262 -1.172020173
43877167 0.497692974 0.884787542 0.500000000 0.500000000 0.000000000 0.000000000 0.340819538 0.157460600 -0.926848531 2.651892534 -0.151458129 0.982192397 0.111168891 -0.111992811 0.927848279 0.102490216 0.358599037 -1.180374707
43910533 0.497692974 0.884787542 0.500000000 0.500000000 0.000000000 0.000000000 0.332676232 0.157961741 -0.929717481 2.674483240 -0.152398407 0.981918395 0.112298854 -0.116646395 0.930645585 0.104328297 0.350734025 -1.187400810
43943900 0.497692974 0.884787542 0.500000000 0.500000000 0.000000000 0.000000000 0.324060351 0.158376440 -0.932685256 2.697860691 -0.153467372 0.981629252 0.113365427 -0.121141905 0.933505595 0.106399514 0.342412740 -1.193212252
43977267 0.497692974 0.884787542 0.500000000 0.500000000 0.000000000 0.000000000 0.315330923 0.158827156 -0.935596228 2.722059483 -0.154437408 0.981340587 0.114541546 -0.125749235 0.936330855 0.108372569 0.333975881 -1.197826467
44010633 0.497692974 0.884787542 0.500000000 0.500000000 0.000000000 0.000000000 0.306816489 0.159277245 -0.938346624 2.746132964 -0.154827818 0.981118083 0.115912445 -0.132417883 0.939091027 0.109718315 0.325683773 -1.203400660
44044000 0.497692974 0.884787542 0.500000000 0.500000000 0.000000000 0.000000000 0.298492879 0.159684300 -0.940958500 2.770023645 -0.154959157 0.980931044 0.117311321 -0.139860231 0.941748202 0.110793546 0.317545474 -1.209532431
44077367 0.497692974 0.884787542 0.500000000 0.500000000 0.000000000 0.000000000 0.290433347 0.160057634 -0.943414032 2.793660232 -0.155057415 0.980753601 0.118657611 -0.148273584 0.944248736 0.111821219 0.309661686 -1.216826012
44110733 0.497692974 0.884787542 0.500000000 0.500000000 0.000000000 0.000000000 0.282600999 0.160503834 -0.945714116 2.817178950 -0.155302644 0.980550408 0.120008171 -0.155964030 0.946582139 0.112957478 0.302031189 -1.224722126
44144100 0.497692974 0.884787542 0.500000000 0.500000000 0.000000000 0.000000000 0.275174797 0.160961434 -0.947823942 2.840101147 -0.155274525 0.980382204 0.121410824 -0.164101071 0.948772192 0.113763720 0.294769675 -1.234350208
44177467 0.497692974 0.884787542 0.500000000 0.500000000 0.000000000 0.000000000 0.268155485 0.161435723 -0.949753225 2.862346235 -0.154801041 0.980269492 0.122915901 -0.172871634 0.950857103 0.114062212 0.287855059 -1.245618105
44210833 0.497692974 0.884787542 0.500000000 0.500000000 0.000000000 0.000000000 0.261125714 0.161716342 -0.951662302 2.884573959 -0.154123455 0.980204701 0.124276772 -0.181763769 0.952921450 0.114221625 0.280880928 -1.256340050
44244200 0.497692974 0.884787542 0.500000000 0.500000000 0.000000000 0.000000000 0.254063517 0.161970153 -0.953528941 2.907586642 -0.154351130 0.980032682 0.125346020 -0.188504189 0.954791844 0.115332417 0.273990840 -1.266391205
44277567 0.497692974 0.884787542 0.500000000 0.500000000 0.000000000 0.000000000 0.247186497 0.162148654 -0.955304503 2.929165387 -0.155300871 0.979783416 0.126119256 -0.195012332 0.956441581 0.117184639 0.267371058 -1.277823599
44310933 0.497692974 0.884787542 0.500000000 0.500000000 0.000000000 0.000000000 0.239969447 0.162336230 -0.957111061 2.951457169 -0.156576887 0.979482949 0.126873359 -0.200920432 0.958070099 0.119415745 0.260464102 -1.288758801
44344300 0.497692974 0.884787542 0.500000000 0.500000000 0.000000000 0.000000000 0.232659921 0.162612453 -0.958867311 2.973983624 -0.157591283 0.979196846 0.127822101 -0.208200384 0.959705353 0.121370047 0.253446162 -1.299613381
44377667 0.497692974 0.884787542 0.500000000 0.500000000 0.000000000 0.000000000 0.225323573 0.162852377 -0.960577130 2.997051776 -0.158447042 0.978931010 0.128796935 -0.214963846 0.961313605 0.123179615 0.246379703 -1.309778500
44411033 0.497692974 0.884787542 0.500000000 0.500000000 0.000000000 0.000000000 0.218127549 0.163078845 -0.962198377 3.020916741 -0.158887327 0.978719234 0.129859611 -0.222296692 0.962899387 0.124555171 0.239396781 -1.320627558
44444400 0.497692974 0.884787542 0.500000000 0.500000000 0.000000000 0.000000000 0.211209416 0.163271606 -0.963707924 3.045279564 -0.159137785 0.978538930 0.130907118 -0.230253578 0.964399159 0.125713542 0.232659325 -1.332890549
44477767 0.497692974 0.884787542 0.500000000 0.500000000 0.000000000 0.000000000 0.204111561 0.163489148 -0.965199351 3.070393800 -0.159558475 0.978327513 0.131970882 -0.237701140 0.965856910 0.127068952 0.225774035 -1.344953648
44511133 0.497692974 0.884787542 0.500000000 0.500000000 0.000000000 0.000000000 0.196660489 0.163690969 -0.966710865 3.096671872 -0.160377294 0.978056133 0.132986069 -0.243345518 0.967266142 0.128885373 0.218597323 -1.355400435
44544500 0.497692974 0.884787542 0.500000000 0.500000000 0.000000000 0.000000000 0.188964188 0.163743585 -0.968235791 3.125086077 -0.161251351 0.977789223 0.133888841 -0.247171290 0.968653977 0.130829141 0.211171031 -1.365391963
44577867 0.497692974 0.884787542 0.500000000 0.500000000 0.000000000 0.000000000 0.181625739 0.163797632 -0.969630063 3.153700672 -0.161918864 0.977552831 0.134806275 -0.250211966 0.969945550 0.132517099 0.204070687 -1.375874483
44611233 0.497692974 0.884787542 0.500000000 0.500000000 0.000000000 0.000000000 0.174590528 0.163590461 -0.970956385 3.182493489 -0.162259072 0.977400541 0.135499910 -0.253050849 0.971179783 0.133889481 0.197188899 -1.386547400
44644600 0.497692974 0.884787542 0.500000000 0.500000000 0.000000000 0.000000000 0.167711064 0.163525090 -0.972179294 3.213608073 -0.162518889 0.977240503 0.136340201 -0.255551076 0.972347975 0.135131732 0.190469965 -1.396582106
44677967 0.497692974 0.884787542 0.500000000 0.500000000 0.000000000 0.000000000 0.161795795 0.163681820 -0.973154843 3.243404237 -0.162883624 0.977051497 0.137256339 -0.257790761 0.973288774 0.136303484 0.184743911 -1.409133272
44711333 0.497692974 0.884787542 0.500000000 0.500000000 0.000000000 0.000000000 0.156019971 0.163732186 -0.974089086 3.272251357 -0.163118705 0.976896584 0.138077348 -0.260221019 0.974192023 0.137349322 0.179123163 -1.421992609
44744700 0.497692974 0.884787542 0.500000000 0.500000000 0.000000000 0.000000000 0.149568290 0.163625300 -0.975118518 3.302506519 -0.163338870 0.976750910 0.138845533 -0.262258545 0.975166500 0.138507858 0.172817335 -1.432018635
44778067 0.497692974 0.884787542 0.500000000 0.500000000 0.000000000 0.000000000 0.142980024 0.163502976 -0.976126790 3.333544080 -0.163569301 0.976601481 0.139623359 -0.264083858 0.976115644 0.139701024 0.166378573 -1.440599511
44811433 0.497692974 0.884787542 0.500000000 0.500000000 0.000000000 0.000000000 0.136620432 0.163546860 -0.977029800 3.363654319 -0.163827047 0.976427078 0.140537634 -0.266697339 0.976982892 0.140863597 0.160193279 -1.448963428
44844800 0.497692974 0.884787542 0.500000000 0.500000000 0.000000000 0.000000000 0.130036116 0.163454548 -0.977943361 3.394718958 -0.163851649 0.976299524 0.141392604 -0.270289191 0.977876902 0.141851485 0.153736502 -1.456485484
44878167 0.497692974 0.884787542 0.500000000 0.500000000 0.000000000 0.000000000 0.123909809 0.163579881 -0.978717506 3.424304385 -0.163878456 0.976148188 0.142402738 -0.274332618 0.978667557 0.142745614 0.147761554 -1.463798055
44911533 0.497692974 0.884787542 0.500000000 0.500000000 0.000000000 0.000000000 0.118038327 0.163615495 -0.979437053 3.452872587 -0.163875252 0.976018190 0.143294692 -0.278884754 0.979393601 0.143591225 0.142020077 -1.471260879
44944900 0.497692974 0.884787542 0.500000000 0.500000000 0.000000000 0.000000000 0.111933567 0.163562521 -0.980162323 3.481907861 -0.164208919 0.975845098 0.144089594 -0.282640300 0.980054259 0.144822940 0.136088237 -1.477689904
44978267 0.497692974 0.884787542 0.500000000 0.500000000 0.000000000 0.000000000 0.105642684 0.163614661 -0.980851591 3.510459770 -0.164521292 0.975653470 0.145027786 -0.286471285 0.980699956 0.146049842 0.129988745 -1.482003083
45011633 0.497692974 0.884787542 0.500000000 0.500000000 0.000000000 0.000000000 0.099308103 0.163729370 -0.981494069 3.538445220 -0.164428160 0.975510061 0.146094203 -0.292376367 0.981377244 0.146876931 0.123797774 -1.485490111
45045000 0.497692974 0.884787542 0.500000000 0.500000000 0.000000000 0.000000000 0.092775136 0.163808048 -0.982119977 3.566832357 -0.164373219 0.975360155 0.147153199 -0.298073516 0.982025564 0.147782072 0.117414825 -1.487630291
45078367 0.497692974 0.884787542 0.500000000 0.500000000 0.000000000 0.000000000 0.086339273 0.164156780 -0.982648492 3.594474877 -0.164458066 0.975148678 0.148453966 -0.304543085 0.982598126 0.148787066 0.111190535 -1.489128014
45111733 0.497692974 0.884787542 0.500000000 0.500000000 0.000000000 0.000000000 0.080095179 0.164625764 -0.983098745 3.621554760 -0.164590299 0.974913478 0.149845570 -0.311900824 0.983104646 0.149806619 0.105181672 -1.491726949
45145100 0.497692974 0.884787542 0.500000000 0.500000000 0.000000000 0.000000000 0.073703825 0.164955541 -0.983543277 3.648987002 -0.164748430 0.974689305 0.151124835 -0.318827179 0.983578026 0.150898740 0.099014498 -1.493257585
45178467 0.497692974 0.884787542 0.500000000 0.500000000 0.000000000 0.000000000 0.067541540 0.165209472 -0.983943045 3.676087484 -0.164682686 0.974514067 0.152321845 -0.326061120 0.984031379 0.151750341 0.093027316 -1.495323542
45211833 0.497692974 0.884787542 0.500000000 0.500000000 0.000000000 0.000000000 0.061496157 0.165457472 -0.984297752 3.702226596 -0.164541468 0.974352181 0.153505564 -0.333750047 0.984451294 0.152517796 0.087143525 -1.498273066
45245200 0.497692974 0.884787542 0.500000000 0.500000000 0.000000000 0.000000000 0.054959178 0.165549830 -0.984668851 3.728966866 -0.164438665 0.974194765 0.154610723 -0.340534704 0.984854996 0.153420359 0.080763735 -1.498955212
45278567 0.497692974 0.884787542 0.500000000 0.500000000 0.000000000 0.000000000 0.048688449 0.165652305 -0.984981596 3.754760234 -0.164176896 0.974065244 0.155701026 -0.347526204 0.985228598 0.154130369 0.074622005 -1.499924513
45311933 0.497692974 0.884787542 0.500000000 0.500000000 0.000000000 0.000000000 0.042093366 0.165613279 -0.985292017 3.780276013 -0.163846269 0.973959327 0.156708613 -0.354972871 0.985587418 0.154840037 0.068132341 -1.499364683
45345300 0.497692974 0.884787542 0.500000000 0.500000000 0.000000000 0.000000000 0.034727037 0.165514201 -0.985595822 3.806918679 -0.163603589 0.973828197 0.157773539 -0.363299178 0.985914767 0.155767992 0.060896885 -1.495509411
45378667 0.497692974 0.884787542 0.500000000 0.500000000 0.000000000 0.000000000 0.027252760 0.165444955 -0.985842407 3.833780781 -0.163467497 0.973670602 0.158883348 -0.372449100 0.986172199 0.156823188 0.053580083 -1.491193192
45412033 0.497692974 0.884787542 0.500000000 0.500000000 0.000000000 0.000000000 0.019905122 0.165158302 -0.986066163 3.859919435 -0.163952067 0.973449707 0.159735546 -0.379197561 0.986267447 0.158488035 0.046454679 -1.486265724
45445400 0.497692974 0.884787542 0.500000000 0.500000000 0.000000000 0.000000000 0.012311998 0.164780930 -0.986253321 3.886849968 -0.164660811 0.973197043 0.160543948 -0.385354827 0.986273408 0.160420656 0.039114960 -1.480863074
45478767 0.497692974 0.884787542 0.500000000 0.500000000 0.000000000 0.000000000 0.004713329 0.164669663 -0.986337483 3.913942806 -0.165215731 0.972921431 0.161640346 -0.391383591 0.986246169 0.162196606 0.031791717 -1.475436383
45512133 0.497692974 0.884787542 0.500000000 0.500000000 0.000000000 0.000000000 -0.002602197 0.164909929 -0.986305177 3.940712689 -0.164928213 0.972730756 0.163075417 -0.399604290 0.986302137 0.163093910 0.024667064 -1.471299384
45545500 0.497692974 0.884787542 0.500000000 0.500000000 0.000000000 0.000000000 -0.009813732 0.165456668 -0.986168206 3.967337300 -0.164322451 0.972541630 0.164805666 -0.408970563 0.986357868 0.163666934 0.017643981 -1.467019126
45578867 0.497692974 0.884787542 0.500000000 0.500000000 0.000000000 0.000000000 -0.016533913 0.165764362 -0.986026764 3.993314166 -0.163963124 0.972362161 0.166216522 -0.416192140 0.986327887 0.164420232 0.011102292 -1.464672595
45612233 0.497692974 0.884787542 0.500000000 0.500000000 0.000000000 0.000000000 -0.023312010 0.165673926 -0.985904992 4.020359935 -0.164125040 0.972158492 0.167244717 -0.420804224 0.986164033 0.165710509 0.004528272 -1.462562764
45645600 0.497692974 0.884787542 0.500000000 0.500000000 0.000000000 0.000000000 -0.030169178 0.165745512 -0.985706985 4.047414833 -0.164602980 0.971868455 0.168456510 -0.425107252 0.985898435 0.167332500 -0.002038267 -1.460666541
45678967 0.497692974 0.884787542 0.500000000 0.500000000 0.000000000 0.000000000 -0.037013847 0.165599376 -0.985498250 4.074040217 -0.165274754 0.971578538 0.169467837 -0.426671514 0.985552728 0.169150636 -0.008592463 -1.457710670
45712333 0.497692974 0.884787542 0.500000000 0.500000000 0.000000000 0.000000000 -0.044177026 0.165224865 -0.985266030 4.101547481 -0.165290326 0.971427679 0.170315474 -0.428053612 0.985255063 0.170378983 -0.015604712 -1.452239352
45745700 0.497692974 0.884787542 0.500000000 0.500000000 0.000000000 0.000000000 -0.051788665 0.164579481 -0.985003293 4.129973222 -0.164721638 0.971409500 0.170968756 -0.430214226 0.984979570 0.171105608 -0.023198200 -1.443941634
45779067 0.497692974 0.884787542 0.500000000 0.500000000 0.000000000 0.000000000 -0.059588265 0.164411128 -0.984590411 4.158621007 -0.164277941 0.971279442 0.172130644 -0.434496110 0.984612584 0.172003448 -0.030867739 -1.433552128
45812433 0.497692974 0.884787542 0.500000000 0.500000000 0.000000000 0.000000000 -0.067139752 0.164555371 -0.984080195 4.186377687 -0.164359897 0.971007109 0.173582926 -0.439063395 0.984112859 0.173397630 -0.038146876 -1.423061542
45845800 0.497692974 0.884787542 0.500000000 0.500000000 0.000000000 0.000000000 -0.074748330 0.164797351 -0.983491004 4.214093338 -0.164709836 0.970663369 0.175166368 -0.443308433 0.983505666 0.175084040 -0.045411725 -1.412110317
45879167 0.497692974 0.884787542 0.500000000 0.500000000 0.000000000 0.000000000 -0.082259722 0.164924920 -0.982869804 4.241175365 -0.164686486 0.970404565 0.176616430 -0.447516949 0.982909799 0.176393807 -0.052664302 -1.399589574
45912533 0.497692974 0.884787542 0.500000000 0.500000000 0.000000000 0.000000000 -0.089892969 0.164849535 -0.982213795 4.268693947 -0.164153829 0.970266223 0.177867815 -0.452182581 0.982330263 0.177223206 -0.060159430 -1.385511450
45945900 0.497692974 0.884787542 0.500000000 0.500000000 0.000000000 0.000000000 -0.097916842 0.164788797 -0.981456518 4.296635223 -0.163720340 0.970091641 0.179214463 -0.456315632 0.981635332 0.178232506 -0.068009034 -1.367881988
45979267 0.497692974 0.884787542 0.500000000 0.500000000 0.000000000 0.000000000 -0.106179610 0.164752096 -0.980603218 4.324770641 -0.163349763 0.969889760 0.180639625 -0.460685024 0.980837762 0.179361537 -0.076070301 -1.348432606
46012633 0.497692974 0.884787542 0.500000000 0.500000000 0.000000000 0.000000000 -0.114372663 0.164651379 -0.979698300 4.352693644 -0.163083509 0.969679058 0.182006314 -0.464907854 0.979960561 0.180589184 -0.084052853 -1.328906540
46046000 0.497692974 0.884787542 0.500000000 0.500000000 0.000000000 0.000000000 -0.122506343 0.164596722 -0.978723705 4.380124425 -0.162659720 0.969487011 0.183403358 -0.470038989 0.979047477 0.181667000 -0.091995046 -1.308921348
46079367 0.497692974 0.884787542 0.500000000 0.500000000 0.000000000 0.000000000 -0.130470991 0.164541259 -0.977703154 4.406555673 -0.162249058 0.969294786 0.184777737 -0.474913978 0.978086174 0.182739556 -0.099768199 -1.289189400
46112733 0.497692974 0.884787542 0.500000000 0.500000000 0.000000000 0.000000000 -0.138669118 0.164489016 -0.976582944 4.433085811 -0.161786214 0.969099760 0.186201304 -0.480448184 0.977034330 0.183818027 -0.107772142 -1.268334600
46146100 0.497692974 0.884787542 0.500000000 0.500000000 0.000000000 0.000000000 -0.147318870 0.164414272 -0.975328207 4.459815907 -0.161442116 0.968866050 0.187710017 -0.486145697 0.975824594 0.185112283 -0.116188854 -1.244401721
46179467 0.497692974 0.884787542 0.500000000 0.500000000 0.000000000 0.000000000 -0.156417981 0.164228708 -0.973941684 4.487646637 -0.161150903 0.968622148 0.189213037 -0.492054920 0.974455655 0.186547905 -0.125044316 -1.218581725
46212833 0.497692974 0.884787542 0.500000000 0.500000000 0.000000000 0.000000000 -0.165587291 0.164009988 -0.972461581 4.515474662 -0.160901099 0.968368590 0.190717354 -0.498355606 0.972980797 0.188050523 -0.133960143 -1.191373446
46246200 0.497692974 0.884787542 0.500000000 0.500000000 0.000000000 0.000000000 -0.174799129 0.163812205 -0.970881462 4.543065421 -0.160515726 0.968129933 0.192247480 -0.505974461 0.971431911 0.189446434 -0.142933831 -1.163780507
46279567 0.497692974 0.884787542 0.500000000 0.500000000 0.000000000 0.000000000 -0.184432119 0.163545653 -0.969142735 4.571956615 -0.160108805 0.967887104 0.193803176 -0.514851549 0.969716430 0.190911815 -0.152324378 -1.134108771
46312933 0.497692974 0.884787542 0.500000000 0.500000000 0.000000000 0.000000000 -0.194375455 0.163308933 -0.967237473 4.601791693 -0.159746543 0.967610836 0.195474535 -0.524279650 0.967832208 0.192508310 -0.161991760 -1.102145308
46346300 0.497692974 0.884787542 0.500000000 0.500000000 0.000000000 0.000000000 -0.204521194 0.163060680 -0.965185106 4.632148538 -0.159344211 0.967329502 0.197187752 -0.534091042 0.965805650 0.194125727 -0.171856612 -1.068678302
46379667 0.497692974 0.884787542 0.500000000 0.500000000 0.000000000 0.000000000 -0.214827746 0.162713796 -0.963002205 4.663320255 -0.158942044 0.967054248 0.198855445 -0.544413864 0.963631928 0.195781201 -0.181888029 -1.034182055
46413033 0.497692974 0.884787542 0.500000000 0.500000000 0.000000000 0.000000000 -0.225315660 0.162371516 -0.960660398 4.694958869 -0.158891261 0.966690302 0.200657442 -0.554559825 0.961242139 0.197851807 -0.192011043 -0.999021517
46446400 0.497692974 0.884787542 0.500000000 0.500000000 0.000000000 0.000000000 -0.236044124 0.162022606 -0.958139777 4.727824836 -0.159435809 0.966182590 0.202660739 -0.563053373 0.958573639 0.200598657 -0.202229530 -0.962052336
46479767 0.497692974 0.884787542 0.500000000 0.500000000 0.000000000 0.000000000 -0.246763647 0.161650062 -0.955498278 4.760830226 -0.160012245 0.965658724 0.204693198 -0.571644390 0.955773890 0.203402266 -0.212423488 -0.925697093
46513133 0.497692974 0.884787542 0.500000000 0.500000000 0.000000000 0.000000000 -0.257919729 0.161168873 -0.952629030 4.794247040 -0.160207048 0.965204895 0.206671789 -0.580642266 0.952791214 0.205922619 -0.223124981 -0.887029629
46546500 0.497692974 0.884787542 0.500000000 0.500000000 0.000000000 0.000000000 -0.269772410 0.160568446 -0.949442267 4.829329537 -0.160075992 0.964801013 0.208649531 -0.589951791 0.949525416 0.208270803 -0.234573543 -0.844244700
46579867 0.497692974 0.884787542 0.500000000 0.500000000 0.000000000 0.000000000 -0.281117082 0.160227761 -0.946203053 4.862844886 -0.159902230 0.964360237 0.210809425 -0.600730061 0.946258128 0.210562110 -0.245477349 -0.802861288
46613233 0.497692974 0.884787542 0.500000000 0.500000000 0.000000000 0.000000000 -0.292694122 0.159594759 -0.942793548 4.896256784 -0.160230815 0.963845670 0.212902740 -0.610413707 0.942685664 0.213379964 -0.256539971 -0.759530478
46646600 0.497692974 0.884787542 0.500000000 0.500000000 0.000000000 0.000000000 -0.304933667 0.158775464 -0.939045131 4.930349912 -0.160837084 0.963257253 0.215097502 -0.619316521 0.938694239 0.216623768 -0.268192589 -0.711589490
46679967 0.497692974 0.884787542 0.500000000 0.500000000 0.000000000 0.000000000 -0.317455232 0.158039331 -0.935011089 4.964440597 -0.161154166 0.962680101 0.217431158 -0.629145394 0.934479296 0.219705597 -0.280139118 -0.660860289
46713333 0.497692974 0.884787542 0.500000000 0.500000000 0.000000000 0.000000000 -0.330067933 0.157237858 -0.930769265 4.997901801 -0.161043450 0.962193608 0.219655439 -0.638397154 0.930118382 0.222395509 -0.292267114 -0.608005072
46746700 0.497692974 0.884787542 0.500000000 0.500000000 0.000000000 0.000000000 -0.342791855 0.156229645 -0.926329315 5.030436015 -0.160571575 0.961818397 0.221635178 -0.648002085 0.925586581 0.224716887 -0.304617465 -0.552789577
46780067 0.497692974 0.884787542 0.500000000 0.500000000 0.000000000 0.000000000 -0.355623394 0.155059993 -0.921676934 5.062984931 -0.160723761 0.961305201 0.223741204 -0.655559328 0.920706153 0.227702990 -0.316940814 -0.494915259
46813433 0.497692974 0.884787542 0.500000000 0.500000000 0.000000000 0.000000000 -0.368222594 0.153756186 -0.916935742 5.094623474 -0.161129624 0.960753381 0.225810096 -0.662880877 0.915668786 0.230893895 -0.328996420 -0.438215587
46846800 0.497692974 0.884787542 0.500000000 0.500000000 0.000000000 0.000000000 -0.381052613 0.152613997 -0.911870539 5.124827017 -0.161498815 0.960131645 0.228178307 -0.671510844 0.910338938 0.234213948 -0.341213703 -0.379097609
46880167 0.497692974 0.884787542 0.500000000 0.500000000 0.000000000 0.000000000 -0.393806845 0.151817337 -0.906569183 5.152877427 -0.161355093 0.959534168 0.230778486 -0.683045535 0.904920280 0.237161696 -0.353374600 -0.319852109
46913533 0.497692974 0.884787542 0.500000000 0.500000000 0.000000000 0.000000000 -0.406093299 0.150993288 -0.901270926 5.178793698 -0.161285311 0.958929896 0.233324811 -0.694284369 0.899486125 0.240113407 -0.365061998 -0.261853210
46946900 0.497692974 0.884787542 0.500000000 0.500000000 0.000000000 0.000000000 -0.418512881 0.150219321 -0.895701468 5.202917066 -0.161160856 0.958291531 0.236018136 -0.707017343 0.893797576 0.243128642 -0.376847863 -0.202999583
46980267 0.497692974 0.884787542 0.500000000 0.500000000 0.000000000 0.000000000 -0.431466013 0.149222493 -0.889702022 5.226081894 -0.160786435 0.957713902 0.238603860 -0.720418122 0.887685061 0.246001482 -0.389228046 -0.140548989
47013633 0.497692974 0.884787542 0.500000000 0.500000000 0.000000000 0.000000000 -0.444151253 0.148503453 -0.883558929 5.247903876 -0.160314664 0.957079947 0.241448104 -0.734616928 0.881492436 0.248886928 -0.401280969 -0.078131252
47047000 0.497692974 0.884787542 0.500000000 0.500000000 0.000000000 0.000000000 -0.456708103 0.147378176 -0.877323985 5.269283844 -0.159681752 0.956584752 0.243818313 -0.747825823 0.875168264 0.251446426 -0.413346380 -0.015039227
47080367 0.497692974 0.884787542 0.500000000 0.500000000 0.000000000 0.000000000 -0.469097614 0.146442845 -0.870920181 5.289333951 -0.158858791 0.956078887 0.246327057 -0.762820458 0.868741214 0.253904760 -0.425230592 0.047267721
47113733 0.497692974 0.884787542 0.500000000 0.500000000 0.000000000 0.000000000 -0.481171399 0.145169780 -0.864522874 5.308834699 -0.158217087 0.955616236 0.248525664 -0.776512611 0.862230480 0.256365746 -0.436846852 0.108861441
47147100 0.497692974 0.884787542 0.500000000 0.500000000 0.000000000 0.000000000 -0.493231952 0.143945724 -0.857905507 5.327670415 -0.157474339 0.955145299 0.250797391 -0.791532671 0.855525613 0.258799374 -0.448440433 0.170981443
47180467 0.497692974 0.884787542 0.500000000 0.500000000 0.000000000 0.000000000 -0.504632533 0.142873123 -0.851430118 5.345404075 -0.156771272 0.954650700 0.253110379 -0.807033260 0.848981023 0.261207521 -0.459349394 0.229137150
47213833 0.497692974 0.884787542 0.500000000 0.500000000 0.000000000 0.000000000 -0.515743971 0.141979277 -0.844896495 5.361966564 -0.156244680 0.954047561 0.255696684 -0.823514783 0.842375100 0.263884604 -0.469860762 0.285885786
47247200 0.497692974 0.884787542 0.500000000 0.500000000 0.000000000 0.000000000 -0.526926637 0.140737772 -0.838177323 5.377830088 -0.155924693 0.953448236 0.258116096 -0.838909976 0.835485339 0.266700774 -0.480452806 0.342471019
47280567 0.497692974 0.884787542 0.500000000 0.500000000 0.000000000 0.000000000 -0.538235366 0.139586091 -0.831154883 5.392628541 -0.155323282 0.952867746 0.260610342 -0.855447619 0.828358233 0.269367397 -0.491186112 0.400401304
47313933 0.497692974 0.884787542 0.500000000 0.500000000 0.000000000 0.000000000 -0.549300194 0.138634324 -0.824044764 5.406745048 -0.154404089 0.952321887 0.263139457 -0.872450495 0.821236074 0.271778435 -0.501704931 0.456605925
47347300 0.497692974 0.884787542 0.500000000 0.500000000 0.000000000 0.000000000 -0.560655713 0.137439564 -0.816563249 5.421032034 -0.153414115 0.951815605 0.265539289 -0.887646429 0.813713253 0.274148464 -0.512555718 0.515909934
47380667 0.497692974 0.884787542 0.500000000 0.500000000 0.000000000 0.000000000 -0.572336316 0.136129171 -0.808640838 5.435524265 -0.152459264 0.951266229 0.268046141 -0.901956173 0.805721641 0.276697338 -0.523690045 0.578255769
47414033 0.497692974 0.884787542 0.500000000 0.500000000 0.000000000 0.000000000 -0.583772719 0.135262311 -0.800570786 5.449744541 -0.151274025 0.950639427 0.270925850 -0.918160529 0.797700226 0.279264688 -0.534495652 0.640161430
47447400 0.497692974 0.884787542 0.500000000 0.500000000 0.000000000 0.000000000 -0.594940603 0.134173259 -0.792491794 5.464049265 -0.150413513 0.949965775 0.273753136 -0.932164165 0.789570451 0.282068312 -0.544991732 0.701402680
47480767 0.497692974 0.884787542 0.500000000 0.500000000 0.000000000 0.000000000 -0.605867743 0.133078367 -0.784356058 5.477773951 -0.149832681 0.949180126 0.276780069 -0.944356404 0.781328619 0.285214305 -0.555138171 0.762340919
47514133 0.497692974 0.884787542 0.500000000 0.500000000 0.000000000 0.000000000 -0.616765380 0.132146969 -0.775975287 5.490060844 -0.148731142 0.948485255 0.279740453 -0.957055717 0.772967994 0.287945926 -0.565338492 0.824073279
47547500 0.497692974 0.884787542 0.500000000 0.500000000 0.000000000 0.000000000 -0.627943873 0.131124035 -0.767132998 5.500605393 -0.146945134 0.947998583 0.282322228 -0.969461746 0.764260173 0.290008962 -0.576021850 0.890248691
47580867 0.497692974 0.884787542 0.500000000 0.500000000 0.000000000 0.000000000 -0.639623880 0.129846185 -0.757641912 5.509330782 -0.144669384 0.947682500 0.284549922 -0.982274124 0.754951715 0.291612506 -0.587375581 0.961825047
47614233 0.497692974 0.884787542 0.500000000 0.500000000 0.000000000 0.000000000 -0.651381195 0.128184661 -0.747844338 5.517064447 -0.142201617 0.947537243 0.286272407 -0.994679172 0.745306134 0.292817146 -0.598979890 1.035431413
47647600 0.497692974 0.884787542 0.500000000 0.500000000 0.000000000 0.000000000 -0.662950754 0.126665965 -0.737869918 5.522266967 -0.139580265 0.947390914 0.288041323 -1.008395568 0.735536337 0.293949276 -0.610393465 1.110150232
47680967 0.497692974 0.884787542 0.500000000 0.500000000 0.000000000 0.000000000 -0.674903154 0.124549568 -0.727319121 5.526546062 -0.137526095 0.947152019 0.289809734 -1.021136083 0.724977434 0.295618862 -0.622107029 1.190290899
47714333 0.497692974 0.884787542 0.500000000 0.500000000 0.000000000 0.000000000 -0.687046587 0.122386768 -0.716232121 5.528716272 -0.136022702 0.946623743 0.292235076 -1.036508611 0.713768005 0.298202932 -0.633727252 1.272917583
47747700 0.497692974 0.884787542 0.500000000 0.500000000 0.000000000 0.000000000 -0.698943138 0.120108038 -0.705019534 5.529568891 -0.134790361 0.946007133 0.294791609 -1.052171026 0.702360332 0.301072419 -0.645015776 1.355788595
47781067 0.497692974 0.884787542 0.500000000 0.500000000 0.000000000 0.000000000 -0.710391402 0.118106060 -0.693826377 5.529557157 -0.133414805 0.945347369 0.297521114 -1.068819919 0.691046000 0.303923130 -0.655809581 1.437726361
47814433 0.497692974 0.884787542 0.500000000 0.500000000 0.000000000 0.000000000 -0.721102118 0.116625823 -0.682942271 5.528957293 -0.131633461 0.944712877 0.300316870 -1.086790805 0.680209041 0.306457192 -0.665882587 1.515416421
47847800 0.497692974 0.884787542 0.500000000 0.500000000 0.000000000 0.000000000 -0.731295347 0.114887334 -0.672315419 5.527989613 -0.129721835 0.944291770 0.302465379 -1.102539091 0.669611335 0.308405519 -0.675652802 1.592044807
47881167 0.497692974 0.884787542 0.500000000 0.500000000 0.000000000 0.000000000 -0.741277874 0.113083176 -0.661603570 5.525987984 -0.127729729 0.943925440 0.304450154 -1.117401522 0.658932626 0.310188621 -0.685266972 1.669186966
47914533 0.497692974 0.884787542 0.500000000 0.500000000 0.000000000 0.000000000 -0.751138926 0.111355409 -0.650684476 5.522719940 -0.125454530 0.943628430 0.306311160 -1.131647492 0.648113787 0.311713547 -0.694826007 1.746761369
47947900 0.497692974 0.884787542 0.500000000 0.500000000 0.000000000 0.000000000 -0.760942400 0.109490961 -0.639514208 5.518358035 -0.122865602 0.943506718 0.307732165 -1.144569984 0.637079835 0.312740743 -0.704501569 1.826494175
47981267 0.497692974 0.884787542 0.500000000 0.500000000 0.000000000 0.000000000 -0.770685375 0.107291959 -0.628118217 5.513648596 -0.120373674 0.943461776 0.308852822 -1.154946538 0.625742972 0.313637227 -0.714197040 1.908710825
48014633 0.497692974 0.884787542 0.500000000 0.500000000 0.000000000 0.000000000 -0.780385196 0.105131879 -0.616397798 5.508667339 -0.117836453 0.943377316 0.310086846 -1.164493099 0.614095688 0.314621300 -0.723809302 1.992771415
48048000 0.497692974 0.884787542 0.500000000 0.500000000 0.000000000 0.000000000 -0.789570153 0.102835126 -0.604982555 5.504902409 -0.115716003 0.943223119 0.311351746 -1.172588004 0.602651477 0.315840214 -0.732841194 2.074777918
48081367 0.497692974 0.884787542 0.500000000 0.500000000 0.000000000 0.000000000 -0.798282981 0.100907907 -0.593769193 5.500384500 -0.113657832 0.942911804 0.313048214 -1.183587493 0.591461003 0.317387581 -0.741241515 2.152612944
48114733 0.497692974 0.884787542 0.500000000 0.500000000 0.000000000 0.000000000 -0.806568205 0.099012628 -0.582790017 5.495832844 -0.111977190 0.942433417 0.315087825 -1.194779085 0.580438495 0.319399029 -0.749049723 2.228126580
48148100 0.497692974 0.884787542 0.500000000 0.500000000 0.000000000 0.000000000 -0.814878047 0.096866995 -0.571480989 5.489436462 -0.110425688 0.941935956 0.317116380 -1.204836934 0.569016635 0.321517348 -0.756866336 2.305236766
48181467 0.497692974 0.884787542 0.500000000 0.500000000 0.000000000 0.000000000 -0.823345125 0.094663225 -0.559590638 5.480567520 -0.108618818 0.941482604 0.319080681 -1.214964135 0.557050049 0.323495597 -0.764882922 2.385647118
48214833 0.497692974 0.884787542 0.500000000 0.500000000 0.000000000 0.000000000 -0.831737518 0.092336692 -0.547436416 5.470209278 -0.106610604 0.941154242 0.320722401 -1.224849896 0.544836521 0.325119376 -0.772949278 2.467672237
48248200 0.497692974 0.884787542 0.500000000 0.500000000 0.000000000 0.000000000 -0.840229690 0.089920267 -0.534722686 5.457698576 -0.104401000 0.940873682 0.322268784 -1.234876607 0.532085001 0.326605380 -0.781162262 2.552849000
48281567 0.497692974 0.884787542 0.500000000 0.500000000 0.000000000 0.000000000 -0.848570883 0.087375067 -0.521817088 5.443923972 -0.102182165 0.940635979 0.323670775 -1.244160859 0.519120693 0.327977985 -0.789268136 2.638881767
48314933 0.497692974 0.884787542 0.500000000 0.500000000 0.000000000 0.000000000 -0.856589556 0.084994115 -0.508950233 5.428829024 -0.099771790 0.940445244 0.324974388 -1.253827967 0.506260693 0.329148531 -0.797095537 2.724908690
48348300 0.497692974 0.884787542 0.500000000 0.500000000 0.000000000 0.000000000 -0.864683867 0.082361363 -0.495518297 5.410368457 -0.097330622 0.940300107 0.326132506 -1.262002074 0.492796630 0.330230623 -0.805046082 2.814724590
48381667 0.497692974 0.884787542 0.500000000 0.500000000 0.000000000 0.000000000 -0.872831583 0.079721525 -0.481465966 5.389018833 -0.094521217 0.940269947 0.327044636 -1.269947836 0.478780448 0.330963641 -0.813161969 2.908129945
48415033 0.497692974 0.884787542 0.500000000 0.500000000 0.000000000 0.000000000 -0.880797207 0.077310808 -0.467139542 5.365738612 -0.091336638 0.940309107 0.327835888 -1.278841597 0.464600831 0.331423879 -0.821160316 3.003096811
48448400 0.497692974 0.884787542 0.500000000 0.500000000 0.000000000 0.000000000 -0.888745427 0.074890174 -0.452242255 5.338574830 -0.088161588 0.940221906 0.328953296 -1.289846244 0.449843466 0.332226127 -0.829015493 3.101314562
48481767 0.497692974 0.884787542 0.500000000 0.500000000 0.000000000 0.000000000 -0.896655858 0.072059751 -0.436824530 5.307222101 -0.085418470 0.939969361 0.330395669 -1.301888359 0.434409916 0.333564073 -0.836673796 3.201842765
48515133 0.497692974 0.884787542 0.500000000 0.500000000 0.000000000 0.000000000 -0.904458046 0.069184080 -0.420914710 5.272176639 -0.082694106 0.939601362 0.332130969 -1.314937287 0.418470204 0.335205674 -0.844108880 3.304535237
48548500 0.497692974 0.884787542 0.500000000 0.500000000 0.000000000 0.000000000 -0.912041187 0.066060029 -0.404743046 5.233402906 -0.079913840 0.939392745 0.333399266 -1.327003156 0.402237028 0.336418420 -0.851485789 3.408364035
48581867 0.497692974 0.884787542 0.500000000 0.500000000 0.000000000 0.000000000 -0.919345737 0.063225277 -0.388337463 5.190348634 -0.076867856 0.939122081 0.334874690 -1.341299694 0.385868847 0.337716281 -0.858517885 3.512298727
48615233 0.497692974 0.884787542 0.500000000 0.500000000 0.000000000 0.000000000 -0.926430345 0.060117345 -0.371635199 5.144568290 -0.074007615 0.938821793 0.336357743 -1.354828044 0.369120151 0.339115858 -0.865303874 3.617252066
48648600 0.497692974 0.884787542 0.500000000 0.500000000 0.000000000 0.000000000 -0.933181703 0.057165839 -0.354829490 5.096182399 -0.071035117 0.938457429 0.338011295 -1.369214367 0.352315068 0.340631336 -0.871690512 3.720937313
48681967 0.497692974 0.884787542 0.500000000 0.500000000 0.000000000 0.000000000 -0.939483106 0.054373823 -0.338252783 5.046367517 -0.067945711 0.938140929 0.339521706 -1.383287664 0.335789859 0.341957748 -0.877673090 3.821780042
48715333 0.497692974 0.884787542 0.500000000 0.500000000 0.000000000 0.000000000 -0.945372164 0.051548637 -0.321891665 4.995307572 -0.064878345 0.937915146 0.340743303 -1.395434205 0.319471896 0.343013018 -0.883334458 3.920693427
48748700 0.497692974 0.884787542 0.500000000 0.500000000 0.000000000 0.000000000 -0.950705409 0.048535626 -0.306273669 4.946061597 -0.062086388 0.937883377 0.341350317 -1.403130264 0.303816646 0.343539029 -0.888637364 4.015666891
48782067 0.497692974 0.884787542 0.500000000 0.500000000 0.000000000 0.000000000 -0.955492616 0.045701284 -0.291453660 4.898150800 -0.059282821 0.938032568 0.341438800 -1.408572941 0.288997203 0.343520463 -0.893573880 4.105707582
48815433 0.497692974 0.884787542 0.500000000 0.500000000 0.000000000 0.000000000 -0.959955215 0.042551327 -0.276903093 4.850740676 -0.056818992 0.938285470 0.341162622 -1.410394944 0.274331063 0.343234211 -0.898294330 4.194032083
48848800 0.497692974 0.884787542 0.500000000 0.500000000 0.000000000 0.000000000 -0.963996053 0.039812740 -0.262919307 4.803772423 -0.054114956 0.938667357 0.340551317 -1.411025131 0.260352045 0.342518002 -0.902717113 4.278989590
48882167 0.497692974 0.884787542 0.500000000 0.500000000 0.000000000 0.000000000 -0.967677116 0.037230615 -0.249429196 4.757682826 -0.051523309 0.938996375 0.340045780 -1.412821555 0.246873215 0.341905922 -0.906727076 4.361198858
48915533 0.497692974 0.884787542 0.500000000 0.500000000 0.000000000 0.000000000 -0.970988214 0.035013661 -0.236550003 4.712264822 -0.049125817 0.938914061 0.340627372 -1.421466189 0.234026745 0.342365891 -0.909954429 4.437577378
48948900 0.497692974 0.884787542 0.500000000 0.500000000 0.000000000 0.000000000 -0.974092901 0.032867491 -0.223746970 4.666252222 -0.046937674 0.938453913 0.342200309 -1.434904643 0.221223488 0.343837082 -0.912598610 4.510773025
48982267 0.497692974 0.884787542 0.500000000 0.500000000 0.000000000 0.000000000 -0.976991236 0.030835485 -0.211038724 4.620249784 -0.044667784 0.937966764 0.343835920 -1.447973541 0.208549649 0.345351309 -0.915007949 4.583437624
49015633 0.497692974 0.884787542 0.500000000 0.500000000 0.000000000 0.000000000 -0.979600430 0.028832903 -0.198875979 4.576579288 -0.042466495 0.937601268 0.345109373 -1.458271608 0.196416870 0.346514881 -0.917250156 4.654028670
49049000 0.497692974 0.884787542 0.500000000 0.500000000 0.000000000 0.000000000 -0.981908441 0.026866950 -0.187440500 4.535947748 -0.040337458 0.937483907 0.345683157 -1.464564838 0.185009897 0.346990108 -0.919439614 4.721994274
49082367 0.497692974 0.884787542 0.500000000 0.500000000 0.000000000 0.000000000 -0.984050989 0.024827462 -0.176145583 4.496093642 -0.038213223 0.937591255 0.345633239 -1.466545021 0.173733756 0.346851826 -0.921688855 4.790334277
49115733 0.497692974 0.884787542 0.500000000 0.500000000 0.000000000 0.000000000 -0.985953867 0.022916581 -0.165438190 4.459078142 -0.036091369 0.937904477 0.345010936 -1.464763501 0.163071707 0.346135765 -0.923903465 4.857265774
49149100 0.497692974 0.884787542 0.500000000 0.500000000 0.000000000 0.000000000 -0.987665653 0.021242339 -0.155129850 4.423442368 -0.033830170 0.938402355 0.343884557 -1.460585596 0.152879134 0.344891042 -0.926109135 4.922784038
49182467 0.497692974 0.884787542 0.500000000 0.500000000 0.000000000 0.000000000 -0.989223540 0.019688252 -0.145083293 4.388805965 -0.031603906 0.938844025 0.342889398 -1.457463074 0.142961472 0.343779474 -0.928104341 4.986988517
49215833 0.497692974 0.884787542 0.500000000 0.500000000 0.000000000 0.000000000 -0.990641713 0.018057339 -0.135288358 4.355566476 -0.029753745 0.938800216 0.343174636 -1.459689608 0.133205563 0.343988448 -0.929477394 5.048688121
49249200 0.497692974 0.884787542 0.500000000 0.500000000 0.000000000 0.000000000 -0.991978884 0.016213018 -0.125359505 4.321444666 -0.028183894 0.938404620 0.344387114 -1.465078652 0.123221494 0.345157862 -0.930420637 5.109326895
49282567 0.497692974 0.884787542 0.500000000 0.500000000 0.000000000 0.000000000 -0.993237317 0.014275406 -0.115220681 4.286591502 -0.026607217 0.938012540 0.345578521 -1.469393120 0.113011718 0.346307188 -0.931289256 5.171186823
49315933 0.497692974 0.884787542 0.500000000 0.500000000 0.000000000 0.000000000 -0.994384050 0.012456032 -0.105096139 4.251126758 -0.024878116 0.937710404 0.346526086 -1.472256387 0.102866083 0.347194582 -0.932134390 5.233755502
49349300 0.497692974 0.884787542 0.500000000 0.500000000 0.000000000 0.000000000 -0.995440722 0.010473651 -0.094805703 4.214601533 -0.023182463 0.937582076 0.346990436 -1.472412314 0.092522390 0.347606242 -0.933064580 5.298011346
49382667 0.497692974 0.884787542 0.500000000 0.500000000 0.000000000 0.000000000 -0.996383309 0.008498691 -0.084546141 4.178154160 -0.021460099 0.937562525 0.347154111 -1.470995605 0.082217649 0.347712934 -0.933989286 5.363141808
49416033 0.497692974 0.884787542 0.500000000 0.500000000 0.000000000 0.000000000 -0.997191966 0.006773940 -0.074580908 4.142362746 -0.019599056 0.937583029 0.347208858 -1.470119302 0.072277762 0.347695589 -0.934817493 5.426382329
49449400 0.497692974 0.884787542 0.500000000 0.500000000 0.000000000 0.000000000 -0.997861028 0.005210625 -0.065162778 4.108447137 -0.017787563 0.937563896 0.347357929 -1.470515647 0.062904224 0.347774029 -0.935465813 5.486567902
49482767 0.497692974 0.884787542 0.500000000 0.500000000 0.000000000 0.000000000 -0.998474658 0.003243194 -0.055116713 4.070869671 -0.016145490 0.937485456 0.347649723 -1.470244135 0.052798614 0.348009318 -0.936003089 5.549517543
49516133 0.497692974 0.884787542 0.500000000 0.500000000 0.000000000 0.000000000 -0.999000490 0.001423975 -0.044676140 4.030646466 -0.014212711 0.937501490 0.347690821 -1.469505884 0.042379051 0.347978264 -0.936544240 5.613211602
49549500 0.497692974 0.884787542 0.500000000 0.500000000 0.000000000 0.000000000 -0.999386668 -0.000286313 -0.035016369 3.994091984 -0.012442038 0.937621057 0.347436219 -1.466550379 0.032732610 0.347658813 -0.937049568 5.673998545
49582867 0.497692974 0.884787542 0.500000000 0.500000000 0.000000000 0.000000000 -0.999671340 -0.001849077 -0.025569802 3.957277757 -0.010614406 0.937743723 0.347165644 -1.464084396 0.023335988 0.347322971 -0.937455177 5.733097294
49616233 0.497692974 0.884787542 0.500000000 0.500000000 0.000000000 0.000000000 -0.999861121 -0.003368717 -0.016321613 3.920734344 -0.008824445 0.937814832 0.347023696 -1.462793328 0.014137627 0.347119510 -0.937714338 5.790064289
49649600 0.497692974 0.884787542 0.500000000 0.500000000 0.000000000 0.000000000 -0.999961436 -0.004940098 -0.007261264 3.884448170 -0.007153847 0.937776387 0.347166061 -1.462196829 0.005094408 0.347204596 -0.937775552 5.845342316
49682967 0.497692974 0.884787542 0.500000000 0.500000000 0.000000000 0.000000000 -0.999977350 -0.006523923 0.001645188 3.848429173 -0.005546934 0.937779009 0.347188354 -1.460746123 -0.003807853 0.347171366 -0.937793970 5.898975078
49716333 0.497692974 0.884787542 0.500000000 0.500000000 0.000000000 0.000000000 -0.999923289 -0.007806405 0.009619302 3.816528546 -0.003981919 0.937804043 0.347142190 -1.458443965 -0.011730953 0.347077250 -0.937763155 5.947580917
49749700 0.497692974 0.884787542 0.500000000 0.500000000 0.000000000 0.000000000 -0.999797583 -0.009253642 0.017866477 3.782378792 -0.002479128 0.937855899 0.347016126 -1.455157839 -0.019967344 0.346901566 -0.937688947 5.996273139
49783067 0.497692974 0.884787542 0.500000000 0.500000000 0.000000000 0.000000000 -0.999610364 -0.010528267 0.025850039 3.749737599 -0.000914534 0.937989652 0.346662045 -1.450926014 -0.027896820 0.346503347 -0.937633812 6.043089746
49816433 0.497692974 0.884787542 0.500000000 0.500000000 0.000000000 0.000000000 -0.999368429 -0.011951413 0.033464417 3.718261787 0.000371339 0.938179493 0.346148998 -1.444812676 -0.035532597 0.345942825 -0.937582552 6.088498593
49849800 0.497692974 0.884787542 0.500000000 0.500000000 0.000000000 0.000000000 -0.999037027 -0.013584496 0.041718807 3.683442005 0.001664394 0.938441932 0.345432997 -1.437695220 -0.043843210 0.345169783 -0.937515616 6.136403426
49883167 0.497692974 0.884787542 0.500000000 0.500000000 0.000000000 0.000000000 -0.998649299 -0.015105923 0.049713116 3.651039879 0.002954358 0.938746035 0.344597071 -1.429597161 -0.051873446 0.344278485 -0.937433422 6.183832804
49916533 0.497692974 0.884787542 0.500000000 0.500000000 0.000000000 0.000000000 -0.998201609 -0.016586749 0.057605874 3.619784682 0.004239761 0.939017534 0.343843162 -1.422972102 -0.059796162 0.343469024 -0.937258482 6.231075679
49949900 0.497692974 0.884787542 0.500000000 0.500000000 0.000000000 0.000000000 -0.997703135 -0.017936300 0.065319903 3.590753619 0.005627793 0.939023316 0.343807489 -1.421343451 -0.067503549 0.343385398 -0.936765552 6.276750905
49983267 0.497692974 0.884787542 0.500000000 0.500000000 0.000000000 0.000000000 -0.997206509 -0.019139495 0.072199851 3.567448259 0.006920943 0.938778579 0.344451636 -1.423648382 -0.074372299 0.343989104 -0.936023653 6.318436475
50016633 0.497692974 0.884787542 0.500000000 0.500000000 0.000000000 0.000000000 -0.996678889 -0.020325258 0.078854956 3.545834560 0.008184400 0.938443959 0.345334500 -1.426938420 -0.081019968 0.344832987 -0.935160935 6.359031227
50050000 0.497692974 0.884787542 0.500000000 0.500000000 0.000000000 0.000000000 -0.996107757 -0.021607572 0.085454054 3.525159205 0.009356606 0.938088953 0.346268088 -1.429661249 -0.087645516 0.345719904 -0.934235513 6.399516317
50083367 0.497692974 0.884787542 0.500000000 0.500000000 0.000000000 0.000000000 -0.995511591 -0.022876805 0.091832951 3.506062668 0.010459174 0.937806010 0.347002208 -1.430252708 -0.094059788 0.346405208 -0.933357477 6.438591673
