https://www.youtube.com/watch?v=i1SBJzumxyM
192392200 0.499616452 0.888207024 0.500000000 0.500000000 0.000000000 0.000000000 0.998509347 -0.000684723 -0.054576918 0.103941829 0.000608343 0.999998808 -0.001416084 0.006656073 0.054577824 0.001380772 0.998508573 -0.021500709
192425567 0.499616452 0.888207024 0.500000000 0.500000000 0.000000000 0.000000000 0.998414457 -0.000754166 -0.056284647 0.107351666 0.000674780 0.999998748 -0.001429441 0.006616958 0.056285657 0.001389195 0.998413742 -0.022153233
192458933 0.499616452 0.888207024 0.500000000 0.500000000 0.000000000 0.000000000 0.998319089 -0.000718399 -0.057952438 0.110636456 0.000634208 0.999998689 -0.001471147 0.006644081 0.057953421 0.001431920 0.998318255 -0.022941002
192492300 0.499616452 0.888207024 0.500000000 0.500000000 0.000000000 0.000000000 0.998215735 -0.000693181 -0.059706833 0.114166014 0.000601773 0.999998629 -0.001548915 0.006774017 0.059707824 0.001510221 0.998214781 -0.023682509
192525667 0.499616452 0.888207024 0.500000000 0.500000000 0.000000000 0.000000000 0.998119235 -0.000540481 -0.061300565 0.117231905 0.000447092 0.999998748 -0.001537166 0.006707900 0.061301317 0.001506868 0.998118162 -0.024329015
192559033 0.499616452 0.888207024 0.500000000 0.500000000 0.000000000 0.000000000 0.998008013 -0.000614518 -0.063084640 0.120534492 0.000519782 0.999998689 -0.001518134 0.006610552 0.063085489 0.001482320 0.998006999 -0.024919371
192592400 0.499616452 0.888207024 0.500000000 0.500000000 0.000000000 0.000000000 0.997893751 -0.000514996 -0.064867944 0.124145609 0.000410823 0.999998629 -0.001619250 0.006826022 0.064868689 0.001589191 0.997892559 -0.025605111
192625767 0.499616452 0.888207024 0.500000000 0.500000000 0.000000000 0.000000000 0.997774482 -0.000442455 -0.066677332 0.127652782 0.000338002 0.999998689 -0.001577820 0.006721784 0.066677943 0.001551771 0.997773349 -0.026321351
192659133 0.499616452 0.888207024 0.500000000 0.500000000 0.000000000 0.000000000 0.997648776 -0.000606474 -0.068531461 0.131178751 0.000496493 0.999998569 -0.001621850 0.006791611 0.068532348 0.001584011 0.997647643 -0.026913956
192692500 0.499616452 0.888207024 0.500000000 0.500000000 0.000000000 0.000000000 0.997529924 -0.000576728 -0.070240788 0.134194050 0.000460195 0.999998510 -0.001675219 0.006884684 0.070241652 0.001638757 0.997528672 -0.027383393
192725867 0.499616452 0.888207024 0.500000000 0.500000000 0.000000000 0.000000000 0.997400522 -0.000405071 -0.072056018 0.137960561 0.000286704 0.999998569 -0.001653035 0.006792539 0.072056592 0.001628079 0.997399211 -0.028094537
192759233 0.499616452 0.888207024 0.500000000 0.500000000 0.000000000 0.000000000 0.997267842 -0.000389040 -0.073869072 0.141375256 0.000264517 0.999998510 -0.001695509 0.006848310 0.073869623 0.001671337 0.997266531 -0.028544035
192792600 0.499616452 0.888207024 0.500000000 0.500000000 0.000000000 0.000000000 0.997124672 -0.000391045 -0.075777344 0.145272198 0.000264063 0.999998569 -0.001685742 0.006871835 0.075777888 0.001660885 0.997123361 -0.029280185
192825967 0.499616452 0.888207024 0.500000000 0.500000000 0.000000000 0.000000000 0.996981800 -0.000481526 -0.077634372 0.148598868 0.000347061 0.999998391 -0.001745505 0.006965093 0.077635087 0.001713293 0.996980369 -0.029746951
192859333 0.499616452 0.888207024 0.500000000 0.500000000 0.000000000 0.000000000 0.996828079 -0.000430224 -0.079584040 0.152330750 0.000294020 0.999998450 -0.001723161 0.006877538 0.079584666 0.001694296 0.996826649 -0.030356351
192892700 0.499616452 0.888207024 0.500000000 0.500000000 0.000000000 0.000000000 0.996676743 -0.000461590 -0.081457339 0.156014942 0.000317538 0.999998391 -0.001781383 0.007005096 0.081458032 0.001749597 0.996675253 -0.030797986
192926067 0.499616452 0.888207024 0.500000000 0.500000000 0.000000000 0.000000000 0.996525884 -0.000514007 -0.083282195 0.159278553 0.000364934 0.999998331 -0.001805184 0.007025188 0.083282985 0.001768520 0.996524394 -0.031261384
192959433 0.499616452 0.888207024 0.500000000 0.500000000 0.000000000 0.000000000 0.996376216 -0.000456938 -0.085053980 0.162746117 0.000301810 0.999998271 -0.001836722 0.007081333 0.085054673 0.001804397 0.996374667 -0.031687021
192992800 0.499616452 0.888207024 0.500000000 0.500000000 0.000000000 0.000000000 0.996214747 -0.000523506 -0.086924598 0.166242697 0.000366131 0.999998271 -0.001826407 0.007030749 0.086925402 0.001787668 0.996213198 -0.032067880
193026167 0.499616452 0.888207024 0.500000000 0.500000000 0.000000000 0.000000000 0.996052980 -0.000430466 -0.088759631 0.169902724 0.000269435 0.999998271 -0.001826208 0.007084823 0.088760264 0.001795085 0.996051371 -0.032632217
193059533 0.499616452 0.888207024 0.500000000 0.500000000 0.000000000 0.000000000 0.995877564 -0.000557469 -0.090706080 0.173692181 0.000392996 0.999998271 -0.001831100 0.007075274 0.090706937 0.001787904 0.995876014 -0.033011347
193092900 0.499616452 0.888207024 0.500000000 0.500000000 0.000000000 0.000000000 0.995693445 -0.000650226 -0.092704713 0.177491297 0.000480772 0.999998152 -0.001850203 0.007124159 0.092705749 0.001797665 0.995691955 -0.033534780
193126267 0.499616452 0.888207024 0.500000000 0.500000000 0.000000000 0.000000000 0.995521605 -0.000691454 -0.094531596 0.180749608 0.000516578 0.999998093 -0.001874377 0.007222953 0.094532713 0.001817150 0.995520115 -0.033852739
193159633 0.499616452 0.888207024 0.500000000 0.500000000 0.000000000 0.000000000 0.995337665 -0.000690022 -0.096449159 0.184500083 0.000514775 0.999998152 -0.001841858 0.007251587 0.096450254 0.001783621 0.995336235 -0.034292600
193193000 0.499616452 0.888207024 0.500000000 0.500000000 0.000000000 0.000000000 0.995149255 -0.000719683 -0.098373726 0.187983227 0.000543995 0.999998212 -0.001812731 0.007198552 0.098374851 0.001750423 0.995147884 -0.034534159
193226367 0.499616452 0.888207024 0.500000000 0.500000000 0.000000000 0.000000000 0.994966745 -0.000723048 -0.100203045 0.191522662 0.000546340 0.999998271 -0.001790930 0.007186399 0.100204170 0.001727171 0.994965374 -0.034857452
193259733 0.499616452 0.888207024 0.500000000 0.500000000 0.000000000 0.000000000 0.994772255 -0.000937424 -0.102113873 0.194932067 0.000750670 0.999997973 -0.001867294 0.007442698 0.102115422 0.001780878 0.994770944 -0.035100928
193293100 0.499616452 0.888207024 0.500000000 0.500000000 0.000000000 0.000000000 0.994577169 -0.000817853 -0.103998043 0.198722297 0.000634583 0.999998212 -0.001795320 0.007403994 0.103999324 0.001719589 0.994575858 -0.035536031
193326467 0.499616452 0.888207024 0.500000000 0.500000000 0.000000000 0.000000000 0.994366229 -0.000972432 -0.105994746 0.202577986 0.000792409 0.999998152 -0.001740521 0.007208623 0.105996244 0.001646724 0.994365156 -0.035791829
193359833 0.499616452 0.888207024 0.500000000 0.500000000 0.000000000 0.000000000 0.994177341 -0.001028396 -0.107751384 0.205809892 0.000833631 0.999997914 -0.001852562 0.007565475 0.107753061 0.001751950 0.994176149 -0.036105917
193393200 0.499616452 0.888207024 0.500000000 0.500000000 0.000000000 0.000000000 0.993970335 -0.001066766 -0.109643929 0.209336135 0.000869484 0.999997914 -0.001847094 0.007629459 0.109645672 0.001740623 0.993969202 -0.036352715
193426567 0.499616452 0.888207024 0.500000000 0.500000000 0.000000000 0.000000000 0.993773997 -0.001121132 -0.111409210 0.212770296 0.000926179 0.999997973 -0.001801622 0.007522823 0.111411005 0.001687220 0.993772984 -0.036579193
193459933 0.499616452 0.888207024 0.500000000 0.500000000 0.000000000 0.000000000 0.993553638 -0.001133558 -0.113357432 0.216337067 0.000937647 0.999997973 -0.001781562 0.007635558 0.113359220 0.001663789 0.993552685 -0.036873765
193493300 0.499616452 0.888207024 0.500000000 0.500000000 0.000000000 0.000000000 0.993339360 -0.001339837 -0.115217939 0.220114865 0.001138570 0.999997735 -0.001812631 0.007709995 0.115220100 0.001669374 0.993338585 -0.037147359
193526667 0.499616452 0.888207024 0.500000000 0.500000000 0.000000000 0.000000000 0.993129909 -0.001242066 -0.117010437 0.223558567 0.001038916 0.999997854 -0.001797140 0.007738552 0.117012419 0.001663230 0.993129075 -0.037352057
193560033 0.499616452 0.888207024 0.500000000 0.500000000 0.000000000 0.000000000 0.992898464 -0.001350147 -0.118957303 0.227321969 0.001156387 0.999997914 -0.001697826 0.007607922 0.118959345 0.001548208 0.992897928 -0.037598956
193593400 0.499616452 0.888207024 0.500000000 0.500000000 0.000000000 0.000000000 0.992689490 -0.001267127 -0.120689355 0.230558884 0.001061189 0.999997854 -0.001770611 0.007864158 0.120691344 0.001629593 0.992688715 -0.037734176
193626767 0.499616452 0.888207024 0.500000000 0.500000000 0.000000000 0.000000000 0.992465913 -0.001384777 -0.122513473 0.233733934 0.001180574 0.999997795 -0.001739355 0.007834943 0.122515611 0.001581615 0.992465317 -0.037806037
193660133 0.499616452 0.888207024 0.500000000 0.500000000 0.000000000 0.000000000 0.992238343 -0.001304265 -0.124343574 0.237221723 0.001102131 0.999997973 -0.001694379 0.007760086 0.124345526 0.001544185 0.992237806 -0.038041084
193693500 0.499616452 0.888207024 0.500000000 0.500000000 0.000000000 0.000000000 0.991986871 -0.001333207 -0.126333982 0.241192012 0.001124305 0.999997854 -0.001724857 0.007918050 0.126336008 0.001568998 0.991986275 -0.038252612
193726867 0.499616452 0.888207024 0.500000000 0.500000000 0.000000000 0.000000000 0.991766155 -0.001330285 -0.128055140 0.244126496 0.001138178 0.999998093 -0.001573356 0.007687476 0.128056988 0.001414652 0.991765797 -0.038303680
193760233 0.499616452 0.888207024 0.500000000 0.500000000 0.000000000 0.000000000 0.991520584 -0.001352759 -0.129942551 0.247716826 0.001154787 0.999998033 -0.001598873 0.007951372 0.129944474 0.001435259 0.991520226 -0.038472063
193793600 0.499616452 0.888207024 0.500000000 0.500000000 0.000000000 0.000000000 0.991270840 -0.001299986 -0.131835043 0.251079191 0.001104578 0.999998152 -0.001555334 0.007909254 0.131836832 0.001396135 0.991270423 -0.038547796
193826967 0.499616452 0.888207024 0.500000000 0.500000000 0.000000000 0.000000000 0.991021752 -0.001243370 -0.133694768 0.254281853 0.001050961 0.999998331 -0.001509731 0.007908517 0.133696422 0.001355669 0.991021395 -0.038600945
193860333 0.499616452 0.888207024 0.500000000 0.500000000 0.000000000 0.000000000 0.990753651 -0.001249646 -0.135667473 0.257491804 0.001054345 0.999998331 -0.001511403 0.007957305 0.135669127 0.001354388 0.990753293 -0.038657967
193893700 0.499616452 0.888207024 0.500000000 0.500000000 0.000000000 0.000000000 0.990475714 -0.001405469 -0.137680262 0.260967883 0.001201044 0.999998033 -0.001567838 0.008076073 0.137682199 0.001387546 0.990475476 -0.038793740
193927067 0.499616452 0.888207024 0.500000000 0.500000000 0.000000000 0.000000000 0.990215838 -0.001316209 -0.139538109 0.263990233 0.001113256 0.999998212 -0.001532506 0.008074879 0.139539883 0.001362170 0.990215540 -0.038748019
193960433 0.499616452 0.888207024 0.500000000 0.500000000 0.000000000 0.000000000 0.989915192 -0.001389395 -0.141654313 0.267821741 0.001195533 0.999998212 -0.001453653 0.008079553 0.141656071 0.001269640 0.989915133 -0.038753490
193993800 0.499616452 0.888207024 0.500000000 0.500000000 0.000000000 0.000000000 0.989624560 -0.001336747 -0.143671095 0.271335621 0.001140806 0.999998331 -0.001446190 0.008115096 0.143672794 0.001267284 0.989624441 -0.038756060
194027167 0.499616452 0.888207024 0.500000000 0.500000000 0.000000000 0.000000000 0.989347756 -0.001353807 -0.145565197 0.274375384 0.001156720 0.999998271 -0.001438572 0.008124039 0.145566911 0.001254870 0.989347637 -0.038670368
194060533 0.499616452 0.888207024 0.500000000 0.500000000 0.000000000 0.000000000 0.989069998 -0.001375115 -0.147440195 0.277595283 0.001174676 0.999998271 -0.001446524 0.008301350 0.147441924 0.001257519 0.989069939 -0.038618715
194093900 0.499616452 0.888207024 0.500000000 0.500000000 0.000000000 0.000000000 0.988778234 -0.001316387 -0.149384901 0.280612507 0.001125419 0.999998450 -0.001362884 0.008125522 0.149386466 0.001179470 0.988778174 -0.038483889
194127267 0.499616452 0.888207024 0.500000000 0.500000000 0.000000000 0.000000000 0.988472223 -0.001470084 -0.151395142 0.284022364 0.001279403 0.999998271 -0.001356894 0.008321512 0.151396871 0.001147557 0.988472402 -0.038483065
194160633 0.499616452 0.888207024 0.500000000 0.500000000 0.000000000 0.000000000 0.988182664 -0.001365153 -0.153274596 0.287254098 0.001180194 0.999998450 -0.001297696 0.008234200 0.153276131 0.001101467 0.988182783 -0.038325688
194194000 0.499616452 0.888207024 0.500000000 0.500000000 0.000000000 0.000000000 0.987867892 -0.001456433 -0.155289650 0.290554727 0.001270066 0.999998331 -0.001299331 0.008322734 0.155291289 0.001086339 0.987868130 -0.038217255
194227367 0.499616452 0.888207024 0.500000000 0.500000000 0.000000000 0.000000000 0.987591028 -0.001303994 -0.157042101 0.293525519 0.001114985 0.999998569 -0.001291644 0.008300997 0.157043546 0.001100516 0.987591088 -0.038102432
194260733 0.499616452 0.888207024 0.500000000 0.500000000 0.000000000 0.000000000 0.987275600 -0.001486899 -0.159011737 0.296890790 0.001285007 0.999998212 -0.001372477 0.008443671 0.159013495 0.001150682 0.987275720 -0.037925925
194294100 0.499616452 0.888207024 0.500000000 0.500000000 0.000000000 0.000000000 0.986990452 -0.001316043 -0.160773322 0.299896864 0.001114063 0.999998450 -0.001346440 0.008348877 0.160774842 0.001149812 0.986990452 -0.037815429
194327467 0.499616452 0.888207024 0.500000000 0.500000000 0.000000000 0.000000000 0.986670911 -0.001469507 -0.162721664 0.303283745 0.001268794 0.999998271 -0.001337392 0.008368121 0.162723348 0.001113105 0.986671090 -0.037701494
194360833 0.499616452 0.888207024 0.500000000 0.500000000 0.000000000 0.000000000 0.986357987 -0.001354026 -0.164608970 0.306655914 0.001148004 0.999998450 -0.001346710 0.008389893 0.164610535 0.001139366 0.986357987 -0.037620252
194394200 0.499616452 0.888207024 0.500000000 0.500000000 0.000000000 0.000000000 0.986031234 -0.001517991 -0.166553617 0.309819401 0.001305779 0.999998212 -0.001383638 0.008490503 0.166555420 0.001146828 0.986031413 -0.037423068
194427567 0.499616452 0.888207024 0.500000000 0.500000000 0.000000000 0.000000000 0.985741138 -0.001325734 -0.168263614 0.312810535 0.001119355 0.999998510 -0.001321364 0.008344224 0.168265119 0.001114176 0.985741138 -0.037253488
194460933 0.499616452 0.888207024 0.500000000 0.500000000 0.000000000 0.000000000 0.985394955 -0.001500360 -0.170277849 0.316088199 0.001276659 0.999998152 -0.001423228 0.008628653 0.170279667 0.001185055 0.985395074 -0.037069038
194494300 0.499616452 0.888207024 0.500000000 0.500000000 0.000000000 0.000000000 0.985110521 -0.001354101 -0.171916828 0.318837550 0.001135616 0.999998391 -0.001369216 0.008514314 0.171918407 0.001153597 0.985110521 -0.036778244
194527667 0.499616452 0.888207024 0.500000000 0.500000000 0.000000000 0.000000000 0.984772444 -0.001423491 -0.173842639 0.321974452 0.001197202 0.999998271 -0.001406545 0.008629821 0.173844352 0.001177002 0.984772444 -0.036543691
194561033 0.499616452 0.888207024 0.500000000 0.500000000 0.000000000 0.000000000 0.984446228 -0.001392897 -0.175680697 0.324872357 0.001159585 0.999998331 -0.001430697 0.008709160 0.175682381 0.001204727 0.984446168 -0.036323602
194594400 0.499616452 0.888207024 0.500000000 0.500000000 0.000000000 0.000000000 0.984080791 -0.001427772 -0.177716002 0.328483923 0.001198284 0.999998331 -0.001398645 0.008692597 0.177717701 0.001163426 0.984080851 -0.036237960
194627767 0.499616452 0.888207024 0.500000000 0.500000000 0.000000000 0.000000000 0.983763039 -0.001634472 -0.179464921 0.331019033 0.001389390 0.999997914 -0.001491312 0.008763554 0.179466993 0.001217750 0.983763218 -0.035889126
194661133 0.499616452 0.888207024 0.500000000 0.500000000 0.000000000 0.000000000 0.983431935 -0.001412864 -0.181272209 0.333836894 0.001178427 0.999998331 -0.001400978 0.008642925 0.181273878 0.001164150 0.983431935 -0.035558273
194694500 0.499616452 0.888207024 0.500000000 0.500000000 0.000000000 0.000000000 0.983088911 -0.001351944 -0.183123827 0.336519167 0.001108009 0.999998331 -0.001434390 0.008793799 0.183125466 0.001207230 0.983088791 -0.035275717
194727867 0.499616452 0.888207024 0.500000000 0.500000000 0.000000000 0.000000000 0.982727945 -0.001399973 -0.185050860 0.339610243 0.001155952 0.999998331 -0.001426549 0.008694251 0.185052544 0.001187999 0.982727885 -0.035040256
194761233 0.499616452 0.888207024 0.500000000 0.500000000 0.000000000 0.000000000 0.982388496 -0.001409812 -0.186844349 0.342030277 0.001154667 0.999998271 -0.001474367 0.008915090 0.186846092 0.001232659 0.982388437 -0.034646200
194794600 0.499616452 0.888207024 0.500000000 0.500000000 0.000000000 0.000000000 0.982034028 -0.001327296 -0.188699365 0.344799316 0.001074564 0.999998391 -0.001441632 0.008821029 0.188700974 0.001212962 0.982033849 -0.034353770
194827967 0.499616452 0.888207024 0.500000000 0.500000000 0.000000000 0.000000000 0.981662929 -0.001286121 -0.190620795 0.347288395 0.001035170 0.999998450 -0.001416061 0.008751407 0.190622330 0.001192770 0.981662750 -0.033957411
194861333 0.499616452 0.888207024 0.500000000 0.500000000 0.000000000 0.000000000 0.981316030 -0.001356090 -0.192398176 0.350008505 0.001105392 0.999998391 -0.001410348 0.008795077 0.192399770 0.001171322 0.981315911 -0.033611358
194894700 0.499616452 0.888207024 0.500000000 0.500000000 0.000000000 0.000000000 0.980962336 -0.001324422 -0.194193438 0.352243332 0.001059751 0.999998391 -0.001466804 0.008920032 0.194195062 0.001233083 0.980962157 -0.033230950
194928067 0.499616452 0.888207024 0.500000000 0.500000000 0.000000000 0.000000000 0.980571747 -0.001408388 -0.196155757 0.355070487 0.001155467 0.999998331 -0.001403822 0.008827094 0.196157411 0.001149897 0.980571747 -0.032854346
194961433 0.499616452 0.888207024 0.500000000 0.500000000 0.000000000 0.000000000 0.980218530 -0.001186409 -0.197914660 0.357485040 0.000922771 0.999998569 -0.001424301 0.008986381 0.197916076 0.001213497 0.980218232 -0.032406908
194994800 0.499616452 0.888207024 0.500000000 0.500000000 0.000000000 0.000000000 0.979830980 -0.001346820 -0.199823633 0.359996311 0.001076328 0.999998331 -0.001462281 0.008941016 0.199825272 0.001217712 0.979830801 -0.031972890
195028167 0.499616452 0.888207024 0.500000000 0.500000000 0.000000000 0.000000000 0.979463458 -0.001228726 -0.201618135 0.362506574 0.000974355 0.999998629 -0.001360888 0.008817749 0.201619521 0.001136493 0.979463279 -0.031633159
195061533 0.499616452 0.888207024 0.500000000 0.500000000 0.000000000 0.000000000 0.979078829 -0.001235455 -0.203477576 0.365065778 0.000957729 0.999998450 -0.001463360 0.008981690 0.203479081 0.001237868 0.979078531 -0.031203525
195094900 0.499616452 0.888207024 0.500000000 0.500000000 0.000000000 0.000000000 0.978691101 -0.001259323 -0.205334231 0.367471677 0.000985411 0.999998510 -0.001436236 0.009033219 0.205335721 0.001203293 0.978690863 -0.030645891
195128267 0.499616452 0.888207024 0.500000000 0.500000000 0.000000000 0.000000000 0.978315949 -0.001124178 -0.207115129 0.369928541 0.000846770 0.999998629 -0.001428037 0.008978467 0.207116455 0.001221692 0.978315532 -0.030276692
195161633 0.499616452 0.888207024 0.500000000 0.500000000 0.000000000 0.000000000 0.977910936 -0.001179353 -0.209018618 0.372537247 0.000893666 0.999998510 -0.001461234 0.009025537 0.209020033 0.001242164 0.977910578 -0.029735209
195195000 0.499616452 0.888207024 0.500000000 0.500000000 0.000000000 0.000000000 0.977497101 -0.001228974 -0.210945189 0.375253736 0.000948194 0.999998510 -0.001432198 0.008975675 0.210946634 0.001199952 0.977496862 -0.029344406
195228367 0.499616452 0.888207024 0.500000000 0.500000000 0.000000000 0.000000000 0.977117002 -0.001151726 -0.212699369 0.377693864 0.000857904 0.999998569 -0.001473684 0.009089549 0.212700754 0.001257486 0.977116585 -0.028783558
195261733 0.499616452 0.888207024 0.500000000 0.500000000 0.000000000 0.000000000 0.976689875 -0.001281952 -0.214651391 0.380273536 0.000988086 0.999998450 -0.001476330 0.009039270 0.214652941 0.001229822 0.976689637 -0.028304744
195295100 0.499616452 0.888207024 0.500000000 0.500000000 0.000000000 0.000000000 0.976317525 -0.001154237 -0.216339499 0.382880972 0.000852667 0.999998510 -0.001487298 0.009048709 0.216340899 0.001267609 0.976317048 -0.027844823
195328467 0.499616452 0.888207024 0.500000000 0.500000000 0.000000000 0.000000000 0.975857317 -0.001306927 -0.218405202 0.385975489 0.000996816 0.999998331 -0.001530063 0.009177272 0.218406841 0.001275414 0.975856960 -0.027388246
195361833 0.499616452 0.888207024 0.500000000 0.500000000 0.000000000 0.000000000 0.975479305 -0.001273578 -0.220087439 0.388314447 0.000961925 0.999998391 -0.001523202 0.009139057 0.220089018 0.001274144 0.975478947 -0.026858284
195395200 0.499616452 0.888207024 0.500000000 0.500000000 0.000000000 0.000000000 0.975039899 -0.001442632 -0.222024992 0.391289853 0.001131329 0.999998212 -0.001529281 0.009284826 0.222026795 0.001239926 0.975039780 -0.026300943
195428567 0.499616452 0.888207024 0.500000000 0.500000000 0.000000000 0.000000000 0.974667430 -0.001363199 -0.223655000 0.393651362 0.001038309 0.999998212 -0.001570234 0.009263320 0.223656744 0.001298233 0.974667132 -0.025801368
195461933 0.499616452 0.888207024 0.500000000 0.500000000 0.000000000 0.000000000 0.974204838 -0.001416342 -0.225661039 0.396740007 0.001103822 0.999998271 -0.001511075 0.009246714 0.225662783 0.001223007 0.974204719 -0.025249153
195495300 0.499616452 0.888207024 0.500000000 0.500000000 0.000000000 0.000000000 0.973811626 -0.001330266 -0.227352530 0.399141240 0.000990654 0.999998212 -0.001607866 0.009311304 0.227354273 0.001340531 0.973811209 -0.024738278
195562033 0.499616452 0.888207024 0.500000000 0.500000000 0.000000000 0.000000000 0.972978354 -0.001320115 -0.230892688 0.404420306 0.000984949 0.999998271 -0.001566871 0.009352435 0.230894357 0.001297114 0.972977936 -0.023619111
195595400 0.499616452 0.888207024 0.500000000 0.500000000 0.000000000 0.000000000 0.972538292 -0.001451430 -0.232738510 0.407101092 0.001124897 0.999998212 -0.001535723 0.009230686 0.232740313 0.001231743 0.972538114 -0.022954883
195628767 0.499616452 0.888207024 0.500000000 0.500000000 0.000000000 0.000000000 0.972117186 -0.001399146 -0.234491289 0.409796294 0.001076850 0.999998271 -0.001502484 0.009311904 0.234492987 0.001208079 0.972117066 -0.022402357
195662133 0.499616452 0.888207024 0.500000000 0.500000000 0.000000000 0.000000000 0.971663296 -0.001497841 -0.236364618 0.412503749 0.001167283 0.999998152 -0.001538434 0.009399545 0.236366481 0.001218935 0.971663237 -0.021849944
195695500 0.499616452 0.888207024 0.500000000 0.500000000 0.000000000 0.000000000 0.971265435 -0.001569500 -0.237993598 0.415025466 0.001246826 0.999998093 -0.001506335 0.009437681 0.237995505 0.001166314 0.971265554 -0.021242095
195728867 0.499616452 0.888207024 0.500000000 0.500000000 0.000000000 0.000000000 0.970839858 -0.001486043 -0.239724264 0.417354002 0.001157472 0.999998212 -0.001511407 0.009554004 0.239726067 0.001189860 0.970839858 -0.020508690
195762233 0.499616452 0.888207024 0.500000000 0.500000000 0.000000000 0.000000000 0.970374942 -0.001455929 -0.241599530 0.420061485 0.001136056 0.999998271 -0.001463274 0.009394327 0.241601244 0.001145454 0.970374942 -0.019959061
195795600 0.499616452 0.888207024 0.500000000 0.500000000 0.000000000 0.000000000 0.969957530 -0.001356861 -0.243270487 0.422458331 0.001021583 0.999998331 -0.001504359 0.009428586 0.243272126 0.001210644 0.969957292 -0.019352076
195828967 0.499616452 0.888207024 0.500000000 0.500000000 0.000000000 0.000000000 0.969512045 -0.001464536 -0.245039314 0.424821164 0.001124456 0.999998212 -0.001527756 0.009524789 0.245041102 0.001205642 0.969511926 -0.018710944
195862333 0.499616452 0.888207024 0.500000000 0.500000000 0.000000000 0.000000000 0.969073534 -0.001549242 -0.246767238 0.427304108 0.001210550 0.999998093 -0.001524216 0.009512534 0.246769130 0.001178353 0.969073594 -0.018136190
195929067 0.499616452 0.888207024 0.500000000 0.500000000 0.000000000 0.000000000 0.968222558 -0.001480142 -0.250085771 0.431406496 0.001145238 0.999998271 -0.001484668 0.009485074 0.250087529 0.001151081 0.968222558 -0.016693805
