https://www.youtube.com/watch?v=2Ym0NaY-RmE
183916000 0.497729956 0.884853286 0.500000000 0.500000000 0.000000000 0.000000000 0.999617517 0.001558950 0.027612196 -0.114051961 -0.001451880 0.999991357 -0.003897289 0.079767856 -0.027618034 0.003855709 0.999611139 -0.511608558
183950000 0.497729956 0.884853286 0.500000000 0.500000000 0.000000000 0.000000000 0.999582708 0.000993200 0.028869728 -0.118335239 -0.000885488 0.999992609 -0.003743494 0.081350243 -0.028873233 0.003716368 0.999576151 -0.527331599
183983000 0.497729956 0.884853286 0.500000000 0.500000000 0.000000000 0.000000000 0.999563754 0.000230786 0.029534558 -0.120048059 -0.000105520 0.999991000 -0.004242809 0.085478049 -0.029535271 0.004237841 0.999554753 -0.543381020
184017000 0.497729956 0.884853286 0.500000000 0.500000000 0.000000000 0.000000000 0.999535620 -0.000205915 0.030471018 -0.123081858 0.000335227 0.999990940 -0.004238730 0.087371727 -0.030469868 0.004246976 0.999526680 -0.560115162
184050000 0.497729956 0.884853286 0.500000000 0.500000000 0.000000000 0.000000000 0.999529898 -0.000148955 0.030659085 -0.123216583 0.000299433 0.999987960 -0.004903561 0.091690055 -0.030657986 0.004910436 0.999517858 -0.576114556
184083000 0.497729956 0.884853286 0.500000000 0.500000000 0.000000000 0.000000000 0.999515712 -0.000119125 0.031118345 -0.124842636 0.000281804 0.999986291 -0.005223441 0.094334197 -0.031117298 0.005229681 0.999502063 -0.591874057
184117000 0.497729956 0.884853286 0.500000000 0.500000000 0.000000000 0.000000000 0.999502420 0.000038491 0.031542309 -0.125614360 0.000137743 0.999984384 -0.005585057 0.097640691 -0.031542033 0.005586622 0.999486804 -0.607711314
184150000 0.497729956 0.884853286 0.500000000 0.500000000 0.000000000 0.000000000 0.999493480 0.000243767 0.031823684 -0.126271118 -0.000057254 0.999982834 -0.005861595 0.100053805 -0.031824566 0.005856804 0.999476314 -0.622358854
184183000 0.497729956 0.884853286 0.500000000 0.500000000 0.000000000 0.000000000 0.999482512 0.000075248 0.032167383 -0.126830516 0.000131889 0.999979258 -0.006437162 0.103559890 -0.032167200 0.006438074 0.999461770 -0.636963299
184217000 0.497729956 0.884853286 0.500000000 0.500000000 0.000000000 0.000000000 0.999462247 -0.000208572 0.032790292 -0.128261019 0.000428610 0.999977410 -0.006703563 0.105608819 -0.032788154 0.006714012 0.999439776 -0.652491576
184250000 0.497729956 0.884853286 0.500000000 0.500000000 0.000000000 0.000000000 0.999443591 -0.000411749 0.033351887 -0.129684628 0.000645410 0.999975324 -0.006995466 0.108098597 -0.033348184 0.007013099 0.999419212 -0.667706278
184283000 0.497729956 0.884853286 0.500000000 0.500000000 0.000000000 0.000000000 0.999427497 -0.000276309 0.033832200 -0.131050388 0.000520362 0.999973893 -0.007205055 0.109956042 -0.033829328 0.007218535 0.999401569 -0.682932011
184317000 0.497729956 0.884853286 0.500000000 0.500000000 0.000000000 0.000000000 0.999421000 -0.000038050 0.034023944 -0.131124635 0.000288250 0.999972939 -0.007348770 0.111916966 -0.034022745 0.007354322 0.999394000 -0.699077282
184350000 0.497729956 0.884853286 0.500000000 0.500000000 0.000000000 0.000000000 0.999406397 0.000398458 0.034448117 -0.132296972 -0.000139262 0.999971688 -0.007526297 0.113718487 -0.034450140 0.007517032 0.999378145 -0.715888998
184384000 0.497729956 0.884853286 0.500000000 0.500000000 0.000000000 0.000000000 0.999418437 0.000708138 0.034091488 -0.130555010 -0.000437658 0.999968350 -0.007940745 0.116172185 -0.034096032 0.007921207 0.999387145 -0.732882901
184417000 0.497729956 0.884853286 0.500000000 0.500000000 0.000000000 0.000000000 0.999420404 0.001091954 0.034024116 -0.130273063 -0.000809540 0.999965131 -0.008313090 0.118786849 -0.034032010 0.008280728 0.999386430 -0.749126808
184450000 0.497729956 0.884853286 0.500000000 0.500000000 0.000000000 0.000000000 0.999430716 0.001619089 0.033698339 -0.129006436 -0.001329770 0.999962091 -0.008606192 0.121027491 -0.033710998 0.008556481 0.999395013 -0.765231849
184484000 0.497729956 0.884853286 0.500000000 0.500000000 0.000000000 0.000000000 0.999423504 0.001658101 0.033910319 -0.129628061 -0.001356639 0.999959350 -0.008911057 0.123501676 -0.033923715 0.008859916 0.999385178 -0.781707946
184517000 0.497729956 0.884853286 0.500000000 0.500000000 0.000000000 0.000000000 0.999425888 0.002101827 0.033815827 -0.129323278 -0.001785560 0.999954402 -0.009380100 0.126347222 -0.033834003 0.009314335 0.999384046 -0.797678386
184550000 0.497729956 0.884853286 0.500000000 0.500000000 0.000000000 0.000000000 0.999413252 0.002065164 0.034188326 -0.130498628 -0.001731957 0.999950767 -0.009772959 0.128983452 -0.034206826 0.009708012 0.999367595 -0.813509761
184584000 0.497729956 0.884853286 0.500000000 0.500000000 0.000000000 0.000000000 0.999395788 0.001804890 0.034709703 -0.132441911 -0.001464085 0.999950469 -0.009841641 0.130879814 -0.034725748 0.009784877 0.999348998 -0.828190900
184617000 0.497729956 0.884853286 0.500000000 0.500000000 0.000000000 0.000000000 0.999392986 0.001944536 0.034783099 -0.132841118 -0.001601406 0.999949813 -0.009889980 0.132282384 -0.034800585 0.009828275 0.999345958 -0.843014497
184650000 0.497729956 0.884853286 0.500000000 0.500000000 0.000000000 0.000000000 0.999384165 0.002032537 0.035031162 -0.133563175 -0.001673176 0.999945700 -0.010284585 0.135070498 -0.035050165 0.010219638 0.999333322 -0.858419693
184684000 0.497729956 0.884853286 0.500000000 0.500000000 0.000000000 0.000000000 0.999385655 0.002040134 0.034988075 -0.133551530 -0.001651889 0.999936759 -0.011121808 0.139399928 -0.035008553 0.011057178 0.999325871 -0.875035964
184717000 0.497729956 0.884853286 0.500000000 0.500000000 0.000000000 0.000000000 0.999383152 0.001953013 0.035064053 -0.134127474 -0.001545420 0.999930978 -0.011647578 0.142691257 -0.035084382 0.011586204 0.999317169 -0.892637517
184751000 0.497729956 0.884853286 0.500000000 0.500000000 0.000000000 0.000000000 0.999381840 0.002187495 0.035087887 -0.134642620 -0.001769367 0.999927104 -0.011943213 0.145406402 -0.035111453 0.011873746 0.999312878 -0.910842237
184784000 0.497729956 0.884853286 0.500000000 0.500000000 0.000000000 0.000000000 0.999385774 0.002595567 0.034947794 -0.134231900 -0.002164595 0.999921203 -0.012364073 0.148349918 -0.034977134 0.012280830 0.999312639 -0.927740846
184817000 0.497729956 0.884853286 0.500000000 0.500000000 0.000000000 0.000000000 0.999381185 0.003018568 0.035045486 -0.134370464 -0.002564384 0.999912262 -0.012997585 0.152047655 -0.035081644 0.012899672 0.999301195 -0.944441046
184851000 0.497729956 0.884853286 0.500000000 0.500000000 0.000000000 0.000000000 0.999368310 0.003377446 0.035378069 -0.135323342 -0.002915571 0.999909937 -0.013098855 0.153568340 -0.035419125 0.012987433 0.999288142 -0.960096537
184884000 0.497729956 0.884853286 0.500000000 0.500000000 0.000000000 0.000000000 0.999352574 0.003781680 0.035779409 -0.136555617 -0.003299796 0.999903202 -0.013517680 0.156454880 -0.035827067 0.013390863 0.999268293 -0.973865553
184917000 0.497729956 0.884853286 0.500000000 0.500000000 0.000000000 0.000000000 0.999336004 0.004222481 0.036189489 -0.137578863 -0.003721305 0.999896407 -0.013904853 0.159406041 -0.036244452 0.013760949 0.999248207 -0.987646938
184951000 0.497729956 0.884853286 0.500000000 0.500000000 0.000000000 0.000000000 0.999311328 0.004526973 0.036829531 -0.139586687 -0.004008721 0.999892056 -0.014133346 0.161837088 -0.036889538 0.013975973 0.999221623 -1.001261536
184984000 0.497729956 0.884853286 0.500000000 0.500000000 0.000000000 0.000000000 0.999273717 0.004750253 0.037808537 -0.142792866 -0.004207626 0.999887168 -0.014418601 0.164736386 -0.037872761 0.014249045 0.999180973 -1.014287844
185018000 0.497729956 0.884853286 0.500000000 0.500000000 0.000000000 0.000000000 0.999236465 0.004995858 0.038750034 -0.146099424 -0.004428625 0.999881983 -0.014710303 0.167668741 -0.038818952 0.014527462 0.999140680 -1.027564600
185051000 0.497729956 0.884853286 0.500000000 0.500000000 0.000000000 0.000000000 0.999215305 0.005198186 0.039265577 -0.147600041 -0.004604764 0.999874055 -0.015188387 0.171518410 -0.039339583 0.014995659 0.999113381 -1.040964874
185084000 0.497729956 0.884853286 0.500000000 0.500000000 0.000000000 0.000000000 0.999181867 0.005130757 0.040116131 -0.150688552 -0.004508812 0.999868453 -0.015578760 0.174655975 -0.040190786 0.015385138 0.999073565 -1.053831281
185118000 0.497729956 0.884853286 0.500000000 0.500000000 0.000000000 0.000000000 0.999148488 0.004894187 0.040967274 -0.153412170 -0.004233927 0.999859989 -0.016188048 0.178851536 -0.041040767 0.016000811 0.999029338 -1.067535848
185151000 0.497729956 0.884853286 0.500000000 0.500000000 0.000000000 0.000000000 0.999125838 0.004829640 0.041523937 -0.155100552 -0.004148765 0.999855816 -0.016467739 0.181850211 -0.041597486 0.016281070 0.999001801 -1.080977064
185184000 0.497729956 0.884853286 0.500000000 0.500000000 0.000000000 0.000000000 0.999099851 0.004856994 0.042141106 -0.156859253 -0.004167083 0.999856114 -0.016443882 0.184040024 -0.042214911 0.016253475 0.998976350 -1.094566459
185218000 0.497729956 0.884853286 0.500000000 0.500000000 0.000000000 0.000000000 0.999056995 0.004549971 0.043178473 -0.160308550 -0.003846309 0.999858677 -0.016365707 0.186410287 -0.043246835 0.016184196 0.998933315 -1.107507644
185251000 0.497729956 0.884853286 0.500000000 0.500000000 0.000000000 0.000000000 0.999002457 0.004721136 0.044404555 -0.164301675 -0.003994565 0.999856949 -0.016437052 0.188944209 -0.044475801 0.016243277 0.998878419 -1.120216419
185284000 0.497729956 0.884853286 0.500000000 0.500000000 0.000000000 0.000000000 0.998984039 0.004478183 0.044842210 -0.165796795 -0.003737878 0.999855578 -0.016579373 0.192265006 -0.044909976 0.016394915 0.998856485 -1.133478657
185318000 0.497729956 0.884853286 0.500000000 0.500000000 0.000000000 0.000000000 0.998924732 0.004451933 0.046146978 -0.170327231 -0.003686257 0.999854326 -0.016663963 0.195052031 -0.046214443 0.016475935 0.998795688 -1.147205256
185351000 0.497729956 0.884853286 0.500000000 0.500000000 0.000000000 0.000000000 0.998872519 0.004551938 0.047254529 -0.173768834 -0.003781899 0.999858797 -0.016372193 0.196476128 -0.047322381 0.016175020 0.998748720 -1.161167228
185385000 0.497729956 0.884853286 0.500000000 0.500000000 0.000000000 0.000000000 0.998822808 0.004513991 0.048297789 -0.177090945 -0.003730726 0.999860287 -0.016295278 0.198747727 -0.048364598 0.016095910 0.998700023 -1.173569427
185418000 0.497729956 0.884853286 0.500000000 0.500000000 0.000000000 0.000000000 0.998805761 0.004936032 0.048607070 -0.178131050 -0.004167531 0.999864936 -0.015899148 0.201057044 -0.048678983 0.015677590 0.998691440 -1.186598781
185451000 0.497729956 0.884853286 0.500000000 0.500000000 0.000000000 0.000000000 0.998778701 0.005003829 0.049153913 -0.180069301 -0.004240541 0.999868989 -0.015620557 0.203463481 -0.049225636 0.015393040 0.998669088 -1.199103317
185485000 0.497729956 0.884853286 0.500000000 0.500000000 0.000000000 0.000000000 0.998744726 0.004853930 0.049854137 -0.182253515 -0.004064026 0.999864817 -0.015933463 0.207891970 -0.049924735 0.015710853 0.998629391 -1.212260516
185518000 0.497729956 0.884853286 0.500000000 0.500000000 0.000000000 0.000000000 0.998699248 0.004575326 0.050782803 -0.185535994 -0.003740771 0.999856591 -0.016516704 0.213155787 -0.050851092 0.016305253 0.998573124 -1.225188578
185551000 0.497729956 0.884853286 0.500000000 0.500000000 0.000000000 0.000000000 0.998641491 0.004711611 0.051893920 -0.189720428 -0.003878486 0.999862194 -0.016143400 0.215075335 -0.051962830 0.015920199 0.998522103 -1.237741871
185585000 0.497729956 0.884853286 0.500000000 0.500000000 0.000000000 0.000000000 0.998605490 0.004744316 0.052578919 -0.192701740 -0.003921613 0.999868453 -0.015739156 0.217564165 -0.052646674 0.015511014 0.998492718 -1.249982091
185618000 0.497729956 0.884853286 0.500000000 0.500000000 0.000000000 0.000000000 0.998575866 0.004842536 0.053130280 -0.194815510 -0.004024059 0.999871731 -0.015501272 0.220450893 -0.053198531 0.015265396 0.998467267 -1.262030991
185651000 0.497729956 0.884853286 0.500000000 0.500000000 0.000000000 0.000000000 0.998505294 0.004815721 0.054442875 -0.199887535 -0.004004401 0.999879479 -0.015001507 0.222749600 -0.054508556 0.014761073 0.998404205 -1.274169821
185685000 0.497729956 0.884853286 0.500000000 0.500000000 0.000000000 0.000000000 0.998489916 0.004919333 0.054714113 -0.201110109 -0.004114611 0.999881864 -0.014810715 0.226571676 -0.054780509 0.014563222 0.998392224 -1.286127108
185718000 0.497729956 0.884853286 0.500000000 0.500000000 0.000000000 0.000000000 0.998463035 0.005147328 0.055181824 -0.203019373 -0.004374642 0.999890804 -0.014114212 0.228428750 -0.055248450 0.013851118 0.998376548 -1.299016160
185752000 0.497729956 0.884853286 0.500000000 0.500000000 0.000000000 0.000000000 0.998447299 0.005340659 0.055448335 -0.204257717 -0.004621814 0.999903738 -0.013084385 0.229910082 -0.055512875 0.012807797 0.998375833 -1.313487495
185785000 0.497729956 0.884853286 0.500000000 0.500000000 0.000000000 0.000000000 0.998426616 0.005464748 0.055806600 -0.205983427 -0.004777496 0.999911189 -0.012440898 0.232378927 -0.055869631 0.012154708 0.998364091 -1.327658662
185818000 0.497729956 0.884853286 0.500000000 0.500000000 0.000000000 0.000000000 0.998414457 0.005760577 0.055994380 -0.206992819 -0.005115690 0.999918997 -0.011653508 0.234153814 -0.056056976 0.011348581 0.998363078 -1.341012896
185852000 0.497729956 0.884853286 0.500000000 0.500000000 0.000000000 0.000000000 0.998386323 0.006242848 0.056442175 -0.208843645 -0.005686227 0.999933660 -0.010017009 0.233502357 -0.056500964 0.009679901 0.998355627 -1.354080201
185885000 0.497729956 0.884853286 0.500000000 0.500000000 0.000000000 0.000000000 0.998413742 0.006408358 0.055936646 -0.207624832 -0.005895717 0.999939144 -0.009324900 0.236224355 -0.055993002 0.008980322 0.998390794 -1.365865968
185918000 0.497729956 0.884853286 0.500000000 0.500000000 0.000000000 0.000000000 0.998368859 0.006697130 0.056698471 -0.210930411 -0.006262616 0.999949694 -0.007837820 0.236222539 -0.056748107 0.007469955 0.998360574 -1.377253086
185952000 0.497729956 0.884853286 0.500000000 0.500000000 0.000000000 0.000000000 0.998345792 0.006958349 0.057072397 -0.212800347 -0.006613059 0.999958694 -0.006236672 0.235969918 -0.057113435 0.005848933 0.998350561 -1.388687543
185985000 0.497729956 0.884853286 0.500000000 0.500000000 0.000000000 0.000000000 0.998313010 0.006955125 0.057642926 -0.215682948 -0.006682912 0.999965608 -0.004913821 0.236686284 -0.057675119 0.004520309 0.998325169 -1.399713135
186019000 0.497729956 0.884853286 0.500000000 0.500000000 0.000000000 0.000000000 0.998317122 0.007254354 0.057535499 -0.216008668 -0.007073148 0.999969363 -0.003352476 0.236911003 -0.057558060 0.002939877 0.998337805 -1.411104861
186052000 0.497729956 0.884853286 0.500000000 0.500000000 0.000000000 0.000000000 0.998288155 0.007528441 0.058000918 -0.218590336 -0.007437647 0.999970734 -0.001781096 0.236962831 -0.058012631 0.001346657 0.998314917 -1.422270421
186085000 0.497729956 0.884853286 0.500000000 0.500000000 0.000000000 0.000000000 0.998278856 0.007910738 0.058109470 -0.219870174 -0.007914241 0.999968648 -0.000169846 0.236999910 -0.058108993 -0.000290339 0.998310208 -1.433107183
186119000 0.497729956 0.884853286 0.500000000 0.500000000 0.000000000 0.000000000 0.998270690 0.008307247 0.058194298 -0.221266636 -0.008411484 0.999963403 0.001546439 0.236821794 -0.058179323 -0.002033265 0.998304069 -1.443877067
186152000 0.497729956 0.884853286 0.500000000 0.500000000 0.000000000 0.000000000 0.998251140 0.008561372 0.058492810 -0.223374256 -0.008783013 0.999955177 0.003533152 0.235924320 -0.058459938 -0.004040716 0.998281598 -1.454758102
186185000 0.497729956 0.884853286 0.500000000 0.500000000 0.000000000 0.000000000 0.998240829 0.008913774 0.058615953 -0.224733835 -0.009231318 0.999944150 0.005148805 0.236185911 -0.058566783 -0.005680850 0.998267353 -1.465459162
186219000 0.497729956 0.884853286 0.500000000 0.500000000 0.000000000 0.000000000 0.998250604 0.009279368 0.058392402 -0.225172243 -0.009700586 0.999928892 0.006934249 0.236099692 -0.058323905 -0.007488559 0.998269618 -1.476183729
186252000 0.497729956 0.884853286 0.500000000 0.500000000 0.000000000 0.000000000 0.998278797 0.009626439 0.057851024 -0.224122286 -0.010157278 0.999908924 0.008888927 0.235647894 -0.057760186 -0.009461236 0.998285651 -1.486952167
186285000 0.497729956 0.884853286 0.500000000 0.500000000 0.000000000 0.000000000 0.998259008 0.010073898 0.058115672 -0.226471551 -0.010729944 0.999882042 0.010987638 0.234888652 -0.057998128 -0.011592087 0.998249412 -1.497447070
186319000 0.497729956 0.884853286 0.500000000 0.500000000 0.000000000 0.000000000 0.998296738 0.010524726 0.057383269 -0.225069156 -0.011286945 0.999852121 0.012975052 0.234702765 -0.057238225 -0.013600634 0.998267889 -1.508197045
186352000 0.497729956 0.884853286 0.500000000 0.500000000 0.000000000 0.000000000 0.998316228 0.011153998 0.056923598 -0.225112069 -0.012020301 0.999816775 0.014899052 0.234671993 -0.056746982 -0.015558205 0.998267353 -1.518466783
186386000 0.497729956 0.884853286 0.500000000 0.500000000 0.000000000 0.000000000 0.998299718 0.011579911 0.057127323 -0.227196378 -0.012554311 0.999781251 0.016727323 0.235050011 -0.056921124 -0.017416077 0.998226762 -1.528303834
186419000 0.497729956 0.884853286 0.500000000 0.500000000 0.000000000 0.000000000 0.998299778 0.011836584 0.057074361 -0.228228829 -0.012911119 0.999745607 0.018495070 0.235894176 -0.056840919 -0.019200517 0.998198628 -1.538072687
186452000 0.497729956 0.884853286 0.500000000 0.500000000 0.000000000 0.000000000 0.998282135 0.011875578 0.057373792 -0.230774648 -0.013080681 0.999700665 0.020674704 0.235431178 -0.057111096 -0.021389676 0.998138666 -1.547577191
