https://www.youtube.com/watch?v=Ggyd3llBeiU
75909000 0.557173696 0.990531003 0.500000000 0.500000000 0.000000000 0.000000000 0.999947727 -0.000094292 -0.010221738 -0.146832016 0.000111071 0.999998629 0.001640936 0.022468234 0.010221570 -0.001641985 0.999946415 0.025260661
75942000 0.557173696 0.990531003 0.500000000 0.500000000 0.000000000 0.000000000 0.999949515 -0.000010175 -0.010046948 -0.150737205 0.000027548 0.999998510 0.001729063 0.022469315 0.010046915 -0.001729252 0.999948025 0.025400045
75976000 0.557173696 0.990531003 0.500000000 0.500000000 0.000000000 0.000000000 0.999950886 0.000041111 -0.009910794 -0.154573320 -0.000023806 0.999998450 0.001746185 0.022733136 0.009910851 -0.001745863 0.999949336 0.025639136
76009000 0.557173696 0.990531003 0.500000000 0.500000000 0.000000000 0.000000000 0.999952018 0.000185206 -0.009792135 -0.158329512 -0.000167465 0.999998331 0.001812527 0.022754505 0.009792455 -0.001810800 0.999950409 0.025693937
76042000 0.557173696 0.990531003 0.500000000 0.500000000 0.000000000 0.000000000 0.999953628 0.000275138 -0.009625636 -0.162264744 -0.000257403 0.999998271 0.001843592 0.022974270 0.009626127 -0.001841029 0.999951959 0.025919094
76076000 0.557173696 0.990531003 0.500000000 0.500000000 0.000000000 0.000000000 0.999955237 0.000298639 -0.009459319 -0.166182301 -0.000280450 0.999998093 0.001924109 0.023060798 0.009459876 -0.001921370 0.999953389 0.026080142
76109000 0.557173696 0.990531003 0.500000000 0.500000000 0.000000000 0.000000000 0.999957025 0.000436452 -0.009261535 -0.170259128 -0.000418656 0.999998033 0.001923441 0.023318174 0.009262357 -0.001919481 0.999955237 0.026053606
76142000 0.557173696 0.990531003 0.500000000 0.500000000 0.000000000 0.000000000 0.999958217 0.000506133 -0.009127157 -0.174073199 -0.000487658 0.999997854 0.002026391 0.023267132 0.009128163 -0.002021855 0.999956310 0.026249611
76176000 0.557173696 0.990531003 0.500000000 0.500000000 0.000000000 0.000000000 0.999959230 0.000603226 -0.009009626 -0.177975259 -0.000585175 0.999997795 0.002005937 0.023637266 0.009010816 -0.002000583 0.999957383 0.026400880
76209000 0.557173696 0.990531003 0.500000000 0.500000000 0.000000000 0.000000000 0.999960482 0.000713705 -0.008864115 -0.181822517 -0.000695308 0.999997616 0.002078338 0.023714577 0.008865577 -0.002072093 0.999958575 0.026528463
76243000 0.557173696 0.990531003 0.500000000 0.500000000 0.000000000 0.000000000 0.999961793 0.000802485 -0.008707474 -0.185812322 -0.000783772 0.999997377 0.002152164 0.023818054 0.008709178 -0.002145257 0.999959767 0.026635653
76276000 0.557173696 0.990531003 0.500000000 0.500000000 0.000000000 0.000000000 0.999962151 0.000881217 -0.008652369 -0.189446500 -0.000862373 0.999997258 0.002181368 0.023954435 0.008654268 -0.002173824 0.999960184 0.026745536
76309000 0.557173696 0.990531003 0.500000000 0.500000000 0.000000000 0.000000000 0.999963105 0.001017273 -0.008529139 -0.193334160 -0.000998101 0.999996960 0.002251774 0.024036512 0.008531404 -0.002243178 0.999961078 0.026881004
76343000 0.557173696 0.990531003 0.500000000 0.500000000 0.000000000 0.000000000 0.999964237 0.001021094 -0.008394331 -0.197239243 -0.001001765 0.999996841 0.002306410 0.024182246 0.008396659 -0.002297919 0.999962091 0.026965997
76376000 0.557173696 0.990531003 0.500000000 0.500000000 0.000000000 0.000000000 0.999965370 0.001154358 -0.008239548 -0.201296508 -0.001135537 0.999996722 0.002288572 0.024472509 0.008242163 -0.002279137 0.999963462 0.027168623
76409000 0.557173696 0.990531003 0.500000000 0.500000000 0.000000000 0.000000000 0.999965847 0.001239655 -0.008169328 -0.205119275 -0.001220511 0.999996483 0.002347956 0.024521514 0.008172210 -0.002337905 0.999963880 0.027304025
76443000 0.557173696 0.990531003 0.500000000 0.500000000 0.000000000 0.000000000 0.999966562 0.001318479 -0.008069289 -0.208864987 -0.001299147 0.999996305 0.002400515 0.024766788 0.008072424 -0.002389952 0.999964535 0.027334428
76476000 0.557173696 0.990531003 0.500000000 0.500000000 0.000000000 0.000000000 0.999967039 0.001431050 -0.007989431 -0.212594368 -0.001411604 0.999996006 0.002439117 0.024923585 0.007992889 -0.002427759 0.999965131 0.027427486
76509000 0.557173696 0.990531003 0.500000000 0.500000000 0.000000000 0.000000000 0.999967873 0.001484432 -0.007878014 -0.216499649 -0.001464780 0.999995828 0.002499716 0.025067506 0.007881692 -0.002488096 0.999965847 0.027683490
76543000 0.557173696 0.990531003 0.500000000 0.500000000 0.000000000 0.000000000 0.999968469 0.001607322 -0.007774197 -0.220345783 -0.001587339 0.999995410 0.002575903 0.025189714 0.007778301 -0.002563481 0.999966443 0.027821910
76576000 0.557173696 0.990531003 0.500000000 0.500000000 0.000000000 0.000000000 0.999969542 0.001712096 -0.007617409 -0.224374084 -0.001692467 0.999995232 0.002582658 0.025478652 0.007621794 -0.002569687 0.999967635 0.027895974
76610000 0.557173696 0.990531003 0.500000000 0.500000000 0.000000000 0.000000000 0.999970019 0.001789271 -0.007535783 -0.228197144 -0.001769367 0.999994934 0.002647185 0.025596755 0.007540482 -0.002633772 0.999968112 0.027976256
76643000 0.557173696 0.990531003 0.500000000 0.500000000 0.000000000 0.000000000 0.999971032 0.001867293 -0.007381665 -0.232316452 -0.001847738 0.999994755 0.002655087 0.025784254 0.007386584 -0.002641370 0.999969244 0.028182390
76676000 0.557173696 0.990531003 0.500000000 0.500000000 0.000000000 0.000000000 0.999971867 0.002015744 -0.007224276 -0.236250761 -0.001995893 0.999994218 0.002753949 0.025890462 0.007229785 -0.002739452 0.999970138 0.028175368
76710000 0.557173696 0.990531003 0.500000000 0.500000000 0.000000000 0.000000000 0.999972224 0.002128620 -0.007141841 -0.240157159 -0.002108484 0.999993801 0.002825860 0.025941218 0.007147811 -0.002810723 0.999970496 0.028423738
76743000 0.557173696 0.990531003 0.500000000 0.500000000 0.000000000 0.000000000 0.999973118 0.002252640 -0.006980196 -0.244153377 -0.002232845 0.999993443 0.002842345 0.026195067 0.006986553 -0.002826683 0.999971628 0.028535010
76776000 0.557173696 0.990531003 0.500000000 0.500000000 0.000000000 0.000000000 0.999973774 0.002348117 -0.006854116 -0.248171713 -0.002328163 0.999993026 0.002917659 0.026290350 0.006860919 -0.002901625 0.999972224 0.028703413
76810000 0.557173696 0.990531003 0.500000000 0.500000000 0.000000000 0.000000000 0.999974072 0.002459607 -0.006771736 -0.251876267 -0.002439567 0.999992609 0.002966078 0.026507957 0.006778982 -0.002949481 0.999972701 0.028850159
76843000 0.557173696 0.990531003 0.500000000 0.500000000 0.000000000 0.000000000 0.999974787 0.002559081 -0.006623230 -0.255869801 -0.002539672 0.999992490 0.002937156 0.026826486 0.006630697 -0.002920262 0.999973774 0.028970006
76876000 0.557173696 0.990531003 0.500000000 0.500000000 0.000000000 0.000000000 0.999975443 0.002677352 -0.006479377 -0.259984210 -0.002657858 0.999991894 0.003015407 0.026954253 0.006487398 -0.002998111 0.999974489 0.029184054
76910000 0.557173696 0.990531003 0.500000000 0.500000000 0.000000000 0.000000000 0.999976218 0.002767581 -0.006313731 -0.264016740 -0.002748390 0.999991596 0.003046229 0.027187757 0.006322108 -0.003028804 0.999975443 0.029291359
76943000 0.557173696 0.990531003 0.500000000 0.500000000 0.000000000 0.000000000 0.999976695 0.002882345 -0.006190906 -0.268097663 -0.002862965 0.999991000 0.003136906 0.027128485 0.006199891 -0.003119108 0.999975920 0.029447246
76977000 0.557173696 0.990531003 0.500000000 0.500000000 0.000000000 0.000000000 0.999977410 0.002995814 -0.006019996 -0.272139441 -0.002976299 0.999990284 0.003248085 0.027205559 0.006029669 -0.003230094 0.999976575 0.029629582
77010000 0.557173696 0.990531003 0.500000000 0.500000000 0.000000000 0.000000000 0.999977410 0.003110662 -0.005962651 -0.275832130 -0.003090908 0.999989688 0.003319261 0.027381147 0.005972914 -0.003300756 0.999976695 0.029726414
77043000 0.557173696 0.990531003 0.500000000 0.500000000 0.000000000 0.000000000 0.999978065 0.003178799 -0.005807692 -0.279921548 -0.003159849 0.999989688 0.003269083 0.027783170 0.005818023 -0.003250660 0.999977767 0.029779678
77077000 0.557173696 0.990531003 0.500000000 0.500000000 0.000000000 0.000000000 0.999978125 0.003319395 -0.005725557 -0.283746288 -0.003300028 0.999988794 0.003388663 0.027797017 0.005736742 -0.003369694 0.999977887 0.029859571
77110000 0.557173696 0.990531003 0.500000000 0.500000000 0.000000000 0.000000000 0.999978006 0.003430273 -0.005678339 -0.287450670 -0.003411015 0.999988437 0.003397818 0.028028709 0.005689929 -0.003378375 0.999978125 0.030057439
77143000 0.557173696 0.990531003 0.500000000 0.500000000 0.000000000 0.000000000 0.999978125 0.003540636 -0.005587745 -0.291322032 -0.003521382 0.999987841 0.003451812 0.028271680 0.005599898 -0.003432060 0.999978423 0.030169585
77177000 0.557173696 0.990531003 0.500000000 0.500000000 0.000000000 0.000000000 0.999978125 0.003661394 -0.005505330 -0.295214816 -0.003641962 0.999987125 0.003535621 0.028355331 0.005518205 -0.003515494 0.999978602 0.030299520
77210000 0.557173696 0.990531003 0.500000000 0.500000000 0.000000000 0.000000000 0.999978423 0.003730799 -0.005411427 -0.299109736 -0.003711464 0.999986708 0.003578711 0.028498183 0.005424706 -0.003558549 0.999978960 0.030371429
77244000 0.557173696 0.990531003 0.500000000 0.500000000 0.000000000 0.000000000 0.999978006 0.003887319 -0.005379187 -0.302723854 -0.003867783 0.999985933 0.003637487 0.028737929 0.005393251 -0.003616602 0.999978900 0.030511623
77277000 0.557173696 0.990531003 0.500000000 0.500000000 0.000000000 0.000000000 0.999978364 0.003989581 -0.005227169 -0.306740047 -0.003970383 0.999985337 0.003678057 0.028939361 0.005241767 -0.003657224 0.999979556 0.030566135
77310000 0.557173696 0.990531003 0.500000000 0.500000000 0.000000000 0.000000000 0.999978244 0.004077034 -0.005186571 -0.310503878 -0.004057560 0.999984682 0.003759822 0.029060229 0.005201821 -0.003738695 0.999979496 0.030805961
77344000 0.557173696 0.990531003 0.500000000 0.500000000 0.000000000 0.000000000 0.999978185 0.004237897 -0.005070496 -0.314454091 -0.004218782 0.999983966 0.003774744 0.029355984 0.005086412 -0.003753270 0.999980032 0.030915538
77377000 0.557173696 0.990531003 0.500000000 0.500000000 0.000000000 0.000000000 0.999978185 0.004348966 -0.004971032 -0.318355316 -0.004330024 0.999983370 0.003814909 0.029570035 0.004987540 -0.003793301 0.999980390 0.031036562
77410000 0.557173696 0.990531003 0.500000000 0.500000000 0.000000000 0.000000000 0.999978364 0.004448814 -0.004848329 -0.322429841 -0.004429699 0.999982417 0.003946068 0.029556591 0.004865799 -0.003924506 0.999980450 0.031224503
77444000 0.557173696 0.990531003 0.500000000 0.500000000 0.000000000 0.000000000 0.999978125 0.004570786 -0.004781466 -0.326211220 -0.004552056 0.999981940 0.003920782 0.029923419 0.004799301 -0.003898931 0.999980867 0.031385471
77477000 0.557173696 0.990531003 0.500000000 0.500000000 0.000000000 0.000000000 0.999978006 0.004693408 -0.004683984 -0.330166431 -0.004674766 0.999981165 0.003982953 0.030010315 0.004702589 -0.003960969 0.999981105 0.031554100
77510000 0.557173696 0.990531003 0.500000000 0.500000000 0.000000000 0.000000000 0.999977887 0.004825598 -0.004572849 -0.334007187 -0.004807064 0.999980211 0.004055290 0.030195958 0.004592328 -0.004033218 0.999981344 0.031711238
77544000 0.557173696 0.990531003 0.500000000 0.500000000 0.000000000 0.000000000 0.999977827 0.004978624 -0.004428428 -0.338029734 -0.004960394 0.999979198 0.004118100 0.030427362 0.004448838 -0.004096042 0.999981701 0.031759818
77577000 0.557173696 0.990531003 0.500000000 0.500000000 0.000000000 0.000000000 0.999978006 0.005091127 -0.004249010 -0.342261790 -0.005073446 0.999978483 0.004161406 0.030630230 0.004270105 -0.004139757 0.999982297 0.031964495
77611000 0.557173696 0.990531003 0.500000000 0.500000000 0.000000000 0.000000000 0.999977589 0.005226988 -0.004187432 -0.346012123 -0.005209408 0.999977589 0.004198419 0.030833914 0.004209283 -0.004176511 0.999982417 0.032054456
77644000 0.557173696 0.990531003 0.500000000 0.500000000 0.000000000 0.000000000 0.999977410 0.005370616 -0.004048555 -0.350179595 -0.005353172 0.999976397 0.004307340 0.030913765 0.004071592 -0.004285570 0.999982536 0.032229117
77677000 0.557173696 0.990531003 0.500000000 0.500000000 0.000000000 0.000000000 0.999977112 0.005506286 -0.003937040 -0.354106215 -0.005489235 0.999975562 0.004328747 0.031153873 0.003960779 -0.004307037 0.999982893 0.032449673
77711000 0.557173696 0.990531003 0.500000000 0.500000000 0.000000000 0.000000000 0.999976814 0.005629368 -0.003831346 -0.358136458 -0.005612550 0.999974608 0.004386288 0.031310962 0.003855941 -0.004364682 0.999983013 0.032596757
77744000 0.557173696 0.990531003 0.500000000 0.500000000 0.000000000 0.000000000 0.999976456 0.005781277 -0.003693637 -0.362107437 -0.005764731 0.999973357 0.004474558 0.031450521 0.003719407 -0.004453160 0.999983191 0.032684390
77777000 0.557173696 0.990531003 0.500000000 0.500000000 0.000000000 0.000000000 0.999976158 0.005895948 -0.003590846 -0.366145448 -0.005879884 0.999972761 0.004467846 0.031798296 0.003617090 -0.004446626 0.999983549 0.032904695
77811000 0.557173696 0.990531003 0.500000000 0.500000000 0.000000000 0.000000000 0.999975622 0.006037054 -0.003502524 -0.370000658 -0.006021222 0.999971688 0.004513149 0.032039303 0.003529671 -0.004491950 0.999983668 0.033013340
77844000 0.557173696 0.990531003 0.500000000 0.500000000 0.000000000 0.000000000 0.999975145 0.006155658 -0.003439358 -0.373890875 -0.006139781 0.999970555 0.004607819 0.032126916 0.003467621 -0.004586588 0.999983490 0.033214709
77877000 0.557173696 0.990531003 0.500000000 0.500000000 0.000000000 0.000000000 0.999974549 0.006297648 -0.003358005 -0.377712537 -0.006281702 0.999969065 0.004738336 0.032142520 0.003387742 -0.004717122 0.999983132 0.033267037
77911000 0.557173696 0.990531003 0.500000000 0.500000000 0.000000000 0.000000000 0.999973893 0.006443996 -0.003269579 -0.381689400 -0.006428238 0.999967754 0.004807401 0.032317604 0.003300452 -0.004786258 0.999983072 0.033431942
77944000 0.557173696 0.990531003 0.500000000 0.500000000 0.000000000 0.000000000 0.999973774 0.006564106 -0.003065029 -0.386012755 -0.006549261 0.999966919 0.004828723 0.032630762 0.003096624 -0.004808522 0.999983668 0.033506347
77978000 0.557173696 0.990531003 0.500000000 0.500000000 0.000000000 0.000000000 0.999972701 0.006713225 -0.003079682 -0.389594433 -0.006698231 0.999965787 0.004853543 0.032959545 0.003112159 -0.004832782 0.999983490 0.033645397
78011000 0.557173696 0.990531003 0.500000000 0.500000000 0.000000000 0.000000000 0.999972165 0.006828447 -0.003005922 -0.393601149 -0.006813829 0.999965012 0.004846787 0.033231414 0.003038913 -0.004826170 0.999983728 0.033689574
78044000 0.557173696 0.990531003 0.500000000 0.500000000 0.000000000 0.000000000 0.999971211 0.007003289 -0.002913444 -0.397480036 -0.006988718 0.999963164 0.004981582 0.033264293 0.002948224 -0.004961078 0.999983370 0.033833289
78078000 0.557173696 0.990531003 0.500000000 0.500000000 0.000000000 0.000000000 0.999970555 0.007105942 -0.002893004 -0.401280363 -0.007091253 0.999962091 0.005056585 0.033411746 0.002928826 -0.005035921 0.999983013 0.034022985
78111000 0.557173696 0.990531003 0.500000000 0.500000000 0.000000000 0.000000000 0.999969780 0.007234478 -0.002843636 -0.405110076 -0.007219967 0.999961019 0.005080471 0.033683902 0.002880279 -0.005059787 0.999983072 0.034178673
78144000 0.557173696 0.990531003 0.500000000 0.500000000 0.000000000 0.000000000 0.999968708 0.007387010 -0.002840196 -0.408859202 -0.007372189 0.999959350 0.005193789 0.033733122 0.002878448 -0.005172688 0.999982476 0.034248223
78178000 0.557173696 0.990531003 0.500000000 0.500000000 0.000000000 0.000000000 0.999967933 0.007518938 -0.002763822 -0.412851510 -0.007504462 0.999958277 0.005210975 0.034109458 0.002802888 -0.005190067 0.999982595 0.034409375
78211000 0.557173696 0.990531003 0.500000000 0.500000000 0.000000000 0.000000000 0.999966681 0.007671032 -0.002782444 -0.416534996 -0.007656275 0.999956787 0.005275886 0.034317322 0.002822796 -0.005254407 0.999982238 0.034612568
78245000 0.557173696 0.990531003 0.500000000 0.500000000 0.000000000 0.000000000 0.999965429 0.007838909 -0.002763778 -0.420454581 -0.007824224 0.999955416 0.005284496 0.034594713 0.002805079 -0.005262689 0.999982238 0.034625671
78278000 0.557173696 0.990531003 0.500000000 0.500000000 0.000000000 0.000000000 0.999964476 0.007963244 -0.002757795 -0.424123338 -0.007948435 0.999954164 0.005339769 0.034829960 0.002800190 -0.005317659 0.999981940 0.034758659
78311000 0.557173696 0.990531003 0.500000000 0.500000000 0.000000000 0.000000000 0.999963462 0.008116560 -0.002671363 -0.428283406 -0.008101994 0.999952495 0.005418994 0.034942727 0.002715220 -0.005397153 0.999981761 0.034976851
78345000 0.557173696 0.990531003 0.500000000 0.500000000 0.000000000 0.000000000 0.999962389 0.008260191 -0.002637737 -0.432109708 -0.008245691 0.999951065 0.005461711 0.035251139 0.002682722 -0.005439755 0.999981582 0.035006880
78378000 0.557173696 0.990531003 0.500000000 0.500000000 0.000000000 0.000000000 0.999961436 0.008403850 -0.002553375 -0.436197507 -0.008389748 0.999949753 0.005484384 0.035526814 0.002599336 -0.005462751 0.999981701 0.035223389
78411000 0.557173696 0.990531003 0.500000000 0.500000000 0.000000000 0.000000000 0.999960244 0.008564474 -0.002476416 -0.440380457 -0.008550756 0.999948323 0.005497867 0.035841957 0.002523374 -0.005476473 0.999981821 0.035368494
78445000 0.557173696 0.990531003 0.500000000 0.500000000 0.000000000 0.000000000 0.999959171 0.008717310 -0.002370569 -0.444527738 -0.008704046 0.999946713 0.005549097 0.036089187 0.002418816 -0.005528236 0.999981821 0.035492365
78478000 0.557173696 0.990531003 0.500000000 0.500000000 0.000000000 0.000000000 0.999958098 0.008867703 -0.002272298 -0.448768945 -0.008854736 0.999944806 0.005655133 0.036178269 0.002322321 -0.005634775 0.999981403 0.035768645
78511000 0.557173696 0.990531003 0.500000000 0.500000000 0.000000000 0.000000000 0.999956906 0.009003556 -0.002251095 -0.452680385 -0.008990550 0.999943197 0.005722359 0.036380690 0.002302489 -0.005701874 0.999981105 0.035782542
78545000 0.557173696 0.990531003 0.500000000 0.500000000 0.000000000 0.000000000 0.999955714 0.009161561 -0.002162803 -0.457029497 -0.009148847 0.999941230 0.005816675 0.036449881 0.002215966 -0.005796630 0.999980748 0.035948276
78578000 0.557173696 0.990531003 0.500000000 0.500000000 0.000000000 0.000000000 0.999954104 0.009345165 -0.002118687 -0.461013620 -0.009332719 0.999939561 0.005810148 0.036836423 0.002172856 -0.005790108 0.999980867 0.036020112
78612000 0.557173696 0.990531003 0.500000000 0.500000000 0.000000000 0.000000000 0.999952614 0.009502671 -0.002102169 -0.465157036 -0.009490096 0.999937475 0.005912986 0.036896964 0.002158227 -0.005892756 0.999980330 0.036255946
78645000 0.557173696 0.990531003 0.500000000 0.500000000 0.000000000 0.000000000 0.999951184 0.009665553 -0.002057869 -0.469227772 -0.009653219 0.999935865 0.005921341 0.037313214 0.002114970 -0.005901187 0.999980330 0.036417100
78678000 0.557173696 0.990531003 0.500000000 0.500000000 0.000000000 0.000000000 0.999950051 0.009803819 -0.001934668 -0.473684352 -0.009791953 0.999933779 0.006050184 0.037246377 0.001993855 -0.006030938 0.999979854 0.036633206
78712000 0.557173696 0.990531003 0.500000000 0.500000000 0.000000000 0.000000000 0.999948263 0.009985933 -0.001921970 -0.477820710 -0.009974106 0.999931872 0.006067366 0.037616037 0.001982428 -0.006047882 0.999979734 0.036818081
78745000 0.557173696 0.990531003 0.500000000 0.500000000 0.000000000 0.000000000 0.999947071 0.010113845 -0.001876057 -0.482100632 -0.010102168 0.999930143 0.006132377 0.037742160 0.001937948 -0.006113100 0.999979436 0.037030314
78778000 0.557173696 0.990531003 0.500000000 0.500000000 0.000000000 0.000000000 0.999945641 0.010271086 -0.001789396 -0.486426810 -0.010259832 0.999928236 0.006188776 0.037978586 0.001852833 -0.006170081 0.999979258 0.037187968
78812000 0.557173696 0.990531003 0.500000000 0.500000000 0.000000000 0.000000000 0.999943793 0.010467875 -0.001678482 -0.490947378 -0.010457232 0.999925911 0.006228769 0.038209168 0.001743559 -0.006210867 0.999979198 0.037225348
78845000 0.557173696 0.990531003 0.500000000 0.500000000 0.000000000 0.000000000 0.999942541 0.010616351 -0.001501380 -0.495661560 -0.010606773 0.999924242 0.006249643 0.038489752 0.001567615 -0.006233360 0.999979317 0.037477936
78878000 0.557173696 0.990531003 0.500000000 0.500000000 0.000000000 0.000000000 0.999940813 0.010786524 -0.001422586 -0.500104362 -0.010777458 0.999922514 0.006233911 0.038860263 0.001489718 -0.006218210 0.999979556 0.037643286
78912000 0.557173696 0.990531003 0.500000000 0.500000000 0.000000000 0.000000000 0.999939322 0.010934619 -0.001335105 -0.504714908 -0.010926040 0.999920607 0.006272869 0.039022608 0.001403590 -0.006257901 0.999979436 0.037897695
78945000 0.557173696 0.990531003 0.500000000 0.500000000 0.000000000 0.000000000 0.999937654 0.011106545 -0.001165695 -0.509489371 -0.011098883 0.999918044 0.006384857 0.039106745 0.001236513 -0.006371521 0.999978960 0.038133527
78979000 0.557173696 0.990531003 0.500000000 0.500000000 0.000000000 0.000000000 0.999936044 0.011260684 -0.001040068 -0.514230321 -0.011253729 0.999915779 0.006466982 0.039215905 0.001112803 -0.006454864 0.999978542 0.038233180
79012000 0.557173696 0.990531003 0.500000000 0.500000000 0.000000000 0.000000000 0.999934316 0.011421327 -0.000941773 -0.518868261 -0.011415032 0.999914110 0.006438902 0.039635614 0.001015233 -0.006427729 0.999978840 0.038518418
79045000 0.557173696 0.990531003 0.500000000 0.500000000 0.000000000 0.000000000 0.999932468 0.011588218 -0.000868960 -0.523433833 -0.011582323 0.999911726 0.006507203 0.039744777 0.000944291 -0.006496700 0.999978423 0.038614852
79079000 0.557173696 0.990531003 0.500000000 0.500000000 0.000000000 0.000000000 0.999930501 0.011766113 -0.000726552 -0.528372388 -0.011761054 0.999908984 0.006613510 0.039768296 0.000804301 -0.006604505 0.999977887 0.038818119
79112000 0.557173696 0.990531003 0.500000000 0.500000000 0.000000000 0.000000000 0.999928474 0.011943551 -0.000596971 -0.533102473 -0.011939357 0.999906957 0.006593967 0.040217752 0.000675671 -0.006586368 0.999978065 0.038988650
79145000 0.557173696 0.990531003 0.500000000 0.500000000 0.000000000 0.000000000 0.999926567 0.012112044 -0.000438124 -0.538079992 -0.012108899 0.999904990 0.006582782 0.040574237 0.000517813 -0.006576993 0.999978244 0.039234303
79179000 0.557173696 0.990531003 0.500000000 0.500000000 0.000000000 0.000000000 0.999924302 0.012299720 -0.000368774 -0.542761501 -0.012297021 0.999902666 0.006595156 0.040888318 0.000449857 -0.006590122 0.999978185 0.039355106
79212000 0.557173696 0.990531003 0.500000000 0.500000000 0.000000000 0.000000000 0.999922574 0.012440287 -0.000279976 -0.547592074 -0.012438163 0.999900758 0.006615672 0.041079220 0.000362249 -0.006611677 0.999978065 0.039584586
79246000 0.557173696 0.990531003 0.500000000 0.500000000 0.000000000 0.000000000 0.999919951 0.012650413 -0.000192660 -0.552326234 -0.012648850 0.999897838 0.006659567 0.041350657 0.000276887 -0.006656597 0.999977827 0.039841879
79279000 0.557173696 0.990531003 0.500000000 0.500000000 0.000000000 0.000000000 0.999917924 0.012812730 -0.000101879 -0.557153936 -0.012811763 0.999895573 0.006682280 0.041632895 0.000187486 -0.006680427 0.999977648 0.040136058
79312000 0.557173696 0.990531003 0.500000000 0.500000000 0.000000000 0.000000000 0.999915898 0.012969953 -0.000050979 -0.561874788 -0.012969325 0.999893725 0.006661598 0.041913780 0.000137375 -0.006660377 0.999977827 0.040187738
79346000 0.557173696 0.990531003 0.500000000 0.500000000 0.000000000 0.000000000 0.999913454 0.013154574 0.000021804 -0.566678570 -0.013154423 0.999890804 0.006729426 0.042093837 0.000066721 -0.006729131 0.999977350 0.040406456
79379000 0.557173696 0.990531003 0.500000000 0.500000000 0.000000000 0.000000000 0.999911308 0.013316303 0.000065282 -0.571441905 -0.013316439 0.999888361 0.006780170 0.042251814 0.000025012 -0.006780438 0.999976993 0.040541828
79412000 0.557173696 0.990531003 0.500000000 0.500000000 0.000000000 0.000000000 0.999909222 0.013472865 0.000094286 -0.576150730 -0.013473195 0.999885798 0.006843464 0.042304462 -0.000002074 -0.006844113 0.999976575 0.040810497
79446000 0.557173696 0.990531003 0.500000000 0.500000000 0.000000000 0.000000000 0.999907076 0.013633513 0.000140018 -0.581025100 -0.013634151 0.999883831 0.006815862 0.042617329 -0.000047077 -0.006817138 0.999976754 0.040920924
79479000 0.557173696 0.990531003 0.500000000 0.500000000 0.000000000 0.000000000 0.999904811 0.013797552 0.000152983 -0.585660892 -0.013798275 0.999881446 0.006832573 0.042876752 -0.000058692 -0.006834033 0.999976635 0.041087284
79512000 0.557173696 0.990531003 0.500000000 0.500000000 0.000000000 0.000000000 0.999902964 0.013930338 0.000110976 -0.590216222 -0.013930772 0.999879003 0.006918662 0.042982161 -0.000014583 -0.006919537 0.999976039 0.041202169
79546000 0.557173696 0.990531003 0.500000000 0.500000000 0.000000000 0.000000000 0.999901295 0.014048009 0.000120928 -0.594995647 -0.014048509 0.999877572 0.006894013 0.043249658 -0.000024066 -0.006895032 0.999976218 0.041389028
79579000 0.557173696 0.990531003 0.500000000 0.500000000 0.000000000 0.000000000 0.999899328 0.014188402 0.000102771 -0.599725195 -0.014188774 0.999875069 0.006963507 0.043276568 -0.000003957 -0.006964264 0.999975741 0.041579439
79613000 0.557173696 0.990531003 0.500000000 0.500000000 0.000000000 0.000000000 0.999897420 0.014322175 0.000037574 -0.604140430 -0.014322086 0.999872863 0.007010613 0.043414587 0.000062838 -0.007010432 0.999975443 0.041598318
79646000 0.557173696 0.990531003 0.500000000 0.500000000 0.000000000 0.000000000 0.999895692 0.014444561 -0.000078347 -0.608600991 -0.014443658 0.999871194 0.007001454 0.043618171 0.000179470 -0.006999591 0.999975502 0.041681965
79679000 0.557173696 0.990531003 0.500000000 0.500000000 0.000000000 0.000000000 0.999893546 0.014588233 -0.000154007 -0.613029615 -0.014586816 0.999869585 0.006929706 0.044104013 0.000255080 -0.006926722 0.999975979 0.041683160
79713000 0.557173696 0.990531003 0.500000000 0.500000000 0.000000000 0.000000000 0.999891818 0.014708046 -0.000276524 -0.617508727 -0.014705797 0.999868214 0.006877813 0.044485542 0.000377647 -0.006873003 0.999976337 0.041757731
79746000 0.557173696 0.990531003 0.500000000 0.500000000 0.000000000 0.000000000 0.999889910 0.014835450 -0.000296796 -0.622188029 -0.014833044 0.999866068 0.006911636 0.044614710 0.000399294 -0.006906473 0.999976099 0.041848410
79779000 0.557173696 0.990531003 0.500000000 0.500000000 0.000000000 0.000000000 0.999888062 0.014957430 -0.000394089 -0.626756386 -0.014954348 0.999864280 0.006916044 0.044767285 0.000497482 -0.006909377 0.999975979 0.042031037
79813000 0.557173696 0.990531003 0.500000000 0.500000000 0.000000000 0.000000000 0.999885917 0.015097053 -0.000450753 -0.631279975 -0.015093562 0.999862015 0.006942141 0.044978229 0.000555496 -0.006934546 0.999975801 0.042200021
79846000 0.557173696 0.990531003 0.500000000 0.500000000 0.000000000 0.000000000 0.999883890 0.015228240 -0.000507655 -0.635929540 -0.015224336 0.999859810 0.006967764 0.045103089 0.000613691 -0.006959226 0.999975622 0.042279571
79879000 0.557173696 0.990531003 0.500000000 0.500000000 0.000000000 0.000000000 0.999881506 0.015380659 -0.000631393 -0.640436279 -0.015375897 0.999857605 0.006957745 0.045363515 0.000738318 -0.006947213 0.999975622 0.042295401
79913000 0.557173696 0.990531003 0.500000000 0.500000000 0.000000000 0.000000000 0.999879539 0.015504026 -0.000734277 -0.644857928 -0.015498532 0.999855578 0.006975572 0.045535224 0.000842320 -0.006963351 0.999975383 0.042428908
79946000 0.557173696 0.990531003 0.500000000 0.500000000 0.000000000 0.000000000 0.999877155 0.015652122 -0.000821673 -0.649432723 -0.015646016 0.999853253 0.006974970 0.045741703 0.000930726 -0.006961257 0.999975324 0.042443914
79980000 0.557173696 0.990531003 0.500000000 0.500000000 0.000000000 0.000000000 0.999874592 0.015808843 -0.000938363 -0.653899913 -0.015801845 0.999850333 0.007046987 0.045844052 0.001049627 -0.007031275 0.999974728 0.042478967
80013000 0.557173696 0.990531003 0.500000000 0.500000000 0.000000000 0.000000000 0.999872565 0.015931109 -0.001030519 -0.658518010 -0.015923511 0.999848664 0.007003039 0.046168371 0.001141930 -0.006985737 0.999974966 0.042428802
80046000 0.557173696 0.990531003 0.500000000 0.500000000 0.000000000 0.000000000 0.999869525 0.016109033 -0.001171440 -0.662822345 -0.016100464 0.999845982 0.006989004 0.046521023 0.001283845 -0.006969232 0.999974906 0.042419984
80080000 0.557173696 0.990531003 0.500000000 0.500000000 0.000000000 0.000000000 0.999866486 0.016295189 -0.001229382 -0.667509770 -0.016286206 0.999842882 0.006994086 0.046913298 0.001343159 -0.006973131 0.999974787 0.042533071
80113000 0.557173696 0.990531003 0.500000000 0.500000000 0.000000000 0.000000000 0.999863327 0.016477099 -0.001341923 -0.671999060 -0.016467266 0.999839664 0.007035093 0.047089958 0.001457626 -0.007012034 0.999974370 0.042634675
80147000 0.557173696 0.990531003 0.500000000 0.500000000 0.000000000 0.000000000 0.999860287 0.016645016 -0.001524871 -0.676224702 -0.016633920 0.999836981 0.007020275 0.047472773 0.001641475 -0.006993929 0.999974191 0.042607246
80180000 0.557173696 0.990531003 0.500000000 0.500000000 0.000000000 0.000000000 0.999857903 0.016778827 -0.001617089 -0.680770741 -0.016766956 0.999834239 0.007094321 0.047475166 0.001735855 -0.007066200 0.999973536 0.042718030
80213000 0.557173696 0.990531003 0.500000000 0.500000000 0.000000000 0.000000000 0.999854207 0.016994623 -0.001670292 -0.685376169 -0.016982429 0.999830842 0.007062410 0.047970681 0.001790032 -0.007033014 0.999973655 0.042881906
80247000 0.557173696 0.990531003 0.500000000 0.500000000 0.000000000 0.000000000 0.999850273 0.017218923 -0.001721157 -0.689998203 -0.017206199 0.999826372 0.007152240 0.048056274 0.001844012 -0.007121554 0.999972939 0.042953269
80280000 0.557173696 0.990531003 0.500000000 0.500000000 0.000000000 0.000000000 0.999846876 0.017400065 -0.001857659 -0.694300183 -0.017386254 0.999822855 0.007208584 0.048199069 0.001982760 -0.007175183 0.999972284 0.042986265
80314000 0.557173696 0.990531003 0.500000000 0.500000000 0.000000000 0.000000000 0.999843299 0.017600572 -0.001900843 -0.698967061 -0.017586358 0.999819040 0.007251432 0.048450421 0.002028128 -0.007216867 0.999971926 0.043022020
80347000 0.557173696 0.990531003 0.500000000 0.500000000 0.000000000 0.000000000 0.999839604 0.017808868 -0.001885021 -0.703745539 -0.017794598 0.999814749 0.007333301 0.048641396 0.002015270 -0.007298582 0.999971330 0.043193922
80380000 0.557173696 0.990531003 0.500000000 0.500000000 0.000000000 0.000000000 0.999835312 0.018039977 -0.001987533 -0.708169731 -0.018024841 0.999810278 0.007386539 0.048839070 0.002120409 -0.007349498 0.999970734 0.043335058
80414000 0.557173696 0.990531003 0.500000000 0.500000000 0.000000000 0.000000000 0.999831617 0.018236864 -0.002038450 -0.712611179 -0.018221226 0.999806285 0.007443883 0.049172532 0.002173808 -0.007405487 0.999970198 0.043477615
80447000 0.557173696 0.990531003 0.500000000 0.500000000 0.000000000 0.000000000 0.999826670 0.018512392 -0.001985453 -0.717540418 -0.018497080 0.999800980 0.007472277 0.049545514 0.002123388 -0.007434256 0.999970138 0.043710358
80480000 0.557173696 0.990531003 0.500000000 0.500000000 0.000000000 0.000000000 0.999822557 0.018716624 -0.002130456 -0.721766752 -0.018700104 0.999796808 0.007526090 0.049804088 0.002270886 -0.007484915 0.999969423 0.043842682
80514000 0.557173696 0.990531003 0.500000000 0.500000000 0.000000000 0.000000000 0.999818206 0.018939849 -0.002202092 -0.726254304 -0.018922577 0.999791920 0.007616426 0.049948099 0.002345888 -0.007573372 0.999968588 0.043779115
80547000 0.557173696 0.990531003 0.500000000 0.500000000 0.000000000 0.000000000 0.999814510 0.019122465 -0.002307664 -0.730514003 -0.019104330 0.999788284 0.007639781 0.050291634 0.002453267 -0.007594277 0.999968171 0.043868994
80581000 0.557173696 0.990531003 0.500000000 0.500000000 0.000000000 0.000000000 0.999809802 0.019356163 -0.002391736 -0.734915232 -0.019337324 0.999783635 0.007663216 0.050691571 0.002539549 -0.007615508 0.999967754 0.044005195
80614000 0.557173696 0.990531003 0.500000000 0.500000000 0.000000000 0.000000000 0.999803782 0.019665765 -0.002376770 -0.739660505 -0.019646853 0.999777079 0.007733636 0.051053086 0.002528328 -0.007685423 0.999967277 0.044067583
80647000 0.557173696 0.990531003 0.500000000 0.500000000 0.000000000 0.000000000 0.999799311 0.019874712 -0.002515101 -0.743788190 -0.019854445 0.999772131 0.007841434 0.051181888 0.002670374 -0.007789925 0.999966085 0.044165538
80681000 0.557173696 0.990531003 0.500000000 0.500000000 0.000000000 0.000000000 0.999794602 0.020099532 -0.002604451 -0.748235642 -0.020078251 0.999766767 0.007954333 0.051327695 0.002763722 -0.007900407 0.999964952 0.044220718
80714000 0.557173696 0.990531003 0.500000000 0.500000000 0.000000000 0.000000000 0.999788404 0.020398209 -0.002649456 -0.752589868 -0.020376358 0.999760151 0.008027600 0.051716115 0.002812569 -0.007971915 0.999964297 0.044423315
80747000 0.557173696 0.990531003 0.500000000 0.500000000 0.000000000 0.000000000 0.999784172 0.020595564 -0.002719214 -0.756946725 -0.020572837 0.999755263 0.008136713 0.051876098 0.002886129 -0.008079015 0.999963224 0.044538039
