https://www.youtube.com/watch?v=HePLxSQA5kg
113980533 0.498553070 0.886316562 0.500000000 0.500000000 0.000000000 0.000000000 0.999986827 -0.000029872 0.005127039 0.027853187 0.000032209 0.999999881 -0.000455831 0.002455749 -0.005127025 0.000455990 0.999986768 0.008029407
114013900 0.498553070 0.886316562 0.500000000 0.500000000 0.000000000 0.000000000 0.999987304 -0.000130680 0.005034989 0.031320027 0.000132904 0.999999881 -0.000441457 0.002386649 -0.005034931 0.000442121 0.999987245 0.008669464
114047267 0.498553070 0.886316562 0.500000000 0.500000000 0.000000000 0.000000000 0.999987602 -0.000293938 0.004965498 0.034939198 0.000296197 0.999999881 -0.000454264 0.002385372 -0.004965364 0.000455730 0.999987543 0.009160875
114080633 0.498553070 0.886316562 0.500000000 0.500000000 0.000000000 0.000000000 0.999987245 -0.000277366 0.005037975 0.038154390 0.000279525 0.999999881 -0.000427733 0.002488962 -0.005037856 0.000429135 0.999987245 0.009872419
114114000 0.498553070 0.886316562 0.500000000 0.500000000 0.000000000 0.000000000 0.999987841 -0.000323391 0.004915644 0.041660879 0.000325554 0.999999821 -0.000439244 0.002522191 -0.004915501 0.000440839 0.999987841 0.010218410
114147367 0.498553070 0.886316562 0.500000000 0.500000000 0.000000000 0.000000000 0.999988019 -0.000381153 0.004881354 0.044934891 0.000383230 0.999999821 -0.000424510 0.002375532 -0.004881192 0.000426376 0.999988019 0.010582087
114180733 0.498553070 0.886316562 0.500000000 0.500000000 0.000000000 0.000000000 0.999988437 -0.000379593 0.004791374 0.048501792 0.000381699 0.999999821 -0.000438504 0.002539188 -0.004791206 0.000440328 0.999988437 0.011144765
114214100 0.498553070 0.886316562 0.500000000 0.500000000 0.000000000 0.000000000 0.999988556 -0.000371306 0.004769234 0.051818855 0.000373596 0.999999821 -0.000479140 0.002723913 -0.004769055 0.000480917 0.999988496 0.011578087
114247467 0.498553070 0.886316562 0.500000000 0.500000000 0.000000000 0.000000000 0.999988556 -0.000484150 0.004759665 0.055268706 0.000486719 0.999999762 -0.000538683 0.002691458 -0.004759403 0.000540994 0.999988556 0.012159707
114280833 0.498553070 0.886316562 0.500000000 0.500000000 0.000000000 0.000000000 0.999988675 -0.000509513 0.004729880 0.058595797 0.000511977 0.999999762 -0.000519845 0.002682337 -0.004729615 0.000522260 0.999988675 0.012586965
114314200 0.498553070 0.886316562 0.500000000 0.500000000 0.000000000 0.000000000 0.999988794 -0.000561649 0.004698582 0.062174378 0.000564171 0.999999702 -0.000535399 0.002741033 -0.004698279 0.000538043 0.999988794 0.013232004
114347567 0.498553070 0.886316562 0.500000000 0.500000000 0.000000000 0.000000000 0.999988854 -0.000594445 0.004688724 0.065626209 0.000597143 0.999999642 -0.000574115 0.002807372 -0.004688381 0.000576908 0.999988854 0.013622353
114380933 0.498553070 0.886316562 0.500000000 0.500000000 0.000000000 0.000000000 0.999989033 -0.000611846 0.004646477 0.069336808 0.000614404 0.999999642 -0.000549160 0.002739185 -0.004646139 0.000552009 0.999989033 0.014271181
114414300 0.498553070 0.886316562 0.500000000 0.500000000 0.000000000 0.000000000 0.999989092 -0.000644694 0.004623055 0.073065513 0.000647423 0.999999642 -0.000588838 0.003029727 -0.004622674 0.000591825 0.999989152 0.014727790
114447667 0.498553070 0.886316562 0.500000000 0.500000000 0.000000000 0.000000000 0.999989212 -0.000743921 0.004582752 0.077047823 0.000746715 0.999999523 -0.000608130 0.002897539 -0.004582297 0.000611545 0.999989331 0.015306290
114481033 0.498553070 0.886316562 0.500000000 0.500000000 0.000000000 0.000000000 0.999989212 -0.000744676 0.004578690 0.080901216 0.000747532 0.999999523 -0.000622142 0.002969324 -0.004578224 0.000625558 0.999989331 0.015904198
114514400 0.498553070 0.886316562 0.500000000 0.500000000 0.000000000 0.000000000 0.999989271 -0.000745292 0.004566036 0.084802734 0.000748594 0.999999464 -0.000721592 0.003269470 -0.004565496 0.000725002 0.999989331 0.016332789
114547767 0.498553070 0.886316562 0.500000000 0.500000000 0.000000000 0.000000000 0.999989152 -0.000940316 0.004557867 0.088987752 0.000943295 0.999999344 -0.000651458 0.003024589 -0.004557251 0.000655751 0.999989390 0.017061148
114581133 0.498553070 0.886316562 0.500000000 0.500000000 0.000000000 0.000000000 0.999988735 -0.001014691 0.004632846 0.092714760 0.001017637 0.999999285 -0.000633528 0.002979052 -0.004632200 0.000638235 0.999989092 0.017516847
114614500 0.498553070 0.886316562 0.500000000 0.500000000 0.000000000 0.000000000 0.999989033 -0.001017266 0.004576561 0.096642289 0.001020337 0.999999285 -0.000668907 0.003196097 -0.004575877 0.000673569 0.999989331 0.018021836
114647867 0.498553070 0.886316562 0.500000000 0.500000000 0.000000000 0.000000000 0.999989271 -0.001003357 0.004522934 0.100563613 0.001006573 0.999999225 -0.000708788 0.003323755 -0.004522219 0.000713333 0.999989510 0.018531314
114681233 0.498553070 0.886316562 0.500000000 0.500000000 0.000000000 0.000000000 0.999989212 -0.001116711 0.004514410 0.104517765 0.001119516 0.999999166 -0.000619044 0.002907794 -0.004513715 0.000624091 0.999989629 0.019152366
114714600 0.498553070 0.886316562 0.500000000 0.500000000 0.000000000 0.000000000 0.999989510 -0.001044129 0.004454695 0.108324605 0.001047407 0.999999166 -0.000733519 0.003274875 -0.004453925 0.000738178 0.999989808 0.019576660
114747967 0.498553070 0.886316562 0.500000000 0.500000000 0.000000000 0.000000000 0.999989450 -0.001129877 0.004448436 0.112266726 0.001133169 0.999999106 -0.000737631 0.003219510 -0.004447599 0.000742665 0.999989808 0.020142673
114781333 0.498553070 0.886316562 0.500000000 0.500000000 0.000000000 0.000000000 0.999989629 -0.001177426 0.004395176 0.116289660 0.001180768 0.999998987 -0.000757961 0.003188853 -0.004394279 0.000763143 0.999990046 0.020609047
114814700 0.498553070 0.886316562 0.500000000 0.500000000 0.000000000 0.000000000 0.999989271 -0.001208901 0.004476356 0.119957473 0.001212257 0.999998987 -0.000747190 0.003236740 -0.004475448 0.000752608 0.999989688 0.021152029
114848067 0.498553070 0.886316562 0.500000000 0.500000000 0.000000000 0.000000000 0.999989569 -0.001251068 0.004387861 0.124180583 0.001254460 0.999998927 -0.000770401 0.003276927 -0.004386893 0.000775898 0.999990106 0.021719248
114881433 0.498553070 0.886316562 0.500000000 0.500000000 0.000000000 0.000000000 0.999989688 -0.001235817 0.004363758 0.128073603 0.001239474 0.999998868 -0.000835585 0.003353367 -0.004362721 0.000840985 0.999990106 0.022207253
114914800 0.498553070 0.886316562 0.500000000 0.500000000 0.000000000 0.000000000 0.999989927 -0.001211040 0.004316896 0.132162595 0.001214713 0.999998927 -0.000848271 0.003416083 -0.004315864 0.000853506 0.999990344 0.022812006
114948167 0.498553070 0.886316562 0.500000000 0.500000000 0.000000000 0.000000000 0.999989927 -0.001272677 0.004299455 0.136434629 0.001276366 0.999998808 -0.000855535 0.003323347 -0.004298361 0.000861014 0.999990404 0.023517328
114981533 0.498553070 0.886316562 0.500000000 0.500000000 0.000000000 0.000000000 0.999989688 -0.001326368 0.004336521 0.140819082 0.001330145 0.999998748 -0.000868270 0.003332144 -0.004335363 0.000874029 0.999990225 0.024087827
115014900 0.498553070 0.886316562 0.500000000 0.500000000 0.000000000 0.000000000 0.999989688 -0.001415126 0.004319959 0.144859601 0.001419147 0.999998569 -0.000927785 0.003331444 -0.004318640 0.000933906 0.999990225 0.024546069
115048267 0.498553070 0.886316562 0.500000000 0.500000000 0.000000000 0.000000000 0.999989867 -0.001548472 0.004224257 0.149151618 0.001552834 0.999998271 -0.001029670 0.003540497 -0.004222655 0.001036219 0.999990523 0.025137630
115081633 0.498553070 0.886316562 0.500000000 0.500000000 0.000000000 0.000000000 0.999989152 -0.001698389 0.004332500 0.153241648 0.001702983 0.999997973 -0.001057036 0.003615425 -0.004330696 0.001064403 0.999990046 0.025847395
115115000 0.498553070 0.886316562 0.500000000 0.500000000 0.000000000 0.000000000 0.999989629 -0.001705541 0.004222578 0.157340731 0.001710090 0.999997973 -0.001073991 0.003632016 -0.004220738 0.001081201 0.999990523 0.026390524
115148367 0.498553070 0.886316562 0.500000000 0.500000000 0.000000000 0.000000000 0.999990463 -0.001690653 0.004027701 0.161531210 0.001695052 0.999997973 -0.001088940 0.003558749 -0.004025852 0.001095757 0.999991298 0.026980530
115181733 0.498553070 0.886316562 0.500000000 0.500000000 0.000000000 0.000000000 0.999989986 -0.001713998 0.004131614 0.165540520 0.001718434 0.999997973 -0.001070383 0.003542177 -0.004129771 0.001077472 0.999990880 0.027443156
115215100 0.498553070 0.886316562 0.500000000 0.500000000 0.000000000 0.000000000 0.999990106 -0.001819715 0.004054894 0.169582877 0.001824204 0.999997735 -0.001103703 0.003517608 -0.004052876 0.001111089 0.999991179 0.028029837
115248467 0.498553070 0.886316562 0.500000000 0.500000000 0.000000000 0.000000000 0.999990880 -0.001879984 0.003832812 0.173991921 0.001884547 0.999997497 -0.001187330 0.003609182 -0.003830571 0.001194542 0.999991953 0.028740904
115281833 0.498553070 0.886316562 0.500000000 0.500000000 0.000000000 0.000000000 0.999990523 -0.001980427 0.003875060 0.178388037 0.001985061 0.999997318 -0.001192335 0.003814978 -0.003872688 0.001200016 0.999991775 0.029487171
115315200 0.498553070 0.886316562 0.500000000 0.500000000 0.000000000 0.000000000 0.999990225 -0.002055238 0.003914928 0.182910188 0.002059828 0.999997199 -0.001168952 0.003942756 -0.003912514 0.001177005 0.999991655 0.030312269
115348567 0.498553070 0.886316562 0.500000000 0.500000000 0.000000000 0.000000000 0.999990165 -0.002116836 0.003895852 0.187152255 0.002121336 0.999997079 -0.001151242 0.003828448 -0.003893404 0.001159495 0.999991775 0.030671292
115381933 0.498553070 0.886316562 0.500000000 0.500000000 0.000000000 0.000000000 0.999990404 -0.002210625 0.003784973 0.191665743 0.002214900 0.999996901 -0.001125412 0.003838853 -0.003782473 0.001133785 0.999992192 0.031347703
115415300 0.498553070 0.886316562 0.500000000 0.500000000 0.000000000 0.000000000 0.999990106 -0.002308130 0.003800990 0.196059834 0.002312502 0.999996662 -0.001146170 0.004121107 -0.003798332 0.001154948 0.999992132 0.032052580
115448667 0.498553070 0.886316562 0.500000000 0.500000000 0.000000000 0.000000000 0.999990106 -0.002443434 0.003713370 0.200294016 0.002447545 0.999996424 -0.001102982 0.003955733 -0.003710661 0.001112060 0.999992490 0.032636314
115482033 0.498553070 0.886316562 0.500000000 0.500000000 0.000000000 0.000000000 0.999990225 -0.002608365 0.003574593 0.204811678 0.002612144 0.999996006 -0.001052863 0.003886421 -0.003571833 0.001062190 0.999993086 0.033389551
115515400 0.498553070 0.886316562 0.500000000 0.500000000 0.000000000 0.000000000 0.999989748 -0.002723656 0.003622575 0.208633057 0.002727642 0.999995708 -0.001095795 0.004029840 -0.003619575 0.001105665 0.999992847 0.033889804
115548767 0.498553070 0.886316562 0.500000000 0.500000000 0.000000000 0.000000000 0.999989927 -0.002874248 0.003451421 0.212872303 0.002877888 0.999995291 -0.001050010 0.003941581 -0.003448387 0.001059933 0.999993503 0.034713968
115582133 0.498553070 0.886316562 0.500000000 0.500000000 0.000000000 0.000000000 0.999990523 -0.002820855 0.003309753 0.216927886 0.002824408 0.999995410 -0.001069036 0.004009295 -0.003306722 0.001078374 0.999993980 0.035251157
115615500 0.498553070 0.886316562 0.500000000 0.500000000 0.000000000 0.000000000 0.999990642 -0.002859250 0.003241837 0.221062225 0.002862512 0.999995410 -0.001001873 0.003932583 -0.003238957 0.001011144 0.999994218 0.035888811
115648867 0.498553070 0.886316562 0.500000000 0.500000000 0.000000000 0.000000000 0.999990404 -0.002879651 0.003303484 0.225132068 0.002883011 0.999995351 -0.001012926 0.004118896 -0.003300551 0.001022440 0.999994040 0.036511066
115682233 0.498553070 0.886316562 0.500000000 0.500000000 0.000000000 0.000000000 0.999990165 -0.002988784 0.003280077 0.229163919 0.002992017 0.999995053 -0.000981177 0.004127394 -0.003277129 0.000990981 0.999994159 0.037123935
115715600 0.498553070 0.886316562 0.500000000 0.500000000 0.000000000 0.000000000 0.999990702 -0.002923737 0.003173153 0.233263824 0.002927017 0.999995172 -0.001029629 0.004356475 -0.003170127 0.001038907 0.999994457 0.037712390
115748967 0.498553070 0.886316562 0.500000000 0.500000000 0.000000000 0.000000000 0.999990582 -0.003046003 0.003089511 0.237692286 0.003049107 0.999994874 -0.001000660 0.004195685 -0.003086447 0.001010071 0.999994755 0.038347279
115782333 0.498553070 0.886316562 0.500000000 0.500000000 0.000000000 0.000000000 0.999990106 -0.003112631 0.003172180 0.242143255 0.003115631 0.999994695 -0.000941185 0.004077805 -0.003169233 0.000951059 0.999994516 0.039129646
115815700 0.498553070 0.886316562 0.500000000 0.500000000 0.000000000 0.000000000 0.999989867 -0.003133714 0.003231656 0.246350942 0.003136824 0.999994636 -0.000957888 0.004136279 -0.003228637 0.000968015 0.999994338 0.039715249
115849067 0.498553070 0.886316562 0.500000000 0.500000000 0.000000000 0.000000000 0.999989331 -0.003358823 0.003164702 0.250843595 0.003361707 0.999993920 -0.000906265 0.003881929 -0.003161639 0.000916894 0.999994576 0.040408246
115882433 0.498553070 0.886316562 0.500000000 0.500000000 0.000000000 0.000000000 0.999989450 -0.003338000 0.003157574 0.255063986 0.003341101 0.999993920 -0.000977388 0.004122207 -0.003154292 0.000987927 0.999994516 0.040815282
115915800 0.498553070 0.886316562 0.500000000 0.500000000 0.000000000 0.000000000 0.999989331 -0.003367408 0.003157279 0.259156327 0.003370519 0.999993861 -0.000980672 0.004156918 -0.003153957 0.000991304 0.999994516 0.041406163
115949167 0.498553070 0.886316562 0.500000000 0.500000000 0.000000000 0.000000000 0.999988973 -0.003491703 0.003149310 0.263510041 0.003494888 0.999993384 -0.001006525 0.004273923 -0.003145775 0.001017520 0.999994516 0.042110516
115982533 0.498553070 0.886316562 0.500000000 0.500000000 0.000000000 0.000000000 0.999989271 -0.003479642 0.003063004 0.267985038 0.003482727 0.999993443 -0.001002195 0.004348536 -0.003059497 0.001012852 0.999994814 0.042851658
116015900 0.498553070 0.886316562 0.500000000 0.500000000 0.000000000 0.000000000 0.999989390 -0.003434238 0.003073396 0.272146143 0.003437349 0.999993563 -0.001007632 0.004479735 -0.003069916 0.001018186 0.999994755 0.043538521
116049267 0.498553070 0.886316562 0.500000000 0.500000000 0.000000000 0.000000000 0.999989331 -0.003534565 0.002982295 0.276663458 0.003537478 0.999993265 -0.000971977 0.004424527 -0.002978840 0.000982517 0.999995053 0.044209348
116082633 0.498553070 0.886316562 0.500000000 0.500000000 0.000000000 0.000000000 0.999989212 -0.003526774 0.003021308 0.280968805 0.003529713 0.999993324 -0.000968093 0.004542572 -0.003017873 0.000978747 0.999994993 0.044863907
116116000 0.498553070 0.886316562 0.500000000 0.500000000 0.000000000 0.000000000 0.999989033 -0.003548150 0.003054470 0.285104811 0.003550967 0.999993265 -0.000917418 0.004403105 -0.003051194 0.000928254 0.999994934 0.045465936
116149367 0.498553070 0.886316562 0.500000000 0.500000000 0.000000000 0.000000000 0.999989092 -0.003532667 0.003053907 0.289286958 0.003535461 0.999993324 -0.000909964 0.004453370 -0.003050672 0.000920751 0.999994934 0.046042595
116182733 0.498553070 0.886316562 0.500000000 0.500000000 0.000000000 0.000000000 0.999989271 -0.003506860 0.003018368 0.293634971 0.003509545 0.999993443 -0.000884604 0.004457695 -0.003015246 0.000895188 0.999995053 0.046685448
116216100 0.498553070 0.886316562 0.500000000 0.500000000 0.000000000 0.000000000 0.999988794 -0.003527645 0.003157255 0.297733571 0.003530511 0.999993384 -0.000902760 0.004661458 -0.003154049 0.000913897 0.999994636 0.047132411
116249467 0.498553070 0.886316562 0.500000000 0.500000000 0.000000000 0.000000000 0.999988735 -0.003569884 0.003129499 0.301962515 0.003572479 0.999993265 -0.000824010 0.004516698 -0.003126536 0.000835181 0.999994755 0.047592460
116282833 0.498553070 0.886316562 0.500000000 0.500000000 0.000000000 0.000000000 0.999988258 -0.003703364 0.003128937 0.306400920 0.003705963 0.999992788 -0.000825117 0.004615760 -0.003125859 0.000836703 0.999994755 0.048355705
116316200 0.498553070 0.886316562 0.500000000 0.500000000 0.000000000 0.000000000 0.999988258 -0.003682679 0.003144782 0.310367913 0.003685153 0.999992907 -0.000781037 0.004512784 -0.003141883 0.000792617 0.999994755 0.049040838
116349567 0.498553070 0.886316562 0.500000000 0.500000000 0.000000000 0.000000000 0.999988079 -0.003784704 0.003089120 0.314486879 0.003787311 0.999992490 -0.000838253 0.004641962 -0.003085924 0.000849943 0.999994874 0.049508705
