https://www.youtube.com/watch?v=WHKU2yBUr78
97197000 0.471101301 0.837513381 0.500000000 0.500000000 0.000000000 0.000000000 0.991022050 -0.012593627 0.133104101 -0.078086641 0.013977388 0.999857485 -0.009466780 0.013867046 -0.132965907 0.011242236 0.991056859 -0.505251564
97230000 0.471101301 0.837513381 0.500000000 0.500000000 0.000000000 0.000000000 0.990276277 -0.013123490 0.138494462 -0.074214743 0.014730426 0.999835491 -0.010584253 0.020797382 -0.138332784 0.012521417 0.990306675 -0.538195897
97264000 0.471101301 0.837513381 0.500000000 0.500000000 0.000000000 0.000000000 0.989507258 -0.013598292 0.143841878 -0.069722549 0.015296966 0.999825656 -0.010709942 0.022122708 -0.143671170 0.012797911 0.989542723 -0.568941481
97297000 0.471101301 0.837513381 0.500000000 0.500000000 0.000000000 0.000000000 0.988801718 -0.014233883 0.148555011 -0.062284799 0.015870530 0.999825656 -0.009837477 0.018611986 -0.148389086 0.012084961 0.988855183 -0.602831274
97331000 0.471101301 0.837513381 0.500000000 0.500000000 0.000000000 0.000000000 0.988069832 -0.014440442 0.153328151 -0.056230494 0.016104108 0.999824107 -0.009613905 0.019231785 -0.153162360 0.011968423 0.988128543 -0.635825189
97364000 0.471101301 0.837513381 0.500000000 0.500000000 0.000000000 0.000000000 0.987241387 -0.014816108 0.158540145 -0.054492401 0.016608179 0.999812245 -0.009984571 0.023086872 -0.158362448 0.012490245 0.987302065 -0.668223587
97397000 0.471101301 0.837513381 0.500000000 0.500000000 0.000000000 0.000000000 0.986406147 -0.015121905 0.163628221 -0.051990714 0.017005933 0.999804199 -0.010119366 0.025476929 -0.163443163 0.012764456 0.986470163 -0.701199081
97431000 0.471101301 0.837513381 0.500000000 0.500000000 0.000000000 0.000000000 0.985495746 -0.015579978 0.168983445 -0.050999931 0.017658072 0.999785721 -0.010801739 0.030462179 -0.168778941 0.013628989 0.985559702 -0.732699019
97464000 0.471101301 0.837513381 0.500000000 0.500000000 0.000000000 0.000000000 0.984727263 -0.015982270 0.173368916 -0.045911923 0.017952412 0.999790788 -0.009801666 0.027832706 -0.173175991 0.012764358 0.984808207 -0.766066137
97497000 0.471101301 0.837513381 0.500000000 0.500000000 0.000000000 0.000000000 0.983978510 -0.016141456 0.177555040 -0.039520825 0.018441107 0.999765992 -0.011309028 0.038600539 -0.177330941 0.014402151 0.984045863 -0.799010977
97531000 0.471101301 0.837513381 0.500000000 0.500000000 0.000000000 0.000000000 0.983119726 -0.016422622 0.182224974 -0.037300159 0.018871075 0.999753356 -0.011710551 0.042351610 -0.181987703 0.014951654 0.983187139 -0.831389971
97564000 0.471101301 0.837513381 0.500000000 0.500000000 0.000000000 0.000000000 0.982263327 -0.016926168 0.186741173 -0.034303759 0.019690445 0.999722183 -0.012957713 0.052141555 -0.186469957 0.016404903 0.982323706 -0.863152276
97598000 0.471101301 0.837513381 0.500000000 0.500000000 0.000000000 0.000000000 0.981403828 -0.017253278 0.191177383 -0.030625641 0.020242214 0.999701321 -0.013692322 0.058336140 -0.190884054 0.017307552 0.981459975 -0.895451254
97631000 0.471101301 0.837513381 0.500000000 0.500000000 0.000000000 0.000000000 0.980518639 -0.017466975 0.195648000 -0.028545394 0.020820046 0.999669254 -0.015094673 0.068152511 -0.195319638 0.018874008 0.980558038 -0.927091952
97664000 0.471101301 0.837513381 0.500000000 0.500000000 0.000000000 0.000000000 0.979709625 -0.017892059 0.199621812 -0.024118874 0.021349890 0.999656796 -0.015182590 0.070809312 -0.199281648 0.019136434 0.979755402 -0.959172445
97698000 0.471101301 0.837513381 0.500000000 0.500000000 0.000000000 0.000000000 0.978743672 -0.018015405 0.204294682 -0.024352776 0.021615492 0.999647677 -0.015404060 0.073677558 -0.203945205 0.019492557 0.978788257 -0.989877309
97731000 0.471101301 0.837513381 0.500000000 0.500000000 0.000000000 0.000000000 0.977865398 -0.018369911 0.208426967 -0.022311045 0.022113176 0.999633074 -0.015643554 0.077371910 -0.208063126 0.019906273 0.977912843 -1.020798720
97764000 0.471101301 0.837513381 0.500000000 0.500000000 0.000000000 0.000000000 0.977031112 -0.018400567 0.212300926 -0.019439766 0.022186529 0.999634266 -0.015464325 0.079076039 -0.211938724 0.019819347 0.977081954 -1.051734900
97798000 0.471101301 0.837513381 0.500000000 0.500000000 0.000000000 0.000000000 0.976111412 -0.018401956 0.216489971 -0.019231323 0.022360275 0.999624372 -0.015848659 0.084324906 -0.216116995 0.020310832 0.976156175 -1.083185771
97831000 0.471101301 0.837513381 0.500000000 0.500000000 0.000000000 0.000000000 0.975123823 -0.018231951 0.220909789 -0.020863262 0.022343142 0.999620318 -0.016125601 0.088904524 -0.220531911 0.020660276 0.975160897 -1.112721659
97864000 0.471101301 0.837513381 0.500000000 0.500000000 0.000000000 0.000000000 0.974018157 -0.018105010 0.225744978 -0.025679467 0.022441559 0.999609351 -0.016658401 0.094424776 -0.225355193 0.021291655 0.974043965 -1.141793616
97898000 0.471101301 0.837513381 0.500000000 0.500000000 0.000000000 0.000000000 0.972992778 -0.017902168 0.230140403 -0.027434214 0.022275373 0.999617040 -0.016418083 0.095714840 -0.229758352 0.021101139 0.973018944 -1.169292651
97931000 0.471101301 0.837513381 0.500000000 0.500000000 0.000000000 0.000000000 0.971815765 -0.017854087 0.235064670 -0.033778602 0.022325907 0.999616623 -0.016376030 0.098484175 -0.234682173 0.021162516 0.971841753 -1.196426379
97965000 0.471101301 0.837513381 0.500000000 0.500000000 0.000000000 0.000000000 0.970450878 -0.017386394 0.240671575 -0.045109939 0.022050023 0.999617398 -0.016697954 0.103079024 -0.240289181 0.021511359 0.970462978 -1.224700546
97998000 0.471101301 0.837513381 0.500000000 0.500000000 0.000000000 0.000000000 0.969198883 -0.017309079 0.245670334 -0.052154624 0.021985434 0.999625325 -0.016305044 0.104228142 -0.245296061 0.021204000 0.969216287 -1.254702427
98031000 0.471101301 0.837513381 0.500000000 0.500000000 0.000000000 0.000000000 0.967895329 -0.017174022 0.250766188 -0.060938827 0.021888401 0.999632001 -0.016022811 0.105499792 -0.250398725 0.020997275 0.967915058 -1.283392601
98065000 0.471101301 0.837513381 0.500000000 0.500000000 0.000000000 0.000000000 0.966457605 -0.017641736 0.256219596 -0.072677102 0.022241598 0.999639094 -0.015065954 0.104177260 -0.255861312 0.020259339 0.966501176 -1.313178688
98098000 0.471101301 0.837513381 0.500000000 0.500000000 0.000000000 0.000000000 0.965010345 -0.017785605 0.261607826 -0.083763499 0.022491748 0.999634385 -0.015005925 0.107515401 -0.261245310 0.020364890 0.965057611 -1.342344602
98131000 0.471101301 0.837513381 0.500000000 0.500000000 0.000000000 0.000000000 0.963606477 -0.017726257 0.266736448 -0.094322493 0.022840364 0.999609768 -0.016082473 0.118706371 -0.266347289 0.021589532 0.963635325 -1.373292825
98165000 0.471101301 0.837513381 0.500000000 0.500000000 0.000000000 0.000000000 0.962159991 -0.017887840 0.271897346 -0.105993697 0.023184150 0.999598682 -0.016278937 0.125497445 -0.271497041 0.021966651 0.962188542 -1.411731976
98198000 0.471101301 0.837513381 0.500000000 0.500000000 0.000000000 0.000000000 0.960785747 -0.018139377 0.276697934 -0.116736399 0.023154480 0.999621332 -0.014868150 0.121535062 -0.276323467 0.020691903 0.960841894 -1.444879042
98231000 0.471101301 0.837513381 0.500000000 0.500000000 0.000000000 0.000000000 0.959951580 -0.018463576 0.279556960 -0.116142126 0.023859832 0.999588668 -0.015911972 0.132865184 -0.279148161 0.021944905 0.959997237 -1.488480501
98265000 0.471101301 0.837513381 0.500000000 0.500000000 0.000000000 0.000000000 0.959061623 -0.019028930 0.282557487 -0.117752118 0.024713764 0.999557257 -0.016568368 0.141601247 -0.282117099 0.022873145 0.959107280 -1.533527320
98298000 0.471101301 0.837513381 0.500000000 0.500000000 0.000000000 0.000000000 0.958445668 -0.019691534 0.284594744 -0.114668656 0.025438145 0.999540031 -0.016509799 0.146357797 -0.284138769 0.023063309 0.958505750 -1.572267433
98332000 0.471101301 0.837513381 0.500000000 0.500000000 0.000000000 0.000000000 0.957808852 -0.019341454 0.286754519 -0.112688905 0.025528343 0.999514699 -0.017852223 0.157483486 -0.286270052 0.024419384 0.957837760 -1.612644382
98365000 0.471101301 0.837513381 0.500000000 0.500000000 0.000000000 0.000000000 0.957069874 -0.019184792 0.289221734 -0.113903620 0.025608931 0.999501884 -0.018443631 0.164822525 -0.288723826 0.025058502 0.957084417 -1.646875360
98398000 0.471101301 0.837513381 0.500000000 0.500000000 0.000000000 0.000000000 0.956271946 -0.018785529 0.291875184 -0.117630206 0.025696218 0.999472499 -0.019861069 0.177338838 -0.291348100 0.026492670 0.956250191 -1.683963159
98432000 0.471101301 0.837513381 0.500000000 0.500000000 0.000000000 0.000000000 0.955598056 -0.018852074 0.294069618 -0.117069814 0.025928931 0.999459982 -0.020184817 0.183976669 -0.293530285 0.026913483 0.955570817 -1.731890922
98465000 0.471101301 0.837513381 0.500000000 0.500000000 0.000000000 0.000000000 0.955072522 -0.018971108 0.295764446 -0.115353355 0.026111810 0.999454677 -0.020211723 0.189877292 -0.295219719 0.027026607 0.955047071 -1.774482292
98498000 0.471101301 0.837513381 0.500000000 0.500000000 0.000000000 0.000000000 0.954441965 -0.019076914 0.297786176 -0.115770237 0.026269685 0.999451399 -0.020170324 0.194785469 -0.297238022 0.027074153 0.954419494 -1.814324462
98532000 0.471101301 0.837513381 0.500000000 0.500000000 0.000000000 0.000000000 0.953937709 -0.019382311 0.299378008 -0.114346618 0.026876345 0.999419510 -0.020934399 0.204136063 -0.298798472 0.028016299 0.953904927 -1.852041062
98565000 0.471101301 0.837513381 0.500000000 0.500000000 0.000000000 0.000000000 0.953367531 -0.019836014 0.301159322 -0.115572617 0.027493762 0.999396920 -0.021210058 0.210848821 -0.300556958 0.028500982 0.953337908 -1.890732533
98599000 0.471101301 0.837513381 0.500000000 0.500000000 0.000000000 0.000000000 0.952865303 -0.020421598 0.302705616 -0.114791246 0.027996974 0.999393523 -0.020707022 0.213170827 -0.302099138 0.028205844 0.952859163 -1.931761226
98632000 0.471101301 0.837513381 0.500000000 0.500000000 0.000000000 0.000000000 0.952508807 -0.020560637 0.303816110 -0.110827761 0.027968947 0.999407649 -0.020052297 0.213648889 -0.303223848 0.027597407 0.952519655 -1.976100464
98665000 0.471101301 0.837513381 0.500000000 0.500000000 0.000000000 0.000000000 0.952340722 -0.020848935 0.304322988 -0.104412995 0.028021883 0.999422491 -0.019221306 0.214222492 -0.303746492 0.026832934 0.952374935 -2.016636753
98699000 0.471101301 0.837513381 0.500000000 0.500000000 0.000000000 0.000000000 0.952186406 -0.021163594 0.304783821 -0.098627493 0.027856158 0.999456525 -0.017626142 0.209546323 -0.304245144 0.025273480 0.952258468 -2.056006703
98732000 0.471101301 0.837513381 0.500000000 0.500000000 0.000000000 0.000000000 0.952189922 -0.021265890 0.304765701 -0.090919702 0.027796160 0.999467254 -0.017103834 0.210627279 -0.304239601 0.024757415 0.952273786 -2.091412703
98765000 0.471101301 0.837513381 0.500000000 0.500000000 0.000000000 0.000000000 0.952246785 -0.021465307 0.304573923 -0.081393486 0.027640659 0.999490201 -0.015977612 0.208075598 -0.304075688 0.023633255 0.952354670 -2.129130785
98799000 0.471101301 0.837513381 0.500000000 0.500000000 0.000000000 0.000000000 0.952477276 -0.021856317 0.303824604 -0.069883638 0.027427215 0.999524653 -0.014080066 0.202247874 -0.303372413 0.021744005 0.952623963 -2.163584526
98832000 0.471101301 0.837513381 0.500000000 0.500000000 0.000000000 0.000000000 0.952782750 -0.021885451 0.302863151 -0.058421332 0.027395405 0.999527276 -0.013956020 0.206811207 -0.302414536 0.021594113 0.952931881 -2.194474339
98865000 0.471101301 0.837513381 0.500000000 0.500000000 0.000000000 0.000000000 0.953000486 -0.021285549 0.302220196 -0.048158165 0.026933488 0.999531567 -0.014532609 0.213630679 -0.301769286 0.021989428 0.953127384 -2.229215286
98899000 0.471101301 0.837513381 0.500000000 0.500000000 0.000000000 0.000000000 0.952979684 -0.021142825 0.302295685 -0.044489507 0.026855396 0.999530435 -0.014752935 0.220579643 -0.301841825 0.022177517 0.953100026 -2.264591628
98932000 0.471101301 0.837513381 0.500000000 0.500000000 0.000000000 0.000000000 0.953117430 -0.020746931 0.301888525 -0.037201610 0.026543511 0.999533415 -0.015110979 0.226597436 -0.301434159 0.022415718 0.953223467 -2.299956083
98966000 0.471101301 0.837513381 0.500000000 0.500000000 0.000000000 0.000000000 0.953191280 -0.020678792 0.301660031 -0.031528205 0.026758602 0.999513268 -0.016035728 0.237219876 -0.301181614 0.023357116 0.953280687 -2.336236930
98999000 0.471101301 0.837513381 0.500000000 0.500000000 0.000000000 0.000000000 0.953215182 -0.020320358 0.301608831 -0.028032981 0.026514929 0.999512911 -0.016458310 0.243193160 -0.301127493 0.023685448 0.953289688 -2.371900672
99032000 0.471101301 0.837513381 0.500000000 0.500000000 0.000000000 0.000000000 0.953238487 -0.020256717 0.301539391 -0.024973998 0.026656788 0.999497950 -0.017124558 0.252502876 -0.301041126 0.024361860 0.953299940 -2.406404506
99066000 0.471101301 0.837513381 0.500000000 0.500000000 0.000000000 0.000000000 0.953359306 -0.019867398 0.301183194 -0.019803545 0.026443155 0.999492347 -0.017771628 0.260399191 -0.300677210 0.024906980 0.953400671 -2.441355489
99099000 0.471101301 0.837513381 0.500000000 0.500000000 0.000000000 0.000000000 0.953356147 -0.019693892 0.301204592 -0.017169839 0.026396574 0.999485850 -0.018198822 0.267194376 -0.300691336 0.025300728 0.953385830 -2.480536039
99132000 0.471101301 0.837513381 0.500000000 0.500000000 0.000000000 0.000000000 0.953354478 -0.019442635 0.301226258 -0.015285910 0.026343606 0.999474943 -0.018864119 0.275398878 -0.300701350 0.025919579 0.953366101 -2.519118300
99166000 0.471101301 0.837513381 0.500000000 0.500000000 0.000000000 0.000000000 0.953246474 -0.019198630 0.301583469 -0.016817581 0.026250895 0.999468148 -0.019348387 0.282948393 -0.301051587 0.026360616 0.953243434 -2.557305087
99199000 0.471101301 0.837513381 0.500000000 0.500000000 0.000000000 0.000000000 0.953180552 -0.019127630 0.301796198 -0.017227829 0.026197877 0.999468565 -0.019396676 0.288208324 -0.301264793 0.026394954 0.953175128 -2.595073911
99232000 0.471101301 0.837513381 0.500000000 0.500000000 0.000000000 0.000000000 0.953058124 -0.019133765 0.302182227 -0.019042924 0.026326032 0.999458373 -0.019745827 0.295131814 -0.301640749 0.026774179 0.953045666 -2.634213886
99266000 0.471101301 0.837513381 0.500000000 0.500000000 0.000000000 0.000000000 0.952935457 -0.019139541 0.302568436 -0.021554000 0.026349233 0.999457419 -0.019763999 0.299873559 -0.302026004 0.026806261 0.952922702 -2.673165215
99299000 0.471101301 0.837513381 0.500000000 0.500000000 0.000000000 0.000000000 0.952839911 -0.019589642 0.302840501 -0.023988863 0.026662514 0.999459386 -0.019238034 0.302389129 -0.302299887 0.026405256 0.952847064 -2.710822543
99333000 0.471101301 0.837513381 0.500000000 0.500000000 0.000000000 0.000000000 0.952909172 -0.019926935 0.302600503 -0.023060112 0.026870079 0.999462128 -0.018798800 0.304929627 -0.302063137 0.026044447 0.952932060 -2.746059712
99366000 0.471101301 0.837513381 0.500000000 0.500000000 0.000000000 0.000000000 0.952814102 -0.019799270 0.302908093 -0.026112473 0.026799070 0.999460816 -0.018969245 0.310242575 -0.302369177 0.026191818 0.952830970 -2.784320853
99399000 0.471101301 0.837513381 0.500000000 0.500000000 0.000000000 0.000000000 0.952794015 -0.019421518 0.302995652 -0.028533458 0.026487112 0.999464214 -0.019226840 0.315371876 -0.302459896 0.026344696 0.952797949 -2.822245490
99433000 0.471101301 0.837513381 0.500000000 0.500000000 0.000000000 0.000000000 0.952588081 -0.019834846 0.303615689 -0.035153514 0.027007528 0.999446154 -0.019442961 0.323278934 -0.303061873 0.026721042 0.952596188 -2.860541689
99466000 0.471101301 0.837513381 0.500000000 0.500000000 0.000000000 0.000000000 0.952445805 -0.020153524 0.304040819 -0.040460465 0.027138123 0.999455571 -0.018764060 0.324837517 -0.303497106 0.026122848 0.952474177 -2.899518444
99499000 0.471101301 0.837513381 0.500000000 0.500000000 0.000000000 0.000000000 0.952323258 -0.020015551 0.304433614 -0.045871501 0.027241025 0.999438584 -0.019504897 0.334089576 -0.303872287 0.026868051 0.952333808 -2.936907660
99533000 0.471101301 0.837513381 0.500000000 0.500000000 0.000000000 0.000000000 0.952309430 -0.020069754 0.304473221 -0.048088394 0.027288985 0.999437869 -0.019473255 0.338020361 -0.303911269 0.026853329 0.952321827 -2.975089581
99566000 0.471101301 0.837513381 0.500000000 0.500000000 0.000000000 0.000000000 0.952353299 -0.019884501 0.304348141 -0.050793717 0.027102530 0.999442279 -0.019509804 0.342107054 -0.303790450 0.026828829 0.952361047 -3.009956294
99600000 0.471101301 0.837513381 0.500000000 0.500000000 0.000000000 0.000000000 0.952681243 -0.019932924 0.303316921 -0.046864329 0.027401047 0.999416649 -0.020385168 0.352247170 -0.302733630 0.027731769 0.952671647 -3.042145182
99633000 0.471101301 0.837513381 0.500000000 0.500000000 0.000000000 0.000000000 0.953096271 -0.019610334 0.302031249 -0.040965844 0.027311588 0.999400079 -0.021295818 0.360002814 -0.301432461 0.028545918 0.953060150 -3.074310291
99666000 0.471101301 0.837513381 0.500000000 0.500000000 0.000000000 0.000000000 0.953342319 -0.019409571 0.301266849 -0.038443863 0.027295226 0.999385595 -0.021987317 0.368437564 -0.300654978 0.029184585 0.953286350 -3.110295195
99700000 0.471101301 0.837513381 0.500000000 0.500000000 0.000000000 0.000000000 0.953517258 -0.019477086 0.300708264 -0.037719674 0.027469613 0.999372244 -0.022373483 0.374756175 -0.300083727 0.029593842 0.953453720 -3.146635974
99733000 0.471101301 0.837513381 0.500000000 0.500000000 0.000000000 0.000000000 0.953692377 -0.019671611 0.300139844 -0.037484846 0.027745392 0.999358118 -0.022661377 0.380535408 -0.299501419 0.029939480 0.953625977 -3.182008878
99766000 0.471101301 0.837513381 0.500000000 0.500000000 0.000000000 0.000000000 0.954058409 -0.019510433 0.298984736 -0.033553199 0.027739041 0.999343574 -0.023302324 0.388673452 -0.298333824 0.030525329 0.953973353 -3.216461131
99800000 0.471101301 0.837513381 0.500000000 0.500000000 0.000000000 0.000000000 0.954461813 -0.019437244 0.297699213 -0.029130699 0.027869429 0.999320865 -0.024105756 0.397573944 -0.297028482 0.031304732 0.954355359 -3.251055733
99833000 0.471101301 0.837513381 0.500000000 0.500000000 0.000000000 0.000000000 0.954844356 -0.019517664 0.296464622 -0.024222319 0.027892662 0.999321699 -0.024045799 0.400042495 -0.295794189 0.031229183 0.954741061 -3.285148483
99866000 0.471101301 0.837513381 0.500000000 0.500000000 0.000000000 0.000000000 0.955176950 -0.019409951 0.295398414 -0.020756154 0.028184859 0.999278009 -0.025476070 0.412771989 -0.294690669 0.032659918 0.955034435 -3.320874618
99900000 0.471101301 0.837513381 0.500000000 0.500000000 0.000000000 0.000000000 0.955465615 -0.019716030 0.294443071 -0.018556296 0.028439619 0.999273419 -0.025374597 0.416080157 -0.293728858 0.032618403 0.955332100 -3.356143138
99933000 0.471101301 0.837513381 0.500000000 0.500000000 0.000000000 0.000000000 0.956051528 -0.019249544 0.292566091 -0.009873002 0.028006325 0.999275446 -0.025771588 0.420851711 -0.291858047 0.032832667 0.955897927 -3.389313507
99967000 0.471101301 0.837513381 0.500000000 0.500000000 0.000000000 0.000000000 0.956415534 -0.019386232 0.291364968 -0.005818651 0.028356662 0.999243975 -0.026596116 0.430327248 -0.290629089 0.033699077 0.956242204 -3.425344059
100000000 0.471101301 0.837513381 0.500000000 0.500000000 0.000000000 0.000000000 0.956905723 -0.019646732 0.289733499 0.000529645 0.028725216 0.999219537 -0.027114309 0.437300178 -0.288974643 0.034268495 0.956723213 -3.460185827
100033000 0.471101301 0.837513381 0.500000000 0.500000000 0.000000000 0.000000000 0.957558692 -0.019865094 0.287553012 0.011065259 0.029165799 0.999179661 -0.028096266 0.447163022 -0.286758959 0.035290536 0.957352519 -3.493402549
100067000 0.471101301 0.837513381 0.500000000 0.500000000 0.000000000 0.000000000 0.958191693 -0.019929809 0.285432130 0.020952621 0.029256944 0.999166965 -0.028450035 0.452943130 -0.284627348 0.035611458 0.957976580 -3.527673997
100100000 0.471101301 0.837513381 0.500000000 0.500000000 0.000000000 0.000000000 0.958905160 -0.018766297 0.283105582 0.031614693 0.028277317 0.999163389 -0.029546112 0.462152204 -0.282314241 0.036337383 0.958633542 -3.562168519
100133000 0.471101301 0.837513381 0.500000000 0.500000000 0.000000000 0.000000000 0.959396422 -0.019094681 0.281414062 0.039709734 0.028902236 0.999109447 -0.030741278 0.475232333 -0.280576438 0.037626568 0.959093928 -3.594617028
100167000 0.471101301 0.837513381 0.500000000 0.500000000 0.000000000 0.000000000 0.960092902 -0.018833652 0.279046476 0.051322594 0.028806044 0.999082863 -0.031679671 0.484821503 -0.278193891 0.038453650 0.959754884 -3.629450479
100200000 0.471101301 0.837513381 0.500000000 0.500000000 0.000000000 0.000000000 0.960613668 -0.018867619 0.277246147 0.058848638 0.028876416 0.999068677 -0.032061882 0.491667234 -0.276382983 0.038804956 0.960263848 -3.662818292
100233000 0.471101301 0.837513381 0.500000000 0.500000000 0.000000000 0.000000000 0.961095214 -0.019007174 0.275562644 0.065378976 0.029253623 0.999023139 -0.033120997 0.503298191 -0.274663925 0.039893635 0.960712373 -3.691689111
100267000 0.471101301 0.837513381 0.500000000 0.500000000 0.000000000 0.000000000 0.961597502 -0.018559102 0.273835331 0.072295696 0.029031817 0.998991847 -0.034241498 0.513924513 -0.272923768 0.040876478 0.961166859 -3.723602186
100300000 0.471101301 0.837513381 0.500000000 0.500000000 0.000000000 0.000000000 0.962131202 -0.017727518 0.272009760 0.080242475 0.028295634 0.998987436 -0.034978688 0.521888465 -0.271114230 0.041350774 0.961658537 -3.754360107
100334000 0.471101301 0.837513381 0.500000000 0.500000000 0.000000000 0.000000000 0.962607503 -0.017243505 0.270350695 0.086849441 0.027984742 0.998962522 -0.035926327 0.531595009 -0.269450724 0.042148646 0.962091386 -3.784116151
100367000 0.471101301 0.837513381 0.500000000 0.500000000 0.000000000 0.000000000 0.962973475 -0.016936418 0.269063681 0.090700541 0.027896689 0.998927176 -0.036963452 0.541899433 -0.268148988 0.043100808 0.962412834 -3.814864695
100400000 0.471101301 0.837513381 0.500000000 0.500000000 0.000000000 0.000000000 0.963422358 -0.016676215 0.267468333 0.096255398 0.027676677 0.998916626 -0.037410710 0.548989681 -0.266554683 0.043444950 0.962840140 -3.845318769
100434000 0.471101301 0.837513381 0.500000000 0.500000000 0.000000000 0.000000000 0.963697493 -0.016543781 0.266483456 0.098583735 0.027738445 0.998881221 -0.038299549 0.558660655 -0.265551716 0.044301018 0.963078260 -3.874683837
100467000 0.471101301 0.837513381 0.500000000 0.500000000 0.000000000 0.000000000 0.964035332 -0.016896401 0.265236586 0.101709030 0.028129926 0.998858273 -0.038611308 0.565412228 -0.264281362 0.044683747 0.963409960 -3.905572684
100500000 0.471101301 0.837513381 0.500000000 0.500000000 0.000000000 0.000000000 0.964431703 -0.017014107 0.263784051 0.105976911 0.028299320 0.998836815 -0.039041199 0.572389554 -0.262812972 0.045117479 0.963791370 -3.937007872
100534000 0.471101301 0.837513381 0.500000000 0.500000000 0.000000000 0.000000000 0.964766860 -0.016719654 0.262574583 0.108888073 0.028096233 0.998819232 -0.039632168 0.579954524 -0.261601895 0.045613158 0.964097440 -3.968801403
100567000 0.471101301 0.837513381 0.500000000 0.500000000 0.000000000 0.000000000 0.965091825 -0.016451528 0.261394620 0.111703958 0.027756609 0.998829365 -0.039615989 0.583337212 -0.260436863 0.045488495 0.964418709 -3.998747792
100601000 0.471101301 0.837513381 0.500000000 0.500000000 0.000000000 0.000000000 0.965324640 -0.016409609 0.260536164 0.112462805 0.027761605 0.998815894 -0.039951392 0.589162245 -0.259572089 0.045798961 0.964637101 -4.031903490
100634000 0.471101301 0.837513381 0.500000000 0.500000000 0.000000000 0.000000000 0.965622365 -0.015197704 0.259504288 0.114515668 0.026565017 0.998832285 -0.040353160 0.594014175 -0.258587986 0.045859650 0.964898527 -4.063009128
100667000 0.471101301 0.837513381 0.500000000 0.500000000 0.000000000 0.000000000 0.965938687 -0.014341243 0.258373290 0.117886265 0.025835475 0.998819053 -0.041146588 0.601714283 -0.257478058 0.046420280 0.965168476 -4.094218673
100701000 0.471101301 0.837513381 0.500000000 0.500000000 0.000000000 0.000000000 0.966035128 -0.014326287 0.258013457 0.115741507 0.025827719 0.998815298 -0.041242689 0.605870651 -0.257116914 0.046505783 0.965260625 -4.124296477
100734000 0.471101301 0.837513381 0.500000000 0.500000000 0.000000000 0.000000000 0.966217995 -0.013936846 0.257348984 0.115244684 0.025519857 0.998803198 -0.041723810 0.612146649 -0.256459475 0.046881806 0.965417325 -4.154640034
100767000 0.471101301 0.837513381 0.500000000 0.500000000 0.000000000 0.000000000 0.966451406 -0.013277739 0.256506175 0.115734117 0.025028231 0.998778701 -0.042599544 0.620930787 -0.255627275 0.047590282 0.965603352 -4.184234174
100801000 0.471101301 0.837513381 0.500000000 0.500000000 0.000000000 0.000000000 0.966594219 -0.014024720 0.255927473 0.114379226 0.025868306 0.998741448 -0.042969547 0.629360537 -0.255002737 0.048154525 0.965740502 -4.214614508
100834000 0.471101301 0.837513381 0.500000000 0.500000000 0.000000000 0.000000000 0.966643035 -0.014507753 0.255716085 0.110527246 0.026310232 0.998737395 -0.042794209 0.633204943 -0.254772365 0.048094671 0.965804279 -4.244955692
100867000 0.471101301 0.837513381 0.500000000 0.500000000 0.000000000 0.000000000 0.966576695 -0.014803953 0.255949855 0.102705273 0.026870301 0.998682797 -0.043710720 0.644276250 -0.254965633 0.049127214 0.965701342 -4.275212466
100901000 0.471101301 0.837513381 0.500000000 0.500000000 0.000000000 0.000000000 0.966980577 -0.015005990 0.254407823 0.108008642 0.027029935 0.998673141 -0.043832548 0.649657855 -0.253412515 0.049261853 0.966103196 -4.305402008
100934000 0.471101301 0.837513381 0.500000000 0.500000000 0.000000000 0.000000000 0.967290878 -0.015339511 0.253205627 0.110471293 0.027429339 0.998642266 -0.044285998 0.658029258 -0.252182513 0.049782705 0.966398299 -4.333973061
100968000 0.471101301 0.837513381 0.500000000 0.500000000 0.000000000 0.000000000 0.967749476 -0.015682066 0.251426041 0.118392680 0.027796613 0.998613477 -0.044704337 0.666125395 -0.250376374 0.050251391 0.966843545 -4.362578536
101001000 0.471101301 0.837513381 0.500000000 0.500000000 0.000000000 0.000000000 0.968142509 -0.016007500 0.249887645 0.123243357 0.028244037 0.998566866 -0.045459207 0.676798244 -0.248801827 0.051068824 0.967207134 -4.390844907
101034000 0.471101301 0.837513381 0.500000000 0.500000000 0.000000000 0.000000000 0.968539059 -0.015948463 0.248350069 0.129215311 0.028186303 0.998552978 -0.045798860 0.683093454 -0.247260273 0.051358055 0.967587054 -4.418953186
101068000 0.471101301 0.837513381 0.500000000 0.500000000 0.000000000 0.000000000 0.968886852 -0.016127300 0.246978179 0.134072269 0.028389690 0.998530149 -0.046169274 0.690877098 -0.245870560 0.051744435 0.967920542 -4.446783492
101101000 0.471101301 0.837513381 0.500000000 0.500000000 0.000000000 0.000000000 0.969348073 -0.016582524 0.245131254 0.142451960 0.028800001 0.998510480 -0.046340082 0.697763147 -0.243997693 0.051979452 0.968381763 -4.473563242
101134000 0.471101301 0.837513381 0.500000000 0.500000000 0.000000000 0.000000000 0.969834805 -0.016977089 0.243171170 0.150915918 0.029141087 0.998492539 -0.046512686 0.704670942 -0.242014945 0.052195892 0.968867540 -4.500508366
101168000 0.471101301 0.837513381 0.500000000 0.500000000 0.000000000 0.000000000 0.970418036 -0.016337220 0.240877479 0.161934047 0.028358111 0.998514652 -0.046522696 0.708088524 -0.239759624 0.051977292 0.969439864 -4.532571849
101201000 0.471101301 0.837513381 0.500000000 0.500000000 0.000000000 0.000000000 0.970947564 -0.016371036 0.238731787 0.171472204 0.028284965 0.998514712 -0.046564795 0.714419763 -0.237614900 0.051964492 0.969968498 -4.562812457
101234000 0.471101301 0.837513381 0.500000000 0.500000000 0.000000000 0.000000000 0.971547425 -0.016034285 0.236301646 0.184371883 0.027748162 0.998540759 -0.046329632 0.716562886 -0.235213950 0.051568374 0.970574617 -4.592879861
101268000 0.471101301 0.837513381 0.500000000 0.500000000 0.000000000 0.000000000 0.972072840 -0.015453579 0.234170064 0.194885490 0.026953330 0.998578310 -0.045987912 0.717584551 -0.233126462 0.051015262 0.971107364 -4.621527576
101301000 0.471101301 0.837513381 0.500000000 0.500000000 0.000000000 0.000000000 0.972801805 -0.015183073 0.231140956 0.211849253 0.026480576 0.998597145 -0.045853309 0.721372370 -0.230120495 0.050726928 0.971839130 -4.652031767
101335000 0.471101301 0.837513381 0.500000000 0.500000000 0.000000000 0.000000000 0.973512888 -0.014013299 0.228202388 0.227509273 0.025074057 0.998643100 -0.045642085 0.722611152 -0.227253154 0.050155114 0.972543299 -4.681622015
101368000 0.471101301 0.837513381 0.500000000 0.500000000 0.000000000 0.000000000 0.974213421 -0.013253053 0.225238830 0.243222949 0.024251800 0.998640776 -0.046134990 0.730713122 -0.224321246 0.050407775 0.973210692 -4.711172356
101468000 0.471101301 0.837513381 0.500000000 0.500000000 0.000000000 0.000000000 0.976608217 -0.010023314 0.214792803 0.306377258 0.020202158 0.998771548 -0.045246359 0.731933626 -0.214075431 0.048527241 0.975610971 -4.794696210
101535000 0.471101301 0.837513381 0.500000000 0.500000000 0.000000000 0.000000000 0.978208899 -0.008786884 0.207437158 0.351794873 0.019013662 0.998696983 -0.047358431 0.756030045 -0.206750736 0.050270580 0.977101326 -4.845935135
