https://www.youtube.com/watch?v=_UzsQJYHrEk
181673133 0.503902339 0.895826374 0.500000000 0.500000000 0.000000000 0.000000000 0.740094721 -0.019551897 0.672218323 0.773557334 0.034672253 0.999357224 -0.009106301 -0.075931677 -0.671608210 0.030046849 0.740296960 -0.679887306
181706500 0.503902339 0.895826374 0.500000000 0.500000000 0.000000000 0.000000000 0.739965200 -0.019730166 0.672355771 0.781559556 0.034417439 0.999370933 -0.008551951 -0.075287574 -0.671764076 0.029468911 0.740178764 -0.690394178
181739867 0.503902339 0.895826374 0.500000000 0.500000000 0.000000000 0.000000000 0.740059018 -0.019725705 0.672252595 0.790040139 0.033757448 0.999399304 -0.007837304 -0.075648868 -0.671694219 0.028493600 0.740280330 -0.700476391
181773233 0.503902339 0.895826374 0.500000000 0.500000000 0.000000000 0.000000000 0.740682304 -0.019132866 0.671582997 0.799939462 0.032652624 0.999438345 -0.007539053 -0.076037127 -0.671061516 0.027512988 0.740890980 -0.710058409
181806600 0.503902339 0.895826374 0.500000000 0.500000000 0.000000000 0.000000000 0.741157115 -0.019614166 0.671045005 0.809650014 0.031962141 0.999470532 -0.006087800 -0.077255844 -0.670570314 0.025960052 0.741391599 -0.719692723
181839967 0.503902339 0.895826374 0.500000000 0.500000000 0.000000000 0.000000000 0.741417885 -0.019694250 0.670754552 0.818148852 0.031675287 0.999482155 -0.005666118 -0.075970053 -0.670295596 0.025447303 0.741657794 -0.728330986
181873333 0.503902339 0.895826374 0.500000000 0.500000000 0.000000000 0.000000000 0.742041767 -0.019851517 0.670059681 0.828006704 0.030703142 0.999518931 -0.004389233 -0.077520663 -0.669650197 0.023829931 0.742294252 -0.737806787
181906700 0.503902339 0.895826374 0.500000000 0.500000000 0.000000000 0.000000000 0.742410660 -0.019905401 0.669649303 0.836502976 0.030144690 0.999538660 -0.003708687 -0.077395171 -0.669266522 0.022939740 0.742668211 -0.746377472
181940067 0.503902339 0.895826374 0.500000000 0.500000000 0.000000000 0.000000000 0.743026018 -0.019976772 0.668964267 0.845889970 0.029318340 0.999566436 -0.002714910 -0.078038717 -0.668620050 0.021630172 0.743289590 -0.754834009
181973433 0.503902339 0.895826374 0.500000000 0.500000000 0.000000000 0.000000000 0.743565381 -0.020133873 0.668359995 0.854713138 0.028432256 0.999594569 -0.001519438 -0.078946028 -0.668058455 0.020132784 0.743836403 -0.762798651
182006800 0.503902339 0.895826374 0.500000000 0.500000000 0.000000000 0.000000000 0.744202733 -0.020584201 0.667636573 0.863971418 0.027731953 0.999615371 -0.000092731 -0.079973474 -0.667377889 0.018583875 0.744487345 -0.770718987
182040167 0.503902339 0.895826374 0.500000000 0.500000000 0.000000000 0.000000000 0.744564354 -0.020640876 0.667231500 0.871551441 0.026808137 0.999640107 0.001008739 -0.081012723 -0.667012155 0.017136162 0.744849741 -0.778397830
182073533 0.503902339 0.895826374 0.500000000 0.500000000 0.000000000 0.000000000 0.745446205 -0.020766489 0.666242242 0.881720223 0.025387758 0.999673903 0.002753517 -0.084738991 -0.666082144 0.014861800 0.745730281 -0.786525440
182106900 0.503902339 0.895826374 0.500000000 0.500000000 0.000000000 0.000000000 0.745742023 -0.020961126 0.665904999 0.888945373 0.024938572 0.999682724 0.003539145 -0.084345642 -0.665767908 0.013967430 0.746028185 -0.793940488
182140267 0.503902339 0.895826374 0.500000000 0.500000000 0.000000000 0.000000000 0.746317089 -0.021032173 0.665258169 0.896966243 0.024252210 0.999696195 0.004398208 -0.084752574 -0.665148556 0.012851522 0.746600449 -0.801220182
182173633 0.503902339 0.895826374 0.500000000 0.500000000 0.000000000 0.000000000 0.747182786 -0.020982012 0.664287329 0.905741078 0.022925140 0.999720395 0.005790981 -0.087740934 -0.664223075 0.010901958 0.747454882 -0.809030366
182207000 0.503902339 0.895826374 0.500000000 0.500000000 0.000000000 0.000000000 0.747841477 -0.021142829 0.663540602 0.913441352 0.022026541 0.999732673 0.007030193 -0.089654228 -0.663511872 0.009358034 0.748107255 -0.816852838
182240367 0.503902339 0.895826374 0.500000000 0.500000000 0.000000000 0.000000000 0.748276472 -0.021068390 0.663052380 0.919792195 0.021315183 0.999743044 0.007711799 -0.090143252 -0.663044512 0.008362526 0.748533249 -0.824479647
182273733 0.503902339 0.895826374 0.500000000 0.500000000 0.000000000 0.000000000 0.748886764 -0.020876581 0.662369072 0.926403516 0.020273209 0.999757588 0.008589141 -0.091847795 -0.662387788 0.006996053 0.749128461 -0.832307457
182307100 0.503902339 0.895826374 0.500000000 0.500000000 0.000000000 0.000000000 0.749333262 -0.020950824 0.661861539 0.932401156 0.019709263 0.999762177 0.009332821 -0.092391447 -0.661899686 0.006051410 0.749567986 -0.840326352
182340467 0.503902339 0.895826374 0.500000000 0.500000000 0.000000000 0.000000000 0.749954522 -0.020931762 0.661158085 0.939100580 0.018926799 0.999769032 0.010183172 -0.093504348 -0.661218524 0.004876691 0.750177503 -0.848386031
182373833 0.503902339 0.895826374 0.500000000 0.500000000 0.000000000 0.000000000 0.750339687 -0.020795019 0.660725355 0.944775170 0.018210463 0.999776006 0.010785613 -0.093855672 -0.660801589 0.003939242 0.750550270 -0.856629247
182407200 0.503902339 0.895826374 0.500000000 0.500000000 0.000000000 0.000000000 0.750882506 -0.020754093 0.660109639 0.951604809 0.017587699 0.999779999 0.011427241 -0.094471756 -0.660201609 0.003029294 0.751082361 -0.864668956
182440567 0.503902339 0.895826374 0.500000000 0.500000000 0.000000000 0.000000000 0.751477420 -0.020669959 0.659434974 0.958747488 0.017593449 0.999781489 0.011289004 -0.092094698 -0.659524202 0.003118304 0.751676857 -0.872731276
182473933 0.503902339 0.895826374 0.500000000 0.500000000 0.000000000 0.000000000 0.752461672 -0.020565636 0.658314884 0.967779045 0.016788753 0.999786496 0.012043405 -0.093250712 -0.658422053 0.001990086 0.752646267 -0.881071497
182507300 0.503902339 0.895826374 0.500000000 0.500000000 0.000000000 0.000000000 0.753455043 -0.020624138 0.657175899 0.976693663 0.016061384 0.999786973 0.012961849 -0.094842973 -0.657303214 0.000788984 0.753625810 -0.888901504
182540667 0.503902339 0.895826374 0.500000000 0.500000000 0.000000000 0.000000000 0.754688323 -0.020430190 0.655765295 0.986118847 0.015031440 0.999791086 0.013849269 -0.097183225 -0.655911267 -0.000594785 0.754837751 -0.896140428
182574033 0.503902339 0.895826374 0.500000000 0.500000000 0.000000000 0.000000000 0.756290674 -0.020271838 0.653921545 0.996826263 0.014091284 0.999792695 0.014696761 -0.099197658 -0.654083967 -0.001900429 0.756419599 -0.903631030
182607400 0.503902339 0.895826374 0.500000000 0.500000000 0.000000000 0.000000000 0.757912874 -0.020275259 0.652040601 1.007535055 0.013426507 0.999790013 0.015481980 -0.100725732 -0.652217567 -0.002979364 0.758025944 -0.910705475
182640767 0.503902339 0.895826374 0.500000000 0.500000000 0.000000000 0.000000000 0.759742677 -0.020162309 0.649911165 1.019136665 0.012367615 0.999786377 0.016558873 -0.103609071 -0.650106192 -0.004542632 0.759829760 -0.917602360
182674133 0.503902339 0.895826374 0.500000000 0.500000000 0.000000000 0.000000000 0.761860371 -0.020103231 0.647429228 1.032141846 0.011568929 0.999781132 0.017430358 -0.105992708 -0.647637963 -0.005789436 0.761926234 -0.924333669
182707500 0.503902339 0.895826374 0.500000000 0.500000000 0.000000000 0.000000000 0.763984799 -0.019489409 0.644939840 1.044289363 0.010547974 0.999787390 0.017717583 -0.108104328 -0.645147979 -0.006733155 0.764027953 -0.930583993
182740867 0.503902339 0.895826374 0.500000000 0.500000000 0.000000000 0.000000000 0.766399145 -0.018978657 0.642084241 1.057395838 0.009770362 0.999792218 0.017889736 -0.109383053 -0.642290354 -0.007437283 0.766425312 -0.936406093
182774233 0.503902339 0.895826374 0.500000000 0.500000000 0.000000000 0.000000000 0.768887699 -0.018747220 0.639108956 1.070552517 0.008534357 0.999781907 0.019059613 -0.112921733 -0.639326870 -0.009200319 0.768880010 -0.942147312
182807600 0.503902339 0.895826374 0.500000000 0.500000000 0.000000000 0.000000000 0.771198809 -0.017624455 0.636350393 1.082079764 0.007129497 0.999793112 0.019050118 -0.115273670 -0.636554480 -0.010154570 0.771164894 -0.947536246
182840967 0.503902339 0.895826374 0.500000000 0.500000000 0.000000000 0.000000000 0.773588836 -0.016660973 0.633468807 1.094310824 0.005922524 0.999800742 0.019063380 -0.117378480 -0.633660197 -0.010995483 0.773533344 -0.953141389
182874333 0.503902339 0.895826374 0.500000000 0.500000000 0.000000000 0.000000000 0.776114583 -0.016113868 0.630385995 1.106866549 0.004849276 0.999796391 0.019586403 -0.119338940 -0.630573273 -0.012144377 0.776034713 -0.958478361
182907700 0.503902339 0.895826374 0.500000000 0.500000000 0.000000000 0.000000000 0.778598607 -0.015241878 0.627337158 1.118866058 0.003535018 0.999795675 0.019903816 -0.122153813 -0.627512336 -0.013279436 0.778493404 -0.963705470
182941067 0.503902339 0.895826374 0.500000000 0.500000000 0.000000000 0.000000000 0.780932367 -0.014447144 0.624448478 1.130320747 0.002712519 0.999801517 0.019738991 -0.122948919 -0.624609649 -0.013720988 0.780816555 -0.968566138
182974433 0.503902339 0.895826374 0.500000000 0.500000000 0.000000000 0.000000000 0.783296764 -0.013555555 0.621500194 1.141543064 0.001589302 0.999802649 0.019803669 -0.124925391 -0.621645987 -0.014524398 0.783163667 -0.973698549
183007800 0.503902339 0.895826374 0.500000000 0.500000000 0.000000000 0.000000000 0.785537481 -0.012812355 0.618681431 1.152014428 0.000672995 0.999802709 0.019850546 -0.126223741 -0.618813694 -0.015176978 0.785391152 -0.978437363
183041167 0.503902339 0.895826374 0.500000000 0.500000000 0.000000000 0.000000000 0.787609339 -0.011771952 0.616062462 1.161722632 -0.000552290 0.999803603 0.019810701 -0.128633087 -0.616174638 -0.015943337 0.787448168 -0.982952359
183074533 0.503902339 0.895826374 0.500000000 0.500000000 0.000000000 0.000000000 0.789717317 -0.010883764 0.613374412 1.171374579 -0.001539627 0.999804318 0.019722871 -0.130152014 -0.613469005 -0.016519859 0.789546013 -0.988363811
183107900 0.503902339 0.895826374 0.500000000 0.500000000 0.000000000 0.000000000 0.791533828 -0.009755189 0.611047506 1.179726009 -0.002683812 0.999807477 0.019438159 -0.132025113 -0.611119449 -0.017025897 0.791355252 -0.992739828
183141267 0.503902339 0.895826374 0.500000000 0.500000000 0.000000000 0.000000000 0.793289065 -0.008811322 0.608781397 1.187784868 -0.003909364 0.999800920 0.019565025 -0.134495867 -0.608832598 -0.017900668 0.793096721 -0.997221458
183174633 0.503902339 0.895826374 0.500000000 0.500000000 0.000000000 0.000000000 0.794863105 -0.008160094 0.606733918 1.195293389 -0.004290786 0.999808967 0.019067869 -0.134308652 -0.606773615 -0.017759711 0.794676304 -1.001851534
183208000 0.503902339 0.895826374 0.500000000 0.500000000 0.000000000 0.000000000 0.796330750 -0.007122160 0.604819477 1.202075408 -0.005151053 0.999814570 0.018555589 -0.135498477 -0.604839504 -0.017891843 0.796146393 -1.006568134
183241367 0.503902339 0.895826374 0.500000000 0.500000000 0.000000000 0.000000000 0.797811210 -0.006388586 0.602873504 1.209488594 -0.005697211 0.999819338 0.018134369 -0.136106158 -0.602880478 -0.017902501 0.797630668 -1.011100083
183274733 0.503902339 0.895826374 0.500000000 0.500000000 0.000000000 0.000000000 0.799310267 -0.005546970 0.600892961 1.216604429 -0.006532860 0.999818087 0.017919570 -0.137001899 -0.600883067 -0.018248845 0.799128592 -1.015154460
183308100 0.503902339 0.895826374 0.500000000 0.500000000 0.000000000 0.000000000 0.800669014 -0.004771631 0.599087894 1.222915950 -0.007245951 0.999818027 0.017647445 -0.137967601 -0.599063098 -0.018470723 0.800488770 -1.019002596
183341467 0.503902339 0.895826374 0.500000000 0.500000000 0.000000000 0.000000000 0.802175224 -0.003743669 0.597076952 1.229816875 -0.007896398 0.999826372 0.016877748 -0.138182204 -0.597036481 -0.018253669 0.802006364 -1.023127572
183374833 0.503902339 0.895826374 0.500000000 0.500000000 0.000000000 0.000000000 0.803710639 -0.002896316 0.595013261 1.237049336 -0.008615827 0.999826670 0.016504584 -0.139267748 -0.594957948 -0.018391442 0.803546369 -1.027035957
183408200 0.503902339 0.895826374 0.500000000 0.500000000 0.000000000 0.000000000 0.805166185 -0.001819960 0.593046427 1.243667992 -0.009960147 0.999812722 0.016590931 -0.142563320 -0.592965603 -0.019265287 0.804997265 -1.030577843
183441567 0.503902339 0.895826374 0.500000000 0.500000000 0.000000000 0.000000000 0.806770623 -0.001203573 0.590863526 1.251121851 -0.010597239 0.999807596 0.016506150 -0.144037319 -0.590769708 -0.019578200 0.806602657 -1.034520914
183474933 0.503902339 0.895826374 0.500000000 0.500000000 0.000000000 0.000000000 0.808407307 -0.000158381 0.588623524 1.258618181 -0.011520426 0.999804139 0.016091010 -0.145689845 -0.588510811 -0.019789282 0.808247149 -1.038348932
183508300 0.503902339 0.895826374 0.500000000 0.500000000 0.000000000 0.000000000 0.810055256 0.000873054 0.586352885 1.265955483 -0.012489672 0.999797702 0.015766012 -0.147892726 -0.586220503 -0.020094696 0.809902310 -1.041931388
183541667 0.503902339 0.895826374 0.500000000 0.500000000 0.000000000 0.000000000 0.811780155 0.001995471 0.583959758 1.273363671 -0.013905784 0.999776661 0.015914476 -0.151523682 -0.583797574 -0.021039475 0.811626554 -1.044744118
183575033 0.503902339 0.895826374 0.500000000 0.500000000 0.000000000 0.000000000 0.813651204 0.002908603 0.581346095 1.281615280 -0.014929775 0.999762237 0.015893660 -0.154016062 -0.581161618 -0.021611262 0.813501120 -1.047428179
183608400 0.503902339 0.895826374 0.500000000 0.500000000 0.000000000 0.000000000 0.815487146 0.003650443 0.578763664 1.289812186 -0.015655577 0.999753356 0.015753200 -0.156147165 -0.578563392 -0.021907412 0.815343142 -1.050053737
183641767 0.503902339 0.895826374 0.500000000 0.500000000 0.000000000 0.000000000 0.817435861 0.004741792 0.576000154 1.298295115 -0.017092288 0.999725461 0.016026659 -0.160372402 -0.575766027 -0.022945926 0.817292452 -1.052663647
183675133 0.503902339 0.895826374 0.500000000 0.500000000 0.000000000 0.000000000 0.819495797 0.005356126 0.573060155 1.307406868 -0.017877826 0.999708593 0.016222099 -0.163044971 -0.572806299 -0.023539012 0.819352686 -1.055144602
183708500 0.503902339 0.895826374 0.500000000 0.500000000 0.000000000 0.000000000 0.821525991 0.005763331 0.570141912 1.316601733 -0.018321559 0.999699354 0.016294256 -0.164763170 -0.569876611 -0.023832044 0.821384609 -1.057637399
183741867 0.503902339 0.895826374 0.500000000 0.500000000 0.000000000 0.000000000 0.823705971 0.006406002 0.566981018 1.326467194 -0.019227641 0.999676645 0.016638992 -0.168024622 -0.566691101 -0.024607344 0.823562801 -1.059969858
183775233 0.503902339 0.895826374 0.500000000 0.500000000 0.000000000 0.000000000 0.826106191 0.006754152 0.563473940 1.337276942 -0.019194145 0.999685228 0.016157582 -0.168206471 -0.563187480 -0.024163280 0.825975776 -1.062446683
183808600 0.503902339 0.895826374 0.500000000 0.500000000 0.000000000 0.000000000 0.828528643 0.006993477 0.559903026 1.348161729 -0.019244175 0.999686956 0.015990382 -0.168681017 -0.559615910 -0.024023362 0.828403831 -1.064602505
183841967 0.503902339 0.895826374 0.500000000 0.500000000 0.000000000 0.000000000 0.830988526 0.007222423 0.556242645 1.359184455 -0.019258283 0.999689817 0.015790284 -0.168858859 -0.555956125 -0.023833824 0.830869853 -1.066277217
183875333 0.503902339 0.895826374 0.500000000 0.500000000 0.000000000 0.000000000 0.833521843 0.007333373 0.552437842 1.370770142 -0.019177318 0.999693394 0.015664367 -0.169043087 -0.552153587 -0.023650868 0.833406925 -1.068424514
183908700 0.503902339 0.895826374 0.500000000 0.500000000 0.000000000 0.000000000 0.836080551 0.007106211 0.548560619 1.382725001 -0.018557249 0.999710202 0.015333224 -0.168205064 -0.548292696 -0.022999587 0.835970163 -1.070641969
183942067 0.503902339 0.895826374 0.500000000 0.500000000 0.000000000 0.000000000 0.838793218 0.007069033 0.544404268 1.395118851 -0.017995888 0.999729335 0.014745862 -0.166657769 -0.544152617 -0.022165768 0.838693380 -1.072668960
183975433 0.503902339 0.895826374 0.500000000 0.500000000 0.000000000 0.000000000 0.841549873 0.006759738 0.540137172 1.407802255 -0.017250167 0.999747992 0.014364578 -0.165338096 -0.539903939 -0.021405965 0.841454387 -1.073919871
184008800 0.503902339 0.895826374 0.500000000 0.500000000 0.000000000 0.000000000 0.844373584 0.006533735 0.535714984 1.420778136 -0.016825616 0.999755800 0.014326584 -0.165345438 -0.535490572 -0.021110723 0.844277322 -1.074725734
184042167 0.503902339 0.895826374 0.500000000 0.500000000 0.000000000 0.000000000 0.847272873 0.006381256 0.531119525 1.433789099 -0.016414128 0.999764800 0.014172876 -0.165339754 -0.530904174 -0.020726157 0.847178400 -1.074953047
184075533 0.503902339 0.895826374 0.500000000 0.500000000 0.000000000 0.000000000 0.850280225 0.005834590 0.526297987 1.447788914 -0.015436685 0.999784827 0.013855598 -0.163965055 -0.526103854 -0.019905437 0.850187302 -1.075172913
184108900 0.503902339 0.895826374 0.500000000 0.500000000 0.000000000 0.000000000 0.853168011 0.005297043 0.521609306 1.461189294 -0.014652079 0.999797225 0.013812476 -0.162875646 -0.521430373 -0.019427024 0.853072643 -1.074462477
184142267 0.503902339 0.895826374 0.500000000 0.500000000 0.000000000 0.000000000 0.856260836 0.004802538 0.516521335 1.475529407 -0.013751864 0.999814272 0.013500964 -0.161412484 -0.516360581 -0.018663479 0.856167853 -1.073535025
184175633 0.503902339 0.895826374 0.500000000 0.500000000 0.000000000 0.000000000 0.859280705 0.003920399 0.511489332 1.489751803 -0.012465290 0.999834120 0.013277764 -0.159134892 -0.511352420 -0.017785190 0.859187067 -1.072659209
184209000 0.503902339 0.895826374 0.500000000 0.500000000 0.000000000 0.000000000 0.862218738 0.003462617 0.506524324 1.503759991 -0.011851922 0.999840796 0.013339701 -0.158733210 -0.506397486 -0.017505027 0.862122476 -1.071310590
184242367 0.503902339 0.895826374 0.500000000 0.500000000 0.000000000 0.000000000 0.865045547 0.003201160 0.501683116 1.516927415 -0.011423084 0.999846101 0.013316814 -0.159124726 -0.501563311 -0.017250419 0.864948928 -1.070177118
184275733 0.503902339 0.895826374 0.500000000 0.500000000 0.000000000 0.000000000 0.867943466 0.002893538 0.496654570 1.530335623 -0.010941368 0.999851763 0.013295718 -0.159392807 -0.496542484 -0.016974013 0.867846429 -1.068964396
