https://www.youtube.com/watch?v=HfKAP0JvJYA
53286567 0.488478246 0.868405775 0.500000000 0.500000000 0.000000000 0.000000000 0.574613571 0.056798607 -0.816451550 -0.222122211 -0.052737463 0.998085320 0.032318134 0.017826192 0.816723943 0.024487147 0.576508760 -0.269867138
53319933 0.488478246 0.868405775 0.500000000 0.500000000 0.000000000 0.000000000 0.568774104 0.056927253 -0.820521355 -0.220028166 -0.052717641 0.998073816 0.032702588 0.017975105 0.820802569 0.024655566 0.570679665 -0.277643481
53353300 0.488478246 0.868405775 0.500000000 0.500000000 0.000000000 0.000000000 0.562646210 0.057108894 -0.824722886 -0.217154486 -0.052599840 0.998062730 0.033227116 0.017528212 0.825022757 0.024685180 0.564560115 -0.286060484
53386667 0.488478246 0.868405775 0.500000000 0.500000000 0.000000000 0.000000000 0.556541324 0.057128608 -0.828853488 -0.214564754 -0.052872241 0.998046279 0.033288643 0.018621649 0.829135835 0.025296837 0.558474541 -0.293724858
53420033 0.488478246 0.868405775 0.500000000 0.500000000 0.000000000 0.000000000 0.550527155 0.057167795 -0.832857549 -0.212029580 -0.052931704 0.998035491 0.033517316 0.019110229 0.833137512 0.025632380 0.552471578 -0.301393212
53453400 0.488478246 0.868405775 0.500000000 0.500000000 0.000000000 0.000000000 0.544655204 0.057351962 -0.836696744 -0.210089220 -0.053064678 0.998016596 0.033866819 0.019585089 0.836979628 0.025953306 0.546618283 -0.309522333
53486767 0.488478246 0.868405775 0.500000000 0.500000000 0.000000000 0.000000000 0.538518190 0.057369556 -0.840658605 -0.207160819 -0.053128909 0.998006165 0.034073625 0.019897180 0.840937257 0.026314009 0.540492475 -0.317151483
53520133 0.488478246 0.868405775 0.500000000 0.500000000 0.000000000 0.000000000 0.532468736 0.057469502 -0.844496489 -0.204596807 -0.053129561 0.997994363 0.034416258 0.020040763 0.844780624 0.026542146 0.534454167 -0.324850397
53553500 0.488478246 0.868405775 0.500000000 0.500000000 0.000000000 0.000000000 0.526678383 0.057658240 -0.848106921 -0.202654715 -0.053010285 0.997982919 0.034927871 0.019854918 0.848410130 0.026562633 0.528672576 -0.333118118
53586867 0.488478246 0.868405775 0.500000000 0.500000000 0.000000000 0.000000000 0.520611644 0.058093190 -0.851814926 -0.200168754 -0.052792002 0.997963786 0.035795067 0.019088956 0.852159917 0.026333688 0.522618413 -0.340232322
53620233 0.488478246 0.868405775 0.500000000 0.500000000 0.000000000 0.000000000 0.514705479 0.058212228 -0.855388582 -0.198048120 -0.053048518 0.997943044 0.035993148 0.020349250 0.855724335 0.026851226 0.516734838 -0.347753974
53653600 0.488478246 0.868405775 0.500000000 0.500000000 0.000000000 0.000000000 0.508933902 0.058497701 -0.858815610 -0.196111529 -0.052834604 0.997929990 0.036663622 0.019718299 0.859182596 0.026715824 0.510971129 -0.356150334
53686967 0.488478246 0.868405775 0.500000000 0.500000000 0.000000000 0.000000000 0.502907574 0.058882527 -0.862332165 -0.193621030 -0.052427877 0.997917950 0.037565049 0.018555675 0.862748682 0.026318498 0.504947603 -0.362615392
53720333 0.488478246 0.868405775 0.500000000 0.500000000 0.000000000 0.000000000 0.497180462 0.058959030 -0.865641594 -0.191830820 -0.052747570 0.997897089 0.037671458 0.019764197 0.866042316 0.026930979 0.499244899 -0.369947467
53753700 0.488478246 0.868405775 0.500000000 0.500000000 0.000000000 0.000000000 0.491235465 0.059114944 -0.869018495 -0.189581765 -0.052152973 0.997900486 0.038401302 0.018399968 0.869464099 0.026457816 0.493287146 -0.376447561
53787067 0.488478246 0.868405775 0.500000000 0.500000000 0.000000000 0.000000000 0.485427648 0.059366442 -0.872258902 -0.187646723 -0.052051697 0.997884572 0.038948894 0.018333969 0.872725964 0.026495690 0.487490863 -0.383614749
53820433 0.488478246 0.868405775 0.500000000 0.500000000 0.000000000 0.000000000 0.479747176 0.059464775 -0.875389397 -0.185977084 -0.052029718 0.997873068 0.039270740 0.018681690 0.875862718 0.026706235 0.481820732 -0.390321127
53853800 0.488478246 0.868405775 0.500000000 0.500000000 0.000000000 0.000000000 0.473759323 0.059620496 -0.878633857 -0.183206508 -0.051899459 0.997861862 0.039726634 0.018590238 0.879123747 0.026779760 0.475840628 -0.396755240
53887167 0.488478246 0.868405775 0.500000000 0.500000000 0.000000000 0.000000000 0.467848003 0.059732180 -0.881788135 -0.180459255 -0.051665414 0.997855723 0.040182594 0.018181648 0.882297516 0.026758602 0.469930917 -0.403601561
53920533 0.488478246 0.868405775 0.500000000 0.500000000 0.000000000 0.000000000 0.462035388 0.059933938 -0.884833992 -0.178382365 -0.051554374 0.997841775 0.040668242 0.018479068 0.885361731 0.026826896 0.464128077 -0.409705970
53953900 0.488478246 0.868405775 0.500000000 0.500000000 0.000000000 0.000000000 0.456292659 0.060038198 -0.887802005 -0.176288490 -0.051344160 0.997835338 0.041090548 0.018155743 0.888347208 0.026834132 0.458387554 -0.415509780
53987267 0.488478246 0.868405775 0.500000000 0.500000000 0.000000000 0.000000000 0.450452238 0.059986420 -0.890783012 -0.173675856 -0.051420428 0.997827172 0.041192558 0.018901863 0.891318500 0.027249163 0.452558041 -0.421585983
54020633 0.488478246 0.868405775 0.500000000 0.500000000 0.000000000 0.000000000 0.444870591 0.060181648 -0.893570542 -0.172006034 -0.051371828 0.997811675 0.041626412 0.019366542 0.894120276 0.027385985 0.446988702 -0.427301350
54054000 0.488478246 0.868405775 0.500000000 0.500000000 0.000000000 0.000000000 0.438943684 0.060283136 -0.896490037 -0.169018252 -0.051089056 0.997807145 0.042081591 0.018945466 0.897060931 0.027329382 0.441060930 -0.434144747
54087367 0.488478246 0.868405775 0.500000000 0.500000000 0.000000000 0.000000000 0.433028430 0.060333408 -0.899358809 -0.166404201 -0.050910104 0.997801721 0.042424958 0.018865457 0.899941385 0.027415238 0.435148090 -0.439791623
54120733 0.488478246 0.868405775 0.500000000 0.500000000 0.000000000 0.000000000 0.427385688 0.060360923 -0.902052104 -0.164414356 -0.051005766 0.997789323 0.042601034 0.019823084 0.902629435 0.027802786 0.429519653 -0.447375137
54154100 0.488478246 0.868405775 0.500000000 0.500000000 0.000000000 0.000000000 0.421665668 0.060428221 -0.904735625 -0.162065621 -0.050665624 0.997788250 0.043029826 0.019403882 0.905334771 0.027694795 0.423794687 -0.453636761
54187467 0.488478246 0.868405775 0.500000000 0.500000000 0.000000000 0.000000000 0.415784359 0.060522534 -0.907447159 -0.159154842 -0.050528359 0.997779369 0.043395620 0.019604529 0.908058524 0.027808599 0.417919159 -0.459885964
54220833 0.488478246 0.868405775 0.500000000 0.500000000 0.000000000 0.000000000 0.409993172 0.060543373 -0.910076976 -0.156737093 -0.050522417 0.997770071 0.043616660 0.020245012 0.910688221 0.028096754 0.412137717 -0.466393131
54254200 0.488478246 0.868405775 0.500000000 0.500000000 0.000000000 0.000000000 0.404240102 0.060617246 -0.912642062 -0.154465047 -0.050425302 0.997760952 0.043935727 0.020695410 0.913261890 0.028259667 0.406391650 -0.472593421
54287567 0.488478246 0.868405775 0.500000000 0.500000000 0.000000000 0.000000000 0.398381799 0.060590934 -0.915216208 -0.151803907 -0.050359499 0.997755527 0.044134524 0.021191698 0.915836155 0.028507439 0.400538951 -0.480364587
54320933 0.488478246 0.868405775 0.500000000 0.500000000 0.000000000 0.000000000 0.392596304 0.060774848 -0.917700708 -0.149435662 -0.050380994 0.997737229 0.044522069 0.021801600 0.918329954 0.028755473 0.394769847 -0.487861466
54354300 0.488478246 0.868405775 0.500000000 0.500000000 0.000000000 0.000000000 0.386956811 0.060908526 -0.920084000 -0.147537129 -0.050177008 0.997728467 0.044945721 0.021930563 0.920731604 0.028775012 0.389134049 -0.495159354
54387667 0.488478246 0.868405775 0.500000000 0.500000000 0.000000000 0.000000000 0.381266296 0.061023816 -0.922448993 -0.145412899 -0.050253239 0.997711718 0.045232106 0.022494148 0.923098385 0.029110568 0.383460492 -0.502994524
54421033 0.488478246 0.868405775 0.500000000 0.500000000 0.000000000 0.000000000 0.375716895 0.061253432 -0.924707949 -0.143635221 -0.050204337 0.997693360 0.045689587 0.022903828 0.925373614 0.029258002 0.377925426 -0.511052583
54454400 0.488478246 0.868405775 0.500000000 0.500000000 0.000000000 0.000000000 0.370105207 0.061523035 -0.926950395 -0.141653989 -0.050191455 0.997671545 0.046176866 0.023472900 0.927632987 0.029434692 0.372331351 -0.519019835
54487767 0.488478246 0.868405775 0.500000000 0.500000000 0.000000000 0.000000000 0.364419818 0.061563380 -0.929197609 -0.139109570 -0.050351296 0.997655392 0.046351854 0.024256036 0.929872572 0.029894771 0.366665184 -0.527612377
54521133 0.488478246 0.868405775 0.500000000 0.500000000 0.000000000 0.000000000 0.358976275 0.061752822 -0.931301594 -0.137615171 -0.050174247 0.997642815 0.046811793 0.024098184 0.931997120 0.029923033 0.361228496 -0.535907067
54554500 0.488478246 0.868405775 0.500000000 0.500000000 0.000000000 0.000000000 0.353480101 0.061938498 -0.933389246 -0.135528328 -0.050224293 0.997622907 0.047180723 0.024715777 0.934092760 0.030201366 0.355750680 -0.544975569
54587867 0.488478246 0.868405775 0.500000000 0.500000000 0.000000000 0.000000000 0.348103434 0.062290281 -0.935384393 -0.133887724 -0.050326135 0.997592926 0.047704071 0.025450790 0.936104298 0.030468332 0.350400329 -0.553255774
54621233 0.488478246 0.868405775 0.500000000 0.500000000 0.000000000 0.000000000 0.342805624 0.062446557 -0.937328517 -0.132549185 -0.050367296 0.997574747 0.048039630 0.025938232 0.938055158 0.030742446 0.345119506 -0.561678836
54654600 0.488478246 0.868405775 0.500000000 0.500000000 0.000000000 0.000000000 0.337473631 0.062712215 -0.939243674 -0.130823241 -0.050174143 0.997558355 0.048578069 0.025757872 0.939996839 0.030731929 0.339796185 -0.569976348
54687967 0.488478246 0.868405775 0.500000000 0.500000000 0.000000000 0.000000000 0.332226396 0.062973857 -0.941095054 -0.129239916 -0.050136603 0.997537076 0.049051430 0.025843960 0.941866219 0.030887133 0.334565461 -0.578838230
54721333 0.488478246 0.868405775 0.500000000 0.500000000 0.000000000 0.000000000 0.327014774 0.063133888 -0.942907989 -0.127697864 -0.050039105 0.997523010 0.049436398 0.025901672 0.943693519 0.031015838 0.329363912 -0.586996294
54754700 0.488478246 0.868405775 0.500000000 0.500000000 0.000000000 0.000000000 0.321966201 0.063483588 -0.944620371 -0.126578237 -0.049984183 0.997497618 0.050000526 0.025966479 0.945430756 0.031117599 0.324333698 -0.595354183
54788067 0.488478246 0.868405775 0.500000000 0.500000000 0.000000000 0.000000000 0.316857755 0.063706353 -0.946331143 -0.125123352 -0.049878255 0.997480333 0.050449066 0.025824996 0.947160661 0.031216171 0.319236934 -0.603724067
54821433 0.488478246 0.868405775 0.500000000 0.500000000 0.000000000 0.000000000 0.311685592 0.063965492 -0.948029816 -0.123745069 -0.049777925 0.997460663 0.050935108 0.025766327 0.948880553 0.031315219 0.314078182 -0.611531781
54854800 0.488478246 0.868405775 0.500000000 0.500000000 0.000000000 0.000000000 0.306536019 0.064412020 -0.949677169 -0.121988385 -0.049622368 0.997432470 0.051633965 0.025698799 0.950564742 0.031297561 0.308945268 -0.619454064
54888167 0.488478246 0.868405775 0.500000000 0.500000000 0.000000000 0.000000000 0.301476240 0.064495310 -0.951289892 -0.120130058 -0.049512357 0.997422457 0.051931880 0.025674527 0.952187300 0.031444374 0.303892493 -0.627359496
54921533 0.488478246 0.868405775 0.500000000 0.500000000 0.000000000 0.000000000 0.296147019 0.064743273 -0.952945590 -0.117992540 -0.049297079 0.997406363 0.052443888 0.025265587 0.953869343 0.031446334 0.298570573 -0.634857350
54954900 0.488478246 0.868405775 0.500000000 0.500000000 0.000000000 0.000000000 0.290895671 0.065057673 -0.954540312 -0.115872550 -0.048956793 0.997390628 0.053058624 0.024600255 0.955501437 0.031296708 0.293321609 -0.642511548
54988267 0.488478246 0.868405775 0.500000000 0.500000000 0.000000000 0.000000000 0.285648227 0.065128595 -0.956118882 -0.113463111 -0.048788656 0.997382581 0.053363375 0.024320069 0.957091808 0.031404603 0.288078099 -0.650247228
55021633 0.488478246 0.868405775 0.500000000 0.500000000 0.000000000 0.000000000 0.280493259 0.065363221 -0.957627892 -0.111401365 -0.048727654 0.997361958 0.053802747 0.024401508 0.958618343 0.031571653 0.282938302 -0.657942475
55055000 0.488478246 0.868405775 0.500000000 0.500000000 0.000000000 0.000000000 0.275091887 0.065467894 -0.959186316 -0.108806908 -0.048374046 0.997357666 0.054199688 0.023627859 0.960200191 0.031489830 0.277531952 -0.665472080
55088367 0.488478246 0.868405775 0.500000000 0.500000000 0.000000000 0.000000000 0.269767016 0.065629624 -0.960686505 -0.105916496 -0.048363224 0.997338951 0.054552846 0.023819255 0.961710334 0.031745337 0.272223234 -0.673073340
55121733 0.488478246 0.868405775 0.500000000 0.500000000 0.000000000 0.000000000 0.264535666 0.065638013 -0.962139547 -0.103435445 -0.048280519 0.997331381 0.054764338 0.023791119 0.963166595 0.031965476 0.266998738 -0.680633324
55155100 0.488478246 0.868405775 0.500000000 0.500000000 0.000000000 0.000000000 0.259434998 0.065823950 -0.963514745 -0.101371009 -0.048033748 0.997319281 0.055199839 0.023375200 0.964565337 0.031960458 0.261901289 -0.687986957
55188467 0.488478246 0.868405775 0.500000000 0.500000000 0.000000000 0.000000000 0.254140109 0.065802269 -0.964926362 -0.098435423 -0.048150633 0.997306526 0.055328596 0.023840678 0.965968072 0.032400601 0.256624013 -0.696353617
55221833 0.488478246 0.868405775 0.500000000 0.500000000 0.000000000 0.000000000 0.248976454 0.065834180 -0.966269433 -0.096077173 -0.048112407 0.997295976 0.055551074 0.024036520 0.967313766 0.032658637 0.251470655 -0.704045917
55255200 0.488478246 0.868405775 0.500000000 0.500000000 0.000000000 0.000000000 0.243670255 0.065776527 -0.967625082 -0.092626756 -0.048209567 0.997285664 0.055652495 0.024443946 0.968659222 0.033087928 0.246179909 -0.712608448
55288567 0.488478246 0.868405775 0.500000000 0.500000000 0.000000000 0.000000000 0.238552347 0.065814771 -0.968896866 -0.089932580 -0.048239388 0.997272313 0.055865210 0.024789413 0.969930768 0.033412214 0.241076514 -0.720656701
55321933 0.488478246 0.868405775 0.500000000 0.500000000 0.000000000 0.000000000 0.233396158 0.065869585 -0.970148146 -0.087134861 -0.048160657 0.997261584 0.056124102 0.024717259 0.971188307 0.033623822 0.235929340 -0.729403587
55355300 0.488478246 0.868405775 0.500000000 0.500000000 0.000000000 0.000000000 0.228329793 0.065908365 -0.971350372 -0.084448070 -0.048456442 0.997238755 0.056274571 0.025799495 0.972377241 0.034219023 0.230893016 -0.737649737
55388667 0.488478246 0.868405775 0.500000000 0.500000000 0.000000000 0.000000000 0.223122954 0.065933324 -0.972557962 -0.081245139 -0.048459630 0.997226536 0.056488153 0.025910140 0.973585010 0.034525994 0.225699231 -0.746187288
55422033 0.488478246 0.868405775 0.500000000 0.500000000 0.000000000 0.000000000 0.218232647 0.066007011 -0.973661959 -0.079159169 -0.048565686 0.997208297 0.056717966 0.026492045 0.974687576 0.034908846 0.220829085 -0.754571205
55455400 0.488478246 0.868405775 0.500000000 0.500000000 0.000000000 0.000000000 0.213120535 0.066111125 -0.974786639 -0.075882386 -0.048663396 0.997187972 0.056990985 0.026955524 0.975813270 0.035290480 0.215738431 -0.763378589
55488767 0.488478246 0.868405775 0.500000000 0.500000000 0.000000000 0.000000000 0.208299220 0.066331580 -0.975813270 -0.073190051 -0.048726775 0.997162521 0.057381485 0.027275961 0.976850629 0.035595719 0.210940301 -0.771486137
55522133 0.488478246 0.868405775 0.500000000 0.500000000 0.000000000 0.000000000 0.203556553 0.066568412 -0.976797521 -0.070944562 -0.048595004 0.997143149 0.057828162 0.027111607 0.977856457 0.035696175 0.206209898 -0.779464788
55555500 0.488478246 0.868405775 0.500000000 0.500000000 0.000000000 0.000000000 0.198951036 0.066846855 -0.977726936 -0.068888980 -0.048394069 0.997123957 0.058325641 0.026787156 0.978813827 0.035712238 0.201613829 -0.787202942
55588867 0.488478246 0.868405775 0.500000000 0.500000000 0.000000000 0.000000000 0.194113791 0.067096189 -0.978681743 -0.066220054 -0.048327509 0.997100830 0.058773581 0.026613514 0.979787886 0.035888486 0.196793616 -0.795528951
55622233 0.488478246 0.868405775 0.500000000 0.500000000 0.000000000 0.000000000 0.189747885 0.067326389 -0.979521751 -0.064689273 -0.048294097 0.997078538 0.059177849 0.026891891 0.980644405 0.036076248 0.192445010 -0.803131903
55655600 0.488478246 0.868405775 0.500000000 0.500000000 0.000000000 0.000000000 0.185421988 0.067507893 -0.980337381 -0.063548059 -0.048274249 0.997058630 0.059528712 0.027062523 0.981472492 0.036287118 0.188135490 -0.810471778
55688967 0.488478246 0.868405775 0.500000000 0.500000000 0.000000000 0.000000000 0.180748209 0.067787744 -0.981190562 -0.060982385 -0.048145853 0.997035801 0.060013350 0.026747448 0.982350290 0.036392950 0.183476135 -0.818444429
55722333 0.488478246 0.868405775 0.500000000 0.500000000 0.000000000 0.000000000 0.176111698 0.067832321 -0.982030272 -0.058453904 -0.048224144 0.997019589 0.060219441 0.027144625 0.983188212 0.036752220 0.178857967 -0.826421879
55755700 0.488478246 0.868405775 0.500000000 0.500000000 0.000000000 0.000000000 0.171656787 0.067925602 -0.982812345 -0.056348587 -0.048278246 0.997001529 0.060474049 0.027731729 0.983973145 0.037067674 0.174421415 -0.834450808
55789067 0.488478246 0.868405775 0.500000000 0.500000000 0.000000000 0.000000000 0.167084619 0.068048634 -0.983591437 -0.053848503 -0.048384868 0.996979296 0.060755622 0.028230719 0.984754622 0.037439611 0.169872418 -0.842751540
55822433 0.488478246 0.868405775 0.500000000 0.500000000 0.000000000 0.000000000 0.162543640 0.068096854 -0.984348714 -0.051474911 -0.048390117 0.996965349 0.060979098 0.028471106 0.985514045 0.037720986 0.165345594 -0.851099235
55855800 0.488478246 0.868405775 0.500000000 0.500000000 0.000000000 0.000000000 0.158102274 0.068149693 -0.985068142 -0.049045490 -0.048582669 0.996944070 0.061173838 0.029375821 0.986226857 0.038185518 0.160930008 -0.859123864
55889167 0.488478246 0.868405775 0.500000000 0.500000000 0.000000000 0.000000000 0.153834820 0.068339452 -0.985730469 -0.046988721 -0.048785836 0.996914029 0.061501190 0.030282467 0.986891448 0.038628660 0.156694084 -0.866547981
55922533 0.488478246 0.868405775 0.500000000 0.500000000 0.000000000 0.000000000 0.149295881 0.068306997 -0.986430407 -0.044044695 -0.048928987 0.996899247 0.061626550 0.030936278 0.987581253 0.039064452 0.152175143 -0.874614844
55955900 0.488478246 0.868405775 0.500000000 0.500000000 0.000000000 0.000000000 0.145104691 0.068175964 -0.987064660 -0.042287759 -0.049326703 0.996881127 0.061602648 0.032508227 0.988185942 0.039749812 0.148015022 -0.882468130
55989267 0.488478246 0.868405775 0.500000000 0.500000000 0.000000000 0.000000000 0.140673265 0.068324968 -0.987695694 -0.039471832 -0.049042001 0.996872127 0.061974917 0.031869508 0.988840699 0.039720360 0.143584043 -0.890755876
56022633 0.488478246 0.868405775 0.500000000 0.500000000 0.000000000 0.000000000 0.136407599 0.068264611 -0.988297999 -0.037043800 -0.049328670 0.996853471 0.062047083 0.032995299 0.989423871 0.040287729 0.139345795 -0.898690703
56056000 0.488478246 0.868405775 0.500000000 0.500000000 0.000000000 0.000000000 0.132109508 0.068326950 -0.988877416 -0.034594044 -0.049239278 0.996842146 0.062299140 0.033326594 0.990011394 0.040461302 0.135056689 -0.906186892
56089367 0.488478246 0.868405775 0.500000000 0.500000000 0.000000000 0.000000000 0.127893314 0.068320289 -0.989431977 -0.032429794 -0.049345586 0.996827304 0.062452558 0.034016086 0.990559578 0.040836833 0.130858853 -0.914288426
56122733 0.488478246 0.868405775 0.500000000 0.500000000 0.000000000 0.000000000 0.123687334 0.068359211 -0.989963889 -0.030066528 -0.049298637 0.996815801 0.062672913 0.034002954 0.991095901 0.041052025 0.126663506 -0.922060267
56156100 0.488478246 0.868405775 0.500000000 0.500000000 0.000000000 0.000000000 0.119579002 0.068355352 -0.990468800 -0.027955782 -0.049175479 0.996810377 0.062856063 0.034015857 0.991606116 0.041190509 0.122558996 -0.929597880
56189467 0.488478246 0.868405775 0.500000000 0.500000000 0.000000000 0.000000000 0.115588635 0.068284832 -0.990947247 -0.026021011 -0.049313519 0.996798515 0.062935881 0.034782967 0.992072284 0.041592427 0.118585944 -0.937687027
56222833 0.488478246 0.868405775 0.500000000 0.500000000 0.000000000 0.000000000 0.111756735 0.068531387 -0.991369724 -0.024854922 -0.049008708 0.996785343 0.063381024 0.034101890 0.992526352 0.041502494 0.114756107 -0.944438293
56256200 0.488478246 0.868405775 0.500000000 0.500000000 0.000000000 0.000000000 0.107629314 0.068422906 -0.991833746 -0.021939820 -0.049171671 0.996774316 0.063427851 0.034778288 0.992974341 0.041943427 0.110646605 -0.952223417
56289567 0.488478246 0.868405775 0.500000000 0.500000000 0.000000000 0.000000000 0.103757299 0.068636298 -0.992231548 -0.020329858 -0.048747908 0.996767998 0.063852549 0.033878459 0.993407309 0.041744046 0.106767841 -0.959252676
56322933 0.488478246 0.868405775 0.500000000 0.500000000 0.000000000 0.000000000 0.100041859 0.068723306 -0.992607057 -0.019052312 -0.048550557 0.996760666 0.064117618 0.033687932 0.993798018 0.041777179 0.103054345 -0.966225868
56356300 0.488478246 0.868405775 0.500000000 0.500000000 0.000000000 0.000000000 0.095890753 0.068714075 -0.993017316 -0.016006324 -0.048237018 0.996763110 0.064315267 0.033200328 0.994222403 0.041732956 0.098894931 -0.973696936
56389667 0.488478246 0.868405775 0.500000000 0.500000000 0.000000000 0.000000000 0.092088573 0.068778627 -0.993372619 -0.014164449 -0.048030671 0.996757269 0.064560384 0.033182669 0.994591773 0.041767079 0.095093437 -0.980804672
56423033 0.488478246 0.868405775 0.500000000 0.500000000 0.000000000 0.000000000 0.088182554 0.068849064 -0.993722141 -0.011951162 -0.047569718 0.996761322 0.064838313 0.032342752 0.994967818 0.041553475 0.091172092 -0.988492902
56456400 0.488478246 0.868405775 0.500000000 0.500000000 0.000000000 0.000000000 0.083978407 0.068864591 -0.994085133 -0.008477995 -0.047260106 0.996761739 0.065057568 0.032174829 0.995346248 0.041517138 0.086961016 -0.996321529
56489767 0.488478246 0.868405775 0.500000000 0.500000000 0.000000000 0.000000000 0.080147944 0.068939008 -0.994396150 -0.006457264 -0.046876311 0.996762395 0.065324843 0.031603889 0.995680153 0.041377973 0.083120063 -1.003555039
56523133 0.488478246 0.868405775 0.500000000 0.500000000 0.000000000 0.000000000 0.076242693 0.069076896 -0.994693637 -0.004193636 -0.046389986 0.996762812 0.065664828 0.030748219 0.996009529 0.041137360 0.079200357 -1.011241885
56556500 0.488478246 0.868405775 0.500000000 0.500000000 0.000000000 0.000000000 0.072183713 0.069021374 -0.995000303 -0.000970084 -0.045996744 0.996771634 0.065807350 0.030483300 0.996330142 0.041016553 0.075125434 -1.018530202
56589867 0.488478246 0.868405775 0.500000000 0.500000000 0.000000000 0.000000000 0.068196230 0.069019295 -0.995281696 0.002155394 -0.045359842 0.996787071 0.066015646 0.029216464 0.996640265 0.040643804 0.071107827 -1.025347279
56623233 0.488478246 0.868405775 0.500000000 0.500000000 0.000000000 0.000000000 0.064078636 0.068888329 -0.995564342 0.005971319 -0.044989932 0.996799648 0.066078074 0.029010112 0.996930182 0.040556177 0.066972852 -1.032581614
56656600 0.488478246 0.868405775 0.500000000 0.500000000 0.000000000 0.000000000 0.060102206 0.068876758 -0.995813072 0.009019972 -0.044488437 0.996810079 0.066260621 0.028476324 0.997200310 0.040319759 0.062974706 -1.039290816
56689967 0.488478246 0.868405775 0.500000000 0.500000000 0.000000000 0.000000000 0.056096800 0.068878591 -0.996046603 0.012297291 -0.044107009 0.996814549 0.066447616 0.028001184 0.997450590 0.040205140 0.058956135 -1.047088160
56723333 0.488478246 0.868405775 0.500000000 0.500000000 0.000000000 0.000000000 0.051953871 0.068916515 -0.996268690 0.016221442 -0.043690618 0.996817648 0.066676088 0.027549358 0.997693300 0.040063515 0.054799542 -1.054348387
56756700 0.488478246 0.868405775 0.500000000 0.500000000 0.000000000 0.000000000 0.047874764 0.069025472 -0.996465504 0.020129672 -0.043571532 0.996804118 0.066955552 0.028344381 0.997902572 0.040212046 0.050729308 -1.061591200
56790067 0.488478246 0.868405775 0.500000000 0.500000000 0.000000000 0.000000000 0.043914150 0.069034122 -0.996647298 0.023600120 -0.043569311 0.996792853 0.067124456 0.029174628 0.998084784 0.040475525 0.046781082 -1.069329198
56823433 0.488478246 0.868405775 0.500000000 0.500000000 0.000000000 0.000000000 0.039731011 0.068898939 -0.996832192 0.028003219 -0.043369558 0.996798635 0.067168027 0.029387853 0.998268783 0.040563516 0.042591937 -1.077129539
56856800 0.488478246 0.868405775 0.500000000 0.500000000 0.000000000 0.000000000 0.035362184 0.069052316 -0.996986091 0.032938098 -0.043162782 0.996784687 0.067507416 0.029671854 0.998442054 0.040645484 0.038228974 -1.085411899
56890167 0.488478246 0.868405775 0.500000000 0.500000000 0.000000000 0.000000000 0.031414185 0.069043338 -0.997118950 0.036129828 -0.043176219 0.996773839 0.067659177 0.030779110 0.998573482 0.040926367 0.034293868 -1.093760485
56923533 0.488478246 0.868405775 0.500000000 0.500000000 0.000000000 0.000000000 0.026991935 0.068880372 -0.997259736 0.041236896 -0.043215007 0.996770918 0.067676947 0.031823307 0.998701096 0.041269854 0.029881442 -1.103195894
56956900 0.488478246 0.868405775 0.500000000 0.500000000 0.000000000 0.000000000 0.022881689 0.068904921 -0.997360766 0.044973525 -0.043288615 0.996754646 0.067869909 0.033322073 0.998800516 0.041621391 0.025790228 -1.112567704
56990267 0.488478246 0.868405775 0.500000000 0.500000000 0.000000000 0.000000000 0.018877201 0.068911038 -0.997444212 0.048455776 -0.043138988 0.996749043 0.068046577 0.034155251 0.998890698 0.041744206 0.021788584 -1.121953131
57023633 0.488478246 0.868405775 0.500000000 0.500000000 0.000000000 0.000000000 0.014672806 0.068833232 -0.997520268 0.053074862 -0.043138534 0.996742368 0.068145022 0.035415142 0.998961329 0.042031683 0.017594373 -1.131264839
57057000 0.488478246 0.868405775 0.500000000 0.500000000 0.000000000 0.000000000 0.010714010 0.068923026 -0.997564435 0.056518956 -0.042919420 0.996734023 0.068404689 0.036062068 0.999021113 0.042081997 0.013637155 -1.140212708
57090367 0.488478246 0.868405775 0.500000000 0.500000000 0.000000000 0.000000000 0.006722766 0.068987645 -0.997594833 0.060166010 -0.042642195 0.996729732 0.068640456 0.036536796 0.999067783 0.042078182 0.009642566 -1.149643136
57123733 0.488478246 0.868405775 0.500000000 0.500000000 0.000000000 0.000000000 0.002962696 0.069280460 -0.997592807 0.063028731 -0.042345539 0.996711075 0.069093466 0.037006483 0.999098659 0.042038903 0.005886671 -1.158825204
57157100 0.488478246 0.868405775 0.500000000 0.500000000 0.000000000 0.000000000 -0.001252817 0.069294356 -0.997595489 0.067850925 -0.041942235 0.996714771 0.069285855 0.036808020 0.999119222 0.041928187 0.001657659 -1.167917977
57190467 0.488478246 0.868405775 0.500000000 0.500000000 0.000000000 0.000000000 -0.004907365 0.069634274 -0.997560501 0.070645963 -0.041382290 0.996703804 0.069778048 0.036430708 0.999131322 0.041623767 -0.002009564 -1.176645303
57223833 0.488478246 0.868405775 0.500000000 0.500000000 0.000000000 0.000000000 -0.008753988 0.069821626 -0.997521102 0.074034206 -0.040881455 0.996700287 0.070122942 0.036315910 0.999125659 0.041393969 -0.005870692 -1.185646711
57257200 0.488478246 0.868405775 0.500000000 0.500000000 0.000000000 0.000000000 -0.012265092 0.070251562 -0.997453928 0.076301350 -0.040289205 0.996684134 0.070692755 0.035923677 0.999112785 0.041053679 -0.009394043 -1.194612913
57290567 0.488478246 0.868405775 0.500000000 0.500000000 0.000000000 0.000000000 -0.015850382 0.070481747 -0.997387111 0.078965023 -0.039610527 0.996685147 0.071061626 0.035080267 0.999089479 0.040633384 -0.013006022 -1.203814761
57323933 0.488478246 0.868405775 0.500000000 0.500000000 0.000000000 0.000000000 -0.019495845 0.070928156 -0.997290909 0.081725682 -0.039068982 0.996664584 0.071647368 0.034909921 0.999046326 0.040359963 -0.016659725 -1.213079231
57357300 0.488478246 0.868405775 0.500000000 0.500000000 0.000000000 0.000000000 -0.023152204 0.071114704 -0.997199416 0.084861197 -0.038504455 0.996663272 0.071970433 0.034483042 0.998990178 0.040062897 -0.020336717 -1.222343937
57390667 0.488478246 0.868405775 0.500000000 0.500000000 0.000000000 0.000000000 -0.026727377 0.071291313 -0.997097373 0.087796674 -0.037832819 0.996666968 0.072274648 0.033639438 0.998926580 0.039654717 -0.023941141 -1.231516909
57424033 0.488478246 0.868405775 0.500000000 0.500000000 0.000000000 0.000000000 -0.030240579 0.071499102 -0.996982157 0.090463939 -0.037212618 0.996666312 0.072605193 0.032953131 0.998849690 0.039295938 -0.027479097 -1.240326045
57457400 0.488478246 0.868405775 0.500000000 0.500000000 0.000000000 0.000000000 -0.033692952 0.071523249 -0.996869683 0.092988299 -0.036862954 0.996668398 0.072754733 0.033170878 0.998752177 0.039198883 -0.030944142 -1.249168799
57490767 0.488478246 0.868405775 0.500000000 0.500000000 0.000000000 0.000000000 -0.037154146 0.071652964 -0.996737361 0.095624859 -0.036244217 0.996673167 0.072999381 0.032383291 0.998652041 0.038838197 -0.034433533 -1.258153315
57524133 0.488478246 0.868405775 0.500000000 0.500000000 0.000000000 0.000000000 -0.040587068 0.071942188 -0.996582687 0.098239477 -0.036051124 0.996649623 0.073415250 0.033139698 0.998525441 0.038907636 -0.037857492 -1.267011554
57557500 0.488478246 0.868405775 0.500000000 0.500000000 0.000000000 0.000000000 -0.043968428 0.071971461 -0.996437073 0.100742071 -0.035482708 0.996659875 0.073553249 0.032377307 0.998402596 0.038590305 -0.041267823 -1.275893406
57590867 0.488478246 0.868405775 0.500000000 0.500000000 0.000000000 0.000000000 -0.047286931 0.072048679 -0.996279538 0.103154585 -0.035078034 0.996660292 0.073741138 0.032245953 0.998265207 0.038434520 -0.044601679 -1.284485201
57624233 0.488478246 0.868405775 0.500000000 0.500000000 0.000000000 0.000000000 -0.050500367 0.072092779 -0.996118665 0.105210204 -0.034719832 0.996661663 0.073892273 0.032208044 0.998120368 0.038316660 -0.047828730 -1.293181406
57657600 0.488478246 0.868405775 0.500000000 0.500000000 0.000000000 0.000000000 -0.053746205 0.072177254 -0.995942652 0.107460183 -0.034112070 0.996669412 0.074070781 0.031434613 0.997971773 0.037954692 -0.051105082 -1.301859989
57690967 0.488478246 0.868405775 0.500000000 0.500000000 0.000000000 0.000000000 -0.057074573 0.072324775 -0.995746791 0.110071773 -0.033703644 0.996664524 0.074323274 0.031406254 0.997800887 0.037802264 -0.054446593 -1.310586988
57724333 0.488478246 0.868405775 0.500000000 0.500000000 0.000000000 0.000000000 -0.060281988 0.072285414 -0.995560586 0.112410740 -0.033137172 0.996679783 0.074373156 0.030520958 0.997631192 0.037473425 -0.057686504 -1.319249333
57757700 0.488478246 0.868405775 0.500000000 0.500000000 0.000000000 0.000000000 -0.063339606 0.072437450 -0.995359659 0.114437878 -0.032973833 0.996665955 0.074630797 0.031341660 0.997447133 0.037547909 -0.060739890 -1.327888209
57791067 0.488478246 0.868405775 0.500000000 0.500000000 0.000000000 0.000000000 -0.066561781 0.072487123 -0.995145798 0.117202135 -0.032549273 0.996669054 0.074775189 0.031057111 0.997251272 0.037368443 -0.063980661 -1.336316117
57824433 0.488478246 0.868405775 0.500000000 0.500000000 0.000000000 0.000000000 -0.069589078 0.072662570 -0.994925857 0.119309906 -0.032279439 0.996657431 0.075046785 0.031455086 0.997053385 0.037338085 -0.067010969 -1.344882513
57857800 0.488478246 0.868405775 0.500000000 0.500000000 0.000000000 0.000000000 -0.072758973 0.072592907 -0.994704187 0.122115731 -0.031918857 0.996667206 0.075070918 0.031436820 0.996838689 0.037211906 -0.070199400 -1.353226489
57891167 0.488478246 0.868405775 0.500000000 0.500000000 0.000000000 0.000000000 -0.075884260 0.072629251 -0.994467974 0.124914367 -0.031594291 0.996667743 0.075200751 0.031406501 0.996615946 0.037126064 -0.073336728 -1.361725323
57924533 0.488478246 0.868405775 0.500000000 0.500000000 0.000000000 0.000000000 -0.078711852 0.072679117 -0.994244516 0.126641302 -0.031222390 0.996669888 0.075328209 0.031206577 0.996408343 0.036971916 -0.076180518 -1.369868405
57957900 0.488478246 0.868405775 0.500000000 0.500000000 0.000000000 0.000000000 -0.081714258 0.072775342 -0.993995249 0.129123097 -0.030662386 0.996674836 0.075492218 0.030387888 0.996183991 0.036647055 -0.079211079 -1.378252571
57991267 0.488478246 0.868405775 0.500000000 0.500000000 0.000000000 0.000000000 -0.084666416 0.072705962 -0.993753195 0.131675790 -0.030433202 0.996680319 0.075512983 0.030550705 0.995944500 0.036636505 -0.082172677 -1.386418389
58024633 0.488478246 0.868405775 0.500000000 0.500000000 0.000000000 0.000000000 -0.087563552 0.072637014 -0.993507147 0.134188446 -0.030069923 0.996690810 0.075520009 0.030234146 0.995705009 0.036487482 -0.085089594 -1.394443174
58058000 0.488478246 0.868405775 0.500000000 0.500000000 0.000000000 0.000000000 -0.090379871 0.072605617 -0.993257225 0.136354811 -0.029677693 0.996699691 0.075557731 0.029756195 0.995465100 0.036306482 -0.087926820 -1.402518108
58091367 0.488478246 0.868405775 0.500000000 0.500000000 0.000000000 0.000000000 -0.093468674 0.072441958 -0.992983282 0.139926969 -0.029456047 0.996711671 0.075486630 0.029759846 0.995186388 0.036304995 -0.091027461 -1.410643306
58124733 0.488478246 0.868405775 0.500000000 0.500000000 0.000000000 0.000000000 -0.096163966 0.072281167 -0.992737591 0.141924727 -0.029077481 0.996730208 0.075388528 0.029085223 0.994940698 0.036115970 -0.093747772 -1.418593799
58158100 0.488478246 0.868405775 0.500000000 0.500000000 0.000000000 0.000000000 -0.099157304 0.072097331 -0.992456436 0.145206450 -0.028763751 0.996747255 0.075282857 0.028644806 0.994655967 0.036011614 -0.096760988 -1.426703179
58191467 0.488478246 0.868405775 0.500000000 0.500000000 0.000000000 0.000000000 -0.101960070 0.071931899 -0.992184460 0.147844520 -0.028370475 0.996766329 0.075179517 0.028002647 0.994383872 0.035814054 -0.099589624 -1.434693175
58224833 0.488478246 0.868405775 0.500000000 0.500000000 0.000000000 0.000000000 -0.104742594 0.071881577 -0.991898179 0.150512786 -0.028127661 0.996771336 0.075204954 0.027697930 0.994101524 0.035776939 -0.102382556 -1.442684845
58258200 0.488478246 0.868405775 0.500000000 0.500000000 0.000000000 0.000000000 -0.107580595 0.071626797 -0.991612852 0.153589196 -0.027823647 0.996793807 0.075019635 0.027213060 0.993806958 0.035660941 -0.105242752 -1.450578182
58291567 0.488478246 0.868405775 0.500000000 0.500000000 0.000000000 0.000000000 -0.110411912 0.071381189 -0.991319299 0.156790704 -0.027650174 0.996810913 0.074856259 0.027193144 0.993501246 0.035675172 -0.108086094 -1.458480013
58324933 0.488478246 0.868405775 0.500000000 0.500000000 0.000000000 0.000000000 -0.113098651 0.071204931 -0.991029024 0.159422734 -0.027412795 0.996825457 0.074749812 0.026841960 0.993205547 0.035620980 -0.110787690 -1.466764187
58358300 0.488478246 0.868405775 0.500000000 0.500000000 0.000000000 0.000000000 -0.116034091 0.071035378 -0.990701795 0.162939662 -0.027374681 0.996831656 0.074681103 0.027384807 0.992867947 0.035785701 -0.113721885 -1.474989173
58391667 0.488478246 0.868405775 0.500000000 0.500000000 0.000000000 0.000000000 -0.118867107 0.070787869 -0.990383625 0.166353504 -0.027279239 0.996846020 0.074523859 0.027540156 0.992535353 0.035875347 -0.116561167 -1.483371168
58425033 0.488478246 0.868405775 0.500000000 0.500000000 0.000000000 0.000000000 -0.121790774 0.070525259 -0.990047038 0.170214544 -0.027307689 0.996856809 0.074369602 0.028092269 0.992180049 0.036093429 -0.119482078 -1.491592033
58458400 0.488478246 0.868405775 0.500000000 0.500000000 0.000000000 0.000000000 -0.124461621 0.070527442 -0.989714682 0.173066744 -0.027615415 0.996837974 0.074507825 0.029956279 0.991840065 0.036604747 -0.122120425 -1.499633596
58491767 0.488478246 0.868405775 0.500000000 0.500000000 0.000000000 0.000000000 -0.127316073 0.070235163 -0.989372373 0.176935637 -0.027613653 0.996852100 0.074319579 0.030252148 0.991477728 0.036782261 -0.124975838 -1.507902024
58525133 0.488478246 0.868405775 0.500000000 0.500000000 0.000000000 0.000000000 -0.130124450 0.070058897 -0.989019394 0.180776504 -0.027757406 0.996852100 0.074265763 0.031382207 0.991109073 0.037116405 -0.127770185 -1.515803188
58558500 0.488478246 0.868405775 0.500000000 0.500000000 0.000000000 0.000000000 -0.132797748 0.069995560 -0.988668501 0.183945922 -0.027943235 0.996842325 0.074327573 0.032643084 0.990749180 0.037497129 -0.130422503 -1.523791584
58591867 0.488478246 0.868405775 0.500000000 0.500000000 0.000000000 0.000000000 -0.135750815 0.069672115 -0.988290191 0.188501817 -0.027994325 0.996856213 0.074121282 0.033194492 0.990347445 0.037728541 -0.133373618 -1.532050395
