https://www.youtube.com/watch?v=3ISmdTtiA9Q
233032000 0.482726799 0.858180948 0.500000000 0.500000000 0.000000000 0.000000000 0.893146396 -0.009870511 0.449657708 0.075220604 0.016342208 0.999811172 -0.010513189 0.000000176 -0.449469030 0.016738217 0.893139064 -0.026669017
233066000 0.482726799 0.858180948 0.500000000 0.500000000 0.000000000 0.000000000 0.890585661 -0.010024852 0.454705000 0.076160328 0.016573809 0.999808371 -0.010418769 0.000105747 -0.454513431 0.016815001 0.890581131 -0.027232565
233099000 0.482726799 0.858180948 0.500000000 0.500000000 0.000000000 0.000000000 0.888019443 -0.010188884 0.459692985 0.077431278 0.016826862 0.999804914 -0.010345350 0.000159609 -0.459497869 0.016922062 0.888017654 -0.027738904
233132000 0.482726799 0.858180948 0.500000000 0.500000000 0.000000000 0.000000000 0.885312378 -0.010417878 0.464880049 0.078174082 0.017194435 0.999798715 -0.010339584 0.000417696 -0.464678764 0.017147113 0.885313272 -0.028420284
233166000 0.482726799 0.858180948 0.500000000 0.500000000 0.000000000 0.000000000 0.882618785 -0.010527393 0.469971508 0.079179765 0.017401690 0.999795675 -0.010285342 0.000343541 -0.469767183 0.017256334 0.882621646 -0.029040382
233199000 0.482726799 0.858180948 0.500000000 0.500000000 0.000000000 0.000000000 0.879910946 -0.010654660 0.475019187 0.080457831 0.017606942 0.999793053 -0.010189242 0.000360424 -0.474812329 0.017329261 0.879916430 -0.029502373
233232000 0.482726799 0.858180948 0.500000000 0.500000000 0.000000000 0.000000000 0.877149522 -0.010811198 0.480095685 0.081620253 0.017884290 0.999788404 -0.010161068 0.000642183 -0.479884267 0.017498946 0.877157271 -0.030169241
233266000 0.482726799 0.858180948 0.500000000 0.500000000 0.000000000 0.000000000 0.874423146 -0.010948338 0.485040545 0.083156240 0.018088851 0.999785960 -0.010043111 0.000650192 -0.484826773 0.017555755 0.874433994 -0.030753306
233299000 0.482726799 0.858180948 0.500000000 0.500000000 0.000000000 0.000000000 0.871556044 -0.010958636 0.490173429 0.084075125 0.018184109 0.999784827 -0.009980530 0.000521142 -0.489958584 0.017611958 0.871567786 -0.031245364
233332000 0.482726799 0.858180948 0.500000000 0.500000000 0.000000000 0.000000000 0.868714869 -0.010890392 0.495192826 0.085367708 0.018267376 0.999782562 -0.010058945 0.000575420 -0.494975597 0.017784229 0.868724883 -0.032101555
233366000 0.482726799 0.858180948 0.500000000 0.500000000 0.000000000 0.000000000 0.865758121 -0.011036924 0.500340939 0.086455522 0.018509451 0.999778926 -0.009973647 0.000489372 -0.500120282 0.017895803 0.865770996 -0.032685080
233399000 0.482726799 0.858180948 0.500000000 0.500000000 0.000000000 0.000000000 0.862828374 -0.010979531 0.505377769 0.087688288 0.018605223 0.999776483 -0.010044042 0.000726228 -0.505154490 0.018068951 0.862839758 -0.033096657
233433000 0.482726799 0.858180948 0.500000000 0.500000000 0.000000000 0.000000000 0.859863579 -0.011100263 0.510403156 0.089201618 0.018807646 0.999773681 -0.009941670 0.000648527 -0.510177255 0.018147962 0.859877765 -0.033796465
233466000 0.482726799 0.858180948 0.500000000 0.500000000 0.000000000 0.000000000 0.856847823 -0.011194523 0.515447855 0.090481072 0.019122947 0.999766350 -0.010075797 0.000991400 -0.515214622 0.018490307 0.856861711 -0.034474427
233499000 0.482726799 0.858180948 0.500000000 0.500000000 0.000000000 0.000000000 0.853656411 -0.011316917 0.520713627 0.091124490 0.019351697 0.999762774 -0.009996795 0.000819176 -0.520476937 0.018610520 0.853672862 -0.035097509
233533000 0.482726799 0.858180948 0.500000000 0.500000000 0.000000000 0.000000000 0.850568473 -0.011482652 0.525738895 0.092372704 0.019674722 0.999756455 -0.009995159 0.001001268 -0.525496066 0.018845335 0.850587249 -0.035715628
233566000 0.482726799 0.858180948 0.500000000 0.500000000 0.000000000 0.000000000 0.847499132 -0.011793421 0.530665755 0.094117516 0.020057175 0.999750674 -0.009814007 0.001018091 -0.530417681 0.018961018 0.847524345 -0.036219000
233599000 0.482726799 0.858180948 0.500000000 0.500000000 0.000000000 0.000000000 0.844261408 -0.011884228 0.535799801 0.095092850 0.020172395 0.999750316 -0.009610891 0.000726038 -0.535551786 0.018922469 0.844290376 -0.036844740
233633000 0.482726799 0.858180948 0.500000000 0.500000000 0.000000000 0.000000000 0.841019988 -0.012023435 0.540870488 0.096343177 0.020415613 0.999746263 -0.009520866 0.000699864 -0.540618718 0.019049440 0.841051996 -0.037473937
233666000 0.482726799 0.858180948 0.500000000 0.500000000 0.000000000 0.000000000 0.837605953 -0.012123968 0.546140313 0.097118853 0.020729790 0.999739051 -0.009599349 0.000795546 -0.545881450 0.019361844 0.837638676 -0.038008164
233699000 0.482726799 0.858180948 0.500000000 0.500000000 0.000000000 0.000000000 0.834358454 -0.012362177 0.551083565 0.098831045 0.020991154 0.999735892 -0.009354725 0.000543206 -0.550822377 0.019373074 0.834397614 -0.038642007
233733000 0.482726799 0.858180948 0.500000000 0.500000000 0.000000000 0.000000000 0.831015766 -0.012582583 0.556106508 0.100148459 0.021253543 0.999732316 -0.009140001 0.000475035 -0.555842638 0.019414717 0.831060767 -0.039273019
233766000 0.482726799 0.858180948 0.500000000 0.500000000 0.000000000 0.000000000 0.827598453 -0.012665894 0.561177731 0.101484161 0.021402881 0.999730408 -0.008999842 0.000167255 -0.560912430 0.019459074 0.827646434 -0.039625963
233800000 0.482726799 0.858180948 0.500000000 0.500000000 0.000000000 0.000000000 0.824071407 -0.012649255 0.566344678 0.102525434 0.021514766 0.999728203 -0.008976665 0.000094572 -0.566077232 0.019582186 0.824119627 -0.040205706
233833000 0.482726799 0.858180948 0.500000000 0.500000000 0.000000000 0.000000000 0.820605397 -0.012821779 0.571351409 0.104131410 0.021858180 0.999720931 -0.008959004 0.000347092 -0.571077049 0.019840509 0.820656657 -0.040623695
233866000 0.482726799 0.858180948 0.500000000 0.500000000 0.000000000 0.000000000 0.817071795 -0.012954442 0.576390326 0.105821892 0.022052690 0.999718130 -0.008792378 0.000390505 -0.576113999 0.019894963 0.817127228 -0.041311189
233900000 0.482726799 0.858180948 0.500000000 0.500000000 0.000000000 0.000000000 0.813450933 -0.012932897 0.581489742 0.107084673 0.022075536 0.999718904 -0.008646937 0.000310833 -0.581214428 0.019870557 0.813507795 -0.041852913
233933000 0.482726799 0.858180948 0.500000000 0.500000000 0.000000000 0.000000000 0.809804618 -0.013071500 0.586553991 0.108448195 0.022268632 0.999716163 -0.008465462 0.000368321 -0.586276889 0.019917127 0.809865892 -0.042315349
233966000 0.482726799 0.858180948 0.500000000 0.500000000 0.000000000 0.000000000 0.806042612 -0.013174923 0.591710865 0.109553791 0.022459151 0.999713004 -0.008334967 0.000383705 -0.591431201 0.020007662 0.806107223 -0.042746292
234000000 0.482726799 0.858180948 0.500000000 0.500000000 0.000000000 0.000000000 0.802314699 -0.013303360 0.596753001 0.110725722 0.022730060 0.999707401 -0.008273430 0.000580913 -0.596468329 0.020202126 0.802382350 -0.043205822
234033000 0.482726799 0.858180948 0.500000000 0.500000000 0.000000000 0.000000000 0.798625588 -0.013471206 0.601677418 0.112410220 0.022997538 0.999702334 -0.008142611 0.000847666 -0.601388633 0.020339997 0.798697650 -0.043590631
234067000 0.482726799 0.858180948 0.500000000 0.500000000 0.000000000 0.000000000 0.794767261 -0.013542745 0.606763244 0.113581737 0.023000266 0.999704897 -0.007813770 0.000600820 -0.606478393 0.020165844 0.794844210 -0.044190438
234100000 0.482726799 0.858180948 0.500000000 0.500000000 0.000000000 0.000000000 0.790950596 -0.013575685 0.611729383 0.115083287 0.023088513 0.999704003 -0.007667126 0.000583606 -0.611444235 0.020188238 0.791029930 -0.044494153
234133000 0.482726799 0.858180948 0.500000000 0.500000000 0.000000000 0.000000000 0.787045240 -0.013608841 0.616745174 0.116405026 0.023263022 0.999700308 -0.007627605 0.000652850 -0.616456509 0.020350628 0.787125885 -0.044768526
234167000 0.482726799 0.858180948 0.500000000 0.500000000 0.000000000 0.000000000 0.783047915 -0.013623171 0.621812165 0.118008314 0.023416869 0.999697030 -0.007586677 0.000667830 -0.621520400 0.020501625 0.783129692 -0.045282704
