https://www.youtube.com/watch?v=4HL2hjGlhik
31898533 0.427480101 0.759964559 0.500000000 0.500000000 0.000000000 0.000000000 0.999722064 -0.000348942 -0.023572939 0.031812503 0.000311286 0.999998689 -0.001601078 0.005955101 0.023573466 0.001593295 0.999720812 0.061963800
31931900 0.427480101 0.759964559 0.500000000 0.500000000 0.000000000 0.000000000 0.999644101 -0.000329057 -0.026675029 0.039910037 0.000285633 0.999998629 -0.001631698 0.005268745 0.026675530 0.001623498 0.999642849 0.069984313
31965267 0.427480101 0.759964559 0.500000000 0.500000000 0.000000000 0.000000000 0.999561131 -0.000306190 -0.029622724 0.047645633 0.000252904 0.999998331 -0.001802567 0.004944985 0.029623227 0.001794284 0.999559522 0.078038826
31998633 0.427480101 0.759964559 0.500000000 0.500000000 0.000000000 0.000000000 0.999472320 -0.000274763 -0.032481410 0.055234584 0.000212210 0.999998093 -0.001929236 0.004369294 0.032481879 0.001921325 0.999470472 0.086423428
32032000 0.427480101 0.759964559 0.500000000 0.500000000 0.000000000 0.000000000 0.999373019 -0.000233685 -0.035404269 0.063157733 0.000162679 0.999997973 -0.002008454 0.003515877 0.035404664 0.002001435 0.999371052 0.094969367
32065367 0.427480101 0.759964559 0.500000000 0.500000000 0.000000000 0.000000000 0.999269485 -0.000214537 -0.038215902 0.070748103 0.000129280 0.999997497 -0.002233381 0.002940478 0.038216285 0.002226809 0.999266982 0.103757386
32098733 0.427480101 0.759964559 0.500000000 0.500000000 0.000000000 0.000000000 0.999162614 -0.000173357 -0.040915541 0.078523751 0.000076919 0.999997199 -0.002358556 0.002324794 0.040915836 0.002353434 0.999159813 0.112508202
32132100 0.427480101 0.759964559 0.500000000 0.500000000 0.000000000 0.000000000 0.999053419 -0.000170532 -0.043499809 0.086240749 0.000072186 0.999997437 -0.002262403 0.001727513 0.043500084 0.002257122 0.999050856 0.121300098
32165467 0.427480101 0.759964559 0.500000000 0.500000000 0.000000000 0.000000000 0.998937607 -0.000129391 -0.046082921 0.093911164 0.000031512 0.999997735 -0.002124693 0.001514718 0.046083093 0.002120984 0.998935342 0.130501134
32198833 0.427480101 0.759964559 0.500000000 0.500000000 0.000000000 0.000000000 0.998811781 -0.000060206 -0.048733618 0.101664166 -0.000030539 0.999998271 -0.001861311 0.001188024 0.048733644 0.001860588 0.998810053 0.139816142
32232200 0.427480101 0.759964559 0.500000000 0.500000000 0.000000000 0.000000000 0.998675466 -0.000019525 -0.051451620 0.109556437 -0.000061774 0.999998748 -0.001578516 0.000834122 0.051451586 0.001579604 0.998674214 0.149179289
32265567 0.427480101 0.759964559 0.500000000 0.500000000 0.000000000 0.000000000 0.998534262 0.000135209 -0.054122880 0.117157053 -0.000211858 0.999998987 -0.001410468 0.000778099 0.054122634 0.001419867 0.998533309 0.159028889
32298933 0.427480101 0.759964559 0.500000000 0.500000000 0.000000000 0.000000000 0.998392284 0.000280626 -0.056681372 0.125140791 -0.000352007 0.999999166 -0.001249364 0.000672047 0.056680974 0.001267308 0.998391509 0.168796997
32332300 0.427480101 0.759964559 0.500000000 0.500000000 0.000000000 0.000000000 0.998253107 0.000326942 -0.059081785 0.133027771 -0.000382135 0.999999523 -0.000922886 0.000674169 0.059081454 0.000943851 0.998252690 0.178916486
32365667 0.427480101 0.759964559 0.500000000 0.500000000 0.000000000 0.000000000 0.998110771 0.000370310 -0.061438821 0.140900570 -0.000414054 0.999999642 -0.000699256 0.000737584 0.061438542 0.000723374 0.998110592 0.188963290
32399033 0.427480101 0.759964559 0.500000000 0.500000000 0.000000000 0.000000000 0.997961402 0.000424614 -0.063819081 0.148983633 -0.000455795 0.999999762 -0.000474036 0.000947800 0.063818865 0.000502158 0.997961402 0.199293133
32432400 0.427480101 0.759964559 0.500000000 0.500000000 0.000000000 0.000000000 0.997809112 0.000438728 -0.066157363 0.157175818 -0.000453244 0.999999881 -0.000204418 0.001236735 0.066157266 0.000233955 0.997809172 0.209749364
32465767 0.427480101 0.759964559 0.500000000 0.500000000 0.000000000 0.000000000 0.997660458 0.000455257 -0.068361960 0.165195088 -0.000459260 0.999999881 -0.000042844 0.001877506 0.068361938 0.000074140 0.997660577 0.220555126
32499133 0.427480101 0.759964559 0.500000000 0.500000000 0.000000000 0.000000000 0.997507274 0.000427360 -0.070562087 0.173630088 -0.000412752 0.999999881 0.000221597 0.002210716 0.070562176 -0.000191920 0.997507393 0.231325642
32532500 0.427480101 0.759964559 0.500000000 0.500000000 0.000000000 0.000000000 0.997355282 0.000420286 -0.072679564 0.182077729 -0.000394280 0.999999881 0.000372164 0.002830546 0.072679706 -0.000342524 0.997355282 0.242463434
32565867 0.427480101 0.759964559 0.500000000 0.500000000 0.000000000 0.000000000 0.997206986 0.000401742 -0.074686125 0.190544217 -0.000369426 0.999999821 0.000446507 0.003410847 0.074686289 -0.000417669 0.997206986 0.253720534
32599233 0.427480101 0.759964559 0.500000000 0.500000000 0.000000000 0.000000000 0.997056961 0.000347239 -0.076663859 0.199183799 -0.000304392 0.999999762 0.000570576 0.003329210 0.076664038 -0.000545561 0.997056842 0.265112569
32632600 0.427480101 0.759964559 0.500000000 0.500000000 0.000000000 0.000000000 0.996906519 0.000308827 -0.078595489 0.207584757 -0.000271078 0.999999821 0.000490971 0.003656212 0.078595631 -0.000468147 0.996906459 0.276617563
32665967 0.427480101 0.759964559 0.500000000 0.500000000 0.000000000 0.000000000 0.996749878 0.000250255 -0.080558531 0.216118769 -0.000229683 0.999999940 0.000264635 0.003558800 0.080558591 -0.000245272 0.996749818 0.288344678
32699333 0.427480101 0.759964559 0.500000000 0.500000000 0.000000000 0.000000000 0.996596396 0.000232639 -0.082435496 0.225110698 -0.000238219 0.999999940 -0.000057850 0.003470668 0.082435481 0.000077291 0.996596396 0.300186996
32732700 0.427480101 0.759964559 0.500000000 0.500000000 0.000000000 0.000000000 0.996455491 0.000196895 -0.084121332 0.234131322 -0.000219694 0.999999940 -0.000261770 0.003554452 0.084121272 0.000279323 0.996455491 0.311954127
32766067 0.427480101 0.759964559 0.500000000 0.500000000 0.000000000 0.000000000 0.996328831 0.000155918 -0.085608505 0.243134008 -0.000164075 1.000000000 -0.000088247 0.003245310 0.085608490 0.000101969 0.996328831 0.323766422
32799433 0.427480101 0.759964559 0.500000000 0.500000000 0.000000000 0.000000000 0.996208310 0.000101820 -0.087000087 0.252159251 -0.000083961 1.000000000 0.000208936 0.003049874 0.087000102 -0.000200839 0.996208310 0.335750192
32832800 0.427480101 0.759964559 0.500000000 0.500000000 0.000000000 0.000000000 0.996091723 -0.000044082 -0.088324800 0.261283372 0.000088257 0.999999881 0.000496234 0.003140846 0.088324763 -0.000502089 0.996091604 0.347850523
32866167 0.427480101 0.759964559 0.500000000 0.500000000 0.000000000 0.000000000 0.995983839 -0.000150124 -0.089532889 0.270198206 0.000212972 0.999999762 0.000692395 0.002885119 0.089532763 -0.000708682 0.995983601 0.360162469
32899533 0.427480101 0.759964559 0.500000000 0.500000000 0.000000000 0.000000000 0.995861053 -0.000321899 -0.090888269 0.279944368 0.000397720 0.999999583 0.000816113 0.002347018 0.090887964 -0.000848883 0.995860755 0.372633520
32932900 0.427480101 0.759964559 0.500000000 0.500000000 0.000000000 0.000000000 0.995751143 -0.000460004 -0.092083946 0.288655740 0.000531159 0.999999583 0.000748218 0.001994525 0.092083566 -0.000793950 0.995750964 0.385158152
32966267 0.427480101 0.759964559 0.500000000 0.500000000 0.000000000 0.000000000 0.995631576 -0.000550950 -0.093367316 0.297861350 0.000615630 0.999999583 0.000663946 0.001736974 0.093366913 -0.000718525 0.995631516 0.397713816
32999633 0.427480101 0.759964559 0.500000000 0.500000000 0.000000000 0.000000000 0.995512068 -0.000580738 -0.094632879 0.307269502 0.000651674 0.999999523 0.000718690 0.001560951 0.094632417 -0.000777134 0.995512009 0.410815287
33033000 0.427480101 0.759964559 0.500000000 0.500000000 0.000000000 0.000000000 0.995392740 -0.000680078 -0.095879421 0.316626088 0.000757009 0.999999404 0.000766006 0.001552657 0.095878847 -0.000835059 0.995392680 0.423928506
33066367 0.427480101 0.759964559 0.500000000 0.500000000 0.000000000 0.000000000 0.995260417 -0.000718793 -0.097242653 0.326300263 0.000815229 0.999999225 0.000951976 0.001014266 0.097241893 -0.001026739 0.995260239 0.437117303
33099733 0.427480101 0.759964559 0.500000000 0.500000000 0.000000000 0.000000000 0.995132387 -0.000774226 -0.098544300 0.335990905 0.000894021 0.999998927 0.001171488 0.000360630 0.098543286 -0.001253886 0.995131969 0.450019762
33133100 0.427480101 0.759964559 0.500000000 0.500000000 0.000000000 0.000000000 0.995012701 -0.000833748 -0.099744968 0.345512159 0.000956526 0.999998868 0.001183098 0.000065680 0.099743865 -0.001272606 0.995012343 0.463562048
33166467 0.427480101 0.759964559 0.500000000 0.500000000 0.000000000 0.000000000 0.994906485 -0.000742038 -0.100799710 0.355255155 0.000864365 0.999998927 0.001169902 -0.000149047 0.100798741 -0.001251071 0.994906068 0.477334430
33199833 0.427480101 0.759964559 0.500000000 0.500000000 0.000000000 0.000000000 0.994801342 -0.000715099 -0.101832040 0.365420814 0.000832922 0.999999046 0.001114516 -0.000721674 0.101831146 -0.001193541 0.994800985 0.490899708
33233200 0.427480101 0.759964559 0.500000000 0.500000000 0.000000000 0.000000000 0.994713426 -0.000747176 -0.102687322 0.374998141 0.000874662 0.999998927 0.001196472 -0.001447617 0.102686316 -0.001279963 0.994712949 0.504109644
33266567 0.427480101 0.759964559 0.500000000 0.500000000 0.000000000 0.000000000 0.994614661 -0.000733276 -0.103639275 0.385480311 0.000860312 0.999998927 0.001181054 -0.001341029 0.103638299 -0.001263856 0.994614244 0.517732509
33299933 0.427480101 0.759964559 0.500000000 0.500000000 0.000000000 0.000000000 0.994523942 -0.000759771 -0.104506411 0.395687494 0.000907197 0.999998689 0.001363159 -0.001675196 0.104505233 -0.001450502 0.994523287 0.531519741
33333300 0.427480101 0.759964559 0.500000000 0.500000000 0.000000000 0.000000000 0.994441688 -0.000724546 -0.105286084 0.405961082 0.000891693 0.999998391 0.001540483 -0.001421394 0.105284803 -0.001625803 0.994440794 0.545161621
33366667 0.427480101 0.759964559 0.500000000 0.500000000 0.000000000 0.000000000 0.994371772 -0.000666846 -0.105945125 0.416263673 0.000852628 0.999998152 0.001708279 -0.001106251 0.105943792 -0.001788996 0.994370520 0.559130600
33400033 0.427480101 0.759964559 0.500000000 0.500000000 0.000000000 0.000000000 0.994305074 -0.000630524 -0.106569290 0.426723571 0.000849747 0.999997616 0.002011698 -0.001405966 0.106567770 -0.002090798 0.994303226 0.573429867
33433400 0.427480101 0.759964559 0.500000000 0.500000000 0.000000000 0.000000000 0.994240701 -0.000542353 -0.107168764 0.436613913 0.000784066 0.999997258 0.002213317 -0.001202563 0.107167266 -0.002284597 0.994238377 0.587357813
33466767 0.427480101 0.759964559 0.500000000 0.500000000 0.000000000 0.000000000 0.994156837 -0.000513403 -0.107943945 0.447253935 0.000773880 0.999996901 0.002371203 -0.001004585 0.107942387 -0.002440883 0.994154155 0.601613209
33500133 0.427480101 0.759964559 0.500000000 0.500000000 0.000000000 0.000000000 0.994071484 -0.000460725 -0.108727403 0.458108356 0.000735749 0.999996603 0.002489377 -0.000845808 0.108725891 -0.002554615 0.994068503 0.615957336
33533500 0.427480101 0.759964559 0.500000000 0.500000000 0.000000000 0.000000000 0.994006753 -0.000494190 -0.109317340 0.468507575 0.000780485 0.999996364 0.002576156 -0.000650325 0.109315671 -0.002646037 0.994003534 0.630276311
33566867 0.427480101 0.759964559 0.500000000 0.500000000 0.000000000 0.000000000 0.993951857 -0.000529005 -0.109815411 0.479314772 0.000830962 0.999996006 0.002703930 -0.000699903 0.109813541 -0.002778829 0.993948340 0.644700445
33600233 0.427480101 0.759964559 0.500000000 0.500000000 0.000000000 0.000000000 0.993907273 -0.000528691 -0.110218391 0.490512924 0.000845767 0.999995649 0.002830060 -0.000744958 0.110216416 -0.002906036 0.993903339 0.659143454
33633600 0.427480101 0.759964559 0.500000000 0.500000000 0.000000000 0.000000000 0.993869722 -0.000560339 -0.110555939 0.501638056 0.000900236 0.999994993 0.003024534 -0.000685801 0.110553689 -0.003105519 0.993865311 0.673673285
33666967 0.427480101 0.759964559 0.500000000 0.500000000 0.000000000 0.000000000 0.993834138 -0.000585694 -0.110875584 0.512292497 0.000946055 0.999994457 0.003197554 -0.000480920 0.110873096 -0.003282733 0.993829131 0.688263979
33700333 0.427480101 0.759964559 0.500000000 0.500000000 0.000000000 0.000000000 0.993784964 -0.000587197 -0.111315578 0.523650342 0.000951895 0.999994338 0.003223134 0.000151167 0.111313052 -0.003309062 0.993779898 0.703289683
33733700 0.427480101 0.759964559 0.500000000 0.500000000 0.000000000 0.000000000 0.993736804 -0.000653087 -0.111743987 0.534685856 0.001044936 0.999993503 0.003448134 0.000324703 0.111741006 -0.003543303 0.993731022 0.718195467
33767067 0.427480101 0.759964559 0.500000000 0.500000000 0.000000000 0.000000000 0.993695736 -0.000730521 -0.112108223 0.545535720 0.001127188 0.999993324 0.003474906 0.001111082 0.112104937 -0.003579366 0.993689954 0.733346583
33800433 0.427480101 0.759964559 0.500000000 0.500000000 0.000000000 0.000000000 0.993651509 -0.000796608 -0.112499170 0.556654353 0.001213901 0.999992609 0.003640849 0.001023252 0.112495445 -0.003754298 0.993645132 0.748740059
33833800 0.427480101 0.759964559 0.500000000 0.500000000 0.000000000 0.000000000 0.993608177 -0.000808620 -0.112881288 0.567437384 0.001207176 0.999993265 0.003462448 0.001826455 0.112877727 -0.003576583 0.993602455 0.764233321
33867167 0.427480101 0.759964559 0.500000000 0.500000000 0.000000000 0.000000000 0.993556857 -0.000849967 -0.113331616 0.578518730 0.001234554 0.999993742 0.003323322 0.002112926 0.113328077 -0.003441824 0.993551672 0.779743442
33900533 0.427480101 0.759964559 0.500000000 0.500000000 0.000000000 0.000000000 0.993513465 -0.000878495 -0.113711245 0.589623322 0.001242098 0.999994338 0.003126795 0.002544509 0.113707855 -0.003247754 0.993508935 0.795532203
33933900 0.427480101 0.759964559 0.500000000 0.500000000 0.000000000 0.000000000 0.993482351 -0.000899302 -0.113982603 0.600635398 0.001244571 0.999994874 0.002958009 0.003424053 0.113979355 -0.003080590 0.993478358 0.811371516
33967267 0.427480101 0.759964559 0.500000000 0.500000000 0.000000000 0.000000000 0.993440449 -0.000977118 -0.114346460 0.611693721 0.001340128 0.999994278 0.003097819 0.004095703 0.114342786 -0.003230738 0.993436098 0.827107010
34000633 0.427480101 0.759964559 0.500000000 0.500000000 0.000000000 0.000000000 0.993388176 -0.000986799 -0.114799507 0.623118651 0.001366645 0.999993861 0.003230125 0.005018231 0.114795610 -0.003365659 0.993383408 0.843152203
34034000 0.427480101 0.759964559 0.500000000 0.500000000 0.000000000 0.000000000 0.993354559 -0.000984689 -0.115090139 0.634217330 0.001381699 0.999993384 0.003369836 0.006135151 0.115086056 -0.003506462 0.993349314 0.859255402
34067367 0.427480101 0.759964559 0.500000000 0.500000000 0.000000000 0.000000000 0.993336737 -0.000921433 -0.115244336 0.645753441 0.001324441 0.999993265 0.003420466 0.007395747 0.115240410 -0.003550309 0.993331313 0.875429990
34100733 0.427480101 0.759964559 0.500000000 0.500000000 0.000000000 0.000000000 0.993336618 -0.000940709 -0.115245044 0.657106691 0.001356329 0.999992847 0.003528032 0.007763924 0.115240902 -0.003660834 0.993330836 0.891614518
34134100 0.427480101 0.759964559 0.500000000 0.500000000 0.000000000 0.000000000 0.993342936 -0.000930893 -0.115190849 0.668346520 0.001336464 0.999993205 0.003443674 0.008727460 0.115186863 -0.003574698 0.993337393 0.907453765
34167467 0.427480101 0.759964559 0.500000000 0.500000000 0.000000000 0.000000000 0.993345499 -0.000976533 -0.115168490 0.679531067 0.001382631 0.999993086 0.003446287 0.009696627 0.115164332 -0.003582590 0.993340015 0.923529502
34200833 0.427480101 0.759964559 0.500000000 0.500000000 0.000000000 0.000000000 0.993331671 -0.000968775 -0.115287937 0.690776051 0.001376265 0.999993086 0.003454991 0.010955956 0.115283795 -0.003590619 0.993326128 0.940015705
34234200 0.427480101 0.759964559 0.500000000 0.500000000 0.000000000 0.000000000 0.993322790 -0.000929630 -0.115364611 0.701834195 0.001369655 0.999992073 0.003735002 0.012209290 0.115360223 -0.003868073 0.993316174 0.956506857
34267567 0.427480101 0.759964559 0.500000000 0.500000000 0.000000000 0.000000000 0.993309915 -0.000869635 -0.115475811 0.713071641 0.001332878 0.999991357 0.003934452 0.013591385 0.115471393 -0.004062045 0.993302524 0.973247461
34300933 0.427480101 0.759964559 0.500000000 0.500000000 0.000000000 0.000000000 0.993297577 -0.000853179 -0.115582220 0.724214233 0.001341209 0.999990523 0.004144655 0.014647050 0.115577593 -0.004271895 0.993289292 0.989827002
34334300 0.427480101 0.759964559 0.500000000 0.500000000 0.000000000 0.000000000 0.993294060 -0.000831362 -0.115612566 0.735043609 0.001323143 0.999990404 0.004177021 0.016272358 0.115607984 -0.004301982 0.993285596 1.006881602
34367667 0.427480101 0.759964559 0.500000000 0.500000000 0.000000000 0.000000000 0.993290126 -0.000811411 -0.115646176 0.746127475 0.001313391 0.999990046 0.004264518 0.017516205 0.115641564 -0.004387792 0.993281305 1.023863758
34401033 0.427480101 0.759964559 0.500000000 0.500000000 0.000000000 0.000000000 0.993286669 -0.000751780 -0.115676254 0.757112381 0.001248129 0.999990344 0.004218470 0.018753638 0.115671962 -0.004334529 0.993278027 1.041020072
34434400 0.427480101 0.759964559 0.500000000 0.500000000 0.000000000 0.000000000 0.993272185 -0.000776569 -0.115800418 0.768070540 0.001280917 0.999989986 0.004280972 0.020002259 0.115795940 -0.004400501 0.993263304 1.057975652
34467767 0.427480101 0.759964559 0.500000000 0.500000000 0.000000000 0.000000000 0.993258715 -0.000741408 -0.115916178 0.778844904 0.001271349 0.999989092 0.004497888 0.021187138 0.115911573 -0.004614936 0.993248820 1.075223673
34501133 0.427480101 0.759964559 0.500000000 0.500000000 0.000000000 0.000000000 0.993241608 -0.000706473 -0.116063043 0.789726591 0.001259782 0.999988198 0.004694020 0.022644208 0.116058357 -0.004808511 0.993230760 1.092812581
34534500 0.427480101 0.759964559 0.500000000 0.500000000 0.000000000 0.000000000 0.993231177 -0.000651309 -0.116152748 0.800626429 0.001226755 0.999987304 0.004882800 0.024265328 0.116148099 -0.004992241 0.993219376 1.110260877
34567867 0.427480101 0.759964559 0.500000000 0.500000000 0.000000000 0.000000000 0.993216574 -0.000559975 -0.116277754 0.811428073 0.001155084 0.999986589 0.005050680 0.025815552 0.116273366 -0.005150729 0.993203878 1.127898611
34601233 0.427480101 0.759964559 0.500000000 0.500000000 0.000000000 0.000000000 0.993209541 -0.000519363 -0.116338126 0.822355871 0.001116135 0.999986529 0.005064546 0.027354489 0.116333932 -0.005160004 0.993196726 1.146033028
34634600 0.427480101 0.759964559 0.500000000 0.500000000 0.000000000 0.000000000 0.993213475 -0.000485973 -0.116304398 0.833041999 0.001086505 0.999986410 0.005100109 0.028738905 0.116300337 -0.005191862 0.993200541 1.163805894
34667967 0.427480101 0.759964559 0.500000000 0.500000000 0.000000000 0.000000000 0.993206799 -0.000480471 -0.116361521 0.843654356 0.001080558 0.999986470 0.005094070 0.029789874 0.116357498 -0.005185201 0.993193865 1.181606795
34701333 0.427480101 0.759964559 0.500000000 0.500000000 0.000000000 0.000000000 0.993197441 -0.000433278 -0.116441742 0.854688540 0.001015467 0.999987304 0.004940552 0.030951837 0.116438121 -0.005025187 0.993185222 1.200032091
34734700 0.427480101 0.759964559 0.500000000 0.500000000 0.000000000 0.000000000 0.993204296 -0.000375634 -0.116383478 0.865741879 0.000944768 0.999987841 0.004835037 0.032391665 0.116380252 -0.004912134 0.993192613 1.218231930
34768067 0.427480101 0.759964559 0.500000000 0.500000000 0.000000000 0.000000000 0.993228555 -0.000316786 -0.116176352 0.876495874 0.000887715 0.999987781 0.004862630 0.033294632 0.116173387 -0.004932834 0.993216693 1.236071377
34801433 0.427480101 0.759964559 0.500000000 0.500000000 0.000000000 0.000000000 0.993250310 -0.000332651 -0.115990371 0.887394795 0.000911323 0.999987423 0.004935971 0.034615822 0.115987264 -0.005008359 0.993238091 1.254400792
34834800 0.427480101 0.759964559 0.500000000 0.500000000 0.000000000 0.000000000 0.993267059 -0.000249020 -0.115846865 0.898272408 0.000834145 0.999987125 0.005002402 0.035788744 0.115844131 -0.005065354 0.993254483 1.272783379
34868167 0.427480101 0.759964559 0.500000000 0.500000000 0.000000000 0.000000000 0.993281662 -0.000229731 -0.115721807 0.908953267 0.000807704 0.999987423 0.004947634 0.037040131 0.115719214 -0.005007863 0.993269324 1.291335358
34901533 0.427480101 0.759964559 0.500000000 0.500000000 0.000000000 0.000000000 0.993283510 -0.000156177 -0.115706034 0.919502074 0.000732900 0.999987543 0.004941862 0.037791784 0.115703814 -0.004993471 0.993271232 1.310146361
34934900 0.427480101 0.759964559 0.500000000 0.500000000 0.000000000 0.000000000 0.993283570 -0.000096614 -0.115705468 0.929892546 0.000678755 0.999987304 0.004991846 0.038925760 0.115703523 -0.005036854 0.993271053 1.328855740
34968267 0.427480101 0.759964559 0.500000000 0.500000000 0.000000000 0.000000000 0.993289530 -0.000033153 -0.115654118 0.940342871 0.000619167 0.999987125 0.005031032 0.040330523 0.115652464 -0.005068881 0.993276834 1.347507158
35001633 0.427480101 0.759964559 0.500000000 0.500000000 0.000000000 0.000000000 0.993295133 -0.000015028 -0.115606107 0.950896989 0.000611920 0.999986649 0.005127667 0.041650975 0.115604490 -0.005164028 0.993281901 1.366714212
35035000 0.427480101 0.759964559 0.500000000 0.500000000 0.000000000 0.000000000 0.993297279 0.000034557 -0.115587510 0.960940608 0.000582155 0.999985754 0.005301696 0.043215658 0.115586050 -0.005333450 0.993283153 1.385519239
35068367 0.427480101 0.759964559 0.500000000 0.500000000 0.000000000 0.000000000 0.993289530 0.000061890 -0.115654282 0.971165493 0.000561606 0.999985456 0.005358442 0.044767525 0.115652934 -0.005387437 0.993275046 1.404575369
35101733 0.427480101 0.759964559 0.500000000 0.500000000 0.000000000 0.000000000 0.993283629 0.000072139 -0.115704678 0.981422595 0.000572938 0.999984503 0.005541936 0.046025857 0.115703277 -0.005571006 0.993268192 1.423843169
35135100 0.427480101 0.759964559 0.500000000 0.500000000 0.000000000 0.000000000 0.993286967 0.000099418 -0.115676068 0.991649291 0.000548686 0.999984324 0.005570892 0.047737498 0.115674809 -0.005596965 0.993271351 1.442709926
35168467 0.427480101 0.759964559 0.500000000 0.500000000 0.000000000 0.000000000 0.993302882 0.000098793 -0.115539558 1.001770052 0.000546545 0.999984443 0.005553734 0.049150042 0.115538307 -0.005579688 0.993287325 1.461532476
35201833 0.427480101 0.759964559 0.500000000 0.500000000 0.000000000 0.000000000 0.993315101 0.000116811 -0.115434639 1.012457496 0.000515184 0.999985039 0.005445064 0.050600146 0.115433551 -0.005468134 0.993300140 1.481088193
35235200 0.427480101 0.759964559 0.500000000 0.500000000 0.000000000 0.000000000 0.993337572 0.000088184 -0.115241125 1.022848360 0.000535977 0.999985337 0.005385136 0.052175697 0.115239911 -0.005411025 0.993322968 1.499888071
35268567 0.427480101 0.759964559 0.500000000 0.500000000 0.000000000 0.000000000 0.993346989 0.000064521 -0.115159787 1.033246757 0.000562917 0.999985158 0.005415888 0.053540353 0.115158431 -0.005444682 0.993332207 1.518908490
35301933 0.427480101 0.759964559 0.500000000 0.500000000 0.000000000 0.000000000 0.993345022 -0.000067159 -0.115176611 1.043743851 0.000696834 0.999985039 0.005426786 0.054970239 0.115174524 -0.005470930 0.993330181 1.538262731
35335300 0.427480101 0.759964559 0.500000000 0.500000000 0.000000000 0.000000000 0.993340313 -0.000045248 -0.115217321 1.053937629 0.000678572 0.999984860 0.005457563 0.056464845 0.115215331 -0.005499400 0.993325293 1.557342610
35368667 0.427480101 0.759964559 0.500000000 0.500000000 0.000000000 0.000000000 0.993333161 -0.000138606 -0.115278661 1.064355551 0.000779210 0.999984503 0.005511966 0.057823335 0.115276113 -0.005565044 0.993317902 1.576314514
35402033 0.427480101 0.759964559 0.500000000 0.500000000 0.000000000 0.000000000 0.993335426 -0.000131230 -0.115259193 1.074980411 0.000772802 0.999984443 0.005521668 0.059164111 0.115256675 -0.005573941 0.993320107 1.596124836
35435400 0.427480101 0.759964559 0.500000000 0.500000000 0.000000000 0.000000000 0.993327320 -0.000081020 -0.115329370 1.085892792 0.000717321 0.999984741 0.005475753 0.060979810 0.115327172 -0.005521943 0.993312240 1.615347551
