https://www.youtube.com/watch?v=Xzq88smK9k8
95895800 0.485933112 0.863881153 0.500000000 0.500000000 0.000000000 0.000000000 0.998467028 0.013765544 -0.053610425 -0.090696831 -0.013177580 0.999849260 0.011305443 0.029005096 0.053757969 -0.010581656 0.998497903 -0.193616777
95929167 0.485933112 0.863881153 0.500000000 0.500000000 0.000000000 0.000000000 0.998284638 0.014719997 -0.056666486 -0.093006156 -0.014075343 0.999831796 0.011758664 0.031173725 0.056830041 -0.010940894 0.998323917 -0.203671000
95962533 0.485933112 0.863881153 0.500000000 0.500000000 0.000000000 0.000000000 0.998111069 0.015471377 -0.059455141 -0.095988699 -0.014762851 0.999814928 0.012337849 0.032969838 0.059635021 -0.011436816 0.998154700 -0.213712447
95995900 0.485933112 0.863881153 0.500000000 0.500000000 0.000000000 0.000000000 0.997924566 0.016099282 -0.062348392 -0.098031880 -0.015326587 0.999799967 0.012851706 0.034993355 0.062542818 -0.011869445 0.997971714 -0.223722357
96029267 0.485933112 0.863881153 0.500000000 0.500000000 0.000000000 0.000000000 0.997746944 0.016397187 -0.065054685 -0.100477462 -0.015564905 0.999790668 0.013279886 0.037287440 0.065258816 -0.012237396 0.997793317 -0.232885564
96062633 0.485933112 0.863881153 0.500000000 0.500000000 0.000000000 0.000000000 0.997574329 0.016630271 -0.067593373 -0.103127683 -0.015744653 0.999783337 0.013613865 0.039315681 0.067805134 -0.012516608 0.997620046 -0.241893796
96096000 0.485933112 0.863881153 0.500000000 0.500000000 0.000000000 0.000000000 0.997378230 0.017098650 -0.070315786 -0.105402015 -0.016154226 0.999771774 0.013978029 0.041579890 0.070538744 -0.012805484 0.997426867 -0.250890358
96129367 0.485933112 0.863881153 0.500000000 0.500000000 0.000000000 0.000000000 0.997180223 0.017604593 -0.072949573 -0.107270707 -0.016600603 0.999759257 0.014346370 0.043964637 0.073184572 -0.013094909 0.997232437 -0.260890586
96162733 0.485933112 0.863881153 0.500000000 0.500000000 0.000000000 0.000000000 0.996998012 0.017861037 -0.075338721 -0.109624661 -0.016787909 0.999748766 0.014853396 0.045938216 0.075585090 -0.013544027 0.997047365 -0.270450786
96196100 0.485933112 0.863881153 0.500000000 0.500000000 0.000000000 0.000000000 0.996829748 0.017782750 -0.077551313 -0.112454015 -0.016655231 0.999746323 0.015161675 0.048137314 0.077801257 -0.013821974 0.996873081 -0.279750178
96229467 0.485933112 0.863881153 0.500000000 0.500000000 0.000000000 0.000000000 0.996652067 0.018012192 -0.079751253 -0.115101352 -0.016818322 0.999736607 0.015616467 0.050184582 0.080011532 -0.014222901 0.996692479 -0.289794123
96262833 0.485933112 0.863881153 0.500000000 0.500000000 0.000000000 0.000000000 0.996486545 0.018374542 -0.081712566 -0.117763263 -0.017114827 0.999724030 0.016090270 0.052511549 0.081985667 -0.014635241 0.996526062 -0.300126115
96296200 0.485933112 0.863881153 0.500000000 0.500000000 0.000000000 0.000000000 0.996346354 0.018906109 -0.083285563 -0.121050933 -0.017560208 0.999703586 0.016863136 0.053894204 0.083579689 -0.015339012 0.996383011 -0.310929711
96329567 0.485933112 0.863881153 0.500000000 0.500000000 0.000000000 0.000000000 0.996207535 0.019137863 -0.084878199 -0.123809292 -0.017719265 0.999690950 0.017435374 0.055688213 0.085185640 -0.015865272 0.996238768 -0.322148955
96362933 0.485933112 0.863881153 0.500000000 0.500000000 0.000000000 0.000000000 0.996076822 0.019666839 -0.086279586 -0.126957331 -0.018161118 0.999669373 0.018202091 0.057206606 0.086609036 -0.016563747 0.996104658 -0.333416737
96396300 0.485933112 0.863881153 0.500000000 0.500000000 0.000000000 0.000000000 0.995977104 0.020033654 -0.087339729 -0.130626042 -0.018450269 0.999651134 0.018898817 0.059475686 0.087687872 -0.017211348 0.995999277 -0.343451685
96429667 0.485933112 0.863881153 0.500000000 0.500000000 0.000000000 0.000000000 0.995887876 0.020268340 -0.088298254 -0.134467188 -0.018591823 0.999631703 0.019768264 0.060847203 0.088666402 -0.018045349 0.995897889 -0.354102748
96463033 0.485933112 0.863881153 0.500000000 0.500000000 0.000000000 0.000000000 0.995813549 0.020567996 -0.089063883 -0.138396933 -0.018807348 0.999611676 0.020562751 0.062743552 0.089452229 -0.018801609 0.995813608 -0.364653161
96496400 0.485933112 0.863881153 0.500000000 0.500000000 0.000000000 0.000000000 0.995736420 0.020993654 -0.089823529 -0.141991685 -0.019137781 0.999586225 0.021473028 0.064480509 0.090237156 -0.019662453 0.995726168 -0.375307133
96529767 0.485933112 0.863881153 0.500000000 0.500000000 0.000000000 0.000000000 0.995693564 0.021393029 -0.090203755 -0.146185579 -0.019444676 0.999559462 0.022423321 0.065801783 0.090643719 -0.020572774 0.995670855 -0.385756670
96563133 0.485933112 0.863881153 0.500000000 0.500000000 0.000000000 0.000000000 0.995660186 0.021652812 -0.090509489 -0.150427011 -0.019610563 0.999534011 0.023392748 0.067274597 0.090973824 -0.021516286 0.995620847 -0.396514489
96596500 0.485933112 0.863881153 0.500000000 0.500000000 0.000000000 0.000000000 0.995663702 0.021925539 -0.090405248 -0.155843873 -0.019772097 0.999500692 0.024647148 0.068210436 0.090900511 -0.022752769 0.995600045 -0.406755700
96629867 0.485933112 0.863881153 0.500000000 0.500000000 0.000000000 0.000000000 0.995687187 0.022178950 -0.090084285 -0.161841245 -0.019921679 0.999466538 0.025879739 0.069165723 0.090610214 -0.023973493 0.995597839 -0.417637379
96663233 0.485933112 0.863881153 0.500000000 0.500000000 0.000000000 0.000000000 0.995696187 0.022430196 -0.089922130 -0.167270773 -0.020057930 0.999428809 0.027198866 0.069487663 0.090480842 -0.025278155 0.995577335 -0.429860306
96696600 0.485933112 0.863881153 0.500000000 0.500000000 0.000000000 0.000000000 0.995721817 0.022731662 -0.089561589 -0.173237876 -0.020270303 0.999394000 0.028296756 0.070681947 0.090150550 -0.026360257 0.995579243 -0.441864199
96729967 0.485933112 0.863881153 0.500000000 0.500000000 0.000000000 0.000000000 0.995770872 0.023119312 -0.088915065 -0.179861984 -0.020566126 0.999352455 0.029524723 0.071690879 0.089540079 -0.027571220 0.995601535 -0.454031741
96763333 0.485933112 0.863881153 0.500000000 0.500000000 0.000000000 0.000000000 0.995815933 0.023326453 -0.088354595 -0.186080865 -0.020681854 0.999313712 0.030729864 0.072536359 0.089010783 -0.028773950 0.995614946 -0.465161332
96796700 0.485933112 0.863881153 0.500000000 0.500000000 0.000000000 0.000000000 0.995880663 0.023505120 -0.087573893 -0.192999591 -0.020812543 0.999285996 0.031533681 0.074804660 0.088252567 -0.029581146 0.995658815 -0.476105486
96830067 0.485933112 0.863881153 0.500000000 0.500000000 0.000000000 0.000000000 0.995944798 0.023480840 -0.086848378 -0.199577934 -0.020712243 0.999252439 0.032643508 0.076479970 0.087549955 -0.030712306 0.995686591 -0.486235800
96863433 0.485933112 0.863881153 0.500000000 0.500000000 0.000000000 0.000000000 0.996042311 0.023133785 -0.085816965 -0.207161319 -0.020314436 0.999229491 0.033582184 0.078232171 0.086527720 -0.031705953 0.995744765 -0.497328232
96896800 0.485933112 0.863881153 0.500000000 0.500000000 0.000000000 0.000000000 0.996141493 0.022901403 -0.084721319 -0.214940501 -0.020042693 0.999205768 0.034440622 0.080168609 0.085442767 -0.032609686 0.995809317 -0.509839439
96930167 0.485933112 0.863881153 0.500000000 0.500000000 0.000000000 0.000000000 0.996252000 0.022893310 -0.083413430 -0.222832377 -0.019995673 0.999172807 0.035409696 0.081953443 0.084155075 -0.033609074 0.995885730 -0.523692247
96963533 0.485933112 0.863881153 0.500000000 0.500000000 0.000000000 0.000000000 0.996354938 0.022395981 -0.082311884 -0.229833121 -0.019468639 0.999155045 0.036196269 0.083920543 0.083052985 -0.034461830 0.995949090 -0.538119688
96996900 0.485933112 0.863881153 0.500000000 0.500000000 0.000000000 0.000000000 0.996456265 0.021748381 -0.081252508 -0.236592521 -0.018793844 0.999140322 0.036951985 0.085999052 0.081986308 -0.035293989 0.996008337 -0.551067633
97030267 0.485933112 0.863881153 0.500000000 0.500000000 0.000000000 0.000000000 0.996569097 0.021396874 -0.079951033 -0.244098564 -0.018402915 0.999108315 0.037998471 0.086926938 0.080692790 -0.036396772 0.996074259 -0.563450399
97063633 0.485933112 0.863881153 0.500000000 0.500000000 0.000000000 0.000000000 0.996678114 0.020757554 -0.078752212 -0.251064742 -0.017731158 0.999084353 0.038935948 0.088362326 0.079488315 -0.037410237 0.996133566 -0.576144177
97097000 0.485933112 0.863881153 0.500000000 0.500000000 0.000000000 0.000000000 0.996779680 0.020197717 -0.077603504 -0.257876242 -0.017150950 0.999063313 0.039728615 0.090275422 0.078333244 -0.038269702 0.996192396 -0.587990529
97130367 0.485933112 0.863881153 0.500000000 0.500000000 0.000000000 0.000000000 0.996847332 0.019753458 -0.076845556 -0.262890212 -0.016672017 0.999038994 0.040536083 0.091588730 0.077572435 -0.039127115 0.996218622 -0.600240033
97163733 0.485933112 0.863881153 0.500000000 0.500000000 0.000000000 0.000000000 0.996929824 0.019648191 -0.075794913 -0.269005464 -0.016537599 0.999003649 0.041451167 0.092447601 0.076533839 -0.040070437 0.996261477 -0.612129874
97197100 0.485933112 0.863881153 0.500000000 0.500000000 0.000000000 0.000000000 0.997009575 0.019486686 -0.074780732 -0.274804901 -0.016359555 0.998975039 0.042204447 0.093891540 0.075526513 -0.040854860 0.996306479 -0.623766806
97230467 0.485933112 0.863881153 0.500000000 0.500000000 0.000000000 0.000000000 0.997094691 0.019040408 -0.073754273 -0.281086190 -0.015887380 0.998944283 0.043103728 0.094732014 0.074497119 -0.041806735 0.996344507 -0.635006091
97263833 0.485933112 0.863881153 0.500000000 0.500000000 0.000000000 0.000000000 0.997155726 0.018499313 -0.073063582 -0.286092715 -0.015322485 0.998922646 0.043804031 0.096563298 0.073795214 -0.042559922 0.996364832 -0.646249699
97297200 0.485933112 0.863881153 0.500000000 0.500000000 0.000000000 0.000000000 0.997208118 0.018124059 -0.072439946 -0.291146792 -0.014934103 0.998905003 0.044337485 0.098602186 0.073164202 -0.043131873 0.996386766 -0.657468430
97330567 0.485933112 0.863881153 0.500000000 0.500000000 0.000000000 0.000000000 0.997235477 0.018004121 -0.072092332 -0.295169624 -0.014784535 0.998879969 0.044946451 0.099735434 0.072820805 -0.043756340 0.996384740 -0.668700939
97363933 0.485933112 0.863881153 0.500000000 0.500000000 0.000000000 0.000000000 0.997255623 0.018270869 -0.071745761 -0.299456263 -0.015030646 0.998853743 0.045445614 0.101242779 0.072493851 -0.044242509 0.996387124 -0.679131383
97397300 0.485933112 0.863881153 0.500000000 0.500000000 0.000000000 0.000000000 0.997258902 0.018379813 -0.071671642 -0.302946286 -0.015100041 0.998825610 0.046037409 0.102467826 0.072433636 -0.044828974 0.996365249 -0.689580028
97430667 0.485933112 0.863881153 0.500000000 0.500000000 0.000000000 0.000000000 0.997238278 0.018493298 -0.071929261 -0.305658184 -0.015156340 0.998795629 0.046664510 0.103199162 0.072705612 -0.045445453 0.996317506 -0.699444554
97464033 0.485933112 0.863881153 0.500000000 0.500000000 0.000000000 0.000000000 0.997222483 0.018041840 -0.072261967 -0.308648332 -0.014657854 0.998783171 0.047089007 0.105190485 0.073023602 -0.045899011 0.996273458 -0.708932212
97497400 0.485933112 0.863881153 0.500000000 0.500000000 0.000000000 0.000000000 0.997202694 0.017494101 -0.072668478 -0.311374994 -0.014053024 0.998767734 0.047597397 0.106116797 0.073411606 -0.046443041 0.996219754 -0.721592747
97530767 0.485933112 0.863881153 0.500000000 0.500000000 0.000000000 0.000000000 0.997179151 0.017177781 -0.073066160 -0.313640330 -0.013689050 0.998754323 0.047983199 0.106925313 0.073799394 -0.046847638 0.996172130 -0.735650855
97564133 0.485933112 0.863881153 0.500000000 0.500000000 0.000000000 0.000000000 0.997171640 0.016552528 -0.073312789 -0.315691540 -0.013029509 0.998749077 0.048274882 0.107952795 0.074020147 -0.047183115 0.996139944 -0.751265675
97597500 0.485933112 0.863881153 0.500000000 0.500000000 0.000000000 0.000000000 0.997181773 0.016114453 -0.073272325 -0.318305424 -0.012541696 0.998721957 0.048961267 0.108110907 0.073967665 -0.047904324 0.996109426 -0.766875938
97630867 0.485933112 0.863881153 0.500000000 0.500000000 0.000000000 0.000000000 0.997176766 0.015335627 -0.073507197 -0.319925623 -0.011690042 0.998692214 0.049771089 0.107435605 0.074174337 -0.048771273 0.996051967 -0.781894815
97664233 0.485933112 0.863881153 0.500000000 0.500000000 0.000000000 0.000000000 0.997166574 0.014748526 -0.073764801 -0.321536381 -0.011043637 0.998668849 0.050383743 0.106656133 0.074409701 -0.049426354 0.996002138 -0.797396458
97697600 0.485933112 0.863881153 0.500000000 0.500000000 0.000000000 0.000000000 0.997149110 0.014825694 -0.073985562 -0.322954490 -0.011080720 0.998648703 0.050773833 0.107567400 0.074638344 -0.049809270 0.995965958 -0.812274341
97730967 0.485933112 0.863881153 0.500000000 0.500000000 0.000000000 0.000000000 0.997127235 0.013927663 -0.074453689 -0.323982070 -0.010117456 0.998631537 0.051309913 0.107109479 0.075066425 -0.050409228 0.995903552 -0.827620160
97764333 0.485933112 0.863881153 0.500000000 0.500000000 0.000000000 0.000000000 0.997099161 0.013790919 -0.074854061 -0.325288637 -0.009940441 0.998619854 0.051570758 0.107300159 0.075461961 -0.050677076 0.995860100 -0.841248025
97797700 0.485933112 0.863881153 0.500000000 0.500000000 0.000000000 0.000000000 0.997059047 0.013618449 -0.075417437 -0.325635255 -0.009693073 0.998591065 0.052172218 0.107415711 0.076021686 -0.051287755 0.995786250 -0.854667457
97831067 0.485933112 0.863881153 0.500000000 0.500000000 0.000000000 0.000000000 0.997016132 0.013723308 -0.075963847 -0.326320015 -0.009744312 0.998573124 0.052505121 0.108614504 0.076575994 -0.051608235 0.995727241 -0.868443706
97864433 0.485933112 0.863881153 0.500000000 0.500000000 0.000000000 0.000000000 0.996942401 0.013851751 -0.076902494 -0.325679383 -0.009800729 0.998556614 0.052807070 0.109923212 0.077522963 -0.051891904 0.995639205 -0.881201107
97897800 0.485933112 0.863881153 0.500000000 0.500000000 0.000000000 0.000000000 0.996870041 0.013658610 -0.077869110 -0.325478438 -0.009537407 0.998546124 0.053053100 0.110705210 0.078480534 -0.052144375 0.995550990 -0.894339022
97931167 0.485933112 0.863881153 0.500000000 0.500000000 0.000000000 0.000000000 0.996820331 0.013204537 -0.078580193 -0.326253887 -0.009043136 0.998549342 0.053079542 0.112421576 0.079167090 -0.052200157 0.995493710 -0.906399081
97964533 0.485933112 0.863881153 0.500000000 0.500000000 0.000000000 0.000000000 0.996776640 0.011517207 -0.079395823 -0.326803425 -0.007328279 0.998575509 0.052850936 0.113430433 0.079891421 -0.052098744 0.995441139 -0.919558611
97997900 0.485933112 0.863881153 0.500000000 0.500000000 0.000000000 0.000000000 0.996752083 0.010124554 -0.079892397 -0.328670098 -0.005942119 0.998607635 0.052415971 0.114694829 0.080311850 -0.051770996 0.995424390 -0.932731652
98031267 0.485933112 0.863881153 0.500000000 0.500000000 0.000000000 0.000000000 0.996702731 0.009862063 -0.080538474 -0.329433844 -0.005687896 0.998636365 0.051894132 0.116904318 0.080940440 -0.051264931 0.995399714 -0.944349391
98064633 0.485933112 0.863881153 0.500000000 0.500000000 0.000000000 0.000000000 0.996646821 0.009860948 -0.081227481 -0.330213394 -0.005654948 0.998638928 0.051848713 0.118523197 0.081628203 -0.051215515 0.995346069 -0.955686371
98098000 0.485933112 0.863881153 0.500000000 0.500000000 0.000000000 0.000000000 0.996614873 0.009594069 -0.081650287 -0.332061565 -0.005375980 0.998646915 0.051724318 0.120124556 0.082036056 -0.051110275 0.995317936 -0.967583619
98131367 0.485933112 0.863881153 0.500000000 0.500000000 0.000000000 0.000000000 0.996569932 0.009451905 -0.082213491 -0.333025340 -0.005248371 0.998674810 0.051196117 0.123294502 0.082588442 -0.050589021 0.995298922 -0.979943831
98164733 0.485933112 0.863881153 0.500000000 0.500000000 0.000000000 0.000000000 0.996506989 0.010337304 -0.082867377 -0.333765147 -0.006110695 0.998674989 0.051096797 0.125674157 0.083285786 -0.050411940 0.995249748 -0.993370221
98198100 0.485933112 0.863881153 0.500000000 0.500000000 0.000000000 0.000000000 0.996477067 0.010434169 -0.083214134 -0.335603441 -0.006198792 0.998679698 0.050994214 0.127105341 0.083636343 -0.050298739 0.995226085 -1.006821692
98231467 0.485933112 0.863881153 0.500000000 0.500000000 0.000000000 0.000000000 0.996454298 0.010160542 -0.083519846 -0.337814596 -0.005946929 0.998704076 0.050545260 0.129226456 0.083925173 -0.049869355 0.995223403 -1.021282431
98264833 0.485933112 0.863881153 0.500000000 0.500000000 0.000000000 0.000000000 0.996441007 0.009985467 -0.083699860 -0.340487447 -0.005791015 0.998722076 0.050206792 0.131148781 0.084094241 -0.049543396 0.995225430 -1.035223221
98298200 0.485933112 0.863881153 0.500000000 0.500000000 0.000000000 0.000000000 0.996399999 0.009664811 -0.084223717 -0.341953261 -0.005457832 0.998732388 0.050037883 0.131961421 0.084600560 -0.049398068 0.995189726 -1.049406236
98331567 0.485933112 0.863881153 0.500000000 0.500000000 0.000000000 0.000000000 0.996362567 0.009233861 -0.084713131 -0.343817119 -0.004987304 0.998726547 0.050204013 0.132119909 0.085068829 -0.049598910 0.995139837 -1.063603033
98364933 0.485933112 0.863881153 0.500000000 0.500000000 0.000000000 0.000000000 0.996309161 0.009036931 -0.085360445 -0.345075443 -0.004760846 0.998729527 0.050165802 0.133407661 0.085705347 -0.049574260 0.995086432 -1.078179655
98398300 0.485933112 0.863881153 0.500000000 0.500000000 0.000000000 0.000000000 0.996261239 0.008745085 -0.085948311 -0.346500470 -0.004473511 0.998750865 0.049766831 0.135395459 0.086276166 -0.049196273 0.995055854 -1.093343649
98431667 0.485933112 0.863881153 0.500000000 0.500000000 0.000000000 0.000000000 0.996215165 0.008900730 -0.086464517 -0.348148313 -0.004627412 0.998763502 0.049498070 0.137170622 0.086798169 -0.048910622 0.995024562 -1.108011767
98465033 0.485933112 0.863881153 0.500000000 0.500000000 0.000000000 0.000000000 0.996154487 0.008725554 -0.087178603 -0.349110116 -0.004422579 0.998767793 0.049429912 0.138071935 0.087502480 -0.048854273 0.994965613 -1.123166553
98498400 0.485933112 0.863881153 0.500000000 0.500000000 0.000000000 0.000000000 0.996095777 0.008458515 -0.087872997 -0.350276774 -0.004133374 0.998776138 0.049286194 0.139183269 0.088182345 -0.048730556 0.994911671 -1.138891248
98531767 0.485933112 0.863881153 0.500000000 0.500000000 0.000000000 0.000000000 0.996024966 0.008845318 -0.088634111 -0.350973138 -0.004497716 0.998782218 0.049131300 0.140774721 0.088960759 -0.048537351 0.994851828 -1.154430808
98565133 0.485933112 0.863881153 0.500000000 0.500000000 0.000000000 0.000000000 0.995970607 0.009093512 -0.089218207 -0.351885678 -0.004750225 0.998798549 0.048773706 0.142891379 0.089554541 -0.048153371 0.994817197 -1.170345288
98598500 0.485933112 0.863881153 0.500000000 0.500000000 0.000000000 0.000000000 0.995903134 0.009580863 -0.089917675 -0.352749489 -0.005250585 0.998820424 0.048271801 0.146021335 0.090274096 -0.047601916 0.994778693 -1.186253375
98631867 0.485933112 0.863881153 0.500000000 0.500000000 0.000000000 0.000000000 0.995812178 0.009808799 -0.090894930 -0.352599447 -0.005465641 0.998836756 0.047908477 0.148190645 0.091259122 -0.047211047 0.994707465 -1.201920815
98665233 0.485933112 0.863881153 0.500000000 0.500000000 0.000000000 0.000000000 0.995727777 0.010044114 -0.091789261 -0.352774672 -0.005674219 0.998843431 0.047745448 0.149848138 0.092162661 -0.047020636 0.994633138 -1.218080534
98698600 0.485933112 0.863881153 0.500000000 0.500000000 0.000000000 0.000000000 0.995648682 0.010272681 -0.092618652 -0.353116640 -0.005926880 0.998873770 0.047074985 0.153270481 0.092997931 -0.046321206 0.994588196 -1.233659993
98731967 0.485933112 0.863881153 0.500000000 0.500000000 0.000000000 0.000000000 0.995559216 0.010949861 -0.093498513 -0.353051542 -0.006598234 0.998885989 0.046725135 0.155800283 0.093905993 -0.045900714 0.994522393 -1.248804507
98765333 0.485933112 0.863881153 0.500000000 0.500000000 0.000000000 0.000000000 0.995484531 0.011902563 -0.094174854 -0.352808715 -0.007548433 0.998891771 0.046456404 0.158489073 0.094623439 -0.045535758 0.994471192 -1.264319993
98798700 0.485933112 0.863881153 0.500000000 0.500000000 0.000000000 0.000000000 0.995412052 0.012399228 -0.094874345 -0.352802227 -0.008046550 0.998903334 0.046124138 0.161391870 0.095342204 -0.045149110 0.994420171 -1.281556987
98832067 0.485933112 0.863881153 0.500000000 0.500000000 0.000000000 0.000000000 0.995315254 0.012754848 -0.095837869 -0.352044305 -0.008396245 0.998917878 0.045745336 0.163815209 0.096317634 -0.044726349 0.994345248 -1.296714840
98865433 0.485933112 0.863881153 0.500000000 0.500000000 0.000000000 0.000000000 0.995217860 0.013309904 -0.096769340 -0.351304379 -0.008893533 0.998905182 0.045927048 0.165180377 0.097274683 -0.044846795 0.994246662 -1.311611032
98898800 0.485933112 0.863881153 0.500000000 0.500000000 0.000000000 0.000000000 0.995152414 0.013804711 -0.097371116 -0.351000708 -0.009372508 0.998905301 0.045830075 0.167545273 0.097897194 -0.044695295 0.994192362 -1.326300095
98932167 0.485933112 0.863881153 0.500000000 0.500000000 0.000000000 0.000000000 0.995065331 0.013425872 -0.098309219 -0.349618702 -0.008957708 0.998912692 0.045751248 0.168550224 0.098816581 -0.044644859 0.994103670 -1.340432020
98965533 0.485933112 0.863881153 0.500000000 0.500000000 0.000000000 0.000000000 0.995000839 0.013426810 -0.098959677 -0.349391373 -0.008976492 0.998934031 0.045279857 0.171449138 0.099462152 -0.044165187 0.994060695 -1.353191235
98998900 0.485933112 0.863881153 0.500000000 0.500000000 0.000000000 0.000000000 0.994926214 0.014025289 -0.099624872 -0.348703601 -0.009574910 0.998940647 0.045009874 0.174230308 0.100150608 -0.043827605 0.994006515 -1.365996160
99032267 0.485933112 0.863881153 0.500000000 0.500000000 0.000000000 0.000000000 0.994859695 0.015406809 -0.100084282 -0.348248247 -0.010947124 0.998928964 0.044956658 0.177173855 0.100669727 -0.043629929 0.993962765 -1.378801207
