https://www.youtube.com/watch?v=EXxzPH4Se-Q
55589000 0.475595325 0.845502828 0.500000000 0.500000000 0.000000000 0.000000000 0.904840231 -0.016266624 0.425440401 -0.454419922 0.015762301 0.999864697 0.004705852 -0.050466319 -0.425459385 0.002447875 0.904974222 -2.057078040
55622000 0.475595325 0.845502828 0.500000000 0.500000000 0.000000000 0.000000000 0.900625229 -0.017099733 0.434260100 -0.466348397 0.016551184 0.999850273 0.005044811 -0.051383757 -0.434281349 0.002644035 0.900773406 -2.045071672
55655000 0.475595325 0.845502828 0.500000000 0.500000000 0.000000000 0.000000000 0.896331489 -0.017825460 0.443026036 -0.478108581 0.017313005 0.999836564 0.005201399 -0.050457640 -0.443046361 0.003007935 0.896493673 -2.030971466
55689000 0.475595325 0.845502828 0.500000000 0.500000000 0.000000000 0.000000000 0.892007411 -0.018476941 0.451642960 -0.489418909 0.017768648 0.999825239 0.005809781 -0.053061452 -0.451671362 0.002842717 0.892179847 -2.018517022
55722000 0.475595325 0.845502828 0.500000000 0.500000000 0.000000000 0.000000000 0.887720287 -0.018976292 0.459991902 -0.500603823 0.018317400 0.999814868 0.005895865 -0.051621867 -0.460018605 0.003191976 0.887903512 -2.005697600
55755000 0.475595325 0.845502828 0.500000000 0.500000000 0.000000000 0.000000000 0.883602262 -0.019586181 0.467828423 -0.509309063 0.018875562 0.999802589 0.006207034 -0.052154264 -0.467857629 0.003345975 0.883797526 -1.993120629
55789000 0.475595325 0.845502828 0.500000000 0.500000000 0.000000000 0.000000000 0.879582644 -0.019793419 0.475334138 -0.515912102 0.019111661 0.999797702 0.006267443 -0.051686979 -0.475362033 0.003571691 0.879783034 -1.980572647
55822000 0.475595325 0.845502828 0.500000000 0.500000000 0.000000000 0.000000000 0.875145555 -0.020239459 0.483436257 -0.526331535 0.019515051 0.999788225 0.006529636 -0.052560283 -0.483466029 0.003719902 0.875355184 -1.967111544
55856000 0.475595325 0.845502828 0.500000000 0.500000000 0.000000000 0.000000000 0.870793819 -0.020737892 0.491210788 -0.535078295 0.020103456 0.999776304 0.006570067 -0.051602785 -0.491237164 0.004153860 0.871015966 -1.954502604
55889000 0.475595325 0.845502828 0.500000000 0.500000000 0.000000000 0.000000000 0.866685450 -0.021338571 0.498398423 -0.541975909 0.020732109 0.999762237 0.006752190 -0.051816321 -0.498424023 0.004480826 0.866921782 -1.942542408
55922000 0.475595325 0.845502828 0.500000000 0.500000000 0.000000000 0.000000000 0.862537384 -0.021693977 0.505528033 -0.548973302 0.021131180 0.999753237 0.006848664 -0.051308506 -0.505551875 0.004775175 0.862783015 -1.929985221
55956000 0.475595325 0.845502828 0.500000000 0.500000000 0.000000000 0.000000000 0.858415008 -0.022160012 0.512476921 -0.554768577 0.021668009 0.999741137 0.006935203 -0.051124507 -0.512497962 0.005151073 0.858672976 -1.917935409
55989000 0.475595325 0.845502828 0.500000000 0.500000000 0.000000000 0.000000000 0.854319274 -0.022621760 0.519256055 -0.560230347 0.022204861 0.999728799 0.007020784 -0.051092006 -0.519274056 0.005532018 0.854589880 -1.905675656
56023000 0.475595325 0.845502828 0.500000000 0.500000000 0.000000000 0.000000000 0.850443482 -0.022998026 0.525563538 -0.564292014 0.022757243 0.999717057 0.006921655 -0.048755527 -0.525574028 0.006073900 0.850726187 -1.893193811
56056000 0.475595325 0.845502828 0.500000000 0.500000000 0.000000000 0.000000000 0.846649051 -0.023517150 0.531631708 -0.566983837 0.023255369 0.999703705 0.007187396 -0.048635536 -0.531643271 0.006278089 0.846945107 -1.881640939
56089000 0.475595325 0.845502828 0.500000000 0.500000000 0.000000000 0.000000000 0.842604995 -0.023690276 0.538010716 -0.571779030 0.023429994 0.999698639 0.007324958 -0.048431640 -0.538022161 0.006433542 0.842906177 -1.870877820
56123000 0.475595325 0.845502828 0.500000000 0.500000000 0.000000000 0.000000000 0.838710427 -0.024259411 0.544037044 -0.574581609 0.024115421 0.999681771 0.007399930 -0.047040089 -0.544043481 0.006913284 0.839028537 -1.858645667
56156000 0.475595325 0.845502828 0.500000000 0.500000000 0.000000000 0.000000000 0.834952652 -0.024634248 0.549770176 -0.577162507 0.024541713 0.999670506 0.007521255 -0.046721635 -0.549774289 0.007212410 0.835282087 -1.847453215
56189000 0.475595325 0.845502828 0.500000000 0.500000000 0.000000000 0.000000000 0.831209660 -0.025101403 0.555392146 -0.578861920 0.024988336 0.999657452 0.007782353 -0.047448820 -0.555397272 0.007409559 0.831552148 -1.836565135
56223000 0.475595325 0.845502828 0.500000000 0.500000000 0.000000000 0.000000000 0.827371955 -0.025304539 0.561084032 -0.580463309 0.025334898 0.999649167 0.007724827 -0.046144056 -0.561082661 0.007823701 0.827722788 -1.825791550
56256000 0.475595325 0.845502828 0.500000000 0.500000000 0.000000000 0.000000000 0.823488533 -0.025629660 0.566753685 -0.582057007 0.025830608 0.999636889 0.007673780 -0.044885917 -0.566744566 0.008320321 0.823851585 -1.815495294
56290000 0.475595325 0.845502828 0.500000000 0.500000000 0.000000000 0.000000000 0.819547117 -0.025818672 0.572429836 -0.582848788 0.026227554 0.999627590 0.007536888 -0.042866038 -0.572411239 0.008836600 0.819919050 -1.804638532
56323000 0.475595325 0.845502828 0.500000000 0.500000000 0.000000000 0.000000000 0.815423191 -0.026218500 0.578271270 -0.584857797 0.026614051 0.999615431 0.007793406 -0.043317155 -0.578253210 0.009035217 0.815807343 -1.793688387
56356000 0.475595325 0.845502828 0.500000000 0.500000000 0.000000000 0.000000000 0.811326265 -0.026528286 0.583991408 -0.586160338 0.026942255 0.999605179 0.007977607 -0.043108268 -0.583972454 0.009261604 0.811720610 -1.783287087
56390000 0.475595325 0.845502828 0.500000000 0.500000000 0.000000000 0.000000000 0.807203889 -0.026823234 0.589662969 -0.586896165 0.027203312 0.999596059 0.008231445 -0.043341549 -0.589645565 0.009396331 0.807607472 -1.772043107
56423000 0.475595325 0.845502828 0.500000000 0.500000000 0.000000000 0.000000000 0.802987814 -0.027142258 0.595377088 -0.587564431 0.027650939 0.999583364 0.008276406 -0.041633556 -0.595353663 0.009816883 0.803403795 -1.761541145
56456000 0.475595325 0.845502828 0.500000000 0.500000000 0.000000000 0.000000000 0.798637569 -0.027504770 0.601183474 -0.587384631 0.027949201 0.999572337 0.008602574 -0.042134758 -0.601162970 0.009932259 0.799064755 -1.750817160
56490000 0.475595325 0.845502828 0.500000000 0.500000000 0.000000000 0.000000000 0.794117332 -0.027851768 0.607125938 -0.587951365 0.028359773 0.999559402 0.008760142 -0.041973734 -0.607102454 0.010261373 0.794557333 -1.739775198
56523000 0.475595325 0.845502828 0.500000000 0.500000000 0.000000000 0.000000000 0.789560616 -0.028253278 0.613021851 -0.586462948 0.029092113 0.999539733 0.008597228 -0.040291982 -0.612982571 0.011046068 0.790019214 -1.728406790
56556000 0.475595325 0.845502828 0.500000000 0.500000000 0.000000000 0.000000000 0.784712970 -0.028720573 0.619193614 -0.586900085 0.029892348 0.999517143 0.008478433 -0.038929007 -0.619138122 0.011856014 0.785192609 -1.717177332
56590000 0.475595325 0.845502828 0.500000000 0.500000000 0.000000000 0.000000000 0.779574096 -0.029078262 0.625634611 -0.588631430 0.030349098 0.999502003 0.008638287 -0.039637113 -0.625574231 0.012253261 0.780068398 -1.705875807
56623000 0.475595325 0.845502828 0.500000000 0.500000000 0.000000000 0.000000000 0.774301529 -0.029451748 0.632131100 -0.591422482 0.030906262 0.999484360 0.008709894 -0.038353242 -0.632061601 0.012792723 0.774812520 -1.695277802
56657000 0.475595325 0.845502828 0.500000000 0.500000000 0.000000000 0.000000000 0.769150972 -0.030005690 0.638362288 -0.591103050 0.031443480 0.999464154 0.009093314 -0.037852748 -0.638293087 0.013078200 0.769682348 -1.684824169
56690000 0.475595325 0.845502828 0.500000000 0.500000000 0.000000000 0.000000000 0.763781846 -0.030347720 0.644760668 -0.591489229 0.031774066 0.999450862 0.009402868 -0.037032742 -0.644691944 0.013304928 0.764326692 -1.673969900
56723000 0.475595325 0.845502828 0.500000000 0.500000000 0.000000000 0.000000000 0.758271813 -0.030627742 0.651218653 -0.592391889 0.032232746 0.999435484 0.009473423 -0.034767335 -0.651141226 0.013807136 0.758831024 -1.663227788
56757000 0.475595325 0.845502828 0.500000000 0.500000000 0.000000000 0.000000000 0.752712429 -0.030995164 0.657619417 -0.593062970 0.032663681 0.999419153 0.009718087 -0.034301005 -0.657538652 0.014165347 0.753287613 -1.653090755
56790000 0.475595325 0.845502828 0.500000000 0.500000000 0.000000000 0.000000000 0.746852696 -0.031337637 0.664250731 -0.595528031 0.033163168 0.999401271 0.009862050 -0.032907599 -0.664162099 0.014663160 0.747444808 -1.643117516
56823000 0.475595325 0.845502828 0.500000000 0.500000000 0.000000000 0.000000000 0.740896642 -0.031694576 0.670870781 -0.597126520 0.033616509 0.999383867 0.010089410 -0.032022469 -0.670777261 0.015077126 0.741505623 -1.632527182
56857000 0.475595325 0.845502828 0.500000000 0.500000000 0.000000000 0.000000000 0.734802485 -0.031975251 0.677527010 -0.599854981 0.034134697 0.999365747 0.010143816 -0.029445300 -0.677421629 0.015673479 0.735427916 -1.621971776
56890000 0.475595325 0.845502828 0.500000000 0.500000000 0.000000000 0.000000000 0.728801847 -0.032390360 0.683958113 -0.601809495 0.034475949 0.999349415 0.010590055 -0.029546570 -0.683856189 0.015862051 0.729444385 -1.612223059
56923000 0.475595325 0.845502828 0.500000000 0.500000000 0.000000000 0.000000000 0.722801507 -0.032674633 0.690282762 -0.601538761 0.034911737 0.999332607 0.010747147 -0.027034950 -0.690173268 0.016330918 0.723459840 -1.601870415
56957000 0.475595325 0.845502828 0.500000000 0.500000000 0.000000000 0.000000000 0.715704679 -0.033077188 0.697619259 -0.603254930 0.035058085 0.999320090 0.011415197 -0.027924483 -0.697522521 0.016287286 0.716377735 -1.590047160
56990000 0.475595325 0.845502828 0.500000000 0.500000000 0.000000000 0.000000000 0.709262729 -0.033366028 0.704154134 -0.604386926 0.035524152 0.999301851 0.011569593 -0.025355243 -0.704048574 0.016808597 0.709952891 -1.579827996
57024000 0.475595325 0.845502828 0.500000000 0.500000000 0.000000000 0.000000000 0.702196062 -0.033830341 0.711179435 -0.607872358 0.036092643 0.999277592 0.011898251 -0.023861997 -0.711068213 0.017313441 0.702909827 -1.569715572
57057000 0.475595325 0.845502828 0.500000000 0.500000000 0.000000000 0.000000000 0.694927514 -0.034114912 0.718270063 -0.611349913 0.036559880 0.999258339 0.012088966 -0.021745839 -0.718149781 0.017858913 0.695659399 -1.559333652
57090000 0.475595325 0.845502828 0.500000000 0.500000000 0.000000000 0.000000000 0.687677801 -0.034384258 0.725201309 -0.615017175 0.037029501 0.999238908 0.012263802 -0.019599172 -0.725071073 0.018420298 0.688427687 -1.549451086
57124000 0.475595325 0.845502828 0.500000000 0.500000000 0.000000000 0.000000000 0.680413783 -0.034733634 0.732004523 -0.617831160 0.037693493 0.999212682 0.012375768 -0.016686219 -0.731858075 0.019171165 0.681187332 -1.539729413
57157000 0.475595325 0.845502828 0.500000000 0.500000000 0.000000000 0.000000000 0.672873020 -0.035020147 0.738928616 -0.622822972 0.038325518 0.999187708 0.012455189 -0.014047530 -0.738764584 0.019939061 0.673668563 -1.530273174
57190000 0.475595325 0.845502828 0.500000000 0.500000000 0.000000000 0.000000000 0.665490985 -0.035191927 0.745575786 -0.627666946 0.038862504 0.999166727 0.012473522 -0.012290333 -0.745393455 0.020673923 0.666304111 -1.520909855
57224000 0.475595325 0.845502828 0.500000000 0.500000000 0.000000000 0.000000000 0.658179283 -0.035424557 0.752027333 -0.632294069 0.039446369 0.999143004 0.012541317 -0.010023935 -0.751827121 0.021410313 0.659012556 -1.512658423
57257000 0.475595325 0.845502828 0.500000000 0.500000000 0.000000000 0.000000000 0.650734007 -0.035698783 0.758466125 -0.636712147 0.039977603 0.999119520 0.012726429 -0.007827594 -0.758252621 0.022040138 0.651588202 -1.504116284
57291000 0.475595325 0.845502828 0.500000000 0.500000000 0.000000000 0.000000000 0.643147886 -0.035886414 0.764900625 -0.641842346 0.040376347 0.999100924 0.012924800 -0.006136026 -0.764676750 0.022571336 0.644018650 -1.496079345
57324000 0.475595325 0.845502828 0.500000000 0.500000000 0.000000000 0.000000000 0.635426641 -0.036063671 0.771318614 -0.647959440 0.040734116 0.999083400 0.013155490 -0.004372831 -0.771086037 0.023059631 0.636313260 -1.488368192
57357000 0.475595325 0.845502828 0.500000000 0.500000000 0.000000000 0.000000000 0.627813220 -0.036219716 0.777520835 -0.653618578 0.041218430 0.999062181 0.013257872 -0.002004191 -0.777271867 0.023724720 0.628717363 -1.481357110
57391000 0.475595325 0.845502828 0.500000000 0.500000000 0.000000000 0.000000000 0.620513439 -0.036415618 0.783349872 -0.658168435 0.041762240 0.999038219 0.013361287 0.000004016 -0.783083022 0.024423586 0.621437430 -1.474921680
57424000 0.475595325 0.845502828 0.500000000 0.500000000 0.000000000 0.000000000 0.613366902 -0.036619890 0.788948655 -0.662509868 0.042343806 0.999012589 0.013450103 0.002273664 -0.788662136 0.025157243 0.614311874 -1.469531989
57457000 0.475595325 0.845502828 0.500000000 0.500000000 0.000000000 0.000000000 0.606169343 -0.036777347 0.794484854 -0.667458360 0.042764027 0.998992383 0.013616429 0.004001709 -0.794185102 0.025721511 0.607131302 -1.464751455
57491000 0.475595325 0.845502828 0.500000000 0.500000000 0.000000000 0.000000000 0.598847747 -0.036895458 0.800012589 -0.672107089 0.042939868 0.998980582 0.013929033 0.004753771 -0.799710929 0.026011063 0.599821508 -1.460224264
57524000 0.475595325 0.845502828 0.500000000 0.500000000 0.000000000 0.000000000 0.591575861 -0.037046112 0.805397749 -0.677018113 0.043220099 0.998964608 0.014203894 0.006152012 -0.805090070 0.026406690 0.592564523 -1.456226757
57557000 0.475595325 0.845502828 0.500000000 0.500000000 0.000000000 0.000000000 0.584643066 -0.037134685 0.810440302 -0.679164500 0.043557972 0.998947859 0.014349910 0.007336450 -0.810120463 0.026911560 0.585645437 -1.453381941
57591000 0.475595325 0.845502828 0.500000000 0.500000000 0.000000000 0.000000000 0.577359617 -0.037221726 0.815641105 -0.683594450 0.044172820 0.998921275 0.014317539 0.009175507 -0.815294206 0.027762800 0.578381002 -1.450441699
57624000 0.475595325 0.845502828 0.500000000 0.500000000 0.000000000 0.000000000 0.570084691 -0.037262786 0.820740461 -0.686627375 0.044840522 0.998893142 0.014205036 0.010960091 -0.820361376 0.028704360 0.571124554 -1.448763307
57658000 0.475595325 0.845502828 0.500000000 0.500000000 0.000000000 0.000000000 0.562755108 -0.037344228 0.825779676 -0.689355790 0.045474373 0.998864830 0.014181629 0.012844558 -0.825371861 0.029571030 0.563814521 -1.447749752
57691000 0.475595325 0.845502828 0.500000000 0.500000000 0.000000000 0.000000000 0.555368543 -0.037413348 0.830762327 -0.692289739 0.045918152 0.998843014 0.014286352 0.013427485 -0.830335677 0.030212879 0.556443930 -1.447097799
57724000 0.475595325 0.845502828 0.500000000 0.500000000 0.000000000 0.000000000 0.548086107 -0.037571598 0.835577667 -0.694940606 0.046536248 0.998812973 0.014386610 0.015027454 -0.835126340 0.030999547 0.549183965 -1.447156518
57758000 0.475595325 0.845502828 0.500000000 0.500000000 0.000000000 0.000000000 0.541092813 -0.037658505 0.840119243 -0.696617884 0.046956748 0.998791277 0.014527733 0.015940799 -0.839650869 0.031588417 0.542207122 -1.448538053
57791000 0.475595325 0.845502828 0.500000000 0.500000000 0.000000000 0.000000000 0.534398139 -0.037846088 0.844385147 -0.696969445 0.047420885 0.998766005 0.014753637 0.016690546 -0.843901575 0.032157175 0.535533428 -1.450962672
57824000 0.475595325 0.845502828 0.500000000 0.500000000 0.000000000 0.000000000 0.527760267 -0.037956644 0.848544896 -0.697466058 0.048042510 0.998735726 0.014794419 0.018396395 -0.848033607 0.032958321 0.528916538 -1.454140513
57858000 0.475595325 0.845502828 0.500000000 0.500000000 0.000000000 0.000000000 0.521177530 -0.038009882 0.852601469 -0.696555042 0.048418608 0.998715580 0.014926522 0.019272956 -0.852073729 0.033502407 0.522348464 -1.457935350
57891000 0.475595325 0.845502828 0.500000000 0.500000000 0.000000000 0.000000000 0.514389873 -0.038039375 0.856712341 -0.697532472 0.048908468 0.998690963 0.014977672 0.021773494 -0.856160581 0.034196123 0.515577018 -1.461636846
57924000 0.475595325 0.845502828 0.500000000 0.500000000 0.000000000 0.000000000 0.507888317 -0.038247596 0.860573411 -0.698795647 0.049547069 0.998656988 0.015143221 0.024685121 -0.859996796 0.034947824 0.509101272 -1.465163729
57958000 0.475595325 0.845502828 0.500000000 0.500000000 0.000000000 0.000000000 0.501923978 -0.038267501 0.864064753 -0.697678062 0.050174933 0.998626590 0.015080978 0.027452569 -0.863455176 0.035784889 0.503154695 -1.470588626
57991000 0.475595325 0.845502828 0.500000000 0.500000000 0.000000000 0.000000000 0.495913148 -0.038300112 0.867527068 -0.695780616 0.050230604 0.998619318 0.015373829 0.027465914 -0.866918147 0.035952326 0.497152269 -1.476203597
58025000 0.475595325 0.845502828 0.500000000 0.500000000 0.000000000 0.000000000 0.489520639 -0.038370214 0.871147096 -0.695697961 0.050861880 0.998586893 0.015402745 0.031381369 -0.870507121 0.036768217 0.490780473 -1.482624336
58058000 0.475595325 0.845502828 0.500000000 0.500000000 0.000000000 0.000000000 0.483381450 -0.038647912 0.874556303 -0.695095684 0.051122762 0.998566270 0.015871711 0.032091857 -0.873915792 0.037037641 0.484664172 -1.488726911
58091000 0.475595325 0.845502828 0.500000000 0.500000000 0.000000000 0.000000000 0.477895975 -0.038946971 0.877552629 -0.692579346 0.051663749 0.998533428 0.016181318 0.033948885 -0.876895845 0.037604671 0.479207247 -1.497361141
58125000 0.475595325 0.845502828 0.500000000 0.500000000 0.000000000 0.000000000 0.472446382 -0.039558604 0.880471230 -0.691337591 0.052300122 0.998490155 0.016797680 0.035978550 -0.879806280 0.038112748 0.473801970 -1.505771485
58158000 0.475595325 0.845502828 0.500000000 0.500000000 0.000000000 0.000000000 0.467455059 -0.039128285 0.883150458 -0.689855292 0.052027028 0.998506010 0.016701039 0.034700025 -0.882484555 0.038140710 0.468792409 -1.512022481
58191000 0.475595325 0.845502828 0.500000000 0.500000000 0.000000000 0.000000000 0.462370843 -0.039052818 0.885826230 -0.688787662 0.052444801 0.998485088 0.016645152 0.037864861 -0.885134339 0.038760748 0.463718504 -1.519420816
58225000 0.475595325 0.845502828 0.500000000 0.500000000 0.000000000 0.000000000 0.457685947 -0.038894515 0.888262808 -0.686033281 0.052429680 0.998484850 0.016705934 0.038109381 -0.887566745 0.038925264 0.459031731 -1.527827681
58258000 0.475595325 0.845502828 0.500000000 0.500000000 0.000000000 0.000000000 0.452927560 -0.038885470 0.890698910 -0.684650828 0.053038545 0.998454154 0.016619241 0.042033606 -0.889968276 0.039714061 0.454289824 -1.536150612
58292000 0.475595325 0.845502828 0.500000000 0.500000000 0.000000000 0.000000000 0.448605895 -0.038808484 0.892886698 -0.682334442 0.053145926 0.998447180 0.016694890 0.041752109 -0.892148137 0.039963864 0.449971825 -1.543176234
58325000 0.475595325 0.845502828 0.500000000 0.500000000 0.000000000 0.000000000 0.444590896 -0.038719419 0.894896507 -0.679248300 0.053515829 0.998428822 0.016611902 0.043785534 -0.894133627 0.040505625 0.445964485 -1.552775850
58358000 0.475595325 0.845502828 0.500000000 0.500000000 0.000000000 0.000000000 0.440820336 -0.038566206 0.896766484 -0.676457991 0.053872939 0.998412192 0.016455438 0.047291323 -0.895977199 0.041057553 0.442198068 -1.561690882
58392000 0.475595325 0.845502828 0.500000000 0.500000000 0.000000000 0.000000000 0.437259734 -0.038553748 0.898508489 -0.672905779 0.053812329 0.998412192 0.016652670 0.049426713 -0.897723854 0.041069292 0.438640118 -1.569347276
58425000 0.475595325 0.845502828 0.500000000 0.500000000 0.000000000 0.000000000 0.433700562 -0.038315978 0.900242031 -0.668186211 0.053577442 0.998424292 0.016683333 0.050410279 -0.899462759 0.040997095 0.435070068 -1.579158677
58458000 0.475595325 0.845502828 0.500000000 0.500000000 0.000000000 0.000000000 0.430018306 -0.038141157 0.902014136 -0.664493188 0.053551324 0.998425663 0.016688274 0.052604972 -0.901230574 0.041127786 0.431383818 -1.589714860
58492000 0.475595325 0.845502828 0.500000000 0.500000000 0.000000000 0.000000000 0.426686764 -0.038018666 0.903600037 -0.659857137 0.053670999 0.998419642 0.016664317 0.055499701 -0.902805507 0.041386671 0.428052932 -1.598566473
58525000 0.475595325 0.845502828 0.500000000 0.500000000 0.000000000 0.000000000 0.423183322 -0.038000047 0.905246854 -0.655591167 0.053950563 0.998404145 0.016689839 0.058200777 -0.904436409 0.041775715 0.424558073 -1.608699065
58558000 0.475595325 0.845502828 0.500000000 0.500000000 0.000000000 0.000000000 0.419564694 -0.037845332 0.906936169 -0.650861903 0.054230396 0.998390913 0.016573686 0.059855120 -0.906104028 0.042229772 0.420941919 -1.619210217
58592000 0.475595325 0.845502828 0.500000000 0.500000000 0.000000000 0.000000000 0.415974081 -0.037935972 0.908584833 -0.646863910 0.054988813 0.998350501 0.016508613 0.063467431 -0.907712400 0.043094847 0.417373985 -1.629734074
58625000 0.475595325 0.845502828 0.500000000 0.500000000 0.000000000 0.000000000 0.412938535 -0.037900291 0.909969985 -0.640665089 0.055167485 0.998340011 0.016546255 0.062472976 -0.909086525 0.043368168 0.414343923 -1.641105016
58659000 0.475595325 0.845502828 0.500000000 0.500000000 0.000000000 0.000000000 0.409852207 -0.037947442 0.911362231 -0.635146777 0.055938065 0.998299360 0.016411223 0.065760886 -0.910435140 0.044253662 0.411277920 -1.653705864
58692000 0.475595325 0.845502828 0.500000000 0.500000000 0.000000000 0.000000000 0.406908780 -0.038109701 0.912673473 -0.629066028 0.056055781 0.998288095 0.016692575 0.064821121 -0.911747217 0.044368271 0.408348441 -1.666514851
58725000 0.475595325 0.845502828 0.500000000 0.500000000 0.000000000 0.000000000 0.403720349 -0.038117282 0.914088011 -0.623535072 0.056447964 0.998265922 0.016696412 0.066403575 -0.913139343 0.044857729 0.405171931 -1.679005115
58759000 0.475595325 0.845502828 0.500000000 0.500000000 0.000000000 0.000000000 0.400756449 -0.038308173 0.915383399 -0.617275025 0.056465771 0.998258829 0.017055642 0.065977672 -0.914442956 0.044852670 0.402221769 -1.692367016
58792000 0.475595325 0.845502828 0.500000000 0.500000000 0.000000000 0.000000000 0.398348451 -0.038288917 0.916434646 -0.610981543 0.056500420 0.998255312 0.017148262 0.066404903 -0.915492356 0.044947956 0.399816811 -1.704636457
58825000 0.475595325 0.845502828 0.500000000 0.500000000 0.000000000 0.000000000 0.395970345 -0.038265280 0.917465687 -0.603742270 0.056530107 0.998252094 0.017236777 0.066345390 -0.916521609 0.045039181 0.397441357 -1.717916773
58859000 0.475595325 0.845502828 0.500000000 0.500000000 0.000000000 0.000000000 0.393676966 -0.038387638 0.918446958 -0.596222064 0.056812167 0.998233736 0.017370837 0.067724878 -0.917491615 0.045340467 0.395162523 -1.732013041
58892000 0.475595325 0.845502828 0.500000000 0.500000000 0.000000000 0.000000000 0.391820610 -0.038380012 0.919240773 -0.587731236 0.056976981 0.998224020 0.017391628 0.068296009 -0.918275714 0.045561168 0.393311501 -1.745495696
58925000 0.475595325 0.845502828 0.500000000 0.500000000 0.000000000 0.000000000 0.389938444 -0.038377959 0.920040846 -0.579562411 0.057232153 0.998209596 0.017382085 0.069579779 -0.919060647 0.045877974 0.391436726 -1.758998167
58959000 0.475595325 0.845502828 0.500000000 0.500000000 0.000000000 0.000000000 0.388082653 -0.038271237 0.920829594 -0.571145886 0.057530619 0.998194873 0.017240450 0.071178292 -0.919827223 0.046285179 0.389583886 -1.772737159
58992000 0.475595325 0.845502828 0.500000000 0.500000000 0.000000000 0.000000000 0.386156559 -0.038258471 0.921639502 -0.562865935 0.057766013 0.998181403 0.017232517 0.072535803 -0.920622706 0.046584990 0.387664348 -1.786957068
59026000 0.475595325 0.845502828 0.500000000 0.500000000 0.000000000 0.000000000 0.384228915 -0.038197622 0.922447324 -0.554775188 0.057931781 0.998172343 0.017202873 0.073523114 -0.921418488 0.046829175 0.385739535 -1.799928463
59059000 0.475595325 0.845502828 0.500000000 0.500000000 0.000000000 0.000000000 0.382404953 -0.038297538 0.923200846 -0.546273810 0.058107905 0.998159766 0.017337842 0.074647425 -0.922165871 0.047015186 0.383926630 -1.813129735
59092000 0.475595325 0.845502828 0.500000000 0.500000000 0.000000000 0.000000000 0.381195039 -0.038317807 0.923700213 -0.536792609 0.058133431 0.998156905 0.017415833 0.075086380 -0.922665060 0.047059033 0.382719994 -1.827584223
59126000 0.475595325 0.845502828 0.500000000 0.500000000 0.000000000 0.000000000 0.379957765 -0.038138796 0.924217224 -0.527281151 0.058157247 0.998157859 0.017280830 0.075868551 -0.923173785 0.047183946 0.381475896 -1.840424346
59159000 0.475595325 0.845502828 0.500000000 0.500000000 0.000000000 0.000000000 0.378190070 -0.038206674 0.924939215 -0.519286834 0.058134772 0.998156011 0.017460857 0.076372369 -0.923900783 0.047167610 0.379713833 -1.853911565
59192000 0.475595325 0.845502828 0.500000000 0.500000000 0.000000000 0.000000000 0.376724511 -0.038084086 0.925542116 -0.510967300 0.058177233 0.998154759 0.017391991 0.077477340 -0.924496651 0.047293488 0.378244996 -1.866372305
59226000 0.475595325 0.845502828 0.500000000 0.500000000 0.000000000 0.000000000 0.375446051 -0.037945524 0.926067173 -0.502280370 0.058253802 0.998152196 0.017281953 0.079114128 -0.925011754 0.047458496 0.376962751 -1.878600457
59259000 0.475595325 0.845502828 0.500000000 0.500000000 0.000000000 0.000000000 0.374093413 -0.038034387 0.926610768 -0.494107050 0.058222968 0.998150826 0.017464966 0.079480740 -0.925561547 0.047416497 0.375616133 -1.891320198
59293000 0.475595325 0.845502828 0.500000000 0.500000000 0.000000000 0.000000000 0.372901767 -0.037908670 0.927096128 -0.485852334 0.058331702 0.998146474 0.017351391 0.080171731 -0.926035464 0.047608729 0.374421865 -1.904229418
59326000 0.475595325 0.845502828 0.500000000 0.500000000 0.000000000 0.000000000 0.371878654 -0.037858866 0.927509010 -0.477518096 0.058632907 0.998130858 0.017233016 0.081528436 -0.926427782 0.047973957 0.373403341 -1.917016924
59359000 0.475595325 0.845502828 0.500000000 0.500000000 0.000000000 0.000000000 0.370596051 -0.037702393 0.928028584 -0.470226879 0.058994714 0.998113692 0.016990926 0.082973075 -0.926918626 0.048452012 0.372121245 -1.929943880
59393000 0.475595325 0.845502828 0.500000000 0.500000000 0.000000000 0.000000000 0.369243205 -0.037581410 0.928572595 -0.463538641 0.059372403 0.998094738 0.016785925 0.084982055 -0.927434325 0.048933499 0.370770991 -1.942612222
59426000 0.475595325 0.845502828 0.500000000 0.500000000 0.000000000 0.000000000 0.367660165 -0.037289675 0.929212272 -0.458343585 0.059581961 0.998087406 0.016478948 0.087266626 -0.928049564 0.049305636 0.369178772 -1.955273857
59459000 0.475595325 0.845502828 0.500000000 0.500000000 0.000000000 0.000000000 0.366368502 -0.037229188 0.929724753 -0.452535495 0.059374750 0.998098254 0.016569797 0.088131988 -0.928573489 0.049131524 0.367882222 -1.968105344
59493000 0.475595325 0.845502828 0.500000000 0.500000000 0.000000000 0.000000000 0.365260482 -0.037076380 0.930166721 -0.447122804 0.059017021 0.998118758 0.016609976 0.088568976 -0.929032683 0.048828702 0.366761476 -1.981667005
59526000 0.475595325 0.845502828 0.500000000 0.500000000 0.000000000 0.000000000 0.364097685 -0.036884367 0.930630147 -0.441979372 0.058660127 0.998139799 0.016609972 0.089241698 -0.929511607 0.048543230 0.365584016 -1.994490773
59559000 0.475595325 0.845502828 0.500000000 0.500000000 0.000000000 0.000000000 0.363168180 -0.036693539 0.931000769 -0.437033269 0.058446079 0.998153508 0.016541371 0.090235389 -0.929888666 0.048406046 0.364642203 -2.007859990
59593000 0.475595325 0.845502828 0.500000000 0.500000000 0.000000000 0.000000000 0.362038314 -0.036493640 0.931448579 -0.432784807 0.058575038 0.998149276 0.016339811 0.091889833 -0.930321038 0.048643999 0.363505900 -2.020607418
59626000 0.475595325 0.845502828 0.500000000 0.500000000 0.000000000 0.000000000 0.360701025 -0.036248349 0.931976855 -0.429785712 0.058734771 0.998143971 0.016089862 0.092733867 -0.930830300 0.048935816 0.362160563 -2.033772492
59660000 0.475595325 0.845502828 0.500000000 0.500000000 0.000000000 0.000000000 0.359346002 -0.036198501 0.932502091 -0.427082953 0.059053704 0.998126745 0.015989218 0.093720635 -0.931334019 0.049322039 0.360810518 -2.047953355
59693000 0.475595325 0.845502828 0.500000000 0.500000000 0.000000000 0.000000000 0.358195454 -0.035817020 0.932959378 -0.424877444 0.059552945 0.998105526 0.015453591 0.096235825 -0.931745410 0.050025072 0.359649867 -2.061330076
59726000 0.475595325 0.845502828 0.500000000 0.500000000 0.000000000 0.000000000 0.357018381 -0.035675976 0.933415830 -0.423155080 0.059764765 0.998095393 0.015288908 0.097096036 -0.932183504 0.050326958 0.358470559 -2.075937844
59760000 0.475595325 0.845502828 0.500000000 0.500000000 0.000000000 0.000000000 0.355542213 -0.035393640 0.933989823 -0.422854884 0.059933238 0.998089552 0.015007898 0.098367605 -0.932736695 0.050641093 0.356984228 -2.090457928
59793000 0.475595325 0.845502828 0.500000000 0.500000000 0.000000000 0.000000000 0.354551256 -0.035230614 0.934372663 -0.422050368 0.059774611 0.998099923 0.014951753 0.098006011 -0.933124006 0.050550599 0.355983466 -2.105905973
59826000 0.475595325 0.845502828 0.500000000 0.500000000 0.000000000 0.000000000 0.353614807 -0.034987003 0.934736609 -0.421407046 0.059583824 0.998113334 0.014818367 0.097845844 -0.933491468 0.050455187 0.355032295 -2.121532091
59860000 0.475595325 0.845502828 0.500000000 0.500000000 0.000000000 0.000000000 0.352357119 -0.034650348 0.935223937 -0.421942180 0.059420288 0.998126388 0.014593579 0.098031094 -0.933977365 0.050429124 0.353755891 -2.137494077
59893000 0.475595325 0.845502828 0.500000000 0.500000000 0.000000000 0.000000000 0.351229787 -0.034439910 0.935655653 -0.422942312 0.059270840 0.998136759 0.014490435 0.097523489 -0.934411347 0.050367624 0.352616668 -2.154066326
59926000 0.475595325 0.845502828 0.500000000 0.500000000 0.000000000 0.000000000 0.350357324 -0.034096900 0.935995281 -0.423908649 0.059410363 0.998133719 0.014122305 0.098137411 -0.934729993 0.050659966 0.351729184 -2.170911105
59960000 0.475595325 0.845502828 0.500000000 0.500000000 0.000000000 0.000000000 0.349151284 -0.033739515 0.936458766 -0.426428445 0.059820969 0.998115718 0.013657164 0.099431304 -0.935154974 0.051251452 0.350511700 -2.187873191
59993000 0.475595325 0.845502828 0.500000000 0.500000000 0.000000000 0.000000000 0.347557634 -0.033370588 0.937064648 -0.430641258 0.060551729 0.998079300 0.013084773 0.101618096 -0.935701430 0.052193169 0.348910719 -2.205296311
60027000 0.475595325 0.845502828 0.500000000 0.500000000 0.000000000 0.000000000 0.346375614 -0.033368893 0.937502265 -0.434943793 0.061249260 0.998039186 0.012894062 0.102336227 -0.936094284 0.052955128 0.347740263 -2.222577939
60060000 0.475595325 0.845502828 0.500000000 0.500000000 0.000000000 0.000000000 0.345358402 -0.032991819 0.937890768 -0.438944225 0.061900482 0.998006403 0.012312943 0.104484486 -0.936427236 0.053803511 0.346712083 -2.241093706
60093000 0.475595325 0.845502828 0.500000000 0.500000000 0.000000000 0.000000000 0.344156444 -0.032785688 0.938339710 -0.444419776 0.061819371 0.998012841 0.012197079 0.104229692 -0.936874986 0.053809870 0.345499337 -2.259651276
60127000 0.475595325 0.845502828 0.500000000 0.500000000 0.000000000 0.000000000 0.343041569 -0.032418281 0.938760638 -0.450111072 0.061680175 0.998024702 0.011925704 0.104733587 -0.937292933 0.053811908 0.344363540 -2.278527819
60160000 0.475595325 0.845502828 0.500000000 0.500000000 0.000000000 0.000000000 0.342056990 -0.032478575 0.939117730 -0.456107689 0.061310511 0.998044372 0.012185233 0.102742332 -0.937676966 0.053409748 0.343379319 -2.297233405
60193000 0.475595325 0.845502828 0.500000000 0.500000000 0.000000000 0.000000000 0.341136336 -0.032029625 0.939467967 -0.462287788 0.061636981 0.998030722 0.011644819 0.104214811 -0.937990844 0.053933501 0.342438757 -2.316227457
60227000 0.475595325 0.845502828 0.500000000 0.500000000 0.000000000 0.000000000 0.339814365 -0.031994592 0.939948142 -0.469881371 0.061802704 0.998020649 0.011628106 0.103558890 -0.938459694 0.054139938 0.341119111 -2.334678762
60260000 0.475595325 0.845502828 0.500000000 0.500000000 0.000000000 0.000000000 0.339067191 -0.031568989 0.940232337 -0.476450922 0.061973561 0.998015404 0.011160154 0.104159934 -0.938718677 0.054485504 0.340350717 -2.353721736
60294000 0.475595325 0.845502828 0.500000000 0.500000000 0.000000000 0.000000000 0.338792056 -0.031117994 0.940346539 -0.481701737 0.061947931 0.998021960 0.010707728 0.104509637 -0.938819706 0.054624829 0.340049595 -2.372821381
60327000 0.475595325 0.845502828 0.500000000 0.500000000 0.000000000 0.000000000 0.338191390 -0.030822411 0.940572441 -0.487299099 0.061793271 0.998033881 0.010487078 0.104770436 -0.939046443 0.054574411 0.339431107 -2.391454184
60360000 0.475595325 0.845502828 0.500000000 0.500000000 0.000000000 0.000000000 0.337489665 -0.030533459 0.940833926 -0.493194821 0.061676994 0.998043358 0.010265754 0.105714630 -0.939306498 0.054563221 0.338712543 -2.409290734
60394000 0.475595325 0.845502828 0.500000000 0.500000000 0.000000000 0.000000000 0.336475223 -0.030247139 0.941206455 -0.499542561 0.061498296 0.998056173 0.010088851 0.106455400 -0.939682066 0.054487944 0.337681323 -2.426991587
60427000 0.475595325 0.845502828 0.500000000 0.500000000 0.000000000 0.000000000 0.335397959 -0.030085381 0.941596031 -0.506619309 0.061412636 0.998062253 0.010014284 0.107519658 -0.940072715 0.054467123 0.336595654 -2.444257803
60460000 0.475595325 0.845502828 0.500000000 0.500000000 0.000000000 0.000000000 0.334594011 -0.030005123 0.941884577 -0.513058402 0.061434135 0.998061359 0.009970925 0.108544655 -0.940357745 0.054527652 0.335788697 -2.461803090
60494000 0.475595325 0.845502828 0.500000000 0.500000000 0.000000000 0.000000000 0.334034652 -0.029878125 0.942087114 -0.519013444 0.061621476 0.998051465 0.009803974 0.109613338 -0.940544307 0.054777935 0.335224897 -2.479463032
60527000 0.475595325 0.845502828 0.500000000 0.500000000 0.000000000 0.000000000 0.333689183 -0.029755851 0.942213416 -0.524582276 0.062035069 0.998028278 0.009548527 0.111505989 -0.940639794 0.055264033 0.334877163 -2.496936965
60560000 0.475595325 0.845502828 0.500000000 0.500000000 0.000000000 0.000000000 0.333362788 -0.029650040 0.942332268 -0.529862906 0.062428348 0.998005986 0.009316915 0.113365118 -0.940729499 0.055722333 0.334549040 -2.514635447
60594000 0.475595325 0.845502828 0.500000000 0.500000000 0.000000000 0.000000000 0.333202243 -0.029562049 0.942391813 -0.534895218 0.062434077 0.998006403 0.009231764 0.114125146 -0.940786004 0.055761319 0.334383637 -2.532366974
60627000 0.475595325 0.845502828 0.500000000 0.500000000 0.000000000 0.000000000 0.333099008 -0.029350618 0.942434907 -0.539866694 0.062329572 0.998014569 0.009051475 0.114521696 -0.940829456 0.055726528 0.334267080 -2.550020848
60661000 0.475595325 0.845502828 0.500000000 0.500000000 0.000000000 0.000000000 0.332745135 -0.029190453 0.942564905 -0.545517903 0.062269934 0.998019457 0.008925244 0.114692107 -0.940958619 0.055723622 0.333903790 -2.567840266
60694000 0.475595325 0.845502828 0.500000000 0.500000000 0.000000000 0.000000000 0.332351655 -0.029127268 0.942705691 -0.551505662 0.062460881 0.998008490 0.008815354 0.115278858 -0.941085041 0.055952430 0.333509088 -2.585800574
60727000 0.475595325 0.845502828 0.500000000 0.500000000 0.000000000 0.000000000 0.332369417 -0.028940655 0.942705154 -0.556719260 0.062837996 0.997987688 0.008483022 0.116655287 -0.941053629 0.056418207 0.333519161 -2.604210988
60761000 0.475595325 0.845502828 0.500000000 0.500000000 0.000000000 0.000000000 0.332397163 -0.028721176 0.942702055 -0.562035444 0.063118257 0.997972786 0.008149577 0.117795069 -0.941025078 0.056792811 0.333536148 -2.622752820
60794000 0.475595325 0.845502828 0.500000000 0.500000000 0.000000000 0.000000000 0.332034290 -0.028538875 0.942835510 -0.568666256 0.063211851 0.997968495 0.007946663 0.118658026 -0.941146910 0.056959815 0.333163768 -2.641811685
60827000 0.475595325 0.845502828 0.500000000 0.500000000 0.000000000 0.000000000 0.331798494 -0.028308438 0.942925453 -0.575504485 0.063057676 0.997979641 0.007772410 0.118826393 -0.941240370 0.056879811 0.332913190 -2.661354703
60860000 0.475595325 0.845502828 0.500000000 0.500000000 0.000000000 0.000000000 0.331541061 -0.028193643 0.943019450 -0.582628602 0.062910080 0.997989357 0.007719546 0.119006566 -0.941340983 0.056766082 0.332648098 -2.680947017
60893000 0.475595325 0.845502828 0.500000000 0.500000000 0.000000000 0.000000000 0.331274360 -0.027946847 0.943120480 -0.590244591 0.063019045 0.997984588 0.007436940 0.120548762 -0.941427588 0.056970887 0.332367897 -2.700667191
60927000 0.475595325 0.845502828 0.500000000 0.500000000 0.000000000 0.000000000 0.330968261 -0.027801847 0.943232238 -0.598114623 0.063224040 0.997973144 0.007230824 0.122194490 -0.941521525 0.057241779 0.332055181 -2.721072609
60960000 0.475595325 0.845502828 0.500000000 0.500000000 0.000000000 0.000000000 0.330742687 -0.027701553 0.943314314 -0.606550799 0.063518085 0.997955859 0.007035606 0.124537968 -0.941580951 0.057590544 0.331826150 -2.741302326
60993000 0.475595325 0.845502828 0.500000000 0.500000000 0.000000000 0.000000000 0.331017584 -0.027684556 0.943218410 -0.613240160 0.063764974 0.997941017 0.006912742 0.126961126 -0.941467702 0.057856057 0.332101345 -2.761899962
61027000 0.475595325 0.845502828 0.500000000 0.500000000 0.000000000 0.000000000 0.331178427 -0.027527001 0.943166554 -0.620942295 0.063890383 0.997934461 0.006691317 0.129242398 -0.941402614 0.058043253 0.332253069 -2.782518720
61060000 0.475595325 0.845502828 0.500000000 0.500000000 0.000000000 0.000000000 0.331164509 -0.027593415 0.943169475 -0.629206966 0.063828148 0.997937858 0.006784460 0.130793122 -0.941411734 0.057953991 0.332242846 -2.803069428
