https://www.youtube.com/watch?v=XRIK8wAvz90
81381381 0.472817945 0.840565169 0.500000000 0.500000000 0.000000000 0.000000000 0.993010879 0.000661987 0.118021004 0.024802511 -0.001067957 0.999993742 0.003376606 -0.040674122 -0.118018031 -0.003479048 0.993005335 -0.260880576
81414748 0.472817945 0.840565169 0.500000000 0.500000000 0.000000000 0.000000000 0.992909133 0.000616546 0.118874416 0.024633986 -0.001047243 0.999993086 0.003560691 -0.040706556 -0.118871406 -0.003659933 0.992902935 -0.266409884
81448115 0.472817945 0.840565169 0.500000000 0.500000000 0.000000000 0.000000000 0.992820323 0.000575539 0.119613774 0.024766766 -0.001013096 0.999993026 0.003597302 -0.040515298 -0.119610868 -0.003692655 0.992814004 -0.271896194
81481481 0.472817945 0.840565169 0.500000000 0.500000000 0.000000000 0.000000000 0.992738366 0.000528461 0.120292507 0.024719200 -0.000960075 0.999993324 0.003530108 -0.040768714 -0.120289840 -0.003619963 0.992732227 -0.277486801
81514848 0.472817945 0.840565169 0.500000000 0.500000000 0.000000000 0.000000000 0.992683530 0.000529500 0.120744266 0.024897977 -0.000933318 0.999994159 0.003287877 -0.040526088 -0.120741814 -0.003376514 0.992678225 -0.283080471
81548215 0.472817945 0.840565169 0.500000000 0.500000000 0.000000000 0.000000000 0.992647231 0.000436534 0.121042565 0.025067882 -0.000833254 0.999994457 0.003226926 -0.040536102 -0.121040486 -0.003304059 0.992642045 -0.288796047
81581582 0.472817945 0.840565169 0.500000000 0.500000000 0.000000000 0.000000000 0.992625356 0.000291876 0.121221989 0.025427581 -0.000699089 0.999994278 0.003316717 -0.040537316 -0.121220328 -0.003377003 0.992619872 -0.294606452
81614948 0.472817945 0.840565169 0.500000000 0.500000000 0.000000000 0.000000000 0.992602050 0.000200406 0.121413194 0.026074823 -0.000622954 0.999993861 0.003442303 -0.040586276 -0.121411763 -0.003492471 0.992596090 -0.300576543
81648315 0.472817945 0.840565169 0.500000000 0.500000000 0.000000000 0.000000000 0.992585182 0.000244873 0.121551029 0.026605325 -0.000673911 0.999993682 0.003488600 -0.040631532 -0.121549413 -0.003544648 0.992579043 -0.306652957
81681682 0.472817945 0.840565169 0.500000000 0.500000000 0.000000000 0.000000000 0.992580652 0.000303712 0.121587873 0.027407473 -0.000729004 0.999993801 0.003453347 -0.040697781 -0.121586069 -0.003516363 0.992574692 -0.312990164
81715048 0.472817945 0.840565169 0.500000000 0.500000000 0.000000000 0.000000000 0.992575228 0.000314884 0.121631861 0.028305848 -0.000720982 0.999994338 0.003294747 -0.040760445 -0.121630132 -0.003357979 0.992569804 -0.319477942
81748415 0.472817945 0.840565169 0.500000000 0.500000000 0.000000000 0.000000000 0.992572367 0.000327444 0.121655382 0.029367037 -0.000696666 0.999995291 0.002992457 -0.040833241 -0.121653825 -0.003054983 0.992567897 -0.326167081
81781782 0.472817945 0.840565169 0.500000000 0.500000000 0.000000000 0.000000000 0.992558658 0.000277715 0.121767141 0.030285763 -0.000623678 0.999995887 0.002803083 -0.040973131 -0.121765859 -0.002858168 0.992554724 -0.333306330
81815148 0.472817945 0.840565169 0.500000000 0.500000000 0.000000000 0.000000000 0.992553115 0.000213994 0.121812664 0.031196130 -0.000559346 0.999995947 0.002800921 -0.041073094 -0.121811569 -0.002848198 0.992549181 -0.340517734
81848515 0.472817945 0.840565169 0.500000000 0.500000000 0.000000000 0.000000000 0.992554069 0.000197301 0.121804707 0.032119203 -0.000560827 0.999995470 0.002950221 -0.041324869 -0.121803582 -0.002996566 0.992549717 -0.347864814
81881882 0.472817945 0.840565169 0.500000000 0.500000000 0.000000000 0.000000000 0.992551565 0.000191788 0.121824935 0.032944889 -0.000558635 0.999995410 0.002977117 -0.041659878 -0.121823803 -0.003022998 0.992547154 -0.355182000
81915249 0.472817945 0.840565169 0.500000000 0.500000000 0.000000000 0.000000000 0.992531002 0.000078972 0.121992692 0.033730778 -0.000434208 0.999995768 0.002885367 -0.042200741 -0.121991947 -0.002916787 0.992526829 -0.362694677
81948615 0.472817945 0.840565169 0.500000000 0.500000000 0.000000000 0.000000000 0.992520571 0.000126596 0.122077316 0.034507767 -0.000459094 0.999996245 0.002695545 -0.042572427 -0.122076519 -0.002731429 0.992516935 -0.370353294
81981982 0.472817945 0.840565169 0.500000000 0.500000000 0.000000000 0.000000000 0.992525637 0.000143400 0.122036047 0.035314609 -0.000478524 0.999996185 0.002716807 -0.043335921 -0.122035190 -0.002754898 0.992521942 -0.377992718
82015349 0.472817945 0.840565169 0.500000000 0.500000000 0.000000000 0.000000000 0.992521465 0.000081716 0.122069985 0.036123910 -0.000437552 0.999995708 0.002888210 -0.044330568 -0.122069225 -0.002920023 0.992517292 -0.385661965
82048715 0.472817945 0.840565169 0.500000000 0.500000000 0.000000000 0.000000000 0.992510796 0.000120930 0.122156665 0.036778635 -0.000485120 0.999995530 0.002951600 -0.045272993 -0.122155763 -0.002988756 0.992506444 -0.393197131
82082082 0.472817945 0.840565169 0.500000000 0.500000000 0.000000000 0.000000000 0.992510915 0.000089507 0.122156076 0.037470663 -0.000436616 0.999995947 0.002814757 -0.045836487 -0.122155331 -0.002847012 0.992506921 -0.400789610
82115449 0.472817945 0.840565169 0.500000000 0.500000000 0.000000000 0.000000000 0.992506504 0.000097493 0.122191697 0.038329777 -0.000422049 0.999996424 0.002630244 -0.046493336 -0.122191012 -0.002662105 0.992503047 -0.408192672
82148815 0.472817945 0.840565169 0.500000000 0.500000000 0.000000000 0.000000000 0.992495060 0.000174165 0.122284703 0.039094637 -0.000473258 0.999996960 0.002416839 -0.046853745 -0.122283913 -0.002456573 0.992492139 -0.415669862
82182182 0.472817945 0.840565169 0.500000000 0.500000000 0.000000000 0.000000000 0.992491364 0.000050752 0.122314796 0.039822855 -0.000347670 0.999997020 0.002406153 -0.047101789 -0.122314312 -0.002430611 0.992488444 -0.422836111
82215549 0.472817945 0.840565169 0.500000000 0.500000000 0.000000000 0.000000000 0.992496073 -0.000073139 0.122276306 0.040684142 -0.000241973 0.999996662 0.002562195 -0.047559510 -0.122276090 -0.002572556 0.992492795 -0.429905142
82248916 0.472817945 0.840565169 0.500000000 0.500000000 0.000000000 0.000000000 0.992489696 -0.000038467 0.122328185 0.041337644 -0.000292679 0.999996364 0.002689059 -0.047770655 -0.122327842 -0.002704666 0.992486060 -0.436593378
82282282 0.472817945 0.840565169 0.500000000 0.500000000 0.000000000 0.000000000 0.992475331 0.000076312 0.122444831 0.041873131 -0.000418899 0.999996066 0.002772151 -0.048094250 -0.122444138 -0.002802584 0.992471457 -0.443030498
82315649 0.472817945 0.840565169 0.500000000 0.500000000 0.000000000 0.000000000 0.992470622 0.000230919 0.122482926 0.042482885 -0.000579820 0.999995887 0.002812927 -0.048420751 -0.122481771 -0.002862765 0.992466629 -0.449410310
82349016 0.472817945 0.840565169 0.500000000 0.500000000 0.000000000 0.000000000 0.992447138 0.000194198 0.122672722 0.042831123 -0.000548326 0.999995768 0.002853019 -0.048708419 -0.122671649 -0.002898735 0.992443085 -0.455426241
82382382 0.472817945 0.840565169 0.500000000 0.500000000 0.000000000 0.000000000 0.992459834 0.000172948 0.122570135 0.043465137 -0.000516067 0.999996066 0.002767625 -0.048646907 -0.122569166 -0.002810011 0.992456019 -0.461008254
82415749 0.472817945 0.840565169 0.500000000 0.500000000 0.000000000 0.000000000 0.992430329 0.000181457 0.122808665 0.043719883 -0.000515260 0.999996245 0.002686317 -0.048558923 -0.122807719 -0.002729261 0.992426753 -0.466448862
82449116 0.472817945 0.840565169 0.500000000 0.500000000 0.000000000 0.000000000 0.992423177 0.000262950 0.122866482 0.043834893 -0.000595599 0.999996245 0.002670678 -0.048241293 -0.122865319 -0.002723622 0.992419600 -0.471812503
82482482 0.472817945 0.840565169 0.500000000 0.500000000 0.000000000 0.000000000 0.992424607 0.000331035 0.122854918 0.044090555 -0.000677371 0.999995887 0.002777309 -0.047692786 -0.122853495 -0.002839488 0.992420733 -0.477149821
82515849 0.472817945 0.840565169 0.500000000 0.500000000 0.000000000 0.000000000 0.992406666 0.000395776 0.122999534 0.044286802 -0.000756696 0.999995530 0.002887614 -0.047142888 -0.122997843 -0.002958761 0.992402554 -0.482163026
82549216 0.472817945 0.840565169 0.500000000 0.500000000 0.000000000 0.000000000 0.992384255 0.000445103 0.123179898 0.044192395 -0.000821067 0.999995172 0.003001402 -0.046718894 -0.123177968 -0.003079683 0.992379844 -0.487177178
82582583 0.472817945 0.840565169 0.500000000 0.500000000 0.000000000 0.000000000 0.992386520 0.000443165 0.123161614 0.043962858 -0.000828349 0.999994934 0.003076275 -0.046042210 -0.123159625 -0.003154875 0.992381871 -0.492064866
82615949 0.472817945 0.840565169 0.500000000 0.500000000 0.000000000 0.000000000 0.992380977 0.000464141 0.123206198 0.043891277 -0.000855583 0.999994755 0.003124237 -0.045082461 -0.123204105 -0.003205847 0.992376149 -0.496860669
82649316 0.472817945 0.840565169 0.500000000 0.500000000 0.000000000 0.000000000 0.992357135 0.000529358 0.123398006 0.043553645 -0.000938106 0.999994278 0.003254358 -0.043935315 -0.123395577 -0.003345245 0.992351949 -0.501597349
82682683 0.472817945 0.840565169 0.500000000 0.500000000 0.000000000 0.000000000 0.992339790 0.000522300 0.123537160 0.043088202 -0.000956169 0.999993563 0.003452791 -0.042726544 -0.123534560 -0.003544464 0.992333949 -0.506154697
82716049 0.472817945 0.840565169 0.500000000 0.500000000 0.000000000 0.000000000 0.992325246 0.000550015 0.123653807 0.042596888 -0.001010474 0.999992788 0.003661089 -0.041442566 -0.123650901 -0.003757940 0.992318690 -0.510608471
82749416 0.472817945 0.840565169 0.500000000 0.500000000 0.000000000 0.000000000 0.992332458 0.000596169 0.123595677 0.041961688 -0.001079763 0.999992013 0.003845757 -0.040425002 -0.123592399 -0.003949724 0.992325187 -0.515012611
82782783 0.472817945 0.840565169 0.500000000 0.500000000 0.000000000 0.000000000 0.992333710 0.000603301 0.123585604 0.041768557 -0.001084064 0.999992132 0.003822912 -0.038969998 -0.123582326 -0.003927579 0.992326558 -0.519317325
82816149 0.472817945 0.840565169 0.500000000 0.500000000 0.000000000 0.000000000 0.992320657 0.000728098 0.123689860 0.041235992 -0.001206956 0.999992073 0.003796549 -0.037826666 -0.123686112 -0.003916682 0.992313683 -0.523790846
82849516 0.472817945 0.840565169 0.500000000 0.500000000 0.000000000 0.000000000 0.992332220 0.000855353 0.123596303 0.040680884 -0.001340327 0.999991715 0.003840755 -0.036732411 -0.123591997 -0.003976964 0.992325127 -0.528242392
82882883 0.472817945 0.840565169 0.500000000 0.500000000 0.000000000 0.000000000 0.992330015 0.000887942 0.123613603 0.040328731 -0.001392422 0.999991059 0.003994768 -0.036044418 -0.123608947 -0.004136251 0.992322385 -0.532666800
82916250 0.472817945 0.840565169 0.500000000 0.500000000 0.000000000 0.000000000 0.992315650 0.001013353 0.123728193 0.039947770 -0.001524854 0.999990702 0.004039440 -0.035604516 -0.123722948 -0.004197067 0.992307901 -0.537087802
82949616 0.472817945 0.840565169 0.500000000 0.500000000 0.000000000 0.000000000 0.992291272 0.001039126 0.123923168 0.039137863 -0.001555783 0.999990523 0.004072476 -0.035550976 -0.123917758 -0.004233880 0.992283463 -0.541384684
82982983 0.472817945 0.840565169 0.500000000 0.500000000 0.000000000 0.000000000 0.992274463 0.001089622 0.124057174 0.038176350 -0.001613728 0.999990165 0.004124311 -0.036300795 -0.124051467 -0.004292643 0.992266476 -0.546213691
83016350 0.472817945 0.840565169 0.500000000 0.500000000 0.000000000 0.000000000 0.992282689 0.001188436 0.123990603 0.036970315 -0.001709790 0.999990165 0.004098465 -0.037407326 -0.123984508 -0.004278834 0.992274940 -0.551317564
83049716 0.472817945 0.840565169 0.500000000 0.500000000 0.000000000 0.000000000 0.992286980 0.001230835 0.123955995 0.036007734 -0.001757772 0.999989867 0.004141725 -0.039585304 -0.123949639 -0.004327666 0.992279053 -0.556778180
83083083 0.472817945 0.840565169 0.500000000 0.500000000 0.000000000 0.000000000 0.992254317 0.001369032 0.124215461 0.034080617 -0.001895743 0.999989688 0.004122198 -0.042315829 -0.124208540 -0.004325750 0.992246687 -0.562765524
83116450 0.472817945 0.840565169 0.500000000 0.500000000 0.000000000 0.000000000 0.992257833 0.001446499 0.124186419 0.032205777 -0.001979914 0.999989331 0.004171961 -0.046080810 -0.124179065 -0.004385540 0.992250144 -0.569495981
83149816 0.472817945 0.840565169 0.500000000 0.500000000 0.000000000 0.000000000 0.992255092 0.001438961 0.124208555 0.030092634 -0.001944582 0.999990284 0.003949603 -0.049959318 -0.124201670 -0.004160547 0.992248297 -0.576561283
83183183 0.472817945 0.840565169 0.500000000 0.500000000 0.000000000 0.000000000 0.992214441 0.001399350 0.124533348 0.027692001 -0.001899066 0.999990642 0.003894088 -0.054230374 -0.124526732 -0.004100268 0.992207766 -0.584171003
83216550 0.472817945 0.840565169 0.500000000 0.500000000 0.000000000 0.000000000 0.992172778 0.001583459 0.124862716 0.024886969 -0.002098017 0.999989867 0.003989600 -0.059200804 -0.124855123 -0.004220337 0.992165983 -0.592547997
83249917 0.472817945 0.840565169 0.500000000 0.500000000 0.000000000 0.000000000 0.992101133 0.001824653 0.125427336 0.021852148 -0.002341628 0.999989331 0.003974396 -0.064271135 -0.125418752 -0.004236707 0.992094874 -0.600758560
83283283 0.472817945 0.840565169 0.500000000 0.500000000 0.000000000 0.000000000 0.992012203 0.001881938 0.126127675 0.017939329 -0.002337631 0.999991238 0.003465036 -0.068507281 -0.126120061 -0.003732198 0.992007971 -0.609186928
83316650 0.472817945 0.840565169 0.500000000 0.500000000 0.000000000 0.000000000 0.991924763 0.001947662 0.126812518 0.014105630 -0.002301303 0.999993861 0.002642238 -0.071445383 -0.126806587 -0.002912735 0.991923213 -0.617231044
83350017 0.472817945 0.840565169 0.500000000 0.500000000 0.000000000 0.000000000 0.991817296 0.002030730 0.127649158 0.009966685 -0.002353430 0.999994397 0.002377243 -0.074030975 -0.127643615 -0.002658204 0.991816521 -0.625151004
83383383 0.472817945 0.840565169 0.500000000 0.500000000 0.000000000 0.000000000 0.991717756 0.002160368 0.128418326 0.006316074 -0.002515265 0.999993443 0.002601491 -0.076024374 -0.128411859 -0.002902951 0.991716683 -0.632215716
83416750 0.472817945 0.840565169 0.500000000 0.500000000 0.000000000 0.000000000 0.991589606 0.002177564 0.129403591 0.002717948 -0.002573872 0.999992490 0.002895415 -0.077554089 -0.129396319 -0.003204131 0.991587758 -0.638961682
83450117 0.472817945 0.840565169 0.500000000 0.500000000 0.000000000 0.000000000 0.991452277 0.002277981 0.130449876 -0.000676706 -0.002674524 0.999992311 0.002864695 -0.078012254 -0.130442351 -0.003189099 0.991450787 -0.645278729
83483483 0.472817945 0.840565169 0.500000000 0.500000000 0.000000000 0.000000000 0.991277277 0.002284421 0.131773129 -0.003851454 -0.002624258 0.999993682 0.002405350 -0.077549073 -0.131766796 -0.002730175 0.991276979 -0.651570422
83516850 0.472817945 0.840565169 0.500000000 0.500000000 0.000000000 0.000000000 0.991063714 0.002360259 0.133368656 -0.006860336 -0.002643608 0.999994636 0.001947513 -0.076442228 -0.133363336 -0.002282684 0.991064608 -0.657898829
83550217 0.472817945 0.840565169 0.500000000 0.500000000 0.000000000 0.000000000 0.990818858 0.002488389 0.135173187 -0.010048666 -0.002754062 0.999994636 0.001778464 -0.074928539 -0.135168031 -0.002134411 0.990820408 -0.664217522
83583584 0.472817945 0.840565169 0.500000000 0.500000000 0.000000000 0.000000000 0.990570366 0.002512580 0.136982083 -0.012783676 -0.002823330 0.999993861 0.002074303 -0.073491116 -0.136976033 -0.002441489 0.990571380 -0.670461504
83616950 0.472817945 0.840565169 0.500000000 0.500000000 0.000000000 0.000000000 0.990264475 0.002473389 0.139176860 -0.016120099 -0.002858516 0.999992609 0.002567356 -0.072209881 -0.139169484 -0.002940201 0.990264237 -0.676755631
83650317 0.472817945 0.840565169 0.500000000 0.500000000 0.000000000 0.000000000 0.989986241 0.002275726 0.141145468 -0.019071052 -0.002697426 0.999992430 0.002796449 -0.071242933 -0.141138032 -0.003149176 0.989984930 -0.682897138
83683684 0.472817945 0.840565169 0.500000000 0.500000000 0.000000000 0.000000000 0.989676774 0.002044246 0.143302932 -0.022143419 -0.002461902 0.999993205 0.002737244 -0.070532487 -0.143296361 -0.003061784 0.989675105 -0.689192628
83717050 0.472817945 0.840565169 0.500000000 0.500000000 0.000000000 0.000000000 0.989324510 0.001898557 0.145716935 -0.025459496 -0.002262708 0.999994695 0.002333331 -0.069785718 -0.145711735 -0.002638136 0.989323556 -0.695934822
83750417 0.472817945 0.840565169 0.500000000 0.500000000 0.000000000 0.000000000 0.988955617 0.001695439 0.148202181 -0.029563008 -0.002028150 0.999995768 0.002093889 -0.069527748 -0.148197994 -0.002371340 0.988954842 -0.702764333
83783784 0.472817945 0.840565169 0.500000000 0.500000000 0.000000000 0.000000000 0.988610506 0.001405162 0.150490224 -0.032928387 -0.001783189 0.999995589 0.002377055 -0.070151970 -0.150486216 -0.002618334 0.988608658 -0.709378348
83817150 0.472817945 0.840565169 0.500000000 0.500000000 0.000000000 0.000000000 0.988195896 0.001195152 0.153191000 -0.036612725 -0.001657903 0.999994457 0.002893038 -0.071912011 -0.153186694 -0.003112864 0.988192379 -0.715921175
83850517 0.472817945 0.840565169 0.500000000 0.500000000 0.000000000 0.000000000 0.987786591 0.000898861 0.155810431 -0.040652869 -0.001397374 0.999994278 0.003089984 -0.074042075 -0.155806750 -0.003269970 0.987782121 -0.722205212
83883884 0.472817945 0.840565169 0.500000000 0.500000000 0.000000000 0.000000000 0.987351537 0.000461412 0.158545554 -0.044442030 -0.000953954 0.999994934 0.003030535 -0.076740542 -0.158543348 -0.003143448 0.987347007 -0.728629909
83917251 0.472817945 0.840565169 0.500000000 0.500000000 0.000000000 0.000000000 0.986849487 -0.000016092 0.161641911 -0.048264297 -0.000466590 0.999995530 0.002948164 -0.079883147 -0.161641240 -0.002984815 0.986845076 -0.735250826
83950617 0.472817945 0.840565169 0.500000000 0.500000000 0.000000000 0.000000000 0.986295819 -0.000393360 0.164985925 -0.052452644 -0.000091224 0.999995708 0.002929536 -0.083460570 -0.164986372 -0.002904440 0.986291587 -0.742053410
83983984 0.472817945 0.840565169 0.500000000 0.500000000 0.000000000 0.000000000 0.985750437 -0.000792810 0.168212593 -0.056076359 0.000269681 0.999995053 0.003132749 -0.087666391 -0.168214232 -0.003042745 0.985745788 -0.749160009
84017351 0.472817945 0.840565169 0.500000000 0.500000000 0.000000000 0.000000000 0.985126138 -0.001040703 0.171829730 -0.059665300 0.000469171 0.999994218 0.003366730 -0.091716955 -0.171832249 -0.003236036 0.985120893 -0.756041710
84050717 0.472817945 0.840565169 0.500000000 0.500000000 0.000000000 0.000000000 0.984400809 -0.001134293 0.175936699 -0.063862700 0.000504306 0.999993324 0.003625428 -0.096355191 -0.175939634 -0.003480149 0.984394789 -0.763164285
84084084 0.472817945 0.840565169 0.500000000 0.500000000 0.000000000 0.000000000 0.983684003 -0.001345970 0.179900035 -0.068096336 0.000696780 0.999993026 0.003671758 -0.100811663 -0.179903731 -0.003486498 0.983678043 -0.770565163
84117451 0.472817945 0.840565169 0.500000000 0.500000000 0.000000000 0.000000000 0.982940614 -0.001715872 0.183915332 -0.072149305 0.001080936 0.999993086 0.003552530 -0.104529063 -0.183920160 -0.003293126 0.982935667 -0.777950518
84150817 0.472817945 0.840565169 0.500000000 0.500000000 0.000000000 0.000000000 0.982099473 -0.002057324 0.188351735 -0.076433859 0.001430008 0.999992967 0.003466388 -0.108032573 -0.188357532 -0.003134993 0.982095540 -0.785604342
84184184 0.472817945 0.840565169 0.500000000 0.500000000 0.000000000 0.000000000 0.981198430 -0.002425703 0.192986488 -0.081483211 0.001781997 0.999992251 0.003509012 -0.111413727 -0.192993507 -0.003099136 0.981195152 -0.793094857
84217551 0.472817945 0.840565169 0.500000000 0.500000000 0.000000000 0.000000000 0.980296493 -0.002822347 0.197511703 -0.086301512 0.002140396 0.999991000 0.003666106 -0.114260983 -0.197520271 -0.003171118 0.980293691 -0.800338878
84250918 0.472817945 0.840565169 0.500000000 0.500000000 0.000000000 0.000000000 0.979247749 -0.003130886 0.202642515 -0.092108855 0.002384765 0.999989450 0.003926015 -0.117092044 -0.202652663 -0.003361286 0.979244888 -0.807442983
84284284 0.472817945 0.840565169 0.500000000 0.500000000 0.000000000 0.000000000 0.978187859 -0.003428879 0.207693800 -0.098305153 0.002646027 0.999988317 0.004046952 -0.119536404 -0.207705244 -0.003409116 0.978185534 -0.814330839
84317651 0.472817945 0.840565169 0.500000000 0.500000000 0.000000000 0.000000000 0.977107346 -0.003802249 0.212713003 -0.104194481 0.003014895 0.999987364 0.004025730 -0.121688775 -0.212725624 -0.003292263 0.977106452 -0.821192587
84351018 0.472817945 0.840565169 0.500000000 0.500000000 0.000000000 0.000000000 0.975978196 -0.004057699 0.217830449 -0.110608517 0.003274520 0.999986827 0.003956221 -0.123459746 -0.217843637 -0.003147895 0.975978613 -0.827675895
84384384 0.472817945 0.840565169 0.500000000 0.500000000 0.000000000 0.000000000 0.974816203 -0.004365889 0.222967148 -0.117369851 0.003554498 0.999985516 0.004040257 -0.125141309 -0.222981557 -0.003145971 0.974817574 -0.834144973
84417751 0.472817945 0.840565169 0.500000000 0.500000000 0.000000000 0.000000000 0.973650813 -0.004607325 0.227997437 -0.124167985 0.003736550 0.999983966 0.004250737 -0.126626070 -0.228013366 -0.003286810 0.973652482 -0.840232455
84451118 0.472817945 0.840565169 0.500000000 0.500000000 0.000000000 0.000000000 0.972442448 -0.004816734 0.233093277 -0.131298610 0.003879472 0.999982417 0.004479263 -0.127879957 -0.233110771 -0.003451546 0.972444057 -0.846060690
84484484 0.472817945 0.840565169 0.500000000 0.500000000 0.000000000 0.000000000 0.971222460 -0.005239591 0.238116413 -0.138498996 0.004251406 0.999980092 0.004663374 -0.129377872 -0.238136098 -0.003516844 0.971225441 -0.851754038
84517851 0.472817945 0.840565169 0.500000000 0.500000000 0.000000000 0.000000000 0.969996810 -0.005673247 0.243051514 -0.145734738 0.004712762 0.999978602 0.004533036 -0.130362262 -0.243072033 -0.003251587 0.970002770 -0.857404748
84551218 0.472817945 0.840565169 0.500000000 0.500000000 0.000000000 0.000000000 0.968739390 -0.006108040 0.248005420 -0.153144345 0.005181992 0.999976933 0.004386593 -0.131090707 -0.248026490 -0.002964303 0.968748689 -0.863265960
84584585 0.472817945 0.840565169 0.500000000 0.500000000 0.000000000 0.000000000 0.967489421 -0.006670339 0.252823442 -0.160280642 0.005663070 0.999972880 0.004711582 -0.132587457 -0.252847999 -0.003126649 0.967500985 -0.869345635
84617951 0.472817945 0.840565169 0.500000000 0.500000000 0.000000000 0.000000000 0.966177940 -0.007233224 0.257774830 -0.167593764 0.006065007 0.999967396 0.005326791 -0.134466054 -0.257804960 -0.003583222 0.966190338 -0.875446449
84651318 0.472817945 0.840565169 0.500000000 0.500000000 0.000000000 0.000000000 0.964829981 -0.007377676 0.262771100 -0.175067342 0.006085380 0.999965072 0.005731456 -0.136692714 -0.262804210 -0.003930819 0.964841187 -0.881430553
84684685 0.472817945 0.840565169 0.500000000 0.500000000 0.000000000 0.000000000 0.963423252 -0.007366813 0.267883182 -0.183203468 0.006038787 0.999965072 0.005781057 -0.138848807 -0.267916411 -0.003951915 0.963434041 -0.888120455
84718051 0.472817945 0.840565169 0.500000000 0.500000000 0.000000000 0.000000000 0.961987197 -0.007596946 0.272988856 -0.191467228 0.006268551 0.999963880 0.005737987 -0.141249318 -0.273022592 -0.003808626 0.962000072 -0.894904032
84751418 0.472817945 0.840565169 0.500000000 0.500000000 0.000000000 0.000000000 0.960491478 -0.007895127 0.278197438 -0.200039425 0.006538891 0.999961793 0.005802626 -0.143804669 -0.278232604 -0.003754270 0.960506380 -0.901989793
84784785 0.472817945 0.840565169 0.500000000 0.500000000 0.000000000 0.000000000 0.958933532 -0.008107573 0.283515096 -0.209168187 0.006717600 0.999960184 0.005874530 -0.146424779 -0.283551425 -0.003728743 0.958949804 -0.909097177
84818151 0.472817945 0.840565169 0.500000000 0.500000000 0.000000000 0.000000000 0.957341671 -0.008391635 0.288836420 -0.218892843 0.006914570 0.999957263 0.006133824 -0.149894567 -0.288875580 -0.003874986 0.957358837 -0.916558989
84851518 0.472817945 0.840565169 0.500000000 0.500000000 0.000000000 0.000000000 0.955778778 -0.008598641 0.293960929 -0.228342032 0.007071363 0.999955416 0.006257974 -0.153579506 -0.294001639 -0.003902534 0.955796957 -0.924028091
84884885 0.472817945 0.840565169 0.500000000 0.500000000 0.000000000 0.000000000 0.954105258 -0.008873951 0.299339890 -0.238515547 0.007338490 0.999953508 0.006253246 -0.157093216 -0.299381465 -0.003769553 0.954126060 -0.931703768
84918252 0.472817945 0.840565169 0.500000000 0.500000000 0.000000000 0.000000000 0.952490151 -0.009080937 0.304433972 -0.248912680 0.007534028 0.999952078 0.006255589 -0.160876379 -0.304476202 -0.003664773 0.952512920 -0.939749837
84951618 0.472817945 0.840565169 0.500000000 0.500000000 0.000000000 0.000000000 0.950838029 -0.009266386 0.309550017 -0.259363566 0.007702264 0.999950647 0.006274667 -0.165420373 -0.309592873 -0.003581956 0.950862467 -0.947964308
84984985 0.472817945 0.840565169 0.500000000 0.500000000 0.000000000 0.000000000 0.949155867 -0.009500052 0.314663082 -0.270244777 0.007977437 0.999949396 0.006126363 -0.169394755 -0.314705342 -0.003304669 0.949183643 -0.956351302
85018352 0.472817945 0.840565169 0.500000000 0.500000000 0.000000000 0.000000000 0.947439492 -0.009664536 0.319789052 -0.281836311 0.008182216 0.999948680 0.005978584 -0.173282568 -0.319830418 -0.003047763 0.947469890 -0.965045335
85051718 0.472817945 0.840565169 0.500000000 0.500000000 0.000000000 0.000000000 0.945814610 -0.009931324 0.324555248 -0.293049080 0.008452772 0.999946475 0.005965200 -0.177410025 -0.324597120 -0.002898582 0.945847929 -0.973994111
85085085 0.472817945 0.840565169 0.500000000 0.500000000 0.000000000 0.000000000 0.944141030 -0.010283641 0.329381227 -0.304680543 0.008776568 0.999943137 0.006062088 -0.181238505 -0.329424828 -0.002832629 0.944177568 -0.982572921
85118452 0.472817945 0.840565169 0.500000000 0.500000000 0.000000000 0.000000000 0.942472160 -0.010566187 0.334117621 -0.316818190 0.008949416 0.999939620 0.006377916 -0.185033232 -0.334164828 -0.003020850 0.942509830 -0.991102465
85151818 0.472817945 0.840565169 0.500000000 0.500000000 0.000000000 0.000000000 0.940913498 -0.010854717 0.338472992 -0.328367908 0.009117847 0.999935865 0.006721112 -0.188836045 -0.338524222 -0.003237840 0.940952122 -0.999293884
85185185 0.472817945 0.840565169 0.500000000 0.500000000 0.000000000 0.000000000 0.939278781 -0.011054683 0.342976868 -0.340261108 0.009269567 0.999933600 0.006843732 -0.192030206 -0.343029737 -0.003248925 0.939318895 -1.007244112
85218552 0.472817945 0.840565169 0.500000000 0.500000000 0.000000000 0.000000000 0.937724590 -0.011164358 0.347200155 -0.352129417 0.009379762 0.999932766 0.006820199 -0.195015549 -0.347252965 -0.003138814 0.937766254 -1.015388224
85251919 0.472817945 0.840565169 0.500000000 0.500000000 0.000000000 0.000000000 0.936264813 -0.011314042 0.351112783 -0.363365862 0.009544623 0.999931514 0.006769827 -0.197702041 -0.351165324 -0.002987112 0.936308682 -1.023409908
85285285 0.472817945 0.840565169 0.500000000 0.500000000 0.000000000 0.000000000 0.934738934 -0.011452451 0.355150551 -0.374844568 0.009688339 0.999930322 0.006745267 -0.200071335 -0.355203062 -0.002864245 0.934784770 -1.031247054
85318652 0.472817945 0.840565169 0.500000000 0.500000000 0.000000000 0.000000000 0.933296323 -0.011574134 0.358920693 -0.386132060 0.009854107 0.999929547 0.006621284 -0.201778775 -0.358972013 -0.002642777 0.933344603 -1.039118427
85352019 0.472817945 0.840565169 0.500000000 0.500000000 0.000000000 0.000000000 0.931910515 -0.011849661 0.362494618 -0.396717728 0.010148897 0.999926746 0.006595765 -0.203437236 -0.362546235 -0.002467742 0.931962490 -1.046872634
85385385 0.472817945 0.840565169 0.500000000 0.500000000 0.000000000 0.000000000 0.930523872 -0.012096255 0.366031498 -0.406696516 0.010426270 0.999924242 0.006538910 -0.204509783 -0.366082847 -0.002268269 0.930579484 -1.054570138
85418752 0.472817945 0.840565169 0.500000000 0.500000000 0.000000000 0.000000000 0.929056108 -0.012274538 0.369735181 -0.417028868 0.010574013 0.999922156 0.006625637 -0.205676894 -0.369787723 -0.002246003 0.929113567 -1.062349964
85452119 0.472817945 0.840565169 0.500000000 0.500000000 0.000000000 0.000000000 0.927689910 -0.012466775 0.373143464 -0.426531836 0.010736747 0.999919832 0.006714320 -0.206454845 -0.373197228 -0.002222460 0.927749336 -1.070168395
85485485 0.472817945 0.840565169 0.500000000 0.500000000 0.000000000 0.000000000 0.926204860 -0.012642781 0.376808643 -0.436065834 0.010875472 0.999917626 0.006817319 -0.207136449 -0.376863778 -0.002216262 0.926266015 -1.077756951
85518852 0.472817945 0.840565169 0.500000000 0.500000000 0.000000000 0.000000000 0.924685717 -0.012831557 0.380515009 -0.446027985 0.011018271 0.999915183 0.006943304 -0.207750599 -0.380571842 -0.002227756 0.924748659 -1.085426791
85552219 0.472817945 0.840565169 0.500000000 0.500000000 0.000000000 0.000000000 0.923281848 -0.013189167 0.383896649 -0.455223951 0.011319078 0.999910533 0.007130272 -0.208630803 -0.383956343 -0.002237895 0.923348546 -1.093434614
85585586 0.472817945 0.840565169 0.500000000 0.500000000 0.000000000 0.000000000 0.921812534 -0.013576237 0.387398124 -0.464323298 0.011655224 0.999905348 0.007307778 -0.209582149 -0.387460679 -0.002221189 0.921883523 -1.101431121
85618952 0.472817945 0.840565169 0.500000000 0.500000000 0.000000000 0.000000000 0.920395195 -0.013976802 0.390739441 -0.473465507 0.011958720 0.999899626 0.007597519 -0.210906430 -0.390806407 -0.002319976 0.920469999 -1.109493722
85652319 0.472817945 0.840565169 0.500000000 0.500000000 0.000000000 0.000000000 0.919053674 -0.014485745 0.393866152 -0.481966033 0.012383629 0.999892294 0.007878223 -0.212492175 -0.393937856 -0.002363017 0.919134021 -1.117746716
85685686 0.472817945 0.840565169 0.500000000 0.500000000 0.000000000 0.000000000 0.917683840 -0.015049299 0.397026390 -0.490514675 0.012855022 0.999883831 0.008187630 -0.214197371 -0.397103488 -0.002409873 0.917770684 -1.126085257
85719052 0.472817945 0.840565169 0.500000000 0.500000000 0.000000000 0.000000000 0.916340411 -0.015497820 0.400100112 -0.498741598 0.013265019 0.999877155 0.008349520 -0.215996700 -0.400180340 -0.002343667 0.916433394 -1.134592810
85752419 0.472817945 0.840565169 0.500000000 0.500000000 0.000000000 0.000000000 0.915047169 -0.015916403 0.403032660 -0.507027455 0.013705858 0.999871075 0.008368665 -0.217406921 -0.403113872 -0.002133815 0.915147364 -1.143491368
85785786 0.472817945 0.840565169 0.500000000 0.500000000 0.000000000 0.000000000 0.913815022 -0.016290326 0.405803859 -0.514833445 0.014145312 0.999865651 0.008284640 -0.218391672 -0.405884296 -0.001830407 0.913922668 -1.152494800
85819152 0.472817945 0.840565169 0.500000000 0.500000000 0.000000000 0.000000000 0.912545323 -0.016629932 0.408637315 -0.523170494 0.014478158 0.999860227 0.008358593 -0.219547358 -0.408719212 -0.001711280 0.912658572 -1.161817294
85852519 0.472817945 0.840565169 0.500000000 0.500000000 0.000000000 0.000000000 0.911452055 -0.016877050 0.411060035 -0.530813268 0.014723763 0.999856293 0.008404174 -0.220106898 -0.411142796 -0.001607651 0.911569536 -1.171375410
85885886 0.472817945 0.840565169 0.500000000 0.500000000 0.000000000 0.000000000 0.910297573 -0.017138969 0.413599610 -0.538601497 0.014952431 0.999851882 0.008523386 -0.220197196 -0.413684428 -0.001574498 0.910418987 -1.181048591
85919253 0.472817945 0.840565169 0.500000000 0.500000000 0.000000000 0.000000000 0.909221530 -0.017386150 0.415949464 -0.546266655 0.015093522 0.999847353 0.008799483 -0.220327478 -0.416038960 -0.001722537 0.909345150 -1.190981090
85952619 0.472817945 0.840565169 0.500000000 0.500000000 0.000000000 0.000000000 0.908172131 -0.017607400 0.418226391 -0.553822296 0.015171009 0.999843061 0.009149945 -0.220508996 -0.418321878 -0.001964809 0.908296704 -1.201066980
85985986 0.472817945 0.840565169 0.500000000 0.500000000 0.000000000 0.000000000 0.907125056 -0.017852867 0.420482397 -0.561418109 0.015334652 0.999838531 0.009369092 -0.220467955 -0.420581758 -0.002050987 0.907252312 -1.211293729
86019353 0.472817945 0.840565169 0.500000000 0.500000000 0.000000000 0.000000000 0.906131208 -0.018076131 0.422610372 -0.569151768 0.015599286 0.999834895 0.009318624 -0.220001177 -0.422709048 -0.001851476 0.906263530 -1.221794130
86052719 0.472817945 0.840565169 0.500000000 0.500000000 0.000000000 0.000000000 0.905134797 -0.018257413 0.424732476 -0.576330126 0.015839336 0.999832034 0.009223714 -0.219152010 -0.424829513 -0.001621224 0.905271947 -1.232076007
86086086 0.472817945 0.840565169 0.500000000 0.500000000 0.000000000 0.000000000 0.904042542 -0.018410819 0.427045763 -0.584171589 0.016039584 0.999829471 0.009149398 -0.218370508 -0.427141398 -0.001421808 0.904183745 -1.242626657
86119453 0.472817945 0.840565169 0.500000000 0.500000000 0.000000000 0.000000000 0.903057575 -0.018652650 0.429114312 -0.591943517 0.016312001 0.999825239 0.009132096 -0.217708147 -0.429209679 -0.001247095 0.903204024 -1.253039655
86152819 0.472817945 0.840565169 0.500000000 0.500000000 0.000000000 0.000000000 0.902034581 -0.018962365 0.431247085 -0.599552664 0.016536800 0.999819338 0.009373217 -0.217484710 -0.431346893 -0.001323519 0.902185202 -1.263177479
86186186 0.472817945 0.840565169 0.500000000 0.500000000 0.000000000 0.000000000 0.900992334 -0.019141316 0.433412552 -0.607105728 0.016594121 0.999815643 0.009659649 -0.217256193 -0.433517575 -0.001511169 0.901143849 -1.272842320
86219553 0.472817945 0.840565169 0.500000000 0.500000000 0.000000000 0.000000000 0.899867654 -0.019271698 0.435737044 -0.615308861 0.016629985 0.999812961 0.009875925 -0.217547082 -0.435845852 -0.001640725 0.900019825 -1.282360972
86252920 0.472817945 0.840565169 0.500000000 0.500000000 0.000000000 0.000000000 0.898789644 -0.019418119 0.437949926 -0.622861489 0.016782379 0.999810278 0.009888360 -0.217368774 -0.438058853 -0.001537714 0.898944974 -1.291365031
86286286 0.472817945 0.840565169 0.500000000 0.500000000 0.000000000 0.000000000 0.897641122 -0.019629825 0.440289736 -0.630984743 0.017005345 0.999806345 0.009905582 -0.217208873 -0.440398902 -0.001404380 0.897801101 -1.300210289
86319653 0.472817945 0.840565169 0.500000000 0.500000000 0.000000000 0.000000000 0.896533966 -0.019826267 0.442531109 -0.638710622 0.017153744 0.999802470 0.010040957 -0.217185221 -0.442642748 -0.001410995 0.896696925 -1.308684647
86353020 0.472817945 0.840565169 0.500000000 0.500000000 0.000000000 0.000000000 0.895371139 -0.019977050 0.444872379 -0.646362623 0.017227162 0.999799311 0.010223919 -0.217338152 -0.444987357 -0.001490313 0.895535588 -1.316786158
86386386 0.472817945 0.840565169 0.500000000 0.500000000 0.000000000 0.000000000 0.894084215 -0.020061275 0.447449416 -0.654477473 0.017274113 0.999797642 0.010308883 -0.217608830 -0.447565675 -0.001487718 0.894249797 -1.324644805
86419753 0.472817945 0.840565169 0.500000000 0.500000000 0.000000000 0.000000000 0.892838180 -0.020121919 0.449927866 -0.662710380 0.017397951 0.999796748 0.010188906 -0.217399257 -0.450041443 -0.001269222 0.893006742 -1.332585074
86453120 0.472817945 0.840565169 0.500000000 0.500000000 0.000000000 0.000000000 0.891574979 -0.020381987 0.452414274 -0.670562269 0.017631421 0.999791563 0.010295885 -0.217639064 -0.452529818 -0.001202846 0.891748428 -1.340251499
86486486 0.472817945 0.840565169 0.500000000 0.500000000 0.000000000 0.000000000 0.890179336 -0.020579932 0.455145240 -0.678962038 0.017748801 0.999787390 0.010493224 -0.218191155 -0.455264419 -0.001262570 0.890355408 -1.347797848
86519853 0.472817945 0.840565169 0.500000000 0.500000000 0.000000000 0.000000000 0.888762593 -0.020806203 0.457895398 -0.687665422 0.017853608 0.999782562 0.010775518 -0.219093864 -0.458020031 -0.001401792 0.888940752 -1.355472235
86553220 0.472817945 0.840565169 0.500000000 0.500000000 0.000000000 0.000000000 0.887407124 -0.021105185 0.460503131 -0.695736301 0.018007219 0.999776006 0.011119844 -0.220160482 -0.460634649 -0.001575450 0.887588441 -1.362819013
86586587 0.472817945 0.840565169 0.500000000 0.500000000 0.000000000 0.000000000 0.885836780 -0.021396689 0.463503420 -0.704829987 0.018231772 0.999769866 0.011308205 -0.221238198 -0.463638723 -0.001566735 0.886022985 -1.370185495
86619953 0.472817945 0.840565169 0.500000000 0.500000000 0.000000000 0.000000000 0.884277165 -0.021651901 0.466460139 -0.714250788 0.018485999 0.999764562 0.011362293 -0.222225293 -0.466596335 -0.001424435 0.884469211 -1.377712676
86653320 0.472817945 0.840565169 0.500000000 0.500000000 0.000000000 0.000000000 0.882690310 -0.021973340 0.469441086 -0.723524488 0.018779049 0.999757707 0.011485849 -0.222905266 -0.469579726 -0.001322790 0.882889092 -1.385470964
86686687 0.472817945 0.840565169 0.500000000 0.500000000 0.000000000 0.000000000 0.880879879 -0.022231486 0.472817481 -0.734004964 0.018904952 0.999751806 0.011786737 -0.224736533 -0.472962171 -0.001444108 0.881081522 -1.392611131
86720053 0.472817945 0.840565169 0.500000000 0.500000000 0.000000000 0.000000000 0.879100561 -0.022563593 0.476101995 -0.744405076 0.019204516 0.999744534 0.011919982 -0.225851736 -0.476249307 -0.001335554 0.879309297 -1.399816317
86753420 0.472817945 0.840565169 0.500000000 0.500000000 0.000000000 0.000000000 0.877231658 -0.023022948 0.479514956 -0.755035109 0.019556141 0.999734044 0.012223935 -0.227326949 -0.479668856 -0.001345760 0.877448559 -1.407150502
86786787 0.472817945 0.840565169 0.500000000 0.500000000 0.000000000 0.000000000 0.875113606 -0.023467051 0.483348191 -0.766691044 0.019908400 0.999723732 0.012492971 -0.228703900 -0.483507842 -0.001310079 0.875339031 -1.414367206
86820153 0.472817945 0.840565169 0.500000000 0.500000000 0.000000000 0.000000000 0.873012900 -0.023815745 0.487115234 -0.778632538 0.020126501 0.999715388 0.012806565 -0.229961198 -0.487281591 -0.001376372 0.873243809 -1.421526994
86853520 0.472817945 0.840565169 0.500000000 0.500000000 0.000000000 0.000000000 0.870861471 -0.024057014 0.490939468 -0.790554539 0.020225473 0.999709487 0.013110457 -0.231119842 -0.491112232 -0.001487909 0.871095002 -1.428495029
86886887 0.472817945 0.840565169 0.500000000 0.500000000 0.000000000 0.000000000 0.868520916 -0.024165703 0.495063096 -0.803061344 0.020258946 0.999706864 0.013257504 -0.232126246 -0.495238334 -0.001484963 0.868755877 -1.435185639
86920254 0.472817945 0.840565169 0.500000000 0.500000000 0.000000000 0.000000000 0.866060197 -0.024116518 0.499357700 -0.816543457 0.020330571 0.999708533 0.013020710 -0.232309760 -0.499526143 -0.001124492 0.866298079 -1.441792982
86953620 0.472817945 0.840565169 0.500000000 0.500000000 0.000000000 0.000000000 0.863638818 -0.024368478 0.503521740 -0.829731165 0.020742143 0.999702871 0.012804845 -0.231922450 -0.503684163 -0.000614643 0.863887668 -1.448505467
86986987 0.472817945 0.840565169 0.500000000 0.500000000 0.000000000 0.000000000 0.861166358 -0.024788681 0.507718444 -0.842876387 0.021094173 0.999692559 0.013029796 -0.232080247 -0.507885337 -0.000510921 0.861424506 -1.455183556
87020354 0.472817945 0.840565169 0.500000000 0.500000000 0.000000000 0.000000000 0.858659506 -0.025202552 0.511926413 -0.856587484 0.021255521 0.999682069 0.013563048 -0.232294866 -0.512105525 -0.000764777 0.858922184 -1.461449977
87053720 0.472817945 0.840565169 0.500000000 0.500000000 0.000000000 0.000000000 0.856307387 -0.025690420 0.515827179 -0.869215762 0.021297514 0.999669015 0.014432539 -0.233463838 -0.516027212 -0.001372853 0.856571078 -1.467681020
87087087 0.472817945 0.840565169 0.500000000 0.500000000 0.000000000 0.000000000 0.853866935 -0.025998771 0.519841611 -0.882062763 0.021253392 0.999660313 0.015086075 -0.234532656 -0.520057261 -0.001833103 0.854129434 -1.473919989
87120454 0.472817945 0.840565169 0.500000000 0.500000000 0.000000000 0.000000000 0.851474822 -0.026378134 0.523731589 -0.894483725 0.021473840 0.999650240 0.015436291 -0.235063335 -0.523955584 -0.001897085 0.851743460 -1.479908101
87153820 0.472817945 0.840565169 0.500000000 0.500000000 0.000000000 0.000000000 0.849123418 -0.026691455 0.527519703 -0.906986447 0.021918837 0.999642730 0.015298238 -0.234695255 -0.527739525 -0.001427473 0.849405050 -1.486403991
87187187 0.472817945 0.840565169 0.500000000 0.500000000 0.000000000 0.000000000 0.846878588 -0.026998241 0.531100571 -0.918673819 0.022320179 0.999634922 0.015224809 -0.234023213 -0.531317711 -0.001039305 0.847172022 -1.493137763
87220554 0.472817945 0.840565169 0.500000000 0.500000000 0.000000000 0.000000000 0.844603121 -0.027288808 0.534696996 -0.930286058 0.022468086 0.999626994 0.015526573 -0.234176276 -0.534921229 -0.001100174 0.844901204 -1.499530546
87253921 0.472817945 0.840565169 0.500000000 0.500000000 0.000000000 0.000000000 0.842446208 -0.027584154 0.538073897 -0.941469461 0.022499243 0.999618530 0.016018672 -0.234729376 -0.538310528 -0.001388613 0.842745423 -1.505913059
87287287 0.472817945 0.840565169 0.500000000 0.500000000 0.000000000 0.000000000 0.840393305 -0.027956331 0.541255474 -0.951559435 0.022551065 0.999607623 0.016616177 -0.235801213 -0.541507661 -0.001758235 0.840694010 -1.512054641
87320654 0.472817945 0.840565169 0.500000000 0.500000000 0.000000000 0.000000000 0.838288605 -0.028287003 0.544492483 -0.961801461 0.022751732 0.999598265 0.016902199 -0.236477509 -0.544751823 -0.001780774 0.838595390 -1.518022308
87354021 0.472817945 0.840565169 0.500000000 0.500000000 0.000000000 0.000000000 0.836214185 -0.028698508 0.547651529 -0.971601533 0.023164051 0.999586940 0.017011814 -0.236980714 -0.547913551 -0.001539692 0.836533546 -1.524209088
87387387 0.472817945 0.840565169 0.500000000 0.500000000 0.000000000 0.000000000 0.834223568 -0.029102385 0.550657868 -0.980961107 0.023607323 0.999575675 0.017063683 -0.237273181 -0.550920844 -0.001235369 0.834556580 -1.530447254
87420754 0.472817945 0.840565169 0.500000000 0.500000000 0.000000000 0.000000000 0.832192659 -0.029480232 0.553702295 -0.989986198 0.023912383 0.999564707 0.017279483 -0.238209025 -0.553970695 -0.001139517 0.832535386 -1.536539659
87454121 0.472817945 0.840565169 0.500000000 0.500000000 0.000000000 0.000000000 0.830159843 -0.029786136 0.556729198 -0.998931432 0.024070477 0.999555588 0.017585846 -0.239137897 -0.557005584 -0.001198326 0.830507874 -1.542565705
87487487 0.472817945 0.840565169 0.500000000 0.500000000 0.000000000 0.000000000 0.828200102 -0.030199289 0.559618235 -1.007077279 0.024230221 0.999542892 0.018080205 -0.240725647 -0.559908450 -0.001414355 0.828553319 -1.548598649
87520854 0.472817945 0.840565169 0.500000000 0.500000000 0.000000000 0.000000000 0.826298714 -0.030581594 0.562401295 -1.014797306 0.024489215 0.999531269 0.018370960 -0.242215487 -0.562699556 -0.001407133 0.826660335 -1.554635834
87554221 0.472817945 0.840565169 0.500000000 0.500000000 0.000000000 0.000000000 0.824330986 -0.030939683 0.565262079 -1.022614696 0.024922781 0.999520719 0.018363576 -0.242911001 -0.565559268 -0.001049762 0.824706972 -1.560979580
87587588 0.472817945 0.840565169 0.500000000 0.500000000 0.000000000 0.000000000 0.822402477 -0.031326942 0.568042934 -1.030146280 0.025330268 0.999508858 0.018449102 -0.243983149 -0.568341911 -0.000783906 0.822792113 -1.567592768
87620954 0.472817945 0.840565169 0.500000000 0.500000000 0.000000000 0.000000000 0.820535302 -0.031623133 0.570720434 -1.037157784 0.025649244 0.999499738 0.018505035 -0.245001946 -0.571020126 -0.000545487 0.820935905 -1.574314013
87654321 0.472817945 0.840565169 0.500000000 0.500000000 0.000000000 0.000000000 0.818595171 -0.031999748 0.573478818 -1.044460561 0.025922121 0.999487758 0.018769015 -0.246573540 -0.573785663 -0.000498439 0.819005370 -1.581083328
87687688 0.472817945 0.840565169 0.500000000 0.500000000 0.000000000 0.000000000 0.816849589 -0.032490626 0.575935006 -1.051171956 0.026249459 0.999471903 0.019154256 -0.248493459 -0.576253176 -0.000528165 0.817271054 -1.588411133
87721054 0.472817945 0.840565169 0.500000000 0.500000000 0.000000000 0.000000000 0.815174162 -0.033068713 0.578271151 -1.057246959 0.026736632 0.999453008 0.019464245 -0.250146628 -0.578598499 -0.000405728 0.815612435 -1.596009925
87754421 0.472817945 0.840565169 0.500000000 0.500000000 0.000000000 0.000000000 0.813419640 -0.033647191 0.580703318 -1.063647376 0.027273957 0.999433756 0.019705357 -0.251418559 -0.581037521 -0.000190648 0.813876748 -1.603688020
87787788 0.472817945 0.840565169 0.500000000 0.500000000 0.000000000 0.000000000 0.811886072 -0.034097504 0.582819343 -1.069431751 0.027654724 0.999418497 0.019946478 -0.252395407 -0.583160579 -0.000076559 0.812356889 -1.612190161
87821154 0.472817945 0.840565169 0.500000000 0.500000000 0.000000000 0.000000000 0.810509264 -0.034482304 0.584709942 -1.074323317 0.027883427 0.999405324 0.020287020 -0.253474601 -0.585061729 -0.000139100 0.810988724 -1.621070357
87854521 0.472817945 0.840565169 0.500000000 0.500000000 0.000000000 0.000000000 0.809055746 -0.034786612 0.586701572 -1.079430638 0.028087843 0.999394774 0.020523086 -0.253974914 -0.587060392 -0.000125138 0.809543133 -1.630034694
87887888 0.472817945 0.840565169 0.500000000 0.500000000 0.000000000 0.000000000 0.807760954 -0.035131644 0.588462412 -1.083890423 0.028304378 0.999382675 0.020811502 -0.254445160 -0.588830292 -0.000154657 0.808256686 -1.639600302
87921255 0.472817945 0.840565169 0.500000000 0.500000000 0.000000000 0.000000000 0.806566536 -0.035490122 0.590076983 -1.087938200 0.028605638 0.999370039 0.021006433 -0.254245859 -0.590450823 -0.000063556 0.807073653 -1.649480482
87954621 0.472817945 0.840565169 0.500000000 0.500000000 0.000000000 0.000000000 0.805417717 -0.035693005 0.591631949 -1.091770625 0.028860020 0.999362767 0.021002742 -0.253417769 -0.592004597 0.000158529 0.805934608 -1.659753203
87987988 0.472817945 0.840565169 0.500000000 0.500000000 0.000000000 0.000000000 0.804406047 -0.035866734 0.592996240 -1.095233128 0.029066680 0.999356508 0.021015717 -0.252413671 -0.593368411 0.000331262 0.804930925 -1.670729211
88021355 0.472817945 0.840565169 0.500000000 0.500000000 0.000000000 0.000000000 0.803459704 -0.036011450 0.594269037 -1.098030403 0.029105674 0.999351323 0.021207323 -0.251453347 -0.594647229 0.000257371 0.803986669 -1.681778291
88054721 0.472817945 0.840565169 0.500000000 0.500000000 0.000000000 0.000000000 0.802426279 -0.036199905 0.595652282 -1.101648165 0.029094225 0.999344587 0.021539763 -0.251116788 -0.596041620 0.000045969 0.802953541 -1.692822005
88088088 0.472817945 0.840565169 0.500000000 0.500000000 0.000000000 0.000000000 0.801504433 -0.036473524 0.596875429 -1.105000562 0.029391455 0.999334574 0.021598933 -0.250027021 -0.597266078 0.000231397 0.802043140 -1.704106464
88121455 0.472817945 0.840565169 0.500000000 0.500000000 0.000000000 0.000000000 0.800752878 -0.036706936 0.597869039 -1.107869343 0.029846903 0.999325812 0.021379588 -0.247982294 -0.598250747 0.000724773 0.801308632 -1.715479318
88154821 0.472817945 0.840565169 0.500000000 0.500000000 0.000000000 0.000000000 0.799867988 -0.036910810 0.599039853 -1.111466204 0.030137232 0.999318063 0.021333857 -0.246386922 -0.599418819 0.000989133 0.800434947 -1.726581439
88188188 0.472817945 0.840565169 0.500000000 0.500000000 0.000000000 0.000000000 0.799188852 -0.037089974 0.599934578 -1.114784953 0.030207802 0.999311507 0.021540180 -0.245196410 -0.600320458 0.000908033 0.799759030 -1.737800964
88221555 0.472817945 0.840565169 0.500000000 0.500000000 0.000000000 0.000000000 0.798515618 -0.037430134 0.600809276 -1.117470605 0.030276952 0.999299049 0.022015767 -0.244821655 -0.601212204 0.000610740 0.799089193 -1.748601558
88254922 0.472817945 0.840565169 0.500000000 0.500000000 0.000000000 0.000000000 0.797717094 -0.037688281 0.601852953 -1.121221723 0.030345034 0.999289453 0.022355542 -0.244526992 -0.602267861 0.000429851 0.798293948 -1.759063902
88288288 0.472817945 0.840565169 0.500000000 0.500000000 0.000000000 0.000000000 0.797076643 -0.037867736 0.602689683 -1.124377575 0.030516678 0.999282598 0.022426862 -0.243784097 -0.603106558 0.000516159 0.797660470 -1.769591562
88321655 0.472817945 0.840565169 0.500000000 0.500000000 0.000000000 0.000000000 0.796426237 -0.038089950 0.603534877 -1.127507236 0.030830953 0.999274015 0.022381004 -0.242827417 -0.603949249 0.000782736 0.797022402 -1.780148558
88355022 0.472817945 0.840565169 0.500000000 0.500000000 0.000000000 0.000000000 0.795757771 -0.038134161 0.604413271 -1.130940007 0.030914973 0.999272227 0.022344938 -0.241904216 -0.604825497 0.000904262 0.796357512 -1.790580182
88388388 0.472817945 0.840565169 0.500000000 0.500000000 0.000000000 0.000000000 0.794984698 -0.038255166 0.605422080 -1.134658945 0.030913977 0.999267697 0.022547930 -0.241866013 -0.605841279 0.000790746 0.795585155 -1.800486269
88421755 0.472817945 0.840565169 0.500000000 0.500000000 0.000000000 0.000000000 0.794337869 -0.038287409 0.606268406 -1.138304962 0.030774361 0.999266624 0.022785436 -0.242417387 -0.606696188 0.000558188 0.794933617 -1.810217942
88455122 0.472817945 0.840565169 0.500000000 0.500000000 0.000000000 0.000000000 0.793596208 -0.038395740 0.607232094 -1.142009833 0.030821236 0.999262452 0.022903604 -0.242750620 -0.607663631 0.000539429 0.794194341 -1.819635001
88488488 0.472817945 0.840565169 0.500000000 0.500000000 0.000000000 0.000000000 0.792847753 -0.038366739 0.608210862 -1.146197475 0.030814247 0.999263525 0.022866210 -0.243066320 -0.608640254 0.000612137 0.793446064 -1.828935335
88521855 0.472817945 0.840565169 0.500000000 0.500000000 0.000000000 0.000000000 0.792087257 -0.038374744 0.609200418 -1.150388434 0.030875295 0.999263167 0.022801263 -0.243703993 -0.609626532 0.000748653 0.792688429 -1.837974265
88555222 0.472817945 0.840565169 0.500000000 0.500000000 0.000000000 0.000000000 0.791345477 -0.038330857 0.610166490 -1.154515053 0.030949935 0.999264657 0.022634115 -0.244212498 -0.610585332 0.000973208 0.791949868 -1.846893626
88588589 0.472817945 0.840565169 0.500000000 0.500000000 0.000000000 0.000000000 0.790512502 -0.038288068 0.611247957 -1.158969296 0.030968729 0.999266148 0.022542085 -0.244670744 -0.611662447 0.001109771 0.791118085 -1.855600708
88621955 0.472817945 0.840565169 0.500000000 0.500000000 0.000000000 0.000000000 0.789591849 -0.038176820 0.612443626 -1.164122705 0.030789144 0.999270499 0.022594914 -0.245815354 -0.612859488 0.001015855 0.790191293 -1.863913199
88655322 0.472817945 0.840565169 0.500000000 0.500000000 0.000000000 0.000000000 0.788711250 -0.038073577 0.613583684 -1.169136581 0.030589581 0.999274552 0.022685753 -0.247195484 -0.614002287 0.000876758 0.789303780 -1.872254841
88688689 0.472817945 0.840565169 0.500000000 0.500000000 0.000000000 0.000000000 0.787660539 -0.038089227 0.614930928 -1.174640207 0.030492183 0.999274075 0.022838479 -0.248490589 -0.615354419 0.000761617 0.788250208 -1.880426421
88722055 0.472817945 0.840565169 0.500000000 0.500000000 0.000000000 0.000000000 0.786468565 -0.037981752 0.616461337 -1.180984323 0.030356398 0.999278128 0.022840008 -0.249364738 -0.616883874 0.000750598 0.787053823 -1.888373209
88755422 0.472817945 0.840565169 0.500000000 0.500000000 0.000000000 0.000000000 0.785369337 -0.037916645 0.617865145 -1.186888607 0.030212268 0.999280691 0.022920184 -0.250521077 -0.618289769 0.000666300 0.785949945 -1.896737102
88788789 0.472817945 0.840565169 0.500000000 0.500000000 0.000000000 0.000000000 0.783880115 -0.037848342 0.619757593 -1.194803404 0.030136419 0.999283254 0.022908755 -0.251064808 -0.620180428 0.000719559 0.784458876 -1.904187006
88822155 0.472817945 0.840565169 0.500000000 0.500000000 0.000000000 0.000000000 0.782546937 -0.037976909 0.621432245 -1.202237940 0.030202037 0.999278367 0.023035483 -0.251818417 -0.621858597 0.000742173 0.783129156 -1.912311979
88855522 0.472817945 0.840565169 0.500000000 0.500000000 0.000000000 0.000000000 0.781070650 -0.038098980 0.623279333 -1.210422586 0.030234275 0.999273717 0.023193782 -0.252236637 -0.623710275 0.000728417 0.781655252 -1.919793494
88888889 0.472817945 0.840565169 0.500000000 0.500000000 0.000000000 0.000000000 0.779555082 -0.038336482 0.625159323 -1.219087073 0.030316858 0.999264657 0.023473425 -0.252832066 -0.625599563 0.000654039 0.780144095 -1.927090145
88922256 0.472817945 0.840565169 0.500000000 0.500000000 0.000000000 0.000000000 0.778069258 -0.038549151 0.626994550 -1.227318659 0.030414091 0.999256492 0.023694336 -0.253441409 -0.627441764 0.000633635 0.778663218 -1.934342373
88955622 0.472817945 0.840565169 0.500000000 0.500000000 0.000000000 0.000000000 0.776507199 -0.038613990 0.628924131 -1.236360338 0.030608134 0.999253750 0.023560455 -0.252679063 -0.629364550 0.000955332 0.777109623 -1.941387324
88988989 0.472817945 0.840565169 0.500000000 0.500000000 0.000000000 0.000000000 0.774997473 -0.038644157 0.630781651 -1.245239882 0.030692393 0.999252379 0.023508513 -0.251964372 -0.631218553 0.001141160 0.775604188 -1.948617527
89022356 0.472817945 0.840565169 0.500000000 0.500000000 0.000000000 0.000000000 0.773395598 -0.038613375 0.632746577 -1.254345129 0.030625455 0.999253571 0.023546491 -0.251218532 -0.633183479 0.001167400 0.774000823 -1.955468836
89055722 0.472817945 0.840565169 0.500000000 0.500000000 0.000000000 0.000000000 0.771681666 -0.038676973 0.634831846 -1.263838104 0.030559881 0.999251187 0.023731500 -0.250971477 -0.635274291 0.001087222 0.772285819 -1.961919268
89089089 0.472817945 0.840565169 0.500000000 0.500000000 0.000000000 0.000000000 0.770021141 -0.038737278 0.636841357 -1.273448118 0.030530011 0.999248862 0.023866897 -0.250350471 -0.637287498 0.001064758 0.770625412 -1.968411842
89122456 0.472817945 0.840565169 0.500000000 0.500000000 0.000000000 0.000000000 0.768372238 -0.038807169 0.638825595 -1.282481147 0.030503850 0.999246180 0.024012193 -0.249516380 -0.639275908 0.001036339 0.768976748 -1.974690094
89155822 0.472817945 0.840565169 0.500000000 0.500000000 0.000000000 0.000000000 0.766480088 -0.038883574 0.641089976 -1.292559146 0.030443784 0.999243259 0.024208141 -0.249081630 -0.641546130 0.000962145 0.767083883 -1.980317141
89189189 0.472817945 0.840565169 0.500000000 0.500000000 0.000000000 0.000000000 0.764759481 -0.039004982 0.643134177 -1.301730892 0.030441402 0.999238610 0.024403822 -0.248569567 -0.643596351 0.000914853 0.765364528 -1.986356017
89222556 0.472817945 0.840565169 0.500000000 0.500000000 0.000000000 0.000000000 0.762886345 -0.039150644 0.645346165 -1.311123655 0.030476477 0.999232888 0.024592265 -0.247966470 -0.645813882 0.000906773 0.763494313 -1.991833083
89255923 0.472817945 0.840565169 0.500000000 0.500000000 0.000000000 0.000000000 0.760874987 -0.039254885 0.647710085 -1.320900920 0.030424247 0.999228895 0.024819078 -0.247880595 -0.648184896 0.000821877 0.761482537 -1.997029349
89289289 0.472817945 0.840565169 0.500000000 0.500000000 0.000000000 0.000000000 0.758832276 -0.039450623 0.650090158 -1.330525237 0.030430082 0.999221265 0.025117397 -0.248051709 -0.650574803 0.000722405 0.759441853 -2.001980052
89322656 0.472817945 0.840565169 0.500000000 0.500000000 0.000000000 0.000000000 0.756741643 -0.039670296 0.652509272 -1.340015464 0.030443218 0.999212623 0.025442414 -0.248472795 -0.653004825 0.000611149 0.757353485 -2.006617732
89356023 0.472817945 0.840565169 0.500000000 0.500000000 0.000000000 0.000000000 0.754502356 -0.039860617 0.655085683 -1.349686474 0.030514201 0.999205053 0.025654495 -0.248663302 -0.655587554 0.000633039 0.755118906 -2.010861445
89389389 0.472817945 0.840565169 0.500000000 0.500000000 0.000000000 0.000000000 0.752232730 -0.040086512 0.657676995 -1.359314332 0.030567383 0.999196053 0.025940541 -0.249192940 -0.658188105 0.000590141 0.752853274 -2.014737406
89422756 0.472817945 0.840565169 0.500000000 0.500000000 0.000000000 0.000000000 0.749886394 -0.040310577 0.660337389 -1.368693888 0.030510541 0.999187112 0.026347699 -0.250274391 -0.660862684 0.000389469 0.750506759 -2.018150419
89456123 0.472817945 0.840565169 0.500000000 0.500000000 0.000000000 0.000000000 0.747358620 -0.040612787 0.663178444 -1.378308650 0.030516695 0.999174953 0.026798766 -0.251802379 -0.663719654 0.000209726 0.747981369 -2.020874616
89489489 0.472817945 0.840565169 0.500000000 0.500000000 0.000000000 0.000000000 0.744782984 -0.040949564 0.666049123 -1.388009799 0.030634908 0.999161184 0.027173460 -0.253232898 -0.666603148 0.000166022 0.745412767 -2.023287570
89522856 0.472817945 0.840565169 0.500000000 0.500000000 0.000000000 0.000000000 0.742194116 -0.041315906 0.668910265 -1.397215206 0.030858472 0.999146104 0.027474012 -0.254289838 -0.669474185 0.000250499 0.742835283 -2.025382965
89556223 0.472817945 0.840565169 0.500000000 0.500000000 0.000000000 0.000000000 0.739545107 -0.041726403 0.671812415 -1.406233735 0.031058462 0.999129057 0.027866300 -0.255592948 -0.672390044 0.000257073 0.740197003 -2.027063754
89589590 0.472817945 0.840565169 0.500000000 0.500000000 0.000000000 0.000000000 0.736958623 -0.042189591 0.674619913 -1.414616562 0.031251390 0.999109626 0.028343434 -0.257180153 -0.675215065 0.000194873 0.737620890 -2.028677413
89622956 0.472817945 0.840565169 0.500000000 0.500000000 0.000000000 0.000000000 0.734176397 -0.042654417 0.677617610 -1.423445212 0.031433132 0.999089897 0.028833568 -0.258813598 -0.678230762 0.000130719 0.734848976 -2.029472876
89656323 0.472817945 0.840565169 0.500000000 0.500000000 0.000000000 0.000000000 0.731495619 -0.043061271 0.680485010 -1.431858198 0.031601813 0.999072433 0.029250814 -0.260296592 -0.681113422 0.000107718 0.732177913 -2.030260173
89689690 0.472817945 0.840565169 0.500000000 0.500000000 0.000000000 0.000000000 0.728937447 -0.043480817 0.683198094 -1.439618956 0.031853445 0.999054253 0.029596873 -0.261440899 -0.683838844 0.000187945 0.729633033 -2.031226306
89723056 0.472817945 0.840565169 0.500000000 0.500000000 0.000000000 0.000000000 0.726449013 -0.043903518 0.685816526 -1.446786291 0.032144684 0.999035716 0.029905532 -0.262339823 -0.686468124 0.000320511 0.727159798 -2.032164222
89756423 0.472817945 0.840565169 0.500000000 0.500000000 0.000000000 0.000000000 0.724008441 -0.044236634 0.688371181 -1.453690813 0.032248475 0.999021053 0.030281860 -0.263291480 -0.689036846 0.000274597 0.724726260 -2.032892619
89789790 0.472817945 0.840565169 0.500000000 0.500000000 0.000000000 0.000000000 0.721595883 -0.044534925 0.690880597 -1.460437651 0.032156963 0.999007821 0.030810542 -0.264695785 -0.691567302 -0.000016138 0.722312033 -2.033408826
89823156 0.472817945 0.840565169 0.500000000 0.500000000 0.000000000 0.000000000 0.719412327 -0.044696461 0.693143666 -1.466338715 0.031886421 0.999000549 0.031324390 -0.266427668 -0.693850994 -0.000433280 0.720118523 -2.033988676
89856523 0.472817945 0.840565169 0.500000000 0.500000000 0.000000000 0.000000000 0.717255116 -0.045044422 0.695353210 -1.471885310 0.031828310 0.998984694 0.031882603 -0.268071352 -0.696083367 -0.000736043 0.717960596 -2.034226282
89889890 0.472817945 0.840565169 0.500000000 0.500000000 0.000000000 0.000000000 0.715101123 -0.045420621 0.697543800 -1.477307005 0.031890485 0.998967528 0.032354675 -0.269689562 -0.698293209 -0.000891853 0.715811312 -2.034450359
89923257 0.472817945 0.840565169 0.500000000 0.500000000 0.000000000 0.000000000 0.713161826 -0.045786172 0.699502528 -1.482040601 0.032046795 0.998950839 0.032714084 -0.270980540 -0.700266480 -0.000913621 0.713880956 -2.034689640
89956623 0.472817945 0.840565169 0.500000000 0.500000000 0.000000000 0.000000000 0.711174965 -0.046225794 0.701493680 -1.486431993 0.032329377 0.998930693 0.033050220 -0.272250994 -0.702271283 -0.000825637 0.711908937 -2.034637531
89989990 0.472817945 0.840565169 0.500000000 0.500000000 0.000000000 0.000000000 0.709190726 -0.046550229 0.703478217 -1.490882667 0.032485809 0.998915613 0.033350166 -0.273278830 -0.704267859 -0.000798568 0.709933877 -2.034388303
90023357 0.472817945 0.840565169 0.500000000 0.500000000 0.000000000 0.000000000 0.707183957 -0.046861198 0.705474913 -1.495311349 0.032508936 0.998900950 0.033764340 -0.274718368 -0.706281841 -0.000943358 0.707930148 -2.033654855
90056723 0.472817945 0.840565169 0.500000000 0.500000000 0.000000000 0.000000000 0.705157578 -0.047234744 0.707475543 -1.499553428 0.032521576 0.998883128 0.034275610 -0.276722948 -0.708304405 -0.001161486 0.705906153 -2.032564715
90090090 0.472817945 0.840565169 0.500000000 0.500000000 0.000000000 0.000000000 0.703087807 -0.047621328 0.709506691 -1.503714631 0.032621510 0.998864651 0.034716338 -0.278816900 -0.710354388 -0.001263457 0.703843057 -2.031328026
90123457 0.472817945 0.840565169 0.500000000 0.500000000 0.000000000 0.000000000 0.700968444 -0.047966167 0.711577475 -1.507747984 0.032951791 0.998848438 0.034870084 -0.279731150 -0.712430656 -0.000995074 0.701741815 -2.029728660
90156823 0.472817945 0.840565169 0.500000000 0.500000000 0.000000000 0.000000000 0.698563337 -0.048287474 0.713917077 -1.512789400 0.033266217 0.998833239 0.035007674 -0.280753011 -0.714774549 -0.000705757 0.699354589 -2.027626904
90190190 0.472817945 0.840565169 0.500000000 0.500000000 0.000000000 0.000000000 0.696220696 -0.048652548 0.716177166 -1.517325251 0.033522729 0.998815596 0.035264611 -0.281598171 -0.717044652 -0.000543739 0.697027028 -2.025321437
90223557 0.472817945 0.840565169 0.500000000 0.500000000 0.000000000 0.000000000 0.693770289 -0.049114522 0.718519688 -1.521755631 0.033639416 0.998792946 0.035791934 -0.283348115 -0.719410300 -0.000660796 0.694585025 -2.022597562
90256924 0.472817945 0.840565169 0.500000000 0.500000000 0.000000000 0.000000000 0.691101611 -0.049419802 0.721066058 -1.526696704 0.033566017 0.998777688 0.036282208 -0.285139089 -0.721977770 -0.000871380 0.691915691 -2.019250896
90290290 0.472817945 0.840565169 0.500000000 0.500000000 0.000000000 0.000000000 0.688238800 -0.049698286 0.723779917 -1.532006759 0.033580925 0.998763859 0.036648091 -0.286258102 -0.724706590 -0.000917439 0.689056993 -2.015422292
90323657 0.472817945 0.840565169 0.500000000 0.500000000 0.000000000 0.000000000 0.685215414 -0.050056424 0.726618350 -1.537638736 0.033599030 0.998745859 0.037118625 -0.287980860 -0.727565110 -0.001020583 0.686037898 -2.011289838
90357024 0.472817945 0.840565169 0.500000000 0.500000000 0.000000000 0.000000000 0.682013035 -0.050410304 0.729600608 -1.543485964 0.033653658 0.998728037 0.037546501 -0.289308518 -0.730565310 -0.001053474 0.682842016 -2.006726809
90390390 0.472817945 0.840565169 0.500000000 0.500000000 0.000000000 0.000000000 0.678448737 -0.050886888 0.732883215 -1.550177796 0.033692736 0.998703718 0.038153592 -0.291073512 -0.733874738 -0.001192415 0.679283798 -2.001387700
90423757 0.472817945 0.840565169 0.500000000 0.500000000 0.000000000 0.000000000 0.674786448 -0.051302005 0.736227810 -1.557026958 0.033633534 0.998682201 0.038763747 -0.292955253 -0.737246275 -0.001395308 0.675622702 -1.995454049
90457124 0.472817945 0.840565169 0.500000000 0.500000000 0.000000000 0.000000000 0.670931697 -0.051699653 0.739714682 -1.564292382 0.033677362 0.998661637 0.039251965 -0.294725356 -0.740754008 -0.001423751 0.671774864 -1.989041764
90490490 0.472817945 0.840565169 0.500000000 0.500000000 0.000000000 0.000000000 0.666886926 -0.052149743 0.743331850 -1.571702002 0.033953492 0.998638570 0.039599549 -0.296040126 -0.744385004 -0.001169708 0.667749643 -1.982291548
90523857 0.472817945 0.840565169 0.500000000 0.500000000 0.000000000 0.000000000 0.662726104 -0.052689902 0.747005939 -1.579258439 0.034347456 0.998610556 0.039964523 -0.297270683 -0.748073816 -0.000827778 0.663615048 -1.975456500
90557224 0.472817945 0.840565169 0.500000000 0.500000000 0.000000000 0.000000000 0.658195496 -0.053142477 0.750969112 -1.587736475 0.034524549 0.998586714 0.040405750 -0.298506403 -0.752055049 -0.000668015 0.659099996 -1.967383200
90590591 0.472817945 0.840565169 0.500000000 0.500000000 0.000000000 0.000000000 0.653495550 -0.053671487 0.755025148 -1.596289622 0.034608271 0.998558402 0.041028786 -0.300543163 -0.756138802 -0.000682015 0.654410958 -1.958938270
90623957 0.472817945 0.840565169 0.500000000 0.500000000 0.000000000 0.000000000 0.648662388 -0.054169640 0.759146094 -1.605006111 0.034741305 0.998531580 0.041566074 -0.302691781 -0.760282934 -0.000588623 0.649591804 -1.950321910
90657324 0.472817945 0.840565169 0.500000000 0.500000000 0.000000000 0.000000000 0.643486381 -0.054641221 0.763504803 -1.614603988 0.035118584 0.998506069 0.041861240 -0.303322922 -0.764651537 -0.000123929 0.644443989 -1.940521747
