https://www.youtube.com/watch?v=n-yYfSZxZjA
55889167 0.451744979 0.803102194 0.500000000 0.500000000 0.000000000 0.000000000 0.999989867 0.003968216 0.002121651 -0.146243476 -0.003973883 0.999988556 0.002673309 -0.003657739 -0.002111018 -0.002681713 0.999994159 -0.023433706
55930878 0.451744979 0.803102194 0.500000000 0.500000000 0.000000000 0.000000000 0.999989510 0.004019848 0.002191172 -0.151013545 -0.004025606 0.999988437 0.002629842 -0.003657803 -0.002180575 -0.002638635 0.999994159 -0.023433750
55972589 0.451744979 0.803102194 0.500000000 0.500000000 0.000000000 0.000000000 0.999988735 0.004155640 0.002301704 -0.155717697 -0.004161616 0.999987960 0.002597398 -0.003518852 -0.002290883 -0.002606948 0.999993980 -0.023058140
56014289 0.451744979 0.803102194 0.500000000 0.500000000 0.000000000 0.000000000 0.999988019 0.004260419 0.002416625 -0.160486288 -0.004266805 0.999987423 0.002643458 -0.003763238 -0.002405332 -0.002653737 0.999993563 -0.023135666
56056000 0.451744979 0.803102194 0.500000000 0.500000000 0.000000000 0.000000000 0.999986649 0.004497485 0.002534145 -0.165039108 -0.004504335 0.999986172 0.002703815 -0.003702087 -0.002521950 -0.002715193 0.999993145 -0.022746287
56097711 0.451744979 0.803102194 0.500000000 0.500000000 0.000000000 0.000000000 0.999986172 0.004558646 0.002632820 -0.169579824 -0.004565918 0.999985754 0.002762620 -0.004114546 -0.002620188 -0.002774603 0.999992728 -0.022910870
56139422 0.451744979 0.803102194 0.500000000 0.500000000 0.000000000 0.000000000 0.999985337 0.004663973 0.002750535 -0.173773800 -0.004671421 0.999985397 0.002707806 -0.003971259 -0.002737866 -0.002720615 0.999992549 -0.022850460
56181122 0.451744979 0.803102194 0.500000000 0.500000000 0.000000000 0.000000000 0.999984622 0.004768650 0.002839683 -0.178127065 -0.004776606 0.999984682 0.002801878 -0.004129256 -0.002826279 -0.002815399 0.999992073 -0.022639085
56222833 0.451744979 0.803102194 0.500000000 0.500000000 0.000000000 0.000000000 0.999983966 0.004842906 0.002928635 -0.182248154 -0.004851033 0.999984384 0.002774413 -0.004159295 -0.002915153 -0.002788576 0.999991834 -0.022424038
56264544 0.451744979 0.803102194 0.500000000 0.500000000 0.000000000 0.000000000 0.999983609 0.004886865 0.002991371 -0.186191112 -0.004895274 0.999984086 0.002810228 -0.004306712 -0.002977591 -0.002824825 0.999991596 -0.022398631
56306256 0.451744979 0.803102194 0.500000000 0.500000000 0.000000000 0.000000000 0.999982834 0.004964111 0.003108387 -0.190154471 -0.004972999 0.999983549 0.002857885 -0.004401363 -0.003094149 -0.002873294 0.999991059 -0.022441912
56347956 0.451744979 0.803102194 0.500000000 0.500000000 0.000000000 0.000000000 0.999982417 0.004995101 0.003191512 -0.194265161 -0.005004199 0.999983430 0.002848969 -0.004633405 -0.003177228 -0.002864890 0.999990821 -0.022298102
56389667 0.451744979 0.803102194 0.500000000 0.500000000 0.000000000 0.000000000 0.999981642 0.005059272 0.003328931 -0.198430038 -0.005068400 0.999983430 0.002739449 -0.004707839 -0.003315016 -0.002756271 0.999990702 -0.022359090
56431378 0.451744979 0.803102194 0.500000000 0.500000000 0.000000000 0.000000000 0.999980927 0.005122376 0.003458960 -0.202912947 -0.005131878 0.999983072 0.002743867 -0.004733545 -0.003444846 -0.002761565 0.999990225 -0.022197627
56473089 0.451744979 0.803102194 0.500000000 0.500000000 0.000000000 0.000000000 0.999980271 0.005183888 0.003554498 -0.207233340 -0.005193077 0.999983191 0.002580775 -0.004852645 -0.003541060 -0.002599183 0.999990344 -0.021843364
56514789 0.451744979 0.803102194 0.500000000 0.500000000 0.000000000 0.000000000 0.999979675 0.005203895 0.003685517 -0.211753237 -0.005213227 0.999983191 0.002526950 -0.005131873 -0.003672305 -0.002546113 0.999989986 -0.021829470
56556500 0.451744979 0.803102194 0.500000000 0.500000000 0.000000000 0.000000000 0.999979079 0.005252100 0.003782777 -0.216483187 -0.005261343 0.999983191 0.002437433 -0.005164090 -0.003769912 -0.002457284 0.999989867 -0.021928154
56598211 0.451744979 0.803102194 0.500000000 0.500000000 0.000000000 0.000000000 0.999978840 0.005202537 0.003908147 -0.221312520 -0.005212097 0.999983430 0.002439892 -0.005372773 -0.003895389 -0.002460210 0.999989390 -0.021685707
56639922 0.451744979 0.803102194 0.500000000 0.500000000 0.000000000 0.000000000 0.999978125 0.005255433 0.004016643 -0.226017591 -0.005265036 0.999983311 0.002384066 -0.005211452 -0.004004047 -0.002405161 0.999989092 -0.021516249
56681622 0.451744979 0.803102194 0.500000000 0.500000000 0.000000000 0.000000000 0.999977827 0.005221217 0.004137397 -0.230918341 -0.005231337 0.999983370 0.002438822 -0.005529295 -0.004124595 -0.002460412 0.999988496 -0.021460689
56723333 0.451744979 0.803102194 0.500000000 0.500000000 0.000000000 0.000000000 0.999977410 0.005222659 0.004233486 -0.235728462 -0.005233037 0.999983311 0.002444071 -0.005505454 -0.004220651 -0.002466170 0.999988079 -0.021244104
56765044 0.451744979 0.803102194 0.500000000 0.500000000 0.000000000 0.000000000 0.999976575 0.005291275 0.004339148 -0.240758578 -0.005301920 0.999982953 0.002445417 -0.005593624 -0.004326135 -0.002468366 0.999987602 -0.021222417
56806756 0.451744979 0.803102194 0.500000000 0.500000000 0.000000000 0.000000000 0.999975860 0.005295353 0.004493232 -0.245778759 -0.005306548 0.999982834 0.002483029 -0.005732292 -0.004480007 -0.002506813 0.999986827 -0.021256002
56848456 0.451744979 0.803102194 0.500000000 0.500000000 0.000000000 0.000000000 0.999975502 0.005315787 0.004556473 -0.250591789 -0.005327312 0.999982655 0.002521097 -0.005863879 -0.004542992 -0.002545309 0.999986470 -0.021095656
56890167 0.451744979 0.803102194 0.500000000 0.500000000 0.000000000 0.000000000 0.999975204 0.005280092 0.004657675 -0.255211477 -0.005292224 0.999982655 0.002596208 -0.006130506 -0.004643885 -0.002620793 0.999985754 -0.021070798
56931878 0.451744979 0.803102194 0.500000000 0.500000000 0.000000000 0.000000000 0.999974728 0.005293228 0.004747461 -0.259818585 -0.005305829 0.999982417 0.002645669 -0.006449061 -0.004733373 -0.002670792 0.999985218 -0.021189624
56973589 0.451744979 0.803102194 0.500000000 0.500000000 0.000000000 0.000000000 0.999973953 0.005329465 0.004861646 -0.264312498 -0.005342382 0.999982238 0.002647792 -0.006300546 -0.004847449 -0.002673696 0.999984682 -0.020920478
57015289 0.451744979 0.803102194 0.500000000 0.500000000 0.000000000 0.000000000 0.999973655 0.005315977 0.004936934 -0.268454894 -0.005329288 0.999982178 0.002687079 -0.006432518 -0.004922561 -0.002713319 0.999984205 -0.020877482
57057000 0.451744979 0.803102194 0.500000000 0.500000000 0.000000000 0.000000000 0.999972999 0.005332695 0.005054070 -0.272676027 -0.005346545 0.999981999 0.002730787 -0.006527160 -0.005039417 -0.002757735 0.999983490 -0.020765632
57098711 0.451744979 0.803102194 0.500000000 0.500000000 0.000000000 0.000000000 0.999972761 0.005338434 0.005091674 -0.276583155 -0.005352489 0.999981880 0.002750775 -0.006601995 -0.005076897 -0.002777953 0.999983251 -0.020526019
57140422 0.451744979 0.803102194 0.500000000 0.500000000 0.000000000 0.000000000 0.999972343 0.005317606 0.005205127 -0.280671571 -0.005332235 0.999981880 0.002800726 -0.006743910 -0.005190140 -0.002828404 0.999982536 -0.020645879
57182122 0.451744979 0.803102194 0.500000000 0.500000000 0.000000000 0.000000000 0.999972224 0.005272770 0.005263997 -0.284964035 -0.005287617 0.999982059 0.002810538 -0.007044377 -0.005249083 -0.002838294 0.999982178 -0.020321780
57223833 0.451744979 0.803102194 0.500000000 0.500000000 0.000000000 0.000000000 0.999971390 0.005323048 0.005379425 -0.289370288 -0.005337663 0.999982119 0.002706093 -0.007251819 -0.005364924 -0.002734729 0.999981880 -0.020367544
57265544 0.451744979 0.803102194 0.500000000 0.500000000 0.000000000 0.000000000 0.999970913 0.005327197 0.005453879 -0.294001188 -0.005341586 0.999982297 0.002627074 -0.007366753 -0.005439788 -0.002656129 0.999981701 -0.020298462
57307256 0.451744979 0.803102194 0.500000000 0.500000000 0.000000000 0.000000000 0.999969542 0.005483406 0.005550202 -0.298743549 -0.005497493 0.999981701 0.002525998 -0.007343507 -0.005536249 -0.002556433 0.999981403 -0.020227653
57348956 0.451744979 0.803102194 0.500000000 0.500000000 0.000000000 0.000000000 0.999968648 0.005587676 0.005606711 -0.303340653 -0.005601328 0.999981403 0.002422226 -0.007468112 -0.005593072 -0.002453555 0.999981344 -0.019944562
57390667 0.451744979 0.803102194 0.500000000 0.500000000 0.000000000 0.000000000 0.999967575 0.005685821 0.005702694 -0.308141023 -0.005699213 0.999981046 0.002334806 -0.007551416 -0.005689311 -0.002367232 0.999980986 -0.019982308
57432378 0.451744979 0.803102194 0.500000000 0.500000000 0.000000000 0.000000000 0.999966264 0.005785815 0.005830930 -0.313121471 -0.005799216 0.999980569 0.002283970 -0.007738408 -0.005817602 -0.002317708 0.999980390 -0.020090510
57474089 0.451744979 0.803102194 0.500000000 0.500000000 0.000000000 0.000000000 0.999964952 0.005904993 0.005931771 -0.318237687 -0.005918042 0.999980092 0.002184691 -0.007791627 -0.005918753 -0.002219719 0.999980032 -0.019943349
57515789 0.451744979 0.803102194 0.500000000 0.500000000 0.000000000 0.000000000 0.999963403 0.006091202 0.006003831 -0.323318697 -0.006103710 0.999979258 0.002067144 -0.007813552 -0.005991115 -0.002103714 0.999979854 -0.020004155
57557500 0.451744979 0.803102194 0.500000000 0.500000000 0.000000000 0.000000000 0.999962747 0.006150232 0.006056264 -0.328794520 -0.006162600 0.999978960 0.002025631 -0.008023253 -0.006043678 -0.002062878 0.999979615 -0.019740930
57599211 0.451744979 0.803102194 0.500000000 0.500000000 0.000000000 0.000000000 0.999961019 0.006300291 0.006188662 -0.334718270 -0.006312439 0.999978185 0.001945414 -0.008162028 -0.006176271 -0.001984404 0.999978960 -0.019723243
57640922 0.451744979 0.803102194 0.500000000 0.500000000 0.000000000 0.000000000 0.999959469 0.006468982 0.006264622 -0.340976636 -0.006481257 0.999977112 0.001941052 -0.008279505 -0.006251922 -0.001981576 0.999978483 -0.019542718
57682622 0.451744979 0.803102194 0.500000000 0.500000000 0.000000000 0.000000000 0.999957681 0.006583365 0.006424248 -0.347573998 -0.006595667 0.999976456 0.001895551 -0.008728141 -0.006411617 -0.001937843 0.999977589 -0.019736824
57724333 0.451744979 0.803102194 0.500000000 0.500000000 0.000000000 0.000000000 0.999954879 0.006926999 0.006504487 -0.354472393 -0.006939656 0.999974072 0.001925295 -0.008665063 -0.006490982 -0.001970347 0.999976993 -0.019572016
57766044 0.451744979 0.803102194 0.500000000 0.500000000 0.000000000 0.000000000 0.999951839 0.007332250 0.006525353 -0.361063242 -0.007345299 0.999971092 0.001978062 -0.008494399 -0.006510661 -0.002025897 0.999976754 -0.019100176
57807756 0.451744979 0.803102194 0.500000000 0.500000000 0.000000000 0.000000000 0.999947727 0.007719913 0.006704060 -0.367394600 -0.007733957 0.999967933 0.002071503 -0.008761260 -0.006687853 -0.002123243 0.999975383 -0.019162203
57849456 0.451744979 0.803102194 0.500000000 0.500000000 0.000000000 0.000000000 0.999943137 0.008197562 0.006822315 -0.373446398 -0.008211666 0.999964178 0.002041901 -0.008661475 -0.006805332 -0.002097807 0.999974668 -0.018977129
57891167 0.451744979 0.803102194 0.500000000 0.500000000 0.000000000 0.000000000 0.999939024 0.008593691 0.006936794 -0.378560576 -0.008608627 0.999960661 0.002126209 -0.008548363 -0.006918249 -0.002185796 0.999973655 -0.018790560
57932878 0.451744979 0.803102194 0.500000000 0.500000000 0.000000000 0.000000000 0.999936998 0.008772244 0.007004566 -0.383034727 -0.008787341 0.999959111 0.002127525 -0.009067859 -0.006985616 -0.002188943 0.999973178 -0.019096029
57974589 0.451744979 0.803102194 0.500000000 0.500000000 0.000000000 0.000000000 0.999935389 0.008855065 0.007128809 -0.386955570 -0.008870165 0.999958456 0.002089208 -0.009263296 -0.007110012 -0.002152306 0.999972403 -0.019227775
58016289 0.451744979 0.803102194 0.500000000 0.500000000 0.000000000 0.000000000 0.999934375 0.008891841 0.007225424 -0.390688737 -0.008906663 0.999958277 0.002021792 -0.009469187 -0.007207145 -0.002086014 0.999971867 -0.019269973
58058000 0.451744979 0.803102194 0.500000000 0.500000000 0.000000000 0.000000000 0.999932408 0.009018234 0.007334399 -0.394378854 -0.009031930 0.999957502 0.001836430 -0.009425048 -0.007317526 -0.001902550 0.999971390 -0.019359241
58099711 0.451744979 0.803102194 0.500000000 0.500000000 0.000000000 0.000000000 0.999931157 0.009088267 0.007425465 -0.398172386 -0.009101986 0.999956906 0.001815878 -0.009537323 -0.007408642 -0.001883339 0.999970794 -0.019372850
58141422 0.451744979 0.803102194 0.500000000 0.500000000 0.000000000 0.000000000 0.999928772 0.009282878 0.007502651 -0.402121536 -0.009296197 0.999955297 0.001742285 -0.009422049 -0.007486142 -0.001811907 0.999970317 -0.019325735
58183122 0.451744979 0.803102194 0.500000000 0.500000000 0.000000000 0.000000000 0.999927342 0.009362567 0.007592548 -0.406454816 -0.009376256 0.999954462 0.001769304 -0.009545696 -0.007575637 -0.001840365 0.999969602 -0.019376437
58224833 0.451744979 0.803102194 0.500000000 0.500000000 0.000000000 0.000000000 0.999924660 0.009593972 0.007659327 -0.410986293 -0.009607059 0.999952435 0.001673653 -0.009634016 -0.007642906 -0.001747110 0.999969244 -0.019338977
58266544 0.451744979 0.803102194 0.500000000 0.500000000 0.000000000 0.000000000 0.999921799 0.009804509 0.007762872 -0.415500401 -0.009817914 0.999950349 0.001690705 -0.009555965 -0.007745910 -0.001766788 0.999968410 -0.019267069
58308256 0.451744979 0.803102194 0.500000000 0.500000000 0.000000000 0.000000000 0.999919116 0.010014042 0.007841471 -0.420043577 -0.010027088 0.999948382 0.001626087 -0.009639598 -0.007824782 -0.001704582 0.999967933 -0.019124460
58349956 0.451744979 0.803102194 0.500000000 0.500000000 0.000000000 0.000000000 0.999917924 0.010072897 0.007916643 -0.424259328 -0.010086653 0.999947667 0.001699551 -0.009825249 -0.007899110 -0.001779264 0.999967217 -0.019091121
58391667 0.451744979 0.803102194 0.500000000 0.500000000 0.000000000 0.000000000 0.999913752 0.010413011 0.008006745 -0.428431568 -0.010426562 0.999944270 0.001652735 -0.009716033 -0.007989089 -0.001736076 0.999966562 -0.019002813
58433378 0.451744979 0.803102194 0.500000000 0.500000000 0.000000000 0.000000000 0.999912024 0.010493713 0.008110726 -0.432463023 -0.010507875 0.999943316 0.001705450 -0.010042255 -0.008092370 -0.001790526 0.999965668 -0.018996947
58475089 0.451744979 0.803102194 0.500000000 0.500000000 0.000000000 0.000000000 0.999910116 0.010638341 0.008159656 -0.436089716 -0.010652244 0.999941885 0.001662269 -0.009979662 -0.008141498 -0.001749038 0.999965310 -0.019022082
58516789 0.451744979 0.803102194 0.500000000 0.500000000 0.000000000 0.000000000 0.999908507 0.010739136 0.008224201 -0.439738622 -0.010753059 0.999940813 0.001650453 -0.010203495 -0.008205990 -0.001738737 0.999964833 -0.019071529
58558500 0.451744979 0.803102194 0.500000000 0.500000000 0.000000000 0.000000000 0.999906421 0.010895368 0.008272103 -0.443210254 -0.010908860 0.999939263 0.001587578 -0.010170221 -0.008254303 -0.001677668 0.999964535 -0.018995457
58600211 0.451744979 0.803102194 0.500000000 0.500000000 0.000000000 0.000000000 0.999904990 0.010995532 0.008311379 -0.446484547 -0.011009052 0.999938130 0.001582635 -0.010084551 -0.008293463 -0.001673986 0.999964237 -0.018895118
58641922 0.451744979 0.803102194 0.500000000 0.500000000 0.000000000 0.000000000 0.999901891 0.011165885 0.008454794 -0.449914279 -0.011179526 0.999936283 0.001567830 -0.010147563 -0.008436749 -0.001662197 0.999963045 -0.018860082
58683622 0.451744979 0.803102194 0.500000000 0.500000000 0.000000000 0.000000000 0.999899685 0.011321562 0.008509420 -0.453168227 -0.011334894 0.999934614 0.001520113 -0.010281540 -0.008491654 -0.001616414 0.999962628 -0.018924241
58725333 0.451744979 0.803102194 0.500000000 0.500000000 0.000000000 0.000000000 0.999898553 0.011420779 0.008513264 -0.456358334 -0.011433840 0.999933541 0.001486987 -0.010122335 -0.008495716 -0.001584176 0.999962628 -0.018709026
58767044 0.451744979 0.803102194 0.500000000 0.500000000 0.000000000 0.000000000 0.999897599 0.011469646 0.008554688 -0.459451716 -0.011483042 0.999932885 0.001518403 -0.010423469 -0.008536698 -0.001616482 0.999962270 -0.018800561
58808756 0.451744979 0.803102194 0.500000000 0.500000000 0.000000000 0.000000000 0.999894738 0.011650427 0.008650822 -0.462549590 -0.011663907 0.999930859 0.001509460 -0.010476308 -0.008632638 -0.001610203 0.999961436 -0.018690680
58850456 0.451744979 0.803102194 0.500000000 0.500000000 0.000000000 0.000000000 0.999893248 0.011711139 0.008735503 -0.465844368 -0.011724372 0.999930203 0.001465241 -0.010440419 -0.008717733 -0.001567503 0.999960780 -0.018705517
58892167 0.451744979 0.803102194 0.500000000 0.500000000 0.000000000 0.000000000 0.999891460 0.011842044 0.008768256 -0.468799590 -0.011854785 0.999928772 0.001402569 -0.010562188 -0.008751022 -0.001506363 0.999960601 -0.018612938
58933878 0.451744979 0.803102194 0.500000000 0.500000000 0.000000000 0.000000000 0.999889016 0.011995841 0.008836865 -0.472072391 -0.012008079 0.999926984 0.001333191 -0.010408889 -0.008820228 -0.001439157 0.999960065 -0.018754014
58975589 0.451744979 0.803102194 0.500000000 0.500000000 0.000000000 0.000000000 0.999886751 0.012160794 0.008862605 -0.474869548 -0.012173816 0.999924898 0.001416853 -0.010351092 -0.008844710 -0.001524584 0.999959707 -0.018505520
59017289 0.451744979 0.803102194 0.500000000 0.500000000 0.000000000 0.000000000 0.999884009 0.012328956 0.008943342 -0.478104656 -0.012341834 0.999922872 0.001386078 -0.010595212 -0.008925563 -0.001496295 0.999959052 -0.018672867
59059000 0.451744979 0.803102194 0.500000000 0.500000000 0.000000000 0.000000000 0.999882519 0.012443478 0.008951005 -0.480886882 -0.012455709 0.999921560 0.001312054 -0.010314122 -0.008933976 -0.001423391 0.999959052 -0.018465824
59100711 0.451744979 0.803102194 0.500000000 0.500000000 0.000000000 0.000000000 0.999880552 0.012563533 0.008999746 -0.483792284 -0.012576343 0.999919951 0.001368257 -0.010586041 -0.008981836 -0.001481278 0.999958575 -0.018494047
59142422 0.451744979 0.803102194 0.500000000 0.500000000 0.000000000 0.000000000 0.999878109 0.012730709 0.009039576 -0.486582832 -0.012743137 0.999917924 0.001318458 -0.010655304 -0.009022050 -0.001433490 0.999958277 -0.018412713
59184122 0.451744979 0.803102194 0.500000000 0.500000000 0.000000000 0.000000000 0.999877334 0.012755644 0.009088766 -0.489160374 -0.012768423 0.999917567 0.001349427 -0.010736506 -0.009070804 -0.001465311 0.999957800 -0.018426138
59225833 0.451744979 0.803102194 0.500000000 0.500000000 0.000000000 0.000000000 0.999875188 0.012886614 0.009138835 -0.491738271 -0.012899089 0.999915957 0.001307407 -0.010700909 -0.009121218 -0.001425127 0.999957383 -0.018489409
59267544 0.451744979 0.803102194 0.500000000 0.500000000 0.000000000 0.000000000 0.999871612 0.013123926 0.009192102 -0.494519059 -0.013136150 0.999912918 0.001270804 -0.010936340 -0.009174623 -0.001391390 0.999956965 -0.018722618
59309256 0.451744979 0.803102194 0.500000000 0.500000000 0.000000000 0.000000000 0.999868631 0.013332210 0.009219378 -0.497311874 -0.013343888 0.999910235 0.001206295 -0.010641419 -0.009202468 -0.001329159 0.999956787 -0.018372882
59350956 0.451744979 0.803102194 0.500000000 0.500000000 0.000000000 0.000000000 0.999867618 0.013374875 0.009268435 -0.499785176 -0.013387280 0.999909580 0.001277597 -0.010904752 -0.009250509 -0.001401507 0.999956250 -0.018526218
59392667 0.451744979 0.803102194 0.500000000 0.500000000 0.000000000 0.000000000 0.999865413 0.013479923 0.009353937 -0.502314258 -0.013491880 0.999908268 0.001216366 -0.011056025 -0.009336682 -0.001342405 0.999955535 -0.018427658
59434378 0.451744979 0.803102194 0.500000000 0.500000000 0.000000000 0.000000000 0.999864757 0.013541647 0.009331269 -0.504526732 -0.013553870 0.999907374 0.001247871 -0.011006010 -0.009313507 -0.001374177 0.999955714 -0.018339461
59476089 0.451744979 0.803102194 0.500000000 0.500000000 0.000000000 0.000000000 0.999864101 0.013574582 0.009352618 -0.506993077 -0.013587904 0.999906778 0.001362357 -0.011272970 -0.009333253 -0.001489255 0.999955356 -0.018436397
59517789 0.451744979 0.803102194 0.500000000 0.500000000 0.000000000 0.000000000 0.999861777 0.013665083 0.009472531 -0.509386527 -0.013677334 0.999905705 0.001229759 -0.011368002 -0.009454833 -0.001359148 0.999954402 -0.018645277
59559500 0.451744979 0.803102194 0.500000000 0.500000000 0.000000000 0.000000000 0.999857426 0.013953502 0.009510407 -0.511828818 -0.013966393 0.999901652 0.001290419 -0.010952321 -0.009491466 -0.001423061 0.999953926 -0.018248192
59601211 0.451744979 0.803102194 0.500000000 0.500000000 0.000000000 0.000000000 0.999858618 0.013871602 0.009506042 -0.514160070 -0.013885473 0.999902606 0.001394766 -0.011519611 -0.009485769 -0.001526565 0.999953866 -0.018417173
59642922 0.451744979 0.803102194 0.500000000 0.500000000 0.000000000 0.000000000 0.999856234 0.013983415 0.009592244 -0.516686361 -0.013997436 0.999901056 0.001396073 -0.011818049 -0.009571774 -0.001530139 0.999953032 -0.018406189
59684622 0.451744979 0.803102194 0.500000000 0.500000000 0.000000000 0.000000000 0.999853909 0.014122846 0.009626393 -0.519025288 -0.014136484 0.999899149 0.001350184 -0.011396458 -0.009606354 -0.001486070 0.999952734 -0.018103284
