https://www.youtube.com/watch?v=QYAhbbHv5z8
47125000 0.593989255 1.055980847 0.500000000 0.500000000 0.000000000 0.000000000 0.999976456 -0.006606740 -0.001861703 0.061354066 0.006614848 0.999968529 0.004383135 0.184616681 0.001832686 -0.004395347 0.999988675 -0.202267322
47166667 0.593989255 1.055980847 0.500000000 0.500000000 0.000000000 0.000000000 0.999975026 -0.006825321 -0.001823567 0.066375445 0.006833156 0.999967277 0.004325234 0.200495968 0.001793986 -0.004337587 0.999988973 -0.232445182
47208333 0.593989255 1.055980847 0.500000000 0.500000000 0.000000000 0.000000000 0.999974310 -0.006975768 -0.001666000 0.068951744 0.006982757 0.999966681 0.004227005 0.210919501 0.001636458 -0.004238530 0.999989688 -0.252328922
47291667 0.593989255 1.055980847 0.500000000 0.500000000 0.000000000 0.000000000 0.999972999 -0.007257469 -0.001168776 0.075724402 0.007262071 0.999965727 0.003982317 0.237206446 0.001139834 -0.003990697 0.999991417 -0.302329346
47333333 0.593989255 1.055980847 0.500000000 0.500000000 0.000000000 0.000000000 0.999970615 -0.007615581 -0.000903472 0.079993579 0.007619241 0.999962509 0.004119422 0.252532052 0.000872067 -0.004126185 0.999991119 -0.332287087
47375000 0.593989255 1.055980847 0.500000000 0.500000000 0.000000000 0.000000000 0.999970496 -0.007650640 -0.000670128 0.082793671 0.007653256 0.999962747 0.003992197 0.262939194 0.000639560 -0.003997208 0.999991834 -0.352126590
47416667 0.593989255 1.055980847 0.500000000 0.500000000 0.000000000 0.000000000 0.999969363 -0.007821865 -0.000367366 0.086931087 0.007823220 0.999962032 0.003841160 0.278745750 0.000337307 -0.003843916 0.999992549 -0.381560285
47458333 0.593989255 1.055980847 0.500000000 0.500000000 0.000000000 0.000000000 0.999969900 -0.007759052 -0.000071448 0.089686932 0.007759262 0.999963164 0.003669982 0.289186333 0.000042970 -0.003670426 0.999993265 -0.401451360
47500000 0.593989255 1.055980847 0.500000000 0.500000000 0.000000000 0.000000000 0.999967039 -0.008113077 0.000320228 0.093590180 0.008111841 0.999960303 0.003689603 0.303964210 -0.000350150 -0.003686884 0.999993145 -0.431882548
47541667 0.593989255 1.055980847 0.500000000 0.500000000 0.000000000 0.000000000 0.999968410 -0.007931690 0.000513342 0.096396411 0.007929908 0.999962807 0.003384230 0.314927594 -0.000540165 -0.003380053 0.999994159 -0.451341519
47583333 0.593989255 1.055980847 0.500000000 0.500000000 0.000000000 0.000000000 0.999966145 -0.008184077 0.000888906 0.099895146 0.008180903 0.999960363 0.003517206 0.329543791 -0.000917656 -0.003509815 0.999993443 -0.482137395
47625000 0.593989255 1.055980847 0.500000000 0.500000000 0.000000000 0.000000000 0.999963820 -0.008440784 0.001058551 0.102535239 0.008436987 0.999958158 0.003540962 0.339835743 -0.001088396 -0.003531903 0.999993145 -0.503234638
47666667 0.593989255 1.055980847 0.500000000 0.500000000 0.000000000 0.000000000 0.999961793 -0.008634075 0.001364873 0.106217429 0.008629423 0.999957085 0.003378037 0.356650388 -0.001393980 -0.003366130 0.999993384 -0.533095576
47708333 0.593989255 1.055980847 0.500000000 0.500000000 0.000000000 0.000000000 0.999959290 -0.008888272 0.001541396 0.108593764 0.008883023 0.999954820 0.003379648 0.367395443 -0.001571366 -0.003365819 0.999993086 -0.554448010
47750000 0.593989255 1.055980847 0.500000000 0.500000000 0.000000000 0.000000000 0.999958634 -0.008954143 0.001595933 0.113255261 0.008948538 0.999953866 0.003485957 0.384444674 -0.001627073 -0.003471532 0.999992669 -0.584886304
47791667 0.593989255 1.055980847 0.500000000 0.500000000 0.000000000 0.000000000 0.999958754 -0.008893707 0.001852172 0.114821220 0.008887931 0.999955714 0.003103914 0.396462823 -0.001879695 -0.003087324 0.999993443 -0.603227953
47833333 0.593989255 1.055980847 0.500000000 0.500000000 0.000000000 0.000000000 0.999957323 -0.009009483 0.002043861 0.118561111 0.009003477 0.999955177 0.002929001 0.414281707 -0.002070158 -0.002910474 0.999993622 -0.630689322
47875000 0.593989255 1.055980847 0.500000000 0.500000000 0.000000000 0.000000000 0.999955118 -0.009195730 0.002290493 0.121381860 0.009189304 0.999953866 0.002800423 0.425412594 -0.002316139 -0.002779249 0.999993443 -0.651315161
47916667 0.593989255 1.055980847 0.500000000 0.500000000 0.000000000 0.000000000 0.999949157 -0.009736121 0.002616350 0.124684154 0.009728935 0.999948919 0.002745284 0.443959108 -0.002642945 -0.002719690 0.999992788 -0.681956352
48000000 0.593989255 1.055980847 0.500000000 0.500000000 0.000000000 0.000000000 0.999934852 -0.010934642 0.003271864 0.129236616 0.010924369 0.999935389 0.003141383 0.472483704 -0.003306002 -0.003105435 0.999989688 -0.744296546
48041667 0.593989255 1.055980847 0.500000000 0.500000000 0.000000000 0.000000000 0.999934673 -0.010906156 0.003425664 0.131864749 0.010895722 0.999935985 0.003050156 0.486345424 -0.003458711 -0.003012632 0.999989510 -0.764914206
48083333 0.593989255 1.055980847 0.500000000 0.500000000 0.000000000 0.000000000 0.999931037 -0.011170087 0.003628546 0.135672512 0.011159117 0.999933124 0.003029595 0.507813026 -0.003662144 -0.002988895 0.999988854 -0.797262450
48125000 0.593989255 1.055980847 0.500000000 0.500000000 0.000000000 0.000000000 0.999930620 -0.011140251 0.003827338 0.139616498 0.011129264 0.999933898 0.002880018 0.521741356 -0.003859169 -0.002837223 0.999988556 -0.818695120
48208333 0.593989255 1.055980847 0.500000000 0.500000000 0.000000000 0.000000000 0.999920309 -0.011779649 0.004546057 0.145070454 0.011765839 0.999926150 0.003052738 0.555960592 -0.004581681 -0.002999007 0.999984980 -0.883964886
48250000 0.593989255 1.055980847 0.500000000 0.500000000 0.000000000 0.000000000 0.999917269 -0.011907282 0.004859757 0.148534081 0.011892986 0.999924898 0.002960322 0.579347880 -0.004894641 -0.002902280 0.999983788 -0.915143822
48291667 0.593989255 1.055980847 0.500000000 0.500000000 0.000000000 0.000000000 0.999911547 -0.012299430 0.005062349 0.149639277 0.012283512 0.999919534 0.003163337 0.593465593 -0.005100849 -0.003100874 0.999982178 -0.937729825
48333333 0.593989255 1.055980847 0.500000000 0.500000000 0.000000000 0.000000000 0.999909759 -0.012300201 0.005406503 0.153022652 0.012283129 0.999919534 0.003179653 0.612832128 -0.005445178 -0.003112957 0.999980330 -0.973202123
48416667 0.593989255 1.055980847 0.500000000 0.500000000 0.000000000 0.000000000 0.999903858 -0.012561933 0.005868044 0.156771063 0.012543309 0.999916196 0.003199796 0.649166085 -0.005907747 -0.003125884 0.999977648 -1.024242116
48458333 0.593989255 1.055980847 0.500000000 0.500000000 0.000000000 0.000000000 0.999899030 -0.012849226 0.006072014 0.158519116 0.012829483 0.999912322 0.003279250 0.664425172 -0.006113617 -0.003201018 0.999976218 -1.047337292
48500000 0.593989255 1.055980847 0.500000000 0.500000000 0.000000000 0.000000000 0.999894857 -0.013059886 0.006299680 0.161983892 0.013039310 0.999909580 0.003296263 0.686612798 -0.006342159 -0.003213773 0.999974728 -1.079303572
48541667 0.593989255 1.055980847 0.500000000 0.500000000 0.000000000 0.000000000 0.999891639 -0.013276054 0.006360401 0.163734385 0.013255256 0.999906719 0.003300872 0.701642686 -0.006403630 -0.003216205 0.999974310 -1.098947869
48625000 0.593989255 1.055980847 0.500000000 0.500000000 0.000000000 0.000000000 0.999885976 -0.013526603 0.006710483 0.167295081 0.013505141 0.999903560 0.003233260 0.738704925 -0.006753571 -0.003142265 0.999972284 -1.149341655
48666667 0.593989255 1.055980847 0.500000000 0.500000000 0.000000000 0.000000000 0.999883175 -0.013637993 0.006903418 0.169523110 0.013615663 0.999901950 0.003271383 0.760516527 -0.006947357 -0.003177006 0.999970794 -1.179616922
48708333 0.593989255 1.055980847 0.500000000 0.500000000 0.000000000 0.000000000 0.999885082 -0.013456001 0.006985822 0.171349106 0.013433425 0.999904454 0.003268738 0.775109632 -0.007029139 -0.003174519 0.999970257 -1.201836680
48750000 0.593989255 1.055980847 0.500000000 0.500000000 0.000000000 0.000000000 0.999882877 -0.013509315 0.007189000 0.173166715 0.013485823 0.999903619 0.003306322 0.797114032 -0.007232972 -0.003208985 0.999968708 -1.233115940
48833333 0.593989255 1.055980847 0.500000000 0.500000000 0.000000000 0.000000000 0.999881864 -0.013496451 0.007355153 0.176145172 0.013472473 0.999903798 0.003299804 0.834973201 -0.007398981 -0.003200323 0.999967515 -1.281593943
48875000 0.593989255 1.055980847 0.500000000 0.500000000 0.000000000 0.000000000 0.999882758 -0.013434184 0.007348730 0.177810074 0.013410198 0.999904633 0.003303605 0.849805859 -0.007392410 -0.003204670 0.999967515 -1.301558102
48916667 0.593989255 1.055980847 0.500000000 0.500000000 0.000000000 0.000000000 0.999883771 -0.013333140 0.007397645 0.179513334 0.013309353 0.999906123 0.003255356 0.872292163 -0.007440354 -0.003156519 0.999967337 -1.329961147
48958333 0.593989255 1.055980847 0.500000000 0.500000000 0.000000000 0.000000000 0.999884903 -0.013255911 0.007382265 0.180830414 0.013231904 0.999907017 0.003291398 0.886922041 -0.007425210 -0.003193337 0.999967337 -1.350258403
49041667 0.593989255 1.055980847 0.500000000 0.500000000 0.000000000 0.000000000 0.999887586 -0.013161679 0.007181266 0.183355602 0.013136552 0.999907434 0.003535040 0.922425583 -0.007227129 -0.003440306 0.999967992 -1.401092050
49083333 0.593989255 1.055980847 0.500000000 0.500000000 0.000000000 0.000000000 0.999895453 -0.012716497 0.006885477 0.185264739 0.012692642 0.999913335 0.003497309 0.945171237 -0.006929354 -0.003409548 0.999970198 -1.428414628
49125000 0.593989255 1.055980847 0.500000000 0.500000000 0.000000000 0.000000000 0.999902666 -0.012272486 0.006635130 0.186858553 0.012249971 0.999919116 0.003423327 0.959851018 -0.006676606 -0.003341714 0.999972105 -1.446772629
49166667 0.593989255 1.055980847 0.500000000 0.500000000 0.000000000 0.000000000 0.999907613 -0.012115456 0.006161556 0.188700310 0.012093962 0.999920666 0.003513820 0.981856547 -0.006203638 -0.003438978 0.999974847 -1.474692324
49250000 0.593989255 1.055980847 0.500000000 0.500000000 0.000000000 0.000000000 0.999924719 -0.011192428 0.005033083 0.193883370 0.011174001 0.999930799 0.003674528 1.017612492 -0.005073862 -0.003618012 0.999980569 -1.521465728
49291667 0.593989255 1.055980847 0.500000000 0.500000000 0.000000000 0.000000000 0.999932945 -0.010695429 0.004446280 0.196670473 0.010679238 0.999936342 0.003649150 1.032605181 -0.004485026 -0.003601422 0.999983430 -1.538913848
49333333 0.593989255 1.055980847 0.500000000 0.500000000 0.000000000 0.000000000 0.999943376 -0.010029106 0.003560900 0.200409282 0.010015910 0.999942958 0.003704404 1.054281470 -0.003597849 -0.003668529 0.999986827 -1.565700504
49375000 0.593989255 1.055980847 0.500000000 0.500000000 0.000000000 0.000000000 0.999953389 -0.009229782 0.002828331 0.203936048 0.009219507 0.999950945 0.003624856 1.069227342 -0.002861649 -0.003598612 0.999989450 -1.582782347
49458333 0.593989255 1.055980847 0.500000000 0.500000000 0.000000000 0.000000000 0.999970794 -0.007583269 0.000961388 0.212254659 0.007579800 0.999964952 0.003561708 1.105374992 -0.000988364 -0.003554317 0.999993205 -1.626691570
49500000 0.593989255 1.055980847 0.500000000 0.500000000 0.000000000 0.000000000 0.999976993 -0.006776953 -0.000264208 0.217598300 0.006777861 0.999970555 0.003599645 1.127346912 0.000239806 -0.003601353 0.999993503 -1.652066661
49541667 0.593989255 1.055980847 0.500000000 0.500000000 0.000000000 0.000000000 0.999981403 -0.006010678 -0.001020959 0.221268235 0.006014350 0.999975324 0.003632951 1.140876417 0.000999097 -0.003639024 0.999992907 -1.669800967
49583333 0.593989255 1.055980847 0.500000000 0.500000000 0.000000000 0.000000000 0.999985039 -0.005012346 -0.002193216 0.227621659 0.005020206 0.999980927 0.003592993 1.162975893 0.002175165 -0.003603949 0.999991119 -1.694706822
49625000 0.593989255 1.055980847 0.500000000 0.500000000 0.000000000 0.000000000 0.999986172 -0.004412020 -0.002852999 0.231007556 0.004422326 0.999983668 0.003616213 1.177110174 0.002836997 -0.003628780 0.999989390 -1.711668765
49708333 0.593989255 1.055980847 0.500000000 0.500000000 0.000000000 0.000000000 0.999985278 -0.003138375 -0.004422085 0.241106956 0.003154450 0.999988437 0.003632878 1.213407845 0.004410632 -0.003646774 0.999983609 -1.753589885
49750000 0.593989255 1.055980847 0.500000000 0.500000000 0.000000000 0.000000000 0.999983490 -0.002675763 -0.005087686 0.246105670 0.002694417 0.999989688 0.003663248 1.235031348 0.005077831 -0.003676896 0.999980330 -1.778322150
49791667 0.593989255 1.055980847 0.500000000 0.500000000 0.000000000 0.000000000 0.999982536 -0.002327888 -0.005428751 0.249124183 0.002348133 0.999990284 0.003725851 1.249484700 0.005420026 -0.003738533 0.999978304 -1.794514807
49833333 0.593989255 1.055980847 0.500000000 0.500000000 0.000000000 0.000000000 0.999980927 -0.001990767 -0.005847807 0.254233320 0.002012630 0.999991000 0.003735011 1.271607860 0.005840319 -0.003746709 0.999975920 -1.817956455
49875000 0.593989255 1.055980847 0.500000000 0.500000000 0.000000000 0.000000000 0.999980509 -0.001737064 -0.005993255 0.257569261 0.001759517 0.999991417 0.003743238 1.286590885 0.005986701 -0.003753710 0.999975026 -1.834186239
49916667 0.593989255 1.055980847 0.500000000 0.500000000 0.000000000 0.000000000 0.999980211 -0.001537827 -0.006096716 0.262334547 0.001560837 0.999991655 0.003771178 1.308367341 0.006090865 -0.003780619 0.999974310 -1.859160948
50000000 0.593989255 1.055980847 0.500000000 0.500000000 0.000000000 0.000000000 0.999981642 -0.001413363 -0.005890260 0.269420045 0.001436061 0.999991536 0.003851066 1.343469417 0.005884767 -0.003859454 0.999975264 -1.904591039
50041667 0.593989255 1.055980847 0.500000000 0.500000000 0.000000000 0.000000000 0.999982357 -0.001601804 -0.005724172 0.271712456 0.001624182 0.999991059 0.003906810 1.357377948 0.005717862 -0.003916038 0.999975979 -1.922535312
50083333 0.593989255 1.055980847 0.500000000 0.500000000 0.000000000 0.000000000 0.999983728 -0.001837283 -0.005403180 0.275482057 0.001859021 0.999990165 0.004020931 1.378191279 0.005395740 -0.004030910 0.999977291 -1.948515823
50125000 0.593989255 1.055980847 0.500000000 0.500000000 0.000000000 0.000000000 0.999985278 -0.001970696 -0.005058836 0.277408181 0.001991140 0.999989867 0.004039395 1.392656255 0.005050824 -0.004049408 0.999979019 -1.965683323
50166667 0.593989255 1.055980847 0.500000000 0.500000000 0.000000000 0.000000000 0.999987006 -0.002232033 -0.004583368 0.281057323 0.002250729 0.999989152 0.004077954 1.413871663 0.004574216 -0.004088217 0.999981165 -1.991661221
50208333 0.593989255 1.055980847 0.500000000 0.500000000 0.000000000 0.000000000 0.999988556 -0.002367096 -0.004164117 0.283118604 0.002384282 0.999988616 0.004126881 1.427925314 0.004154301 -0.004136763 0.999982834 -2.010415977
50250000 0.593989255 1.055980847 0.500000000 0.500000000 0.000000000 0.000000000 0.999990046 -0.002763375 -0.003499005 0.285994852 0.002778350 0.999986947 0.004281993 1.448145106 0.003487126 -0.004291672 0.999984682 -2.036349242
50291667 0.593989255 1.055980847 0.500000000 0.500000000 0.000000000 0.000000000 0.999990344 -0.003101627 -0.003108056 0.288249260 0.003115099 0.999985754 0.004339017 1.461701019 0.003094554 -0.004348657 0.999985754 -2.054132883
50333333 0.593989255 1.055980847 0.500000000 0.500000000 0.000000000 0.000000000 0.999990582 -0.003537777 -0.002514138 0.291106797 0.003548901 0.999983847 0.004434020 1.482735533 0.002498411 -0.004442900 0.999987006 -2.080837960
50375000 0.593989255 1.055980847 0.500000000 0.500000000 0.000000000 0.000000000 0.999990642 -0.003757715 -0.002155693 0.293427016 0.003767482 0.999982595 0.004544970 1.495528035 0.002138576 -0.004553049 0.999987364 -2.098873780
50416667 0.593989255 1.055980847 0.500000000 0.500000000 0.000000000 0.000000000 0.999990523 -0.004011253 -0.001681987 0.295888184 0.004018911 0.999981463 0.004574311 1.516123994 0.001663607 -0.004581027 0.999988139 -2.126997734
50458333 0.593989255 1.055980847 0.500000000 0.500000000 0.000000000 0.000000000 0.999990702 -0.004079677 -0.001410694 0.298113428 0.004086153 0.999980986 0.004618425 1.529873619 0.001391825 -0.004624146 0.999988317 -2.144518632
50500000 0.593989255 1.055980847 0.500000000 0.500000000 0.000000000 0.000000000 0.999990165 -0.004241377 -0.001309924 0.301973056 0.004247610 0.999979496 0.004792740 1.549533708 0.001289569 -0.004798257 0.999987662 -2.170389736
50541667 0.593989255 1.055980847 0.500000000 0.500000000 0.000000000 0.000000000 0.999989390 -0.004435749 -0.001232510 0.303605797 0.004441825 0.999977767 0.004971019 1.562143605 0.001210432 -0.004976442 0.999986887 -2.189408923
50625000 0.593989255 1.055980847 0.500000000 0.500000000 0.000000000 0.000000000 0.999991357 -0.003692050 -0.001918791 0.310222191 0.003701971 0.999979675 0.005192642 1.595933443 0.001899581 -0.005199700 0.999984682 -2.232672101
50666667 0.593989255 1.055980847 0.500000000 0.500000000 0.000000000 0.000000000 0.999992073 -0.002981093 -0.002642927 0.314527945 0.002995056 0.999981523 0.005295154 1.616523719 0.002627093 -0.005303027 0.999982476 -2.256242072
50708333 0.593989255 1.055980847 0.500000000 0.500000000 0.000000000 0.000000000 0.999990821 -0.002611695 -0.003401229 0.318706977 0.002629840 0.999982297 0.005341184 1.630697981 0.003387220 -0.005350080 0.999979973 -2.271916016
50750000 0.593989255 1.055980847 0.500000000 0.500000000 0.000000000 0.000000000 0.999987483 -0.001502427 -0.004770468 0.325972343 0.001529299 0.999982953 0.005634283 1.650247036 0.004761922 -0.005641508 0.999972761 -2.297708726
50791667 0.593989255 1.055980847 0.500000000 0.500000000 0.000000000 0.000000000 0.999982357 -0.000672005 -0.005902702 0.331295444 0.000705596 0.999983549 0.005690513 1.664181081 0.005898782 -0.005694577 0.999966383 -2.312982360
