https://www.youtube.com/watch?v=SxHEJwyv1-E
52185467 0.500819727 0.890346130 0.500000000 0.500000000 0.000000000 0.000000000 0.976334453 -0.004529167 0.216218680 0.014762688 0.008521515 0.999809921 -0.017535685 0.060325198 -0.216098160 0.018963205 0.976187468 -0.712166291
52218833 0.500819727 0.890346130 0.500000000 0.500000000 0.000000000 0.000000000 0.974744201 -0.004729926 0.223274127 0.010464650 0.008788216 0.999813676 -0.017186129 0.062272439 -0.223151237 0.018714260 0.974604189 -0.734693973
52252200 0.500819727 0.890346130 0.500000000 0.500000000 0.000000000 0.000000000 0.973185837 -0.004805970 0.229970023 0.006647773 0.009075101 0.999805510 -0.017509783 0.064484199 -0.229841143 0.019127274 0.973040164 -0.757702610
52285567 0.500819727 0.890346130 0.500000000 0.500000000 0.000000000 0.000000000 0.971615970 -0.004744744 0.236516073 0.003010467 0.009317391 0.999790609 -0.018219378 0.066344169 -0.236380100 0.019905951 0.971456766 -0.781013463
52318933 0.500819727 0.890346130 0.500000000 0.500000000 0.000000000 0.000000000 0.970007122 -0.004688457 0.243031338 -0.000413889 0.009689546 0.999765098 -0.019386688 0.068589610 -0.242883369 0.021160088 0.969824672 -0.804930351
52352300 0.500819727 0.890346130 0.500000000 0.500000000 0.000000000 0.000000000 0.968412459 -0.004891499 0.249305755 -0.003636219 0.010277766 0.999740958 -0.020307934 0.070235194 -0.249141827 0.022228763 0.968211889 -0.829124627
52385667 0.500819727 0.890346130 0.500000000 0.500000000 0.000000000 0.000000000 0.966750145 -0.005022018 0.255673438 -0.006641843 0.010685381 0.999727249 -0.020766513 0.071855225 -0.255499393 0.022807999 0.966540158 -0.853408428
52419033 0.500819727 0.890346130 0.500000000 0.500000000 0.000000000 0.000000000 0.964997411 -0.005134115 0.262209177 -0.009841067 0.010985986 0.999722123 -0.020856479 0.073711795 -0.262029231 0.023007074 0.964785635 -0.878560802
52452400 0.500819727 0.890346130 0.500000000 0.500000000 0.000000000 0.000000000 0.963268697 -0.005282112 0.268487483 -0.012830753 0.011198619 0.999726951 -0.020509744 0.075390441 -0.268305838 0.022763083 0.963064790 -0.904131120
52485767 0.500819727 0.890346130 0.500000000 0.500000000 0.000000000 0.000000000 0.961506546 -0.005502153 0.274726868 -0.015736629 0.011522778 0.999727428 -0.020305891 0.078040045 -0.274540275 0.022689864 0.961307883 -0.930430586
52519133 0.500819727 0.890346130 0.500000000 0.500000000 0.000000000 0.000000000 0.959785521 -0.005639388 0.280677557 -0.018308521 0.012002059 0.999708354 -0.020955218 0.082212882 -0.280477524 0.023481224 0.959573328 -0.956855906
52552500 0.500819727 0.890346130 0.500000000 0.500000000 0.000000000 0.000000000 0.958136737 -0.005836654 0.286251456 -0.020099947 0.012637254 0.999679923 -0.021915806 0.087356766 -0.286031932 0.024615772 0.957903862 -0.983894132
52585867 0.500819727 0.890346130 0.500000000 0.500000000 0.000000000 0.000000000 0.956337392 -0.006045185 0.292202353 -0.022551531 0.013188548 0.999660254 -0.022482952 0.092634707 -0.291967154 0.025355013 0.956092179 -1.010949050
52619233 0.500819727 0.890346130 0.500000000 0.500000000 0.000000000 0.000000000 0.954456151 -0.006144620 0.298287988 -0.025448167 0.013562159 0.999647975 -0.022803560 0.098152685 -0.298042864 0.025810428 0.954203486 -1.037311620
52652600 0.500819727 0.890346130 0.500000000 0.500000000 0.000000000 0.000000000 0.952589154 -0.006350588 0.304193228 -0.028184685 0.014081690 0.999630988 -0.023228064 0.104260050 -0.303933471 0.026410356 0.952327132 -1.062797661
52685967 0.500819727 0.890346130 0.500000000 0.500000000 0.000000000 0.000000000 0.950716555 -0.006490295 0.309993327 -0.030793278 0.014586514 0.999610186 -0.023806563 0.110442004 -0.309717983 0.027155016 0.950440645 -1.087429508
52719333 0.500819727 0.890346130 0.500000000 0.500000000 0.000000000 0.000000000 0.948763251 -0.006666407 0.315917432 -0.034051175 0.015151767 0.999587178 -0.024410760 0.116837925 -0.315624267 0.027946740 0.948472619 -1.111273389
52752700 0.500819727 0.890346130 0.500000000 0.500000000 0.000000000 0.000000000 0.946706116 -0.006857716 0.322025567 -0.037869399 0.015776845 0.999560535 -0.025095314 0.123498390 -0.321711957 0.028838435 0.946398318 -1.134330501
52786067 0.500819727 0.890346130 0.500000000 0.500000000 0.000000000 0.000000000 0.944532990 -0.007075574 0.328340411 -0.042775410 0.016467480 0.999530673 -0.025832409 0.130208379 -0.328003526 0.029806500 0.944206178 -1.156769405
52819433 0.500819727 0.890346130 0.500000000 0.500000000 0.000000000 0.000000000 0.942465127 -0.007322118 0.334224224 -0.047253550 0.017208535 0.999497235 -0.026628856 0.137007137 -0.333861232 0.030848278 0.942117333 -1.178814804
52852800 0.500819727 0.890346130 0.500000000 0.500000000 0.000000000 0.000000000 0.940459073 -0.007399695 0.339826375 -0.051916368 0.017712817 0.999471545 -0.027256260 0.143539673 -0.339445084 0.031652682 0.940093160 -1.200363791
52886167 0.500819727 0.890346130 0.500000000 0.500000000 0.000000000 0.000000000 0.938534677 -0.007500975 0.345103443 -0.056468627 0.018056164 0.999461949 -0.027381342 0.149317652 -0.344712377 0.031929582 0.938165188 -1.221519247
52919533 0.500819727 0.890346130 0.500000000 0.500000000 0.000000000 0.000000000 0.936511397 -0.007478046 0.350557327 -0.061319623 0.018331556 0.999449492 -0.027652487 0.155213176 -0.350157559 0.032323129 0.936132967 -1.242549167
52952900 0.500819727 0.890346130 0.500000000 0.500000000 0.000000000 0.000000000 0.934397578 -0.007593147 0.356150985 -0.066460203 0.018871179 0.999424100 -0.028202673 0.161598257 -0.355731696 0.033073500 0.934002757 -1.263439789
52986267 0.500819727 0.890346130 0.500000000 0.500000000 0.000000000 0.000000000 0.932236612 -0.007832827 0.361764491 -0.072254581 0.019548144 0.999395907 -0.028735273 0.167736885 -0.361320883 0.033859897 0.931826532 -1.284046638
53019633 0.500819727 0.890346130 0.500000000 0.500000000 0.000000000 0.000000000 0.930138171 -0.008140957 0.367119521 -0.077811942 0.020201053 0.999374688 -0.029020261 0.173281933 -0.366653681 0.034409054 0.929720998 -1.304840191
53053000 0.500819727 0.890346130 0.500000000 0.500000000 0.000000000 0.000000000 0.928080678 -0.008551694 0.372280985 -0.083476380 0.020928413 0.999353945 -0.029217405 0.178530357 -0.371790618 0.034907360 0.927660048 -1.325610014
53086367 0.500819727 0.890346130 0.500000000 0.500000000 0.000000000 0.000000000 0.926108062 -0.008876744 0.377153933 -0.089107798 0.021533919 0.999337018 -0.029356390 0.182794655 -0.376643300 0.035308793 0.925685227 -1.346455767
53119733 0.500819727 0.890346130 0.500000000 0.500000000 0.000000000 0.000000000 0.924231768 -0.009082172 0.381723940 -0.094337373 0.022016918 0.999321342 -0.029531099 0.187030518 -0.381196678 0.035697963 0.923804522 -1.367424339
53153100 0.500819727 0.890346130 0.500000000 0.500000000 0.000000000 0.000000000 0.922326028 -0.009027309 0.386307180 -0.100159799 0.022209834 0.999312818 -0.029674837 0.190200841 -0.385773838 0.035949696 0.921892703 -1.388325199
53186467 0.500819727 0.890346130 0.500000000 0.500000000 0.000000000 0.000000000 0.920433581 -0.008789903 0.390800178 -0.105586758 0.022255452 0.999303877 -0.029940827 0.193129911 -0.390264958 0.036255978 0.919988453 -1.409277011
53219833 0.500819727 0.890346130 0.500000000 0.500000000 0.000000000 0.000000000 0.918476582 -0.008551994 0.395382851 -0.111739825 0.022227531 0.999302149 -0.030020125 0.194997788 -0.394850194 0.036361165 0.918025732 -1.430293630
53253200 0.500819727 0.890346130 0.500000000 0.500000000 0.000000000 0.000000000 0.916544378 -0.008608932 0.399840325 -0.117475182 0.022459308 0.999298513 -0.029967111 0.196452126 -0.399301857 0.036446325 0.916094780 -1.451979752
53286567 0.500819727 0.890346130 0.500000000 0.500000000 0.000000000 0.000000000 0.914537609 -0.008660554 0.404408216 -0.124171354 0.022820134 0.999283195 -0.030205928 0.197655591 -0.403856725 0.036853105 0.914079666 -1.473859803
53319933 0.500819727 0.890346130 0.500000000 0.500000000 0.000000000 0.000000000 0.912532568 -0.008802532 0.408909261 -0.131051282 0.023536185 0.999241829 -0.031013427 0.199704408 -0.408326238 0.037924927 0.912047923 -1.496284742
53353300 0.500819727 0.890346130 0.500000000 0.500000000 0.000000000 0.000000000 0.910598755 -0.009090522 0.413191617 -0.137503332 0.024513287 0.999185920 -0.032039970 0.202704098 -0.412564009 0.039304242 0.910080254 -1.519503267
53386667 0.500819727 0.890346130 0.500000000 0.500000000 0.000000000 0.000000000 0.908619344 -0.009132993 0.417525440 -0.144111702 0.025127871 0.999145091 -0.032827899 0.205172116 -0.416868687 0.040319592 0.908072054 -1.543452812
53420033 0.500819727 0.890346130 0.500000000 0.500000000 0.000000000 0.000000000 0.906558990 -0.009080086 0.421981454 -0.151278437 0.025388349 0.999131382 -0.033043720 0.207193800 -0.421314895 0.040669493 0.906002045 -1.568082302
53453400 0.500819727 0.890346130 0.500000000 0.500000000 0.000000000 0.000000000 0.904536843 -0.009066149 0.426299036 -0.158732963 0.025332747 0.999150574 -0.032502905 0.208282411 -0.425642222 0.040199403 0.903998196 -1.592883593
53486767 0.500819727 0.890346130 0.500000000 0.500000000 0.000000000 0.000000000 0.902423501 -0.009026805 0.430755556 -0.167375538 0.025254900 0.999169707 -0.031970114 0.209858519 -0.430109322 0.039729267 0.901902199 -1.617315054
53520133 0.500819727 0.890346130 0.500000000 0.500000000 0.000000000 0.000000000 0.900144517 -0.008948819 0.435499460 -0.177220062 0.025769437 0.999131858 -0.032732915 0.214407371 -0.434828460 0.040686928 0.899593651 -1.641442833
53553500 0.500819727 0.890346130 0.500000000 0.500000000 0.000000000 0.000000000 0.897886455 -0.009124197 0.440132588 -0.187096183 0.026729941 0.999070466 -0.033818752 0.220203140 -0.439414918 0.042130120 0.897295713 -1.665508447
53586867 0.500819727 0.890346130 0.500000000 0.500000000 0.000000000 0.000000000 0.895720363 -0.009374570 0.444518983 -0.196481467 0.027605360 0.999021411 -0.034557104 0.225820513 -0.443760008 0.043224607 0.895102620 -1.689704392
53620233 0.500819727 0.890346130 0.500000000 0.500000000 0.000000000 0.000000000 0.893589795 -0.009471311 0.448784500 -0.205800312 0.028143097 0.998992622 -0.034953557 0.230890562 -0.448001325 0.043864328 0.892956197 -1.713816142
53653600 0.500819727 0.890346130 0.500000000 0.500000000 0.000000000 0.000000000 0.891264975 -0.009359512 0.453386337 -0.216230466 0.028288385 0.998987317 -0.034986522 0.235439403 -0.452599734 0.044007827 0.890627205 -1.737776461
53686967 0.500819727 0.890346130 0.500000000 0.500000000 0.000000000 0.000000000 0.888801873 -0.009323751 0.458196849 -0.227929827 0.028271221 0.999004364 -0.034511469 0.238816198 -0.457418859 0.043627642 0.888180494 -1.761326649
53720333 0.500819727 0.890346130 0.500000000 0.500000000 0.000000000 0.000000000 0.886384189 -0.009552157 0.462851852 -0.240243461 0.028577741 0.999009371 -0.034110617 0.242483619 -0.462067544 0.043462370 0.885779083 -1.784006702
53753700 0.500819727 0.890346130 0.500000000 0.500000000 0.000000000 0.000000000 0.883968234 -0.010042483 0.467439085 -0.252895906 0.029504586 0.998974800 -0.034333736 0.247297477 -0.466615081 0.044141531 0.883358300 -1.805815585
53787067 0.500819727 0.890346130 0.500000000 0.500000000 0.000000000 0.000000000 0.881752193 -0.010330951 0.471599758 -0.264230307 0.030266006 0.998939157 -0.034705542 0.251950490 -0.470740944 0.044875130 0.881129503 -1.827333220
53820433 0.500819727 0.890346130 0.500000000 0.500000000 0.000000000 0.000000000 0.879597783 -0.010367759 0.475605100 -0.275169831 0.030566487 0.998928308 -0.034754813 0.255884790 -0.474735081 0.045107834 0.878972054 -1.848076230
53853800 0.500819727 0.890346130 0.500000000 0.500000000 0.000000000 0.000000000 0.877520621 -0.010356292 0.479427010 -0.285561752 0.030516500 0.998946369 -0.034277331 0.258462840 -0.478566885 0.044709500 0.876912117 -1.868002234
53887167 0.500819727 0.890346130 0.500000000 0.500000000 0.000000000 0.000000000 0.875410736 -0.010249973 0.483271152 -0.295536782 0.030536005 0.998950899 -0.034126446 0.261953944 -0.482414365 0.044631824 0.874805331 -1.886944197
53920533 0.500819727 0.890346130 0.500000000 0.500000000 0.000000000 0.000000000 0.873186350 -0.010346829 0.487276673 -0.305567219 0.031055124 0.998924196 -0.034438774 0.267112935 -0.486396134 0.045203906 0.872568250 -1.904770835
53953900 0.500819727 0.890346130 0.500000000 0.500000000 0.000000000 0.000000000 0.871001244 -0.010523363 0.491168082 -0.315413558 0.031658005 0.998894870 -0.034738470 0.272230569 -0.490259707 0.045806654 0.870371878 -1.922343083
53987267 0.500819727 0.890346130 0.500000000 0.500000000 0.000000000 0.000000000 0.868817091 -0.010939424 0.495012254 -0.324885410 0.032444924 0.998865008 -0.034871254 0.277581829 -0.494068980 0.046357378 0.868185937 -1.939306636
54020633 0.500819727 0.890346130 0.500000000 0.500000000 0.000000000 0.000000000 0.866648376 -0.011135224 0.498795152 -0.334295665 0.033044741 0.998836756 -0.035116415 0.282978532 -0.497823924 0.046916142 0.866008222 -1.956307879
54054000 0.500819727 0.890346130 0.500000000 0.500000000 0.000000000 0.000000000 0.864612103 -0.011342813 0.502311885 -0.342712574 0.033664800 0.998806357 -0.035391796 0.288357256 -0.501310885 0.047510404 0.863961875 -1.973476986
54087367 0.500819727 0.890346130 0.500000000 0.500000000 0.000000000 0.000000000 0.862576962 -0.011515886 0.505794764 -0.350965382 0.034229808 0.998778462 -0.035635058 0.293216731 -0.504766524 0.048051238 0.861917496 -1.990905694
54120733 0.500819727 0.890346130 0.500000000 0.500000000 0.000000000 0.000000000 0.860561788 -0.011733740 0.509210825 -0.359052374 0.034654934 0.998766780 -0.035551954 0.296891125 -0.508165717 0.048241321 0.859907210 -2.008814933
54154100 0.500819727 0.890346130 0.500000000 0.500000000 0.000000000 0.000000000 0.858547509 -0.012000766 0.512593567 -0.366939034 0.035117656 0.998754740 -0.035436172 0.300149639 -0.511529982 0.048424724 0.857899845 -2.026941490
54187467 0.500819727 0.890346130 0.500000000 0.500000000 0.000000000 0.000000000 0.856619000 -0.012124720 0.515806973 -0.374280452 0.035637669 0.998726606 -0.035708364 0.304105345 -0.514717221 0.048970621 0.855960310 -2.045357322
54220833 0.500819727 0.890346130 0.500000000 0.500000000 0.000000000 0.000000000 0.854761124 -0.012244448 0.518877208 -0.380867680 0.036145329 0.998698771 -0.035975963 0.307889968 -0.517761469 0.049505837 0.854091465 -2.064030936
54254200 0.500819727 0.890346130 0.500000000 0.500000000 0.000000000 0.000000000 0.852785170 -0.012337159 0.522116125 -0.387591496 0.036442865 0.998689830 -0.035924841 0.310549099 -0.520988882 0.049663581 0.852117419 -2.083032279
54287567 0.500819727 0.890346130 0.500000000 0.500000000 0.000000000 0.000000000 0.850815892 -0.012244202 0.525321245 -0.393973405 0.036669046 0.998674750 -0.036112439 0.314001153 -0.524182916 0.049988065 0.850137353 -2.102804810
54320933 0.500819727 0.890346130 0.500000000 0.500000000 0.000000000 0.000000000 0.848979533 -0.012294219 0.528282702 -0.399137109 0.036979813 0.998660564 -0.036187734 0.316328220 -0.527130187 0.050258439 0.848297060 -2.123874297
54354300 0.500819727 0.890346130 0.500000000 0.500000000 0.000000000 0.000000000 0.847172320 -0.012235050 0.531177342 -0.404316156 0.037372839 0.998630762 -0.036603481 0.319798341 -0.530002177 0.050861061 0.846469641 -2.145492127
54387667 0.500819727 0.890346130 0.500000000 0.500000000 0.000000000 0.000000000 0.845478058 -0.012707891 0.533858955 -0.407940226 0.038183529 0.998596549 -0.036701232 0.322578610 -0.532643318 0.051414706 0.844776690 -2.168332173
54421033 0.500819727 0.890346130 0.500000000 0.500000000 0.000000000 0.000000000 0.843946040 -0.013304857 0.536262989 -0.410791852 0.039190933 0.998550057 -0.036902543 0.326106552 -0.534994483 0.052160405 0.843243837 -2.191840984
54454400 0.500819727 0.890346130 0.500000000 0.500000000 0.000000000 0.000000000 0.842439592 -0.013691078 0.538616836 -0.413093705 0.040125594 0.998495221 -0.037378915 0.330237506 -0.537294626 0.053101797 0.841721296 -2.216583723
54487767 0.500819727 0.890346130 0.500000000 0.500000000 0.000000000 0.000000000 0.841007411 -0.013982558 0.540842831 -0.414125591 0.041056421 0.998432815 -0.038029738 0.335341044 -0.539463520 0.054188363 0.840263486 -2.241584163
54521133 0.500819727 0.890346130 0.500000000 0.500000000 0.000000000 0.000000000 0.839662135 -0.014317559 0.542920351 -0.414403034 0.041989539 0.998371720 -0.038611151 0.340710193 -0.541483521 0.055217300 0.838896096 -2.267128979
54554500 0.500819727 0.890346130 0.500000000 0.500000000 0.000000000 0.000000000 0.838347256 -0.014713642 0.544937968 -0.414644646 0.042846557 0.998321712 -0.038961034 0.345826725 -0.543450117 0.056011591 0.837570667 -2.293494289
54587867 0.500819727 0.890346130 0.500000000 0.500000000 0.000000000 0.000000000 0.837020576 -0.014941113 0.546967387 -0.414622259 0.043454073 0.998284996 -0.039228048 0.351000694 -0.545443237 0.056602646 0.836234331 -2.320329656
54621233 0.500819727 0.890346130 0.500000000 0.500000000 0.000000000 0.000000000 0.835721493 -0.015117909 0.548945367 -0.414019068 0.043936342 0.998257220 -0.039397333 0.356494208 -0.547393084 0.057043850 0.834929228 -2.346465443
54654600 0.500819727 0.890346130 0.500000000 0.500000000 0.000000000 0.000000000 0.834498525 -0.015297199 0.550797760 -0.412729504 0.044370536 0.998233914 -0.039500821 0.362210220 -0.549220741 0.057402570 0.833703518 -2.372279411
54687967 0.500819727 0.890346130 0.500000000 0.500000000 0.000000000 0.000000000 0.833345711 -0.015438165 0.552536488 -0.411254772 0.044677507 0.998220563 -0.039492626 0.367631121 -0.550943553 0.057596967 0.832552552 -2.397144056
54721333 0.500819727 0.890346130 0.500000000 0.500000000 0.000000000 0.000000000 0.832174122 -0.015534857 0.554296792 -0.410162437 0.045123618 0.998189509 -0.039769262 0.373357077 -0.552675426 0.058106825 0.831368446 -2.421696384
54754700 0.500819727 0.890346130 0.500000000 0.500000000 0.000000000 0.000000000 0.831159651 -0.015473329 0.555818498 -0.408021804 0.045826763 0.998118222 -0.040741976 0.381197832 -0.554142177 0.059334449 0.830304682 -2.445851689
54788067 0.500819727 0.890346130 0.500000000 0.500000000 0.000000000 0.000000000 0.830128610 -0.015257686 0.557363153 -0.406178639 0.046403963 0.998048127 -0.041792057 0.389599950 -0.555637598 0.060556643 0.829216361 -2.468584068
54821433 0.500819727 0.890346130 0.500000000 0.500000000 0.000000000 0.000000000 0.828810275 -0.015243202 0.559322059 -0.406715684 0.046988383 0.997993886 -0.042429633 0.396931916 -0.557553232 0.061447755 0.827863872 -2.490902856
54854800 0.500819727 0.890346130 0.500000000 0.500000000 0.000000000 0.000000000 0.827664971 -0.015409176 0.561010957 -0.406924972 0.047434155 0.997966886 -0.042569112 0.402398069 -0.559214413 0.061844043 0.826713145 -2.513152644
54888167 0.500819727 0.890346130 0.500000000 0.500000000 0.000000000 0.000000000 0.826637983 -0.015424431 0.562522590 -0.407005807 0.047683377 0.997949064 -0.042707786 0.407695624 -0.560710192 0.062126860 0.825678110 -2.534940001
54921533 0.500819727 0.890346130 0.500000000 0.500000000 0.000000000 0.000000000 0.825561523 -0.015484120 0.564099610 -0.407589887 0.047967415 0.997931182 -0.042807981 0.413056791 -0.562269747 0.062399022 0.824596345 -2.555913831
54954900 0.500819727 0.890346130 0.500000000 0.500000000 0.000000000 0.000000000 0.824623704 -0.015477371 0.565469921 -0.408128908 0.048263256 0.997905672 -0.043068722 0.418857433 -0.563619018 0.062806904 0.823643684 -2.576209107
54988267 0.500819727 0.890346130 0.500000000 0.500000000 0.000000000 0.000000000 0.823669255 -0.015584730 0.566856325 -0.409254298 0.048705257 0.997872591 -0.043336287 0.424452499 -0.564975023 0.063303649 0.822676063 -2.596457544
55021633 0.500819727 0.890346130 0.500000000 0.500000000 0.000000000 0.000000000 0.822951674 -0.015730860 0.567893505 -0.409464432 0.049301829 0.997822881 -0.043804713 0.431041530 -0.565968037 0.064047351 0.821935594 -2.616054460
55055000 0.500819727 0.890346130 0.500000000 0.500000000 0.000000000 0.000000000 0.822351575 -0.015747080 0.568761766 -0.408764818 0.049675349 0.997786999 -0.044198420 0.436687512 -0.566807091 0.064600080 0.821313918 -2.635786726
55088367 0.500819727 0.890346130 0.500000000 0.500000000 0.000000000 0.000000000 0.821441174 -0.015736086 0.570076108 -0.410309280 0.049887471 0.997770011 -0.044342551 0.441120273 -0.568107069 0.064864457 0.820394397 -2.655852173
55121733 0.500819727 0.890346130 0.500000000 0.500000000 0.000000000 0.000000000 0.820521176 -0.015740367 0.571399391 -0.411972147 0.049805507 0.997787774 -0.044033874 0.443468835 -0.569442213 0.064589560 0.819489956 -2.676065518
55155100 0.500819727 0.890346130 0.500000000 0.500000000 0.000000000 0.000000000 0.819732249 -0.015713466 0.572531343 -0.412950884 0.049606826 0.997814953 -0.043639850 0.445183195 -0.570594609 0.064174458 0.818720579 -2.696520207
55188467 0.500819727 0.890346130 0.500000000 0.500000000 0.000000000 0.000000000 0.818905771 -0.015759099 0.573711574 -0.414090416 0.049794391 0.997804463 -0.043667272 0.447916993 -0.571763754 0.064327002 0.817892551 -2.716206174
55221833 0.500819727 0.890346130 0.500000000 0.500000000 0.000000000 0.000000000 0.817896664 -0.015831387 0.575147271 -0.416441061 0.050530042 0.997735381 -0.044393536 0.452472449 -0.573141992 0.065371543 0.816844463 -2.735939189
55255200 0.500819727 0.890346130 0.500000000 0.500000000 0.000000000 0.000000000 0.816793084 -0.015702454 0.576716959 -0.419822655 0.051237278 0.997653902 -0.045402929 0.457213048 -0.574651003 0.066634208 0.815681398 -2.756070140
55288567 0.500819727 0.890346130 0.500000000 0.500000000 0.000000000 0.000000000 0.815896392 -0.015769588 0.577983081 -0.422023516 0.052077249 0.997569382 -0.046296127 0.461632406 -0.575848162 0.067872614 0.814734459 -2.776651723
55321933 0.500819727 0.890346130 0.500000000 0.500000000 0.000000000 0.000000000 0.815168321 -0.015738906 0.579010248 -0.423547706 0.052606810 0.997511089 -0.046948515 0.465118376 -0.576830208 0.068730824 0.813967407 -2.798493170
55355300 0.500819727 0.890346130 0.500000000 0.500000000 0.000000000 0.000000000 0.814285636 -0.015719144 0.580251455 -0.426140022 0.052668232 0.997510672 -0.046888243 0.465663523 -0.578069985 0.068741247 0.813086510 -2.821961475
55388667 0.500819727 0.890346130 0.500000000 0.500000000 0.000000000 0.000000000 0.813312888 -0.015730433 0.581613839 -0.429663270 0.052528165 0.997537434 -0.046474371 0.465329975 -0.579450548 0.068349309 0.812136352 -2.846177856
55422033 0.500819727 0.890346130 0.500000000 0.500000000 0.000000000 0.000000000 0.812395155 -0.015646396 0.582897305 -0.432535705 0.052403424 0.997554004 -0.046258859 0.466385288 -0.580747783 0.068126291 0.811227977 -2.870355438
55455400 0.500819727 0.890346130 0.500000000 0.500000000 0.000000000 0.000000000 0.811434686 -0.015723694 0.584231555 -0.435218881 0.052992761 0.997499764 -0.046755061 0.470508616 -0.582035661 0.068898723 0.810239136 -2.894137029
55488767 0.500819727 0.890346130 0.500000000 0.500000000 0.000000000 0.000000000 0.810418367 -0.015818359 0.585637987 -0.439240813 0.053943224 0.997403681 -0.047707442 0.476679394 -0.583362818 0.070254184 0.809167564 -2.918371330
55522133 0.500819727 0.890346130 0.500000000 0.500000000 0.000000000 0.000000000 0.809275866 -0.015793128 0.587216496 -0.443653577 0.054667037 0.997325242 -0.048516739 0.482910669 -0.584879577 0.071364813 0.807974577 -2.943197757
55555500 0.500819727 0.890346130 0.500000000 0.500000000 0.000000000 0.000000000 0.808044612 -0.015726283 0.588911355 -0.448171493 0.055209715 0.997265697 -0.049122211 0.489684500 -0.586528599 0.072206564 0.806703389 -2.968282388
55588867 0.500819727 0.890346130 0.500000000 0.500000000 0.000000000 0.000000000 0.806926370 -0.015793070 0.590440869 -0.452130373 0.055637203 0.997230053 -0.049362782 0.495885961 -0.588025808 0.072682612 0.805569947 -2.993565390
55622233 0.500819727 0.890346130 0.500000000 0.500000000 0.000000000 0.000000000 0.805867493 -0.015941540 0.591881275 -0.455976932 0.055839218 0.997228384 -0.049168058 0.500364720 -0.589457035 0.072673127 0.804524124 -3.018626764
55655600 0.500819727 0.890346130 0.500000000 0.500000000 0.000000000 0.000000000 0.804566026 -0.015850665 0.593651593 -0.461321084 0.055694994 0.997251809 -0.048855584 0.503814004 -0.591245770 0.072370969 0.803237736 -3.043747320
55688967 0.500819727 0.890346130 0.500000000 0.500000000 0.000000000 0.000000000 0.803044438 -0.015758703 0.595710695 -0.467527658 0.055862676 0.997239053 -0.048924781 0.508717785 -0.593294978 0.072566770 0.801707625 -3.067094999
55722333 0.500819727 0.890346130 0.500000000 0.500000000 0.000000000 0.000000000 0.801453471 -0.015878040 0.597846329 -0.474060336 0.056593183 0.997175276 -0.049383275 0.514317273 -0.595373452 0.073412426 0.800088167 -3.089943261
55755700 0.500819727 0.890346130 0.500000000 0.500000000 0.000000000 0.000000000 0.800096929 -0.016098695 0.599654734 -0.481019592 0.057631250 0.997078717 -0.050127048 0.521571948 -0.597095966 0.074665345 0.798687398 -3.112642792
55789067 0.500819727 0.890346130 0.500000000 0.500000000 0.000000000 0.000000000 0.798990369 -0.016459187 0.601118505 -0.486019642 0.058597866 0.996999085 -0.050587926 0.527936613 -0.598481953 0.075643532 0.797557175 -3.135733447
55822433 0.500819727 0.890346130 0.500000000 0.500000000 0.000000000 0.000000000 0.797779322 -0.016899848 0.602712631 -0.492327058 0.059260607 0.996965110 -0.050485633 0.532881614 -0.600030243 0.075993508 0.796359658 -3.157911191
55855800 0.500819727 0.890346130 0.500000000 0.500000000 0.000000000 0.000000000 0.796480000 -0.017148243 0.604421675 -0.499110005 0.059173930 0.997010171 -0.049690276 0.533941001 -0.601762474 0.075343318 0.795113385 -3.180124634
55889167 0.500819727 0.890346130 0.500000000 0.500000000 0.000000000 0.000000000 0.795132220 -0.017267574 0.606190205 -0.506051993 0.058734097 0.997088075 -0.048638333 0.534025209 -0.603585184 0.074277937 0.793831050 -3.201764284
55922533 0.500819727 0.890346130 0.500000000 0.500000000 0.000000000 0.000000000 0.793769956 -0.017177535 0.607975483 -0.513831371 0.058665950 0.997102618 -0.048422188 0.536996545 -0.605382144 0.074103534 0.792477846 -3.221660366
55955900 0.500819727 0.890346130 0.500000000 0.500000000 0.000000000 0.000000000 0.792602122 -0.017265277 0.609494686 -0.520175238 0.059543431 0.997013032 -0.049189184 0.544388831 -0.606824875 0.075278856 0.791262686 -3.240314448
55989267 0.500819727 0.890346130 0.500000000 0.500000000 0.000000000 0.000000000 0.791430354 -0.017273145 0.611015260 -0.526556651 0.060629018 0.996889710 -0.050349355 0.553547736 -0.608245075 0.076893263 0.790016055 -3.259274320
56022633 0.500819727 0.890346130 0.500000000 0.500000000 0.000000000 0.000000000 0.790101171 -0.017340377 0.612731099 -0.533490501 0.061293796 0.996824801 -0.050826509 0.559921688 -0.609904230 0.077714697 0.788655341 -3.280074052
56056000 0.500819727 0.890346130 0.500000000 0.500000000 0.000000000 0.000000000 0.788746595 -0.017400783 0.614472151 -0.540546276 0.061059520 0.996873617 -0.050147284 0.561136975 -0.611678421 0.077072874 0.787343144 -3.301755715
56089367 0.500819727 0.890346130 0.500000000 0.500000000 0.000000000 0.000000000 0.787460744 -0.017354790 0.616120398 -0.547122777 0.060659338 0.996933043 -0.049446966 0.561357244 -0.613372624 0.076311000 0.786098361 -3.323275963
56122733 0.500819727 0.890346130 0.500000000 0.500000000 0.000000000 0.000000000 0.786108673 -0.017331503 0.617845237 -0.554450085 0.060389590 0.996977866 -0.048869282 0.561712586 -0.615131080 0.075727992 0.784779608 -3.344761807
56156100 0.500819727 0.890346130 0.500000000 0.500000000 0.000000000 0.000000000 0.784822524 -0.017252404 0.619480431 -0.560789381 0.060706280 0.996945143 -0.049144339 0.565363842 -0.616740108 0.076175936 0.783472300 -3.365947744
56189467 0.500819727 0.890346130 0.500000000 0.500000000 0.000000000 0.000000000 0.783651948 -0.017247794 0.620960653 -0.566658539 0.061474767 0.996860862 -0.049892329 0.570220137 -0.618150830 0.077271633 0.782252312 -3.387003056
56222833 0.500819727 0.890346130 0.500000000 0.500000000 0.000000000 0.000000000 0.782539248 -0.017303424 0.622360706 -0.571533564 0.062617771 0.996732533 -0.051021826 0.576958388 -0.619444370 0.078897424 0.781065881 -3.408053078
56256200 0.500819727 0.890346130 0.500000000 0.500000000 0.000000000 0.000000000 0.781461418 -0.017472215 0.623708904 -0.576058766 0.063293263 0.996671379 -0.051381640 0.579667467 -0.620735049 0.079629339 0.779966116 -3.430767635
56289567 0.500819727 0.890346130 0.500000000 0.500000000 0.000000000 0.000000000 0.780200481 -0.017519742 0.625284135 -0.581585759 0.063200302 0.996700406 -0.050931998 0.578818623 -0.622328639 0.079255320 0.778733373 -3.454590709
56322933 0.500819727 0.890346130 0.500000000 0.500000000 0.000000000 0.000000000 0.778983891 -0.017481282 0.626800179 -0.586655045 0.063074008 0.996725798 -0.050589632 0.578300656 -0.623863518 0.078943312 0.777535975 -3.478774636
56356300 0.500819727 0.890346130 0.500000000 0.500000000 0.000000000 0.000000000 0.777924418 -0.017534334 0.628113151 -0.591186910 0.063188873 0.996726334 -0.050435554 0.578360345 -0.625172555 0.078924812 0.776485741 -3.503395735
56389667 0.500819727 0.890346130 0.500000000 0.500000000 0.000000000 0.000000000 0.776836574 -0.017631827 0.629455328 -0.595582589 0.063491650 0.996706963 -0.050438639 0.579872729 -0.626493216 0.079147741 0.775397897 -3.528104010
56423033 0.500819727 0.890346130 0.500000000 0.500000000 0.000000000 0.000000000 0.776065767 -0.017871713 0.630398691 -0.597071583 0.063897833 0.996682584 -0.050406989 0.582504288 -0.627406538 0.079400249 0.774633229 -3.553958961
56456400 0.500819727 0.890346130 0.500000000 0.500000000 0.000000000 0.000000000 0.775420249 -0.017944867 0.631190479 -0.597403581 0.064086035 0.996671140 -0.050394423 0.585619145 -0.628184974 0.079527348 0.773989022 -3.580180823
56489767 0.500819727 0.890346130 0.500000000 0.500000000 0.000000000 0.000000000 0.774631202 -0.017894166 0.632160008 -0.598365700 0.064118415 0.996670961 -0.050356764 0.587897689 -0.629154444 0.079541020 0.773199797 -3.605894154
56523133 0.500819727 0.890346130 0.500000000 0.500000000 0.000000000 0.000000000 0.773789227 -0.017827123 0.633192241 -0.599348450 0.064541623 0.996620476 -0.050813541 0.593745761 -0.630146503 0.080186225 0.772324800 -3.631660218
56556500 0.500819727 0.890346130 0.500000000 0.500000000 0.000000000 0.000000000 0.772878408 -0.017665420 0.634308219 -0.600535247 0.064979911 0.996560812 -0.051421225 0.600244913 -0.631218314 0.080959648 0.771368206 -3.657233587
56589867 0.500819727 0.890346130 0.500000000 0.500000000 0.000000000 0.000000000 0.772076786 -0.017338401 0.635292709 -0.600995580 0.065187670 0.996515870 -0.052026246 0.606054260 -0.632177234 0.081581511 0.770516992 -3.682554525
56623233 0.500819727 0.890346130 0.500000000 0.500000000 0.000000000 0.000000000 0.771088660 -0.017281430 0.636493206 -0.603540969 0.065587945 0.996469855 -0.052402288 0.610858400 -0.633340716 0.082153097 0.769500077 -3.707391664
56656600 0.500819727 0.890346130 0.500000000 0.500000000 0.000000000 0.000000000 0.770189047 -0.017467245 0.637576401 -0.604966881 0.066421978 0.996386230 -0.052940100 0.617845242 -0.634347618 0.083122976 0.768565953 -3.731449487
56689967 0.500819727 0.890346130 0.500000000 0.500000000 0.000000000 0.000000000 0.769588113 -0.017720513 0.638294697 -0.604303109 0.067308098 0.996297181 -0.053493496 0.624979166 -0.634983301 0.084130362 0.767931163 -3.755539577
56723333 0.500819727 0.890346130 0.500000000 0.500000000 0.000000000 0.000000000 0.768766463 -0.017830048 0.639280975 -0.605909272 0.067500003 0.996290028 -0.053384725 0.628203109 -0.635957420 0.084191851 0.767117918 -3.779478705
56756700 0.500819727 0.890346130 0.500000000 0.500000000 0.000000000 0.000000000 0.767750204 -0.017920850 0.640498579 -0.608838578 0.067252137 0.996341348 -0.052736353 0.628583271 -0.637210131 0.083563246 0.766146481 -3.802823932
56790067 0.500819727 0.890346130 0.500000000 0.500000000 0.000000000 0.000000000 0.766929924 -0.017867617 0.641482055 -0.611002726 0.066629775 0.996426761 -0.051905729 0.627113344 -0.638262451 0.082549863 0.765380025 -3.825343834
56823433 0.500819727 0.890346130 0.500000000 0.500000000 0.000000000 0.000000000 0.766165853 -0.017718513 0.642398596 -0.613662469 0.066375114 0.996455550 -0.051679179 0.627449848 -0.639205992 0.082234107 0.764626265 -3.846313940
56856800 0.500819727 0.890346130 0.500000000 0.500000000 0.000000000 0.000000000 0.765555263 -0.017709535 0.643126309 -0.615281185 0.066965453 0.996384859 -0.052276265 0.632454717 -0.639875591 0.083087616 0.763973653 -3.866519092
56890167 0.500819727 0.890346130 0.500000000 0.500000000 0.000000000 0.000000000 0.764990211 -0.017773120 0.643796623 -0.616614621 0.067844294 0.996281207 -0.053111788 0.639367840 -0.640458584 0.084307924 0.763351142 -3.885611269
56923533 0.500819727 0.890346130 0.500000000 0.500000000 0.000000000 0.000000000 0.764388561 -0.017884776 0.644507766 -0.618342251 0.068738937 0.996178567 -0.053881165 0.645949421 -0.641081154 0.085488923 0.762696922 -3.904940704
56956900 0.500819727 0.890346130 0.500000000 0.500000000 0.000000000 0.000000000 0.763917208 -0.017982649 0.645063698 -0.619611955 0.069010973 0.996155739 -0.053956144 0.648627736 -0.641613603 0.085734494 0.762221456 -3.925406868
56990267 0.500819727 0.890346130 0.500000000 0.500000000 0.000000000 0.000000000 0.763516128 -0.018018644 0.645537376 -0.620113694 0.068737224 0.996199608 -0.053493127 0.647532630 -0.642120183 0.085215315 0.761852980 -3.946164342
57023633 0.500819727 0.890346130 0.500000000 0.500000000 0.000000000 0.000000000 0.762911201 -0.018013829 0.646252215 -0.621924780 0.068440706 0.996245027 -0.053025730 0.645198590 -0.642870367 0.084683888 0.761279404 -3.967053076
57057000 0.500819727 0.890346130 0.500000000 0.500000000 0.000000000 0.000000000 0.762312055 -0.017928151 0.646961272 -0.624131660 0.068456665 0.996242344 -0.053055044 0.645619457 -0.643579066 0.084733315 0.760674894 -3.987123233
57090367 0.500819727 0.890346130 0.500000000 0.500000000 0.000000000 0.000000000 0.761677265 -0.017862907 0.647710323 -0.626937647 0.068717405 0.996209502 -0.053334467 0.646247124 -0.644302487 0.085132621 0.760017574 -4.007458632
57123733 0.500819727 0.890346130 0.500000000 0.500000000 0.000000000 0.000000000 0.761253357 -0.017893072 0.648207605 -0.628030639 0.069418199 0.996123552 -0.054027639 0.649323899 -0.644728184 0.086126126 0.759544551 -4.027877030
57157100 0.500819727 0.890346130 0.500000000 0.500000000 0.000000000 0.000000000 0.761091590 -0.018036235 0.648393631 -0.627424093 0.070243493 0.996026456 -0.054746322 0.651758531 -0.644829810 0.087212399 0.759334266 -4.049301667
57190467 0.500819727 0.890346130 0.500000000 0.500000000 0.000000000 0.000000000 0.761027277 -0.018213637 0.648464203 -0.625553276 0.070736915 0.995975256 -0.055041414 0.652630708 -0.644851804 0.087758370 0.759252667 -4.072177269
57223833 0.500819727 0.890346130 0.500000000 0.500000000 0.000000000 0.000000000 0.760712981 -0.018235818 0.648832202 -0.625517959 0.070718832 0.995983243 -0.054920457 0.650104611 -0.645224512 0.087663360 0.758946955 -4.095423006
57257200 0.500819727 0.890346130 0.500000000 0.500000000 0.000000000 0.000000000 0.760365367 -0.018185398 0.649240911 -0.626160397 0.070718765 0.995982945 -0.054925300 0.646926938 -0.645634055 0.087676808 0.758597016 -4.118824477
57290567 0.500819727 0.890346130 0.500000000 0.500000000 0.000000000 0.000000000 0.759990394 -0.018046604 0.649683714 -0.627369513 0.070967354 0.995941699 -0.055351775 0.646028610 -0.646048129 0.088173151 0.758186817 -4.142217634
57323933 0.500819727 0.890346130 0.500000000 0.500000000 0.000000000 0.000000000 0.759592295 -0.018017387 0.650149882 -0.628532838 0.071557060 0.995862961 -0.056004532 0.646122069 -0.646451175 0.089063428 0.757739127 -4.166123537
57357300 0.500819727 0.890346130 0.500000000 0.500000000 0.000000000 0.000000000 0.759356439 -0.018102683 0.650422990 -0.628997716 0.072435901 0.995751321 -0.056853611 0.648368107 -0.646630347 0.090286128 0.757441461 -4.190215061
57390667 0.500819727 0.890346130 0.500000000 0.500000000 0.000000000 0.000000000 0.759166539 -0.018113354 0.650644302 -0.628698545 0.072930261 0.995685279 -0.057375457 0.649821033 -0.646797717 0.091009192 0.757211983 -4.215160637
57424033 0.500819727 0.890346130 0.500000000 0.500000000 0.000000000 0.000000000 0.758786261 -0.018070173 0.651088953 -0.630618915 0.073013999 0.995674431 -0.057457607 0.648476222 -0.647234380 0.091136657 0.756823480 -4.239782992
57457400 0.500819727 0.890346130 0.500000000 0.500000000 0.000000000 0.000000000 0.758561075 -0.018069398 0.651351392 -0.631017734 0.073305473 0.995636046 -0.057750903 0.648269704 -0.647465408 0.091555208 0.756575286 -4.265080061
57490767 0.500819727 0.890346130 0.500000000 0.500000000 0.000000000 0.000000000 0.758454382 -0.018234890 0.651470959 -0.630577385 0.074081160 0.995541871 -0.058381088 0.651383309 -0.647502065 0.092541121 0.756424010 -4.290182229
57524133 0.500819727 0.890346130 0.500000000 0.500000000 0.000000000 0.000000000 0.758451223 -0.018178726 0.651476204 -0.629710289 0.074576102 0.995465815 -0.059044421 0.654235824 -0.647448957 0.093366869 0.756367981 -4.315613275
57557500 0.500819727 0.890346130 0.500000000 0.500000000 0.000000000 0.000000000 0.758243620 -0.018168507 0.651718080 -0.629580925 0.074866876 0.995425582 -0.059353787 0.655734710 -0.647658527 0.093796730 0.756135345 -4.341442531
57590867 0.500819727 0.890346130 0.500000000 0.500000000 0.000000000 0.000000000 0.757811606 -0.018105000 0.652222157 -0.631448104 0.075083137 0.995394111 -0.059607394 0.656472290 -0.648138940 0.094142064 0.755680621 -4.366001486
57624233 0.500819727 0.890346130 0.500000000 0.500000000 0.000000000 0.000000000 0.757429421 -0.017965365 0.652669787 -0.633492105 0.075379916 0.995343208 -0.060081322 0.657291906 -0.648551106 0.094705559 0.755256474 -4.390020383
57657600 0.500819727 0.890346130 0.500000000 0.500000000 0.000000000 0.000000000 0.757273257 -0.018047631 0.652848721 -0.634172599 0.076057248 0.995253563 -0.060709547 0.660052091 -0.648654342 0.095627598 0.755051553 -4.413693870
57690967 0.500819727 0.890346130 0.500000000 0.500000000 0.000000000 0.000000000 0.757259130 -0.018031044 0.652865589 -0.633905586 0.076363683 0.995206892 -0.061088342 0.661212019 -0.648634851 0.096114926 0.755006433 -4.436651356
57724333 0.500819727 0.890346130 0.500000000 0.500000000 0.000000000 0.000000000 0.757143438 -0.018062972 0.652998924 -0.634597645 0.076584965 0.995178699 -0.061271030 0.661555807 -0.648743868 0.096400857 0.754876316 -4.458206762
57757700 0.500819727 0.890346130 0.500000000 0.500000000 0.000000000 0.000000000 0.757091105 -0.018316839 0.653052509 -0.634605114 0.077156492 0.995118082 -0.061537284 0.662803590 -0.648737192 0.096976571 0.754808307 -4.479570702
57791067 0.500819727 0.890346130 0.500000000 0.500000000 0.000000000 0.000000000 0.757185996 -0.018729588 0.652930737 -0.633554185 0.077888347 0.995045960 -0.061781693 0.664321326 -0.648538947 0.097635932 0.754893661 -4.500644976
57824433 0.500819727 0.890346130 0.500000000 0.500000000 0.000000000 0.000000000 0.757098258 -0.019021314 0.653024077 -0.633602108 0.078345619 0.995005846 -0.061849199 0.664739830 -0.648586333 0.097987495 0.754807413 -4.520986048
57857800 0.500819727 0.890346130 0.500000000 0.500000000 0.000000000 0.000000000 0.756983340 -0.019035295 0.653156817 -0.633690291 0.078561731 0.994976103 -0.062052872 0.666185061 -0.648694277 0.098286122 0.754675806 -4.541153841
57891167 0.500819727 0.890346130 0.500000000 0.500000000 0.000000000 0.000000000 0.757017732 -0.019097717 0.653115153 -0.632885528 0.078702413 0.994960248 -0.062129404 0.665954549 -0.648637116 0.098434798 0.754705608 -4.560769011
57924533 0.500819727 0.890346130 0.500000000 0.500000000 0.000000000 0.000000000 0.756951809 -0.018950032 0.653195918 -0.632092465 0.078926839 0.994912922 -0.062600173 0.668337024 -0.648686767 0.098940000 0.754596770 -4.580655814
57957900 0.500819727 0.890346130 0.500000000 0.500000000 0.000000000 0.000000000 0.756848931 -0.018590106 0.653325379 -0.631528894 0.079050153 0.994860947 -0.063267790 0.671315276 -0.648791730 0.099529631 0.754428983 -4.599647108
57991267 0.500819727 0.890346130 0.500000000 0.500000000 0.000000000 0.000000000 0.756764650 -0.018207842 0.653433800 -0.630768897 0.079070181 0.994821906 -0.063853383 0.673532385 -0.648887634 0.099989109 0.754285753 -4.618804007
58024633 0.500819727 0.890346130 0.500000000 0.500000000 0.000000000 0.000000000 0.756681859 -0.018227652 0.653529108 -0.629731346 0.079255171 0.994796574 -0.064018793 0.674524389 -0.648961604 0.100237422 0.754189134 -4.638735544
58058000 0.500819727 0.890346130 0.500000000 0.500000000 0.000000000 0.000000000 0.756651700 -0.018355034 0.653560460 -0.628207207 0.079528928 0.994767189 -0.064135939 0.675772485 -0.648963273 0.100505531 0.754152060 -4.658290422
58091367 0.500819727 0.890346130 0.500000000 0.500000000 0.000000000 0.000000000 0.756691337 -0.018363962 0.653514326 -0.625278042 0.079538934 0.994765878 -0.064143322 0.674980741 -0.648915887 0.100516528 0.754191399 -4.678526191
58124733 0.500819727 0.890346130 0.500000000 0.500000000 0.000000000 0.000000000 0.756626248 -0.018378688 0.653589308 -0.622935086 0.079513378 0.994772315 -0.064075857 0.674209044 -0.648994923 0.100450568 0.754132152 -4.698283541
58158100 0.500819727 0.890346130 0.500000000 0.500000000 0.000000000 0.000000000 0.756495059 -0.018331580 0.653742433 -0.620358026 0.079368390 0.994792104 -0.063948244 0.672911587 -0.649165511 0.100263014 0.754010260 -4.718301078
58191467 0.500819727 0.890346130 0.500000000 0.500000000 0.000000000 0.000000000 0.756356061 -0.018445201 0.653900027 -0.617683174 0.079569586 0.994774222 -0.063976340 0.672520127 -0.649302840 0.100419447 0.753871202 -4.738300665
58224833 0.500819727 0.890346130 0.500000000 0.500000000 0.000000000 0.000000000 0.756347775 -0.018490627 0.653908312 -0.613534329 0.080077037 0.994700015 -0.064494461 0.674622216 -0.649250090 0.101143286 0.753819823 -4.758920640
58258200 0.500819727 0.890346130 0.500000000 0.500000000 0.000000000 0.000000000 0.756388366 -0.018513130 0.653860748 -0.609036964 0.080398761 0.994651377 -0.064843431 0.675188894 -0.649163067 0.101616412 0.753831148 -4.780738861
58291567 0.500819727 0.890346130 0.500000000 0.500000000 0.000000000 0.000000000 0.756640494 -0.018681470 0.653564155 -0.602238380 0.080638967 0.994626522 -0.064926483 0.675254181 -0.648839355 0.101828746 0.754081190 -4.803561574
58324933 0.500819727 0.890346130 0.500000000 0.500000000 0.000000000 0.000000000 0.757141232 -0.018788306 0.652980983 -0.593051113 0.080769621 0.994608760 -0.065035574 0.674725636 -0.648238719 0.101982139 0.754576802 -4.826993146
58358300 0.500819727 0.890346130 0.500000000 0.500000000 0.000000000 0.000000000 0.757730722 -0.018703695 0.652299225 -0.582290123 0.081059583 0.994545221 -0.065644205 0.676607718 -0.647513330 0.102615736 0.755113602 -4.850469726
58391667 0.500819727 0.890346130 0.500000000 0.500000000 0.000000000 0.000000000 0.758392632 -0.018754011 0.651528180 -0.570341545 0.081550166 0.994461536 -0.066300891 0.679872331 -0.646676302 0.103414334 0.755721688 -4.874628493
58425033 0.500819727 0.890346130 0.500000000 0.500000000 0.000000000 0.000000000 0.759387195 -0.018817643 0.650366843 -0.555232498 0.081769526 0.994416595 -0.066704124 0.681923667 -0.645480335 0.103834443 0.756685913 -4.899184485
58458400 0.500819727 0.890346130 0.500000000 0.500000000 0.000000000 0.000000000 0.760319531 -0.018905684 0.649274051 -0.539871016 0.081778310 0.994408786 -0.066809483 0.682967721 -0.644380748 0.103893086 0.757614493 -4.923980397
58491767 0.500819727 0.890346130 0.500000000 0.500000000 0.000000000 0.000000000 0.761280000 -0.018911349 0.648147464 -0.524481570 0.081418775 0.994451344 -0.066614568 0.681563528 -0.643291354 0.103483714 0.758595645 -4.948544028
58525133 0.500819727 0.890346130 0.500000000 0.500000000 0.000000000 0.000000000 0.762469292 -0.018948631 0.646746874 -0.507263581 0.081285402 0.994456947 -0.066693835 0.681789384 -0.641898155 0.103423081 0.759783149 -4.972778327
58558500 0.500819727 0.890346130 0.500000000 0.500000000 0.000000000 0.000000000 0.763849974 -0.019035311 0.645113051 -0.488794036 0.081551835 0.994399667 -0.067220248 0.685620470 -0.640220642 0.103956342 0.761124551 -4.996516320
58591867 0.500819727 0.890346130 0.500000000 0.500000000 0.000000000 0.000000000 0.765452683 -0.019026745 0.643210828 -0.468970386 0.081540562 0.994373322 -0.067622855 0.688806213 -0.638305068 0.104209870 0.762697160 -5.019946294
58625233 0.500819727 0.890346130 0.500000000 0.500000000 0.000000000 0.000000000 0.767284155 -0.019009244 0.641025484 -0.447292600 0.081145555 0.994404495 -0.067639776 0.689641896 -0.636152804 0.103915296 0.764533341 -5.043375624
58658600 0.500819727 0.890346130 0.500000000 0.500000000 0.000000000 0.000000000 0.769361496 -0.018929295 0.638533115 -0.423886221 0.080524705 0.994461536 -0.067542538 0.689299330 -0.633718133 0.103382319 0.766624689 -5.066262133
58691967 0.500819727 0.890346130 0.500000000 0.500000000 0.000000000 0.000000000 0.771541595 -0.018965648 0.635896087 -0.399845910 0.080346890 0.994456649 -0.067826264 0.691951985 -0.631084681 0.103423059 0.768788517 -5.088109432
58725333 0.500819727 0.890346130 0.500000000 0.500000000 0.000000000 0.000000000 0.774052918 -0.018910654 0.632838428 -0.373758864 0.080139033 0.994440615 -0.068305477 0.694822809 -0.628028512 0.103587113 0.771265149 -5.109601902
58758700 0.500819727 0.890346130 0.500000000 0.500000000 0.000000000 0.000000000 0.776841879 -0.018819489 0.629414439 -0.345286861 0.079686888 0.994455457 -0.068617702 0.696108324 -0.624633253 0.103461184 0.774034321 -5.131019222
58792067 0.500819727 0.890346130 0.500000000 0.500000000 0.000000000 0.000000000 0.779547930 -0.018681150 0.626063943 -0.317658113 0.079109035 0.994486988 -0.068828627 0.696887801 -0.621326625 0.103182524 0.776728094 -5.151631357
58825433 0.500819727 0.890346130 0.500000000 0.500000000 0.000000000 0.000000000 0.782318056 -0.018530419 0.622603476 -0.289664747 0.078517713 0.994517803 -0.069059990 0.697222730 -0.617910564 0.102912284 0.779484212 -5.171640991
58858800 0.500819727 0.890346130 0.500000000 0.500000000 0.000000000 0.000000000 0.784998059 -0.018368160 0.619225800 -0.262905749 0.078125305 0.994515300 -0.069539726 0.699278864 -0.614552259 0.102965757 0.782127619 -5.190704264
58892167 0.500819727 0.890346130 0.500000000 0.500000000 0.000000000 0.000000000 0.787773609 -0.018165914 0.615696967 -0.235911086 0.077690914 0.994512677 -0.070061445 0.701437887 -0.611045718 0.103026614 0.784862220 -5.209578537
58925533 0.500819727 0.890346130 0.500000000 0.500000000 0.000000000 0.000000000 0.790792048 -0.018045139 0.611818910 -0.206876016 0.077212356 0.994521379 -0.070466347 0.702707918 -0.607195377 0.102964200 0.787852883 -5.228855517
58958900 0.500819727 0.890346130 0.500000000 0.500000000 0.000000000 0.000000000 0.793727040 -0.017823843 0.608012915 -0.178940014 0.076620810 0.994538486 -0.070869394 0.703351185 -0.603429079 0.102837399 0.790757716 -5.248301025
58992267 0.500819727 0.890346130 0.500000000 0.500000000 0.000000000 0.000000000 0.796699047 -0.017600320 0.604119897 -0.150778181 0.075976186 0.994562864 -0.071220182 0.703375461 -0.599581718 0.102639772 0.793704510 -5.268082084
59025633 0.500819727 0.890346130 0.500000000 0.500000000 0.000000000 0.000000000 0.799564481 -0.017335588 0.600330055 -0.123801467 0.075156294 0.994613886 -0.071377546 0.701686991 -0.595859230 0.102189526 0.796560824 -5.288039649
59059000 0.500819727 0.890346130 0.500000000 0.500000000 0.000000000 0.000000000 0.802393794 -0.017075351 0.596550643 -0.097338537 0.074462645 0.994643867 -0.071686238 0.700743721 -0.592131317 0.101941332 0.799367547 -5.307597725
59092367 0.500819727 0.890346130 0.500000000 0.500000000 0.000000000 0.000000000 0.805201530 -0.016824003 0.592762589 -0.071427070 0.074017100 0.994631648 -0.072313942 0.701980581 -0.588363826 0.102101862 0.802124202 -5.326790164
59125733 0.500819727 0.890346130 0.500000000 0.500000000 0.000000000 0.000000000 0.808022439 -0.016543575 0.588919342 -0.045891855 0.073492907 0.994628131 -0.072894894 0.702790013 -0.584549844 0.102182105 0.804897726 -5.345943674
59159100 0.500819727 0.890346130 0.500000000 0.500000000 0.000000000 0.000000000 0.811106920 -0.016260346 0.584671855 -0.018164548 0.072758660 0.994654238 -0.073274665 0.701713734 -0.580354869 0.101973526 0.807953954 -5.365259655
59192467 0.500819727 0.890346130 0.500000000 0.500000000 0.000000000 0.000000000 0.814256907 -0.015825270 0.580288887 0.009884070 0.071914315 0.994678020 -0.073783390 0.700594846 -0.576032996 0.101809718 0.811061502 -5.384793313
59225833 0.500819727 0.890346130 0.500000000 0.500000000 0.000000000 0.000000000 0.817514122 -0.015594849 0.575697422 0.039126232 0.071316727 0.994680464 -0.074328177 0.700807357 -0.571475804 0.101821192 0.814277470 -5.404587559
59259200 0.500819727 0.890346130 0.500000000 0.500000000 0.000000000 0.000000000 0.820761681 -0.015272000 0.571066618 0.068447458 0.070587046 0.994693398 -0.074849740 0.700834139 -0.566893101 0.101743698 0.817484200 -5.424849026
59292567 0.500819727 0.890346130 0.500000000 0.500000000 0.000000000 0.000000000 0.823825598 -0.014925119 0.566646814 0.095815197 0.069832608 0.994710624 -0.075326845 0.700724502 -0.562525332 0.101626605 0.820510387 -5.445466672
59325933 0.500819727 0.890346130 0.500000000 0.500000000 0.000000000 0.000000000 0.826917470 -0.014567726 0.562134564 0.123453319 0.069146015 0.994712174 -0.075937964 0.701993100 -0.558055818 0.101663798 0.823552132 -5.466209204
59359300 0.500819727 0.890346130 0.500000000 0.500000000 0.000000000 0.000000000 0.830152094 -0.014306183 0.557353437 0.152186318 0.068595454 0.994696617 -0.076637812 0.704780883 -0.553301156 0.101852953 0.826730788 -5.486910543
59392667 0.500819727 0.890346130 0.500000000 0.500000000 0.000000000 0.000000000 0.833410203 -0.014022088 0.552476943 0.181188017 0.067944221 0.994694114 -0.077247962 0.707127559 -0.548462391 0.101916857 0.829940975 -5.507674164
59426033 0.500819727 0.890346130 0.500000000 0.500000000 0.000000000 0.000000000 0.836826444 -0.013869572 0.547292531 0.212404158 0.067305423 0.994701982 -0.077704087 0.709560444 -0.543315291 0.101860590 0.833326399 -5.528573719
59459400 0.500819727 0.890346130 0.500000000 0.500000000 0.000000000 0.000000000 0.840291321 -0.013702242 0.541961968 0.244375805 0.066641115 0.994709790 -0.078175589 0.712204378 -0.538023710 0.101807222 0.836759090 -5.549221795
59492767 0.500819727 0.890346130 0.500000000 0.500000000 0.000000000 0.000000000 0.843706071 -0.013419256 0.536637664 0.276659246 0.066026650 0.994690835 -0.078934222 0.716891231 -0.532729328 0.102029674 0.840112746 -5.568926503
59526133 0.500819727 0.890346130 0.500000000 0.500000000 0.000000000 0.000000000 0.847083747 -0.012810802 0.531305015 0.308942071 0.064990580 0.994703352 -0.079633199 0.719974261 -0.527470708 0.101985805 0.843429625 -5.588581577
59559500 0.500819727 0.890346130 0.500000000 0.500000000 0.000000000 0.000000000 0.850228846 -0.012290041 0.526269734 0.338648182 0.063909061 0.994742453 -0.080019616 0.721405757 -0.522519350 0.101668388 0.846544147 -5.607737811
59592867 0.500819727 0.890346130 0.500000000 0.500000000 0.000000000 0.000000000 0.853633165 -0.012082641 0.520734489 0.371009893 0.063162766 0.994754553 -0.080460519 0.724404032 -0.517030835 0.101574801 0.849918664 -5.625838461
59626233 0.500819727 0.890346130 0.500000000 0.500000000 0.000000000 0.000000000 0.857384324 -0.011848024 0.514540255 0.407722648 0.062400237 0.994752944 -0.081072621 0.728203849 -0.510879934 0.101617828 0.853624940 -5.642850818
59659600 0.500819727 0.890346130 0.500000000 0.500000000 0.000000000 0.000000000 0.860895514 -0.011645673 0.508648455 0.442589134 0.061791040 0.994730830 -0.081807621 0.733309582 -0.505015612 0.101857729 0.857078910 -5.659468097
59692967 0.500819727 0.890346130 0.500000000 0.500000000 0.000000000 0.000000000 0.864214182 -0.011610081 0.502990127 0.475887910 0.061279010 0.994719684 -0.082326487 0.737961910 -0.499378383 0.101970449 0.860362291 -5.675279197
59726333 0.500819727 0.890346130 0.500000000 0.500000000 0.000000000 0.000000000 0.867662787 -0.011829428 0.497012407 0.511404963 0.060711652 0.994755685 -0.082311526 0.739934413 -0.493432224 0.101593092 0.863830686 -5.690575073
59759700 0.500819727 0.890346130 0.500000000 0.500000000 0.000000000 0.000000000 0.871269345 -0.011652898 0.490666837 0.549500677 0.059476998 0.994857192 -0.081985399 0.738155555 -0.487188071 0.100614756 0.867481649 -5.704422132
59793067 0.500819727 0.890346130 0.500000000 0.500000000 0.000000000 0.000000000 0.874818027 -0.011541774 0.484314114 0.588084851 0.058421247 0.994933724 -0.081816033 0.737660084 -0.480916142 0.099868372 0.871060252 -5.717306291
59826433 0.500819727 0.890346130 0.500000000 0.500000000 0.000000000 0.000000000 0.878159821 -0.011453634 0.478230178 0.624991876 0.057923995 0.994903326 -0.082536124 0.742772591 -0.474847466 0.100180909 0.874347568 -5.727972792
59859800 0.500819727 0.890346130 0.500000000 0.500000000 0.000000000 0.000000000 0.881400287 -0.011278561 0.472235441 0.661461759 0.057465423 0.994849861 -0.083495565 0.748911444 -0.468861639 0.100730225 0.877509058 -5.737347282
59893167 0.500819727 0.890346130 0.500000000 0.500000000 0.000000000 0.000000000 0.884696186 -0.011127175 0.466035247 0.699577613 0.057054896 0.994783700 -0.084558234 0.755796160 -0.462663352 0.101397939 0.880716205 -5.745602301
59926533 0.500819727 0.890346130 0.500000000 0.500000000 0.000000000 0.000000000 0.887992382 -0.010908728 0.459728807 0.738711666 0.056293808 0.994778335 -0.085129991 0.758957096 -0.456399560 0.101474665 0.883969665 -5.753612648
59959900 0.500819727 0.890346130 0.500000000 0.500000000 0.000000000 0.000000000 0.891068697 -0.010654368 0.453743368 0.775483278 0.055112027 0.994866729 -0.084869392 0.756080753 -0.450509936 0.100631177 0.887081802 -5.762098915
59993267 0.500819727 0.890346130 0.500000000 0.500000000 0.000000000 0.000000000 0.894088507 -0.010416409 0.447769165 0.811955793 0.053983677 0.994947553 -0.084647201 0.753408178 -0.444625109 0.099854320 0.890133500 -5.770320667
60026633 0.500819727 0.890346130 0.500000000 0.500000000 0.000000000 0.000000000 0.897196054 -0.010181963 0.441515118 0.850035184 0.052992079 0.994993091 -0.084738433 0.752676773 -0.438441694 0.099423788 0.893243432 -5.777503388
60060000 0.500819727 0.890346130 0.500000000 0.500000000 0.000000000 0.000000000 0.900282562 -0.009861041 0.435194314 0.888687428 0.052043580 0.995010912 -0.085116193 0.753246217 -0.432183772 0.099277690 0.896304131 -5.784425158
60093367 0.500819727 0.890346130 0.500000000 0.500000000 0.000000000 0.000000000 0.903253615 -0.009408018 0.429004014 0.926414789 0.051053364 0.995014608 -0.085670575 0.754003699 -0.426059276 0.099284351 0.899230838 -5.790942186
60126733 0.500819727 0.890346130 0.500000000 0.500000000 0.000000000 0.000000000 0.906126320 -0.008989680 0.422911614 0.963446501 0.050087873 0.995020807 -0.086167000 0.754822607 -0.420031250 0.099260934 0.902064860 -5.797099814
60160100 0.500819727 0.890346130 0.500000000 0.500000000 0.000000000 0.000000000 0.909162521 -0.008805799 0.416348428 1.003626804 0.049072810 0.995076120 -0.086112291 0.752617055 -0.413540095 0.098721452 0.905118048 -5.802776118
60193467 0.500819727 0.890346130 0.500000000 0.500000000 0.000000000 0.000000000 0.912289143 -0.008869081 0.409450710 1.045800160 0.048239700 0.995132923 -0.085926443 0.750473382 -0.406695783 0.098141536 0.908276796 -5.807918765
60226833 0.500819727 0.890346130 0.500000000 0.500000000 0.000000000 0.000000000 0.915363669 -0.008746053 0.402533084 1.088378494 0.047305711 0.995175660 -0.085950874 0.748606020 -0.399839401 0.097718418 0.911361396 -5.812724984
60260200 0.500819727 0.890346130 0.500000000 0.500000000 0.000000000 0.000000000 0.918429852 -0.008487632 0.395492792 1.131545104 0.046344168 0.995193779 -0.086264610 0.748096217 -0.392859757 0.097556785 0.914409041 -5.817400258
60293567 0.500819727 0.890346130 0.500000000 0.500000000 0.000000000 0.000000000 0.921500444 -0.008084800 0.388293147 1.175507725 0.045188654 0.995224714 -0.086520135 0.746410114 -0.385739446 0.097274788 0.917465389 -5.821916887
60326933 0.500819727 0.890346130 0.500000000 0.500000000 0.000000000 0.000000000 0.924611747 -0.007845568 0.380830050 1.220827086 0.044138476 0.995259702 -0.086659588 0.744886889 -0.378344893 0.096935734 0.920575142 -5.826831531
60360300 0.500819727 0.890346130 0.500000000 0.500000000 0.000000000 0.000000000 0.927906036 -0.007707274 0.372734457 1.270277286 0.043034654 0.995317400 -0.086552054 0.742267371 -0.370322019 0.096352674 0.923892736 -5.831203599
60393667 0.500819727 0.890346130 0.500000000 0.500000000 0.000000000 0.000000000 0.931255698 -0.007443558 0.364290327 1.322444999 0.041651800 0.995412230 -0.086137526 0.737308387 -0.361977875 0.095389403 0.927293301 -5.835367884
60427033 0.500819727 0.890346130 0.500000000 0.500000000 0.000000000 0.000000000 0.934510171 -0.007138781 0.355864912 1.374441569 0.040284172 0.995496154 -0.085817225 0.733294685 -0.353649497 0.094532788 0.930588841 -5.839575533
60460400 0.500819727 0.890346130 0.500000000 0.500000000 0.000000000 0.000000000 0.937783837 -0.006891639 0.347151279 1.428598475 0.039310824 0.995481968 -0.086430781 0.735535017 -0.344987184 0.094700187 0.933817804 -5.842278866
60493767 0.500819727 0.890346130 0.500000000 0.500000000 0.000000000 0.000000000 0.941118717 -0.006606893 0.338011771 1.485524536 0.038380794 0.995433152 -0.087405719 0.740080679 -0.335890651 0.095232315 0.937074304 -5.844270838
60527133 0.500819727 0.890346130 0.500000000 0.500000000 0.000000000 0.000000000 0.944452047 -0.006454647 0.328585804 1.544686436 0.037423376 0.995416164 -0.088012092 0.742968197 -0.326511532 0.095419995 0.940364420 -5.845641637
60560500 0.500819727 0.890346130 0.500000000 0.500000000 0.000000000 0.000000000 0.947703719 -0.006342303 0.319088370 1.604321226 0.036377616 0.995433211 -0.088257261 0.744416411 -0.317071408 0.095249407 0.943606496 -5.846707356
60593867 0.500819727 0.890346130 0.500000000 0.500000000 0.000000000 0.000000000 0.950933218 -0.006113478 0.309335828 1.665845124 0.035048593 0.995497584 -0.088069074 0.742642350 -0.307404667 0.094589591 0.946865976 -5.847051118
60627233 0.500819727 0.890346130 0.500000000 0.500000000 0.000000000 0.000000000 0.954081059 -0.005778272 0.299492806 1.728068077 0.033713739 0.995532691 -0.088193052 0.742435757 -0.297645271 0.094240338 0.950013697 -5.846329979
60660600 0.500819727 0.890346130 0.500000000 0.500000000 0.000000000 0.000000000 0.957132578 -0.005336048 0.289600939 1.790574692 0.032456737 0.995509207 -0.088926911 0.745736816 -0.287825882 0.094514348 0.953007519 -5.844117710
60693967 0.500819727 0.890346130 0.500000000 0.500000000 0.000000000 0.000000000 0.960089266 -0.004809278 0.279652476 1.853286580 0.031086370 0.995492160 -0.089604400 0.748344982 -0.277960926 0.094721600 0.955910861 -5.840792125
60727333 0.500819727 0.890346130 0.500000000 0.500000000 0.000000000 0.000000000 0.963023067 -0.004378521 0.269383311 1.918111907 0.029671596 0.995509386 -0.089892633 0.748964137 -0.267780006 0.094561711 0.958828449 -5.835681445
60760700 0.500819727 0.890346130 0.500000000 0.500000000 0.000000000 0.000000000 0.965958416 -0.004110677 0.258664787 1.985959350 0.028328344 0.995541632 -0.089968376 0.749040804 -0.257141739 0.094233260 0.961768270 -5.828685224
60794067 0.500819727 0.890346130 0.500000000 0.500000000 0.000000000 0.000000000 0.968697369 -0.003743391 0.248216406 2.051710544 0.026907912 0.995578468 -0.089997210 0.748386542 -0.246782005 0.093859047 0.964514971 -5.821174304
60827433 0.500819727 0.890346130 0.500000000 0.500000000 0.000000000 0.000000000 0.971318483 -0.003484661 0.237756804 2.117260164 0.025655050 0.995591581 -0.090217918 0.749109054 -0.236394301 0.093729995 0.967125833 -5.812664311
60860800 0.500819727 0.890346130 0.500000000 0.500000000 0.000000000 0.000000000 0.973821402 -0.003182131 0.227292314 2.181589533 0.024385255 0.995594323 -0.090538792 0.750630891 -0.226002827 0.093711197 0.969608665 -5.803480272
60894167 0.500819727 0.890346130 0.500000000 0.500000000 0.000000000 0.000000000 0.976222634 -0.002956421 0.216750041 2.246699267 0.023107728 0.995628774 -0.090494975 0.750020997 -0.215535030 0.093351848 0.972023726 -5.793050286
60927533 0.500819727 0.890346130 0.500000000 0.500000000 0.000000000 0.000000000 0.978423476 -0.002638458 0.206592768 2.308500871 0.021747656 0.995678902 -0.090280794 0.748203643 -0.205461860 0.092825755 0.974252939 -5.782637498
60960900 0.500819727 0.890346130 0.500000000 0.500000000 0.000000000 0.000000000 0.980462134 -0.002383254 0.196693420 2.367527078 0.020524606 0.995708108 -0.090244882 0.747496516 -0.195634156 0.092518747 0.976302981 -5.771980566
60994267 0.500819727 0.890346130 0.500000000 0.500000000 0.000000000 0.000000000 0.982459843 -0.002264387 0.186460540 2.428248114 0.019494759 0.995694160 -0.090626039 0.750144505 -0.185452461 0.092671447 0.978273690 -5.759381732
61027633 0.500819727 0.890346130 0.500000000 0.500000000 0.000000000 0.000000000 0.984361768 -0.002122101 0.176146075 2.488970686 0.018420212 0.995685756 -0.090942740 0.752557110 -0.175193146 0.092765197 0.980154037 -5.745593202
61061000 0.500819727 0.890346130 0.500000000 0.500000000 0.000000000 0.000000000 0.986140728 -0.002050466 0.165898472 2.548704552 0.017366046 0.995706677 -0.090921275 0.753406176 -0.164999783 0.092542171 0.981942475 -5.731821567
61094367 0.500819727 0.890346130 0.500000000 0.500000000 0.000000000 0.000000000 0.987735808 -0.001896556 0.156122774 2.605074860 0.016236983 0.995752275 -0.090629645 0.752164108 -0.155287728 0.092053108 0.983570993 -5.718888869
61127733 0.500819727 0.890346130 0.500000000 0.500000000 0.000000000 0.000000000 0.989193559 -0.001698958 0.146605730 2.659393812 0.015151276 0.995763838 -0.090690747 0.752600823 -0.145830601 0.091931969 0.985028923 -5.706602620
61161100 0.500819727 0.890346130 0.500000000 0.500000000 0.000000000 0.000000000 0.990578890 -0.001563789 0.136934161 2.714637733 0.014161145 0.995743811 -0.091070026 0.754367923 -0.136208937 0.092151195 0.986384928 -5.693151247
61194467 0.500819727 0.890346130 0.500000000 0.500000000 0.000000000 0.000000000 0.991849303 -0.001266767 0.127410322 2.768885321 0.013016590 0.995726407 -0.091430128 0.756246538 -0.126750007 0.092343353 0.987627029 -5.680081289
61227833 0.500819727 0.890346130 0.500000000 0.500000000 0.000000000 0.000000000 0.992977262 -0.000860105 0.118302301 2.820199710 0.011724273 0.995766461 -0.091168746 0.753289512 -0.117723048 0.091915496 0.988783479 -5.668586131
61261200 0.500819727 0.890346130 0.500000000 0.500000000 0.000000000 0.000000000 0.993995845 -0.000516287 0.109416351 2.870063039 0.010542543 0.995788217 -0.091075346 0.751476176 -0.108908489 0.091682047 0.989814818 -5.657126075
61294567 0.500819727 0.890346130 0.500000000 0.500000000 0.000000000 0.000000000 0.994895935 -0.000204222 0.100906111 2.917198530 0.009471410 0.995772064 -0.091369174 0.752059496 -0.100460827 0.091858543 0.990691483 -5.646189490
61327933 0.500819727 0.890346130 0.500000000 0.500000000 0.000000000 0.000000000 0.995724261 -0.000009238 0.092375256 2.964226199 0.008515597 0.995751083 -0.091691092 0.753278088 -0.091981918 0.092085674 0.991493583 -5.635236586
61361300 0.500819727 0.890346130 0.500000000 0.500000000 0.000000000 0.000000000 0.996472239 0.000319537 0.083922505 3.010886065 0.007406478 0.995756030 -0.091733806 0.752615994 -0.083595656 0.092031762 0.992240846 -5.624479088
61394667 0.500819727 0.890346130 0.500000000 0.500000000 0.000000000 0.000000000 0.997131348 0.000618029 0.075688072 3.056032081 0.006340832 0.995769560 -0.091666438 0.751320094 -0.075424537 0.091883406 0.992909133 -5.615010679
61428033 0.500819727 0.890346130 0.500000000 0.500000000 0.000000000 0.000000000 0.997718871 0.000860758 0.067500368 3.100398808 0.005358523 0.995753646 -0.091901749 0.751982762 -0.067292847 0.092053808 0.993477643 -5.605779868
61461400 0.500819727 0.890346130 0.500000000 0.500000000 0.000000000 0.000000000 0.998239338 0.001140587 0.059303910 3.144967292 0.004341596 0.995728135 -0.092231132 0.753200116 -0.059155770 0.092326216 0.993970037 -5.596815094
