https://www.youtube.com/watch?v=thDkTdnjA80
165665000 0.480964487 0.855047908 0.500000000 0.500000000 0.000000000 0.000000000 0.994630516 0.018118849 -0.101891257 -0.525804628 -0.010639423 0.997240245 0.073475897 0.209236166 0.102941357 -0.071997307 0.992078364 -1.315232879
165698000 0.480964487 0.855047908 0.500000000 0.500000000 0.000000000 0.000000000 0.995246112 0.016543727 -0.095976621 -0.532124647 -0.009386334 0.997172952 0.074551962 0.205736883 0.096938662 -0.073296681 0.992587805 -1.324530303
165732000 0.480964487 0.855047908 0.500000000 0.500000000 0.000000000 0.000000000 0.995883822 0.015458012 -0.089310721 -0.541345492 -0.008819849 0.997200787 0.074248604 0.207302226 0.090208456 -0.073155276 0.993232489 -1.333747258
165765000 0.480964487 0.855047908 0.500000000 0.500000000 0.000000000 0.000000000 0.996444762 0.013573647 -0.083148137 -0.548606715 -0.007391379 0.997214973 0.074213855 0.207967245 0.083923914 -0.073335424 0.993769944 -1.343114502
165799000 0.480964487 0.855047908 0.500000000 0.500000000 0.000000000 0.000000000 0.996878982 0.011782425 -0.078060843 -0.551694442 -0.005949130 0.997200072 0.074542776 0.206780891 0.078720570 -0.073845737 0.994157851 -1.352069467
165832000 0.480964487 0.855047908 0.500000000 0.500000000 0.000000000 0.000000000 0.997381866 0.010259706 -0.071582958 -0.560177836 -0.004825586 0.997120678 0.075677402 0.202746978 0.072153278 -0.075133845 0.994559586 -1.362112500
165865000 0.480964487 0.855047908 0.500000000 0.500000000 0.000000000 0.000000000 0.997802019 0.008554983 -0.065711364 -0.566917825 -0.003539313 0.997096241 0.076069146 0.201702986 0.066171326 -0.075669378 0.994934916 -1.370410217
165899000 0.480964487 0.855047908 0.500000000 0.500000000 0.000000000 0.000000000 0.998183191 0.006917739 -0.059854068 -0.573113036 -0.002346059 0.997096181 0.076116048 0.201875182 0.060206816 -0.075837336 0.995300889 -1.378916653
165932000 0.480964487 0.855047908 0.500000000 0.500000000 0.000000000 0.000000000 0.998525083 0.005181954 -0.054044120 -0.579349396 -0.001036010 0.997071981 0.076461583 0.200991330 0.054282099 -0.076292820 0.995606780 -1.387018420
165965000 0.480964487 0.855047908 0.500000000 0.500000000 0.000000000 0.000000000 0.998847127 0.003632169 -0.047866389 -0.587467446 0.000058452 0.997040629 0.076876588 0.199669968 0.048003964 -0.076790757 0.995890975 -1.393799204
165999000 0.480964487 0.855047908 0.500000000 0.500000000 0.000000000 0.000000000 0.999168873 0.002022717 -0.040711589 -0.598927900 0.001112600 0.997042537 0.076843239 0.200241410 0.040746618 -0.076824665 0.996211648 -1.400962944
166032000 0.480964487 0.855047908 0.500000000 0.500000000 0.000000000 0.000000000 0.999413252 0.000240753 -0.034249924 -0.608702827 0.002394215 0.997038126 0.076871701 0.200684621 0.034166988 -0.076908596 0.996452570 -1.406938534
166065000 0.480964487 0.855047908 0.500000000 0.500000000 0.000000000 0.000000000 0.999619424 -0.001413658 -0.027550990 -0.619032629 0.003553885 0.996963501 0.077789120 0.197498503 0.027357364 -0.077857427 0.996589065 -1.413941894
166099000 0.480964487 0.855047908 0.500000000 0.500000000 0.000000000 0.000000000 0.999757588 -0.003193477 -0.021783724 -0.626123566 0.004865955 0.997006774 0.077161148 0.199906318 0.021472109 -0.077248447 0.996780634 -1.420570739
166132000 0.480964487 0.855047908 0.500000000 0.500000000 0.000000000 0.000000000 0.999858916 -0.005199918 -0.015973223 -0.633470000 0.006415681 0.997008145 0.077029914 0.200646171 0.015524885 -0.077121526 0.996900797 -1.426370992
166166000 0.480964487 0.855047908 0.500000000 0.500000000 0.000000000 0.000000000 0.999929488 -0.007001242 -0.009593231 -0.643337948 0.007721714 0.996982038 0.077247925 0.200159094 0.009023448 -0.077316552 0.996965766 -1.431550606
166199000 0.480964487 0.855047908 0.500000000 0.500000000 0.000000000 0.000000000 0.999956369 -0.008653812 -0.003512548 -0.652517110 0.008899863 0.996957779 0.077433690 0.199738612 0.002831766 -0.077461571 0.996991336 -1.436307641
166232000 0.480964487 0.855047908 0.500000000 0.500000000 0.000000000 0.000000000 0.999940336 -0.010434594 0.003236522 -0.664096493 0.010151614 0.996924698 0.077705376 0.199158472 -0.004037393 -0.077667885 0.996971130 -1.441641801
166266000 0.480964487 0.855047908 0.500000000 0.500000000 0.000000000 0.000000000 0.999886990 -0.012133716 0.008878531 -0.671753158 0.011403581 0.996879041 0.078115985 0.197954754 -0.009798659 -0.078005902 0.996904731 -1.446668260
166299000 0.480964487 0.855047908 0.500000000 0.500000000 0.000000000 0.000000000 0.999795318 -0.013704092 0.014883132 -0.680912799 0.012491589 0.996819198 0.078711227 0.196127533 -0.015914457 -0.078509197 0.996786356 -1.451109834
166332000 0.480964487 0.855047908 0.500000000 0.500000000 0.000000000 0.000000000 0.999657273 -0.015386917 0.021181006 -0.691299594 0.013669845 0.996784687 0.078952029 0.195596497 -0.022327730 -0.078635432 0.996653378 -1.455121889
166366000 0.480964487 0.855047908 0.500000000 0.500000000 0.000000000 0.000000000 0.999477983 -0.017135704 0.027388951 -0.701517391 0.014921313 0.996754706 0.079103768 0.195286741 -0.028655564 -0.078653798 0.996490061 -1.459890677
166399000 0.480964487 0.855047908 0.500000000 0.500000000 0.000000000 0.000000000 0.999263167 -0.018697454 0.033518240 -0.711439801 0.016013592 0.996775627 0.078625023 0.197534022 -0.034880251 -0.078030348 0.996340632 -1.464891196
166432000 0.480964487 0.855047908 0.500000000 0.500000000 0.000000000 0.000000000 0.999019325 -0.020215247 0.039392099 -0.720992778 0.017065423 0.996750832 0.078718252 0.197734412 -0.040855415 -0.077968813 0.996118307 -1.468644103
166466000 0.480964487 0.855047908 0.500000000 0.500000000 0.000000000 0.000000000 0.998741031 -0.022236980 0.044964656 -0.729523684 0.018646426 0.996719778 0.078752674 0.198197246 -0.046568383 -0.077815093 0.995879591 -1.472589048
166499000 0.480964487 0.855047908 0.500000000 0.500000000 0.000000000 0.000000000 0.998433292 -0.023906091 0.050591100 -0.738648044 0.019880734 0.996705949 0.078625634 0.199042023 -0.052304082 -0.077496663 0.995619655 -1.475682418
166533000 0.480964487 0.855047908 0.500000000 0.500000000 0.000000000 0.000000000 0.998064876 -0.025177222 0.056856263 -0.749384786 0.020656258 0.996680439 0.078748755 0.199429360 -0.058650203 -0.077421933 0.995271802 -1.479922290
166566000 0.480964487 0.855047908 0.500000000 0.500000000 0.000000000 0.000000000 0.997666836 -0.026755884 0.062808894 -0.759552171 0.021728763 0.996605992 0.079399705 0.197543218 -0.064720131 -0.077849694 0.994862139 -1.484017701
166599000 0.480964487 0.855047908 0.500000000 0.500000000 0.000000000 0.000000000 0.997214198 -0.028003661 0.069135278 -0.771146665 0.022465639 0.996572018 0.079620883 0.197207964 -0.071127959 -0.077845901 0.994424880 -1.488526361
166633000 0.480964487 0.855047908 0.500000000 0.500000000 0.000000000 0.000000000 0.996750712 -0.029231938 0.075056486 -0.781442426 0.023242585 0.996566474 0.079466887 0.198316709 -0.077121750 -0.077464171 0.994007826 -1.493046594
166666000 0.480964487 0.855047908 0.500000000 0.500000000 0.000000000 0.000000000 0.996273696 -0.030566949 0.080649570 -0.791107035 0.024109529 0.996514440 0.079860516 0.197658476 -0.082809560 -0.077618510 0.993538082 -1.497281843
166699000 0.480964487 0.855047908 0.500000000 0.500000000 0.000000000 0.000000000 0.995736420 -0.031640757 0.086647928 -0.802360488 0.024732662 0.996514380 0.079670221 0.198514307 -0.088866740 -0.077187508 0.993048251 -1.501190004
166733000 0.480964487 0.855047908 0.500000000 0.500000000 0.000000000 0.000000000 0.995216489 -0.033138830 0.091902137 -0.811374646 0.025811562 0.996476471 0.079801977 0.198850052 -0.094222866 -0.077048108 0.992565155 -1.504486195
166766000 0.480964487 0.855047908 0.500000000 0.500000000 0.000000000 0.000000000 0.994662166 -0.034582715 0.097217612 -0.821029199 0.026802368 0.996416211 0.080227010 0.197985947 -0.099643670 -0.077193104 0.992024362 -1.507929922
166800000 0.480964487 0.855047908 0.500000000 0.500000000 0.000000000 0.000000000 0.994112670 -0.036001474 0.102195464 -0.829432715 0.027782690 0.996348202 0.080736287 0.196586350 -0.104728892 -0.077421702 0.991482615 -1.511685471
166833000 0.480964487 0.855047908 0.500000000 0.500000000 0.000000000 0.000000000 0.993555307 -0.037223075 0.107062250 -0.837398513 0.028633201 0.996328712 0.080679692 0.197404733 -0.109672345 -0.077094205 0.990973473 -1.515314267
166866000 0.480964487 0.855047908 0.500000000 0.500000000 0.000000000 0.000000000 0.992952466 -0.038583394 0.112056710 -0.846144742 0.029561268 0.996268451 0.081088275 0.196798362 -0.114767231 -0.077204257 0.990387797 -1.519524413
166900000 0.480964487 0.855047908 0.500000000 0.500000000 0.000000000 0.000000000 0.992289305 -0.039524339 0.117472500 -0.856709683 0.030032616 0.996220827 0.081499301 0.196220860 -0.120249756 -0.077342883 0.989726245 -1.523082979
166933000 0.480964487 0.855047908 0.500000000 0.500000000 0.000000000 0.000000000 0.991663814 -0.040739331 0.122242242 -0.865266375 0.030810667 0.996152639 0.082040139 0.195137196 -0.125114188 -0.077589869 0.989103734 -1.526527047
166966000 0.480964487 0.855047908 0.500000000 0.500000000 0.000000000 0.000000000 0.991015792 -0.042426858 0.126837060 -0.873461238 0.032154098 0.996115983 0.081970148 0.196112393 -0.129822150 -0.077155381 0.988530874 -1.531051033
167000000 0.480964487 0.855047908 0.500000000 0.500000000 0.000000000 0.000000000 0.990346134 -0.043408927 0.131643996 -0.882506437 0.032705057 0.996061802 0.082408957 0.195404452 -0.134702846 -0.077307977 0.987865686 -1.535226754
167033000 0.480964487 0.855047908 0.500000000 0.500000000 0.000000000 0.000000000 0.989696860 -0.044655006 0.136036977 -0.891090102 0.033573460 0.996009409 0.082692638 0.195250404 -0.139186755 -0.077273414 0.987246633 -1.538734845
167066000 0.480964487 0.855047908 0.500000000 0.500000000 0.000000000 0.000000000 0.989051938 -0.045759253 0.140294030 -0.898882174 0.034278706 0.995944440 0.083184250 0.194174615 -0.143531501 -0.077464446 0.986609340 -1.542898026
167100000 0.480964487 0.855047908 0.500000000 0.500000000 0.000000000 0.000000000 0.988421798 -0.046762388 0.144345522 -0.906765804 0.034890987 0.995879412 0.083706692 0.193395364 -0.147665054 -0.077701166 0.985980511 -1.546479651
167133000 0.480964487 0.855047908 0.500000000 0.500000000 0.000000000 0.000000000 0.987843752 -0.047562178 0.147995293 -0.912728572 0.035332702 0.995822787 0.084193990 0.192493794 -0.151381537 -0.077941433 0.985397756 -1.550181222
167167000 0.480964487 0.855047908 0.500000000 0.500000000 0.000000000 0.000000000 0.987246990 -0.048471011 0.151637360 -0.919314451 0.035949238 0.995795429 0.084256522 0.193526259 -0.155083776 -0.077730753 0.984838545 -1.553801203
167200000 0.480964487 0.855047908 0.500000000 0.500000000 0.000000000 0.000000000 0.986656070 -0.049205009 0.155205309 -0.925813665 0.036408812 0.995780170 0.084239371 0.194835150 -0.158695370 -0.077464446 0.984284043 -1.557521304
167233000 0.480964487 0.855047908 0.500000000 0.500000000 0.000000000 0.000000000 0.986069083 -0.049901821 0.158674449 -0.932432872 0.036833193 0.995762587 0.084262431 0.196039007 -0.162206933 -0.077244088 0.983728766 -1.561352503
167267000 0.480964487 0.855047908 0.500000000 0.500000000 0.000000000 0.000000000 0.985532403 -0.050521556 0.161782086 -0.937839009 0.037197351 0.995741189 0.084355429 0.196970522 -0.165354863 -0.077117145 0.983214498 -1.565382504
167300000 0.480964487 0.855047908 0.500000000 0.500000000 0.000000000 0.000000000 0.984899104 -0.051560719 0.165273264 -0.945210191 0.038002253 0.995726049 0.084175527 0.198752422 -0.168907046 -0.076623648 0.982649088 -1.569758069
167333000 0.480964487 0.855047908 0.500000000 0.500000000 0.000000000 0.000000000 0.984317422 -0.052648090 0.168366715 -0.951175996 0.038806282 0.995669842 0.084472828 0.198647495 -0.172084987 -0.076614395 0.982098281 -1.573788588
167367000 0.480964487 0.855047908 0.500000000 0.500000000 0.000000000 0.000000000 0.983763933 -0.053454746 0.171321750 -0.956354835 0.039289676 0.995603204 0.085032694 0.197677646 -0.175113887 -0.076920919 0.981538713 -1.577874462
167400000 0.480964487 0.855047908 0.500000000 0.500000000 0.000000000 0.000000000 0.983097732 -0.054238774 0.174862877 -0.964303875 0.039730679 0.995551765 0.085429028 0.197091676 -0.178718612 -0.077037662 0.980879605 -1.581912593
167434000 0.480964487 0.855047908 0.500000000 0.500000000 0.000000000 0.000000000 0.982497454 -0.055272549 0.177886665 -0.970471514 0.040336307 0.995433629 0.086514845 0.194148666 -0.181856260 -0.077825330 0.980240524 -1.585906455
167467000 0.480964487 0.855047908 0.500000000 0.500000000 0.000000000 0.000000000 0.981858671 -0.055888284 0.181190759 -0.978193401 0.040635899 0.995394349 0.086826570 0.193911075 -0.185208842 -0.077888571 0.979607582 -1.589915040
167500000 0.480964487 0.855047908 0.500000000 0.500000000 0.000000000 0.000000000 0.981359482 -0.056711096 0.183623150 -0.983211724 0.041197654 0.995336235 0.087227024 0.193520444 -0.187713519 -0.078036219 0.979119003 -1.594737318
167534000 0.480964487 0.855047908 0.500000000 0.500000000 0.000000000 0.000000000 0.980893672 -0.057378344 0.185890496 -0.987151254 0.041583568 0.995271325 0.087782666 0.192496763 -0.190048307 -0.078375474 0.978641391 -1.599148324
167567000 0.480964487 0.855047908 0.500000000 0.500000000 0.000000000 0.000000000 0.980491459 -0.057828892 0.187862441 -0.990265546 0.041817989 0.995233297 0.088101998 0.192798623 -0.192061797 -0.078527227 0.978236020 -1.603355158
167601000 0.480964487 0.855047908 0.500000000 0.500000000 0.000000000 0.000000000 0.980072081 -0.058230836 0.189915374 -0.994215069 0.041991699 0.995195925 0.088440441 0.192868937 -0.194152981 -0.078703143 0.977809012 -1.607335895
167634000 0.480964487 0.855047908 0.500000000 0.500000000 0.000000000 0.000000000 0.979767203 -0.058650222 0.191354051 -0.995751896 0.042226944 0.995153427 0.088806041 0.192948733 -0.195635125 -0.078928947 0.977495313 -1.612149219
167667000 0.480964487 0.855047908 0.500000000 0.500000000 0.000000000 0.000000000 0.979513526 -0.058941223 0.192559451 -0.996725421 0.042407610 0.995138586 0.088886105 0.193965192 -0.196862400 -0.078899160 0.977251291 -1.616953232
167701000 0.480964487 0.855047908 0.500000000 0.500000000 0.000000000 0.000000000 0.979245484 -0.059118576 0.193864152 -0.998015908 0.042489298 0.995138824 0.088844374 0.195552472 -0.198174104 -0.078763299 0.976997137 -1.622034467
167734000 0.480964487 0.855047908 0.500000000 0.500000000 0.000000000 0.000000000 0.978998125 -0.059340220 0.195042104 -0.998952513 0.042598233 0.995125473 0.088941701 0.196780847 -0.199369192 -0.078765310 0.976753771 -1.627134967
167767000 0.480964487 0.855047908 0.500000000 0.500000000 0.000000000 0.000000000 0.978860438 -0.059354819 0.195727423 -0.997777602 0.042579517 0.995136142 0.088831306 0.198735127 -0.200048000 -0.078619473 0.976626754 -1.633060953
167801000 0.480964487 0.855047908 0.500000000 0.500000000 0.000000000 0.000000000 0.978707552 -0.059358664 0.196489364 -0.997181215 0.042533457 0.995143533 0.088771082 0.200697108 -0.200804442 -0.078523561 0.976479173 -1.638972546
167834000 0.480964487 0.855047908 0.500000000 0.500000000 0.000000000 0.000000000 0.978597701 -0.059511874 0.196989566 -0.995640267 0.042590331 0.995115936 0.089052498 0.201022655 -0.201327145 -0.078756720 0.976352811 -1.645426915
167868000 0.480964487 0.855047908 0.500000000 0.500000000 0.000000000 0.000000000 0.978607416 -0.059589483 0.196917772 -0.991819219 0.042647537 0.995101511 0.089186393 0.202002157 -0.201267749 -0.078880407 0.976355076 -1.651724873
167901000 0.480964487 0.855047908 0.500000000 0.500000000 0.000000000 0.000000000 0.978619277 -0.059304576 0.196944922 -0.988731187 0.042364836 0.995117605 0.089141570 0.203704804 -0.201269865 -0.078892119 0.976353645 -1.658972952
167934000 0.480964487 0.855047908 0.500000000 0.500000000 0.000000000 0.000000000 0.978685617 -0.059056293 0.196689531 -0.984384544 0.042131096 0.995126486 0.089152612 0.205149778 -0.200995997 -0.078965642 0.976404130 -1.666070571
167968000 0.480964487 0.855047908 0.500000000 0.500000000 0.000000000 0.000000000 0.978772759 -0.058664229 0.196373150 -0.979883273 0.041756649 0.995141506 0.089161575 0.206430901 -0.200649664 -0.079069033 0.976467013 -1.673382801
168001000 0.480964487 0.855047908 0.500000000 0.500000000 0.000000000 0.000000000 0.978960752 -0.058388829 0.195516184 -0.973268076 0.041487906 0.995126724 0.089451678 0.206900252 -0.199786350 -0.079458125 0.976612449 -1.681104721
168034000 0.480964487 0.855047908 0.500000000 0.500000000 0.000000000 0.000000000 0.979130626 -0.058200784 0.194719940 -0.966915834 0.041310322 0.995110989 0.089708507 0.207567054 -0.198989064 -0.079792403 0.976747930 -1.688518435
168068000 0.480964487 0.855047908 0.500000000 0.500000000 0.000000000 0.000000000 0.979261577 -0.058114044 0.194086313 -0.961491325 0.041227072 0.995093226 0.089943506 0.208020896 -0.198360965 -0.080076605 0.976852417 -1.696307810
168101000 0.480964487 0.855047908 0.500000000 0.500000000 0.000000000 0.000000000 0.979343235 -0.057835143 0.193757400 -0.957310223 0.040987659 0.995110512 0.089861713 0.209704525 -0.198007181 -0.080063798 0.976925254 -1.703846175
168134000 0.480964487 0.855047908 0.500000000 0.500000000 0.000000000 0.000000000 0.979467571 -0.057659097 0.193180487 -0.952020248 0.040776823 0.995083332 0.090257719 0.209653369 -0.197434857 -0.080527224 0.977002978 -1.711368642
168168000 0.480964487 0.855047908 0.500000000 0.500000000 0.000000000 0.000000000 0.979568422 -0.057626206 0.192678273 -0.947242010 0.040696908 0.995046616 0.090697080 0.209482110 -0.196950391 -0.081002586 0.977061450 -1.719470278
168201000 0.480964487 0.855047908 0.500000000 0.500000000 0.000000000 0.000000000 0.979734778 -0.057416096 0.191893458 -0.941351483 0.040400337 0.994990647 0.091440655 0.208178847 -0.196182370 -0.081835032 0.977146626 -1.727332714
168235000 0.480964487 0.855047908 0.500000000 0.500000000 0.000000000 0.000000000 0.979908049 -0.056881312 0.191166744 -0.935346575 0.039832734 0.994973779 0.091872662 0.208006490 -0.195431724 -0.082412064 0.977248549 -1.735564509
168268000 0.480964487 0.855047908 0.500000000 0.500000000 0.000000000 0.000000000 0.980066955 -0.056543827 0.190450922 -0.929507387 0.039472971 0.994951665 0.092266403 0.208069953 -0.194706559 -0.082909591 0.977351189 -1.743309765
168301000 0.480964487 0.855047908 0.500000000 0.500000000 0.000000000 0.000000000 0.980257154 -0.056277134 0.189548969 -0.922958040 0.039197873 0.994924068 0.092680424 0.208270264 -0.193802610 -0.083420731 0.977487326 -1.751077977
168335000 0.480964487 0.855047908 0.500000000 0.500000000 0.000000000 0.000000000 0.980490446 -0.056013696 0.188416913 -0.915474834 0.038977791 0.994908631 0.092938371 0.208829811 -0.192663431 -0.083781108 0.977681696 -1.759302993
168368000 0.480964487 0.855047908 0.500000000 0.500000000 0.000000000 0.000000000 0.980794966 -0.055841848 0.186876744 -0.906392452 0.038847320 0.994870603 0.093399286 0.208811771 -0.191133752 -0.084345892 0.977933347 -1.767560831
168401000 0.480964487 0.855047908 0.500000000 0.500000000 0.000000000 0.000000000 0.981033623 -0.055527348 0.185714051 -0.898628608 0.038584456 0.994858682 0.093634360 0.209625009 -0.189958513 -0.084692784 0.978132367 -1.775731522
168435000 0.480964487 0.855047908 0.500000000 0.500000000 0.000000000 0.000000000 0.981215596 -0.055256631 0.184831426 -0.891989457 0.038345184 0.994847357 0.093853205 0.210533027 -0.189065069 -0.085002832 0.978278577 -1.783501981
168468000 0.480964487 0.855047908 0.500000000 0.500000000 0.000000000 0.000000000 0.981367946 -0.054984473 0.184102416 -0.886050646 0.038082413 0.994832337 0.094118647 0.211337330 -0.188326105 -0.085353963 0.978390515 -1.790964226
168501000 0.480964487 0.855047908 0.500000000 0.500000000 0.000000000 0.000000000 0.981496692 -0.054907184 0.183438003 -0.880162029 0.037966684 0.994789243 0.094619974 0.210888146 -0.187677473 -0.085904658 0.978466928 -1.798468044
168535000 0.480964487 0.855047908 0.500000000 0.500000000 0.000000000 0.000000000 0.981599391 -0.054569982 0.182988361 -0.875125025 0.037608054 0.994774520 0.094917417 0.211127498 -0.187211812 -0.086289041 0.978522301 -1.805677422
168568000 0.480964487 0.855047908 0.500000000 0.500000000 0.000000000 0.000000000 0.981719911 -0.054242432 0.182438254 -0.869707217 0.037264176 0.994756818 0.095237955 0.211288874 -0.186647639 -0.086698584 0.978593886 -1.813229899
168602000 0.480964487 0.855047908 0.500000000 0.500000000 0.000000000 0.000000000 0.981838584 -0.054090682 0.181843966 -0.864033037 0.037099723 0.994730651 0.095574908 0.211450983 -0.186055467 -0.087092772 0.978671670 -1.820603522
168635000 0.480964487 0.855047908 0.500000000 0.500000000 0.000000000 0.000000000 0.981891632 -0.053842835 0.181630835 -0.859869006 0.036846098 0.994729042 0.095689468 0.212506480 -0.185825661 -0.087264299 0.978700042 -1.827550956
168668000 0.480964487 0.855047908 0.500000000 0.500000000 0.000000000 0.000000000 0.981960654 -0.053660497 0.181311280 -0.855229224 0.036594648 0.994689703 0.096193910 0.211836935 -0.185510278 -0.087823614 0.978709817 -1.834774706
168702000 0.480964487 0.855047908 0.500000000 0.500000000 0.000000000 0.000000000 0.982013106 -0.053299658 0.181133807 -0.851035934 0.036232892 0.994696617 0.096259303 0.212781146 -0.185303763 -0.087964892 0.978736281 -1.841871236
168735000 0.480964487 0.855047908 0.500000000 0.500000000 0.000000000 0.000000000 0.982053757 -0.052930195 0.181021512 -0.846991386 0.035855200 0.994703293 0.096331649 0.213760670 -0.185161546 -0.088112302 0.978749931 -1.848921226
168768000 0.480964487 0.855047908 0.500000000 0.500000000 0.000000000 0.000000000 0.982089043 -0.052558571 0.180938467 -0.842960292 0.035507035 0.994726360 0.096222371 0.215519708 -0.185041577 -0.088074341 0.978776038 -1.855413776
168802000 0.480964487 0.855047908 0.500000000 0.500000000 0.000000000 0.000000000 0.982110977 -0.052424781 0.180858299 -0.838851055 0.035283595 0.994685411 0.096726328 0.214922657 -0.184967965 -0.088614650 0.978741169 -1.862110296
168835000 0.480964487 0.855047908 0.500000000 0.500000000 0.000000000 0.000000000 0.982054114 -0.052292079 0.181205064 -0.836893631 0.035098795 0.994682431 0.096824519 0.215846184 -0.185304642 -0.088726833 0.978667319 -1.868524083
168869000 0.480964487 0.855047908 0.500000000 0.500000000 0.000000000 0.000000000 0.981988788 -0.052227423 0.181577146 -0.834705435 0.034905598 0.994641066 0.097317494 0.214974422 -0.185686737 -0.089226633 0.978549480 -1.875182134
168902000 0.480964487 0.855047908 0.500000000 0.500000000 0.000000000 0.000000000 0.981888533 -0.052046515 0.182170495 -0.833524769 0.034680855 0.994655788 0.097247548 0.216717424 -0.186258331 -0.089168422 0.978446126 -1.881115815
168935000 0.480964487 0.855047908 0.500000000 0.500000000 0.000000000 0.000000000 0.981821716 -0.052175138 0.182493344 -0.831064398 0.034654599 0.994591534 0.097912140 0.215368881 -0.186614901 -0.089808032 0.978319705 -1.887320896
168969000 0.480964487 0.855047908 0.500000000 0.500000000 0.000000000 0.000000000 0.981710792 -0.052240390 0.183070600 -0.829707537 0.034590974 0.994554520 0.098309532 0.215110324 -0.187209427 -0.090178937 0.978171945 -1.893407784
169002000 0.480964487 0.855047908 0.500000000 0.500000000 0.000000000 0.000000000 0.981587112 -0.052366998 0.183696538 -0.828333749 0.034585703 0.994516015 0.098700471 0.214853185 -0.187857792 -0.090529837 0.978015244 -1.899766090
169035000 0.480964487 0.855047908 0.500000000 0.500000000 0.000000000 0.000000000 0.981401980 -0.052401282 0.184673429 -0.828232430 0.034467146 0.994488358 0.099019870 0.214672135 -0.188844338 -0.090813130 0.977798939 -1.906181512
169069000 0.480964487 0.855047908 0.500000000 0.500000000 0.000000000 0.000000000 0.981205046 -0.052595638 0.185661837 -0.828213018 0.034465473 0.994434118 0.099563807 0.213693896 -0.189865097 -0.091293588 0.977556527 -1.911829649
169102000 0.480964487 0.855047908 0.500000000 0.500000000 0.000000000 0.000000000 0.980987310 -0.052909561 0.186720163 -0.828278788 0.034479935 0.994328737 0.100605719 0.210564990 -0.190984219 -0.092254840 0.977248192 -1.917488166
169135000 0.480964487 0.855047908 0.500000000 0.500000000 0.000000000 0.000000000 0.980804980 -0.052959956 0.187661514 -0.827915998 0.034308989 0.994266450 0.101277471 0.209031727 -0.191949189 -0.092894971 0.976998508 -1.922806620
169169000 0.480964487 0.855047908 0.500000000 0.500000000 0.000000000 0.000000000 0.980641067 -0.052886516 0.188536793 -0.826989171 0.034077380 0.994236767 0.101646163 0.208902870 -0.192825928 -0.093253560 0.976791680 -1.927954041
169202000 0.480964487 0.855047908 0.500000000 0.500000000 0.000000000 0.000000000 0.980402112 -0.052822899 0.189793050 -0.827680087 0.033865027 0.994230509 0.101778209 0.209828707 -0.194074273 -0.093356229 0.976534605 -1.932907585
169236000 0.480964487 0.855047908 0.500000000 0.500000000 0.000000000 0.000000000 0.980186939 -0.052884281 0.190884292 -0.827571932 0.033784736 0.994214416 0.101962075 0.210461725 -0.195172101 -0.093492918 0.976302683 -1.938095687
169269000 0.480964487 0.855047908 0.500000000 0.500000000 0.000000000 0.000000000 0.979987800 -0.053023983 0.191865385 -0.826821248 0.033762164 0.994179904 0.102305412 0.210206553 -0.196173340 -0.093780264 0.976074398 -1.943577309
169302000 0.480964487 0.855047908 0.500000000 0.500000000 0.000000000 0.000000000 0.979756832 -0.053136922 0.193010375 -0.826885934 0.033720996 0.994158804 0.102523834 0.210412146 -0.197330773 -0.093939930 0.975825727 -1.948325842
169336000 0.480964487 0.855047908 0.500000000 0.500000000 0.000000000 0.000000000 0.979553103 -0.053393971 0.193971097 -0.826279321 0.033848036 0.994134188 0.102720581 0.210958779 -0.198317960 -0.094054729 0.975614548 -1.953360985
169369000 0.480964487 0.855047908 0.500000000 0.500000000 0.000000000 0.000000000 0.979348779 -0.053533345 0.194961846 -0.825288916 0.033832997 0.994104564 0.103012145 0.210966456 -0.199327037 -0.094288677 0.975386262 -1.958403275
169402000 0.480964487 0.855047908 0.500000000 0.500000000 0.000000000 0.000000000 0.979102850 -0.053712141 0.196144328 -0.825111393 0.033831548 0.994070768 0.103337698 0.210807676 -0.200531840 -0.094542369 0.975114703 -1.962942855
169436000 0.480964487 0.855047908 0.500000000 0.500000000 0.000000000 0.000000000 0.978816569 -0.054018691 0.197484523 -0.825867629 0.033960804 0.994041204 0.103579804 0.211099035 -0.201903000 -0.094678894 0.974818468 -1.967470734
169469000 0.480964487 0.855047908 0.500000000 0.500000000 0.000000000 0.000000000 0.978599429 -0.054280091 0.198486343 -0.825197585 0.034059249 0.994003594 0.103907630 0.211026776 -0.202936247 -0.094923653 0.974580109 -1.972551071
169502000 0.480964487 0.855047908 0.500000000 0.500000000 0.000000000 0.000000000 0.978355289 -0.054535653 0.199616686 -0.824926785 0.034197047 0.993993878 0.103955455 0.212164032 -0.204087034 -0.094879068 0.974344134 -1.977296547
169536000 0.480964487 0.855047908 0.500000000 0.500000000 0.000000000 0.000000000 0.978067577 -0.054609504 0.201001540 -0.825640025 0.034096386 0.993978143 0.104138903 0.212576632 -0.205478102 -0.095001459 0.974039793 -1.981497235
169569000 0.480964487 0.855047908 0.500000000 0.500000000 0.000000000 0.000000000 0.977852106 -0.054892857 0.201970473 -0.824842755 0.034136377 0.993901372 0.104855724 0.211106839 -0.206494555 -0.095638849 0.973762393 -1.985925144
169603000 0.480964487 0.855047908 0.500000000 0.500000000 0.000000000 0.000000000 0.977639377 -0.054886248 0.202999339 -0.823775963 0.033891544 0.993842542 0.105490893 0.209992131 -0.207539394 -0.096252091 0.973479807 -1.990226513
169636000 0.480964487 0.855047908 0.500000000 0.500000000 0.000000000 0.000000000 0.977427542 -0.054841675 0.204028755 -0.822802889 0.033709981 0.993832469 0.105643809 0.211128665 -0.208564088 -0.096381366 0.973248005 -1.994661849
169669000 0.480964487 0.855047908 0.500000000 0.500000000 0.000000000 0.000000000 0.977189600 -0.054783463 0.205181092 -0.822289221 0.033548601 0.993844807 0.105579495 0.213194695 -0.209702164 -0.096287645 0.973012686 -1.998868715
169703000 0.480964487 0.855047908 0.500000000 0.500000000 0.000000000 0.000000000 0.977035940 -0.054863311 0.205890223 -0.820337419 0.033551909 0.993841469 0.105609737 0.214812069 -0.210416332 -0.096276499 0.972859621 -2.003288284
169736000 0.480964487 0.855047908 0.500000000 0.500000000 0.000000000 0.000000000 0.976905584 -0.054866467 0.206507102 -0.817665688 0.033352949 0.993779361 0.106255323 0.214248042 -0.211052343 -0.096913800 0.972658515 -2.007351399
169769000 0.480964487 0.855047908 0.500000000 0.500000000 0.000000000 0.000000000 0.976836741 -0.055001970 0.206796393 -0.813619591 0.033295248 0.993699193 0.107020199 0.213519163 -0.211379737 -0.097655930 0.972513199 -2.011793205
169803000 0.480964487 0.855047908 0.500000000 0.500000000 0.000000000 0.000000000 0.976808369 -0.054927763 0.206950098 -0.808650077 0.033124812 0.993665576 0.107384518 0.214348512 -0.211537585 -0.098038912 0.972440362 -2.016025389
169836000 0.480964487 0.855047908 0.500000000 0.500000000 0.000000000 0.000000000 0.976768792 -0.054822646 0.207164571 -0.804093183 0.032840382 0.993597627 0.108098544 0.213754030 -0.211764470 -0.098783925 0.972315550 -2.020801637
169870000 0.480964487 0.855047908 0.500000000 0.500000000 0.000000000 0.000000000 0.976773679 -0.054716401 0.207169652 -0.798523136 0.032607839 0.993543208 0.108667597 0.213811247 -0.211777896 -0.099388301 0.972251058 -2.025585986
169903000 0.480964487 0.855047908 0.500000000 0.500000000 0.000000000 0.000000000 0.976908267 -0.054514512 0.206587479 -0.790491684 0.032208856 0.993427515 0.109837815 0.211638345 -0.211217448 -0.100647524 0.972243428 -2.030261472
169936000 0.480964487 0.855047908 0.500000000 0.500000000 0.000000000 0.000000000 0.977034986 -0.054581005 0.205969781 -0.782434481 0.032138489 0.993325770 0.110774942 0.210732751 -0.210641280 -0.101611435 0.972268164 -2.034876779
169970000 0.480964487 0.855047908 0.500000000 0.500000000 0.000000000 0.000000000 0.977211773 -0.054506287 0.205149144 -0.773461951 0.031922027 0.993214488 0.111830115 0.209387889 -0.209852546 -0.102732927 0.972320855 -2.039621619
170003000 0.480964487 0.855047908 0.500000000 0.500000000 0.000000000 0.000000000 0.977397382 -0.054448977 0.204278290 -0.764310289 0.031707104 0.993089616 0.112994254 0.207906758 -0.209019065 -0.103963219 0.972369611 -2.043961206
170036000 0.480964487 0.855047908 0.500000000 0.500000000 0.000000000 0.000000000 0.977651358 -0.054466352 0.203054816 -0.753587421 0.031515971 0.992912471 0.114593126 0.205117740 -0.207857132 -0.105632655 0.972438753 -2.048321030
170070000 0.480964487 0.855047908 0.500000000 0.500000000 0.000000000 0.000000000 0.977827787 -0.054444402 0.202209473 -0.744454255 0.031304162 0.992764950 0.115921453 0.203515276 -0.207057744 -0.107021220 0.972457469 -2.052387938
170103000 0.480964487 0.855047908 0.500000000 0.500000000 0.000000000 0.000000000 0.977995276 -0.054513607 0.201378986 -0.735157829 0.031133205 0.992585182 0.117496230 0.200493005 -0.206290945 -0.108641185 0.972440839 -2.056655424
