https://www.youtube.com/watch?v=BtIWjaT482U
261750000 0.519681961 0.923879020 0.500000000 0.500000000 0.000000000 0.000000000 0.999684930 -0.015073326 0.020070922 -0.020647448 0.013826178 0.998048782 0.060888737 -0.125616680 -0.020949556 -0.060592048 0.997942746 0.404659895
261791667 0.519681961 0.923879020 0.500000000 0.500000000 0.000000000 0.000000000 0.999645591 -0.015901245 0.021351259 -0.022247943 0.014454605 0.997696459 0.066278726 -0.137760372 -0.022355990 -0.065946609 0.997572660 0.453552839
261833333 0.519681961 0.923879020 0.500000000 0.500000000 0.000000000 0.000000000 0.999632120 -0.016240479 0.021721454 -0.023072148 0.014717261 0.997540116 0.068535149 -0.143183641 -0.022781067 -0.068190254 0.997412205 0.477893140
261875000 0.519681961 0.923879020 0.500000000 0.500000000 0.000000000 0.000000000 0.999617934 -0.016693071 0.022029903 -0.023625445 0.015089324 0.997358024 0.071058355 -0.148829669 -0.023157883 -0.070698790 0.997228861 0.502374585
261916667 0.519681961 0.923879020 0.500000000 0.500000000 0.000000000 0.000000000 0.999603391 -0.017024178 0.022432718 -0.023897401 0.015326987 0.997157454 0.073770747 -0.154623676 -0.023624839 -0.073397659 0.997022867 0.527254017
261958333 0.519681961 0.923879020 0.500000000 0.500000000 0.000000000 0.000000000 0.999576211 -0.017714843 0.023098411 -0.024951419 0.015853927 0.996796072 0.078398302 -0.164617878 -0.024413219 -0.077998877 0.996654510 0.576630212
262000000 0.519681961 0.923879020 0.500000000 0.500000000 0.000000000 0.000000000 0.999569356 -0.017876504 0.023270430 -0.025153411 0.015941374 0.996599495 0.080841124 -0.169832327 -0.024636457 -0.080435343 0.996455312 0.601309280
262041667 0.519681961 0.923879020 0.500000000 0.500000000 0.000000000 0.000000000 0.999557972 -0.018020967 0.023644833 -0.026219114 0.016002186 0.996424913 0.082953744 -0.175097020 -0.025055207 -0.082538709 0.996272862 0.626078412
262083333 0.519681961 0.923879020 0.500000000 0.500000000 0.000000000 0.000000000 0.999550939 -0.018201627 0.023803171 -0.026711299 0.016113311 0.996237040 0.085159257 -0.179374410 -0.025263637 -0.084737472 0.996082962 0.650888306
262125000 0.519681961 0.923879020 0.500000000 0.500000000 0.000000000 0.000000000 0.999532461 -0.018642752 0.024234768 -0.027967431 0.016402716 0.995847046 0.089552402 -0.187952273 -0.025803626 -0.089113012 0.995687246 0.701238196
262166667 0.519681961 0.923879020 0.500000000 0.500000000 0.000000000 0.000000000 0.999523044 -0.018903431 0.024420714 -0.028454512 0.016585641 0.995634258 0.091855273 -0.191886540 -0.026050478 -0.091406427 0.995472848 0.726753017
262208333 0.519681961 0.923879020 0.500000000 0.500000000 0.000000000 0.000000000 0.999516726 -0.018924214 0.024661537 -0.029433168 0.016528305 0.995437384 0.093974419 -0.195478876 -0.026327409 -0.093521386 0.995269120 0.752241847
262250000 0.519681961 0.923879020 0.500000000 0.500000000 0.000000000 0.000000000 0.999514222 -0.019088546 0.024636056 -0.029983229 0.016632933 0.995213866 0.096295111 -0.199197526 -0.026356278 -0.095838569 0.995047867 0.777746912
262291667 0.519681961 0.923879020 0.500000000 0.500000000 0.000000000 0.000000000 0.999514163 -0.019137407 0.024599629 -0.031082306 0.016574351 0.994801641 0.100474045 -0.206009871 -0.026394563 -0.100017510 0.994635522 0.828624230
262333333 0.519681961 0.923879020 0.500000000 0.500000000 0.000000000 0.000000000 0.999506712 -0.019139353 0.024899269 -0.032518468 0.016489469 0.994587064 0.102590054 -0.209732279 -0.026727997 -0.102128871 0.994412065 0.854582314
262375000 0.519681961 0.923879020 0.500000000 0.500000000 0.000000000 0.000000000 0.999504864 -0.019258032 0.024882151 -0.033507049 0.016555358 0.994376957 0.104596347 -0.213256148 -0.026756557 -0.104132630 0.994203448 0.879909605
262416667 0.519681961 0.923879020 0.500000000 0.500000000 0.000000000 0.000000000 0.999506235 -0.019234909 0.024844721 -0.034599926 0.016480869 0.994159400 0.106655821 -0.216465933 -0.026751129 -0.106193699 0.993985534 0.905384411
262458333 0.519681961 0.923879020 0.500000000 0.500000000 0.000000000 0.000000000 0.999510527 -0.019269543 0.024645953 -0.036071779 0.016423617 0.993698955 0.110872120 -0.222742036 -0.026627114 -0.110413074 0.993529022 0.956643400
262500000 0.519681961 0.923879020 0.500000000 0.500000000 0.000000000 0.000000000 0.999511242 -0.019250058 0.024630599 -0.037037862 0.016363649 0.993522584 0.112450227 -0.225434333 -0.026635731 -0.111992225 0.993352056 0.981794596
262541667 0.519681961 0.923879020 0.500000000 0.500000000 0.000000000 0.000000000 0.999508917 -0.019239349 0.024734307 -0.038207737 0.016280126 0.993263960 0.114724137 -0.229001343 -0.026774915 -0.114265122 0.993089437 1.008009689
262583333 0.519681961 0.923879020 0.500000000 0.500000000 0.000000000 0.000000000 0.999512017 -0.019216985 0.024624774 -0.039464746 0.016220255 0.993047476 0.116591439 -0.231590304 -0.026694108 -0.116135128 0.992874622 1.033347919
262625000 0.519681961 0.923879020 0.500000000 0.500000000 0.000000000 0.000000000 0.999526739 -0.018921498 0.024253327 -0.041352270 0.015876539 0.992633522 0.120110877 -0.238786825 -0.026347343 -0.119668983 0.992464185 1.085111181
262666667 0.519681961 0.923879020 0.500000000 0.500000000 0.000000000 0.000000000 0.999528348 -0.018693831 0.024363229 -0.042540082 0.015602119 0.992477298 0.121430598 -0.241910781 -0.026449954 -0.120993212 0.992300868 1.110810394
262708333 0.519681961 0.923879020 0.500000000 0.500000000 0.000000000 0.000000000 0.999531507 -0.018722881 0.024211399 -0.043134579 0.015608076 0.992285550 0.122986704 -0.245113745 -0.026327288 -0.122551195 0.992112935 1.136760727
262750000 0.519681961 0.923879020 0.500000000 0.500000000 0.000000000 0.000000000 0.999533296 -0.018754587 0.024113130 -0.044400828 0.015605947 0.992070198 0.124712236 -0.247724728 -0.026260845 -0.124277726 0.991899908 1.162663433
262791667 0.519681961 0.923879020 0.500000000 0.500000000 0.000000000 0.000000000 0.999549150 -0.018527104 0.023626583 -0.046876503 0.015354716 0.991652787 0.128019378 -0.253920125 -0.025801195 -0.127598882 0.991490185 1.214771544
262833333 0.519681961 0.923879020 0.500000000 0.500000000 0.000000000 0.000000000 0.999559224 -0.018206136 0.023450375 -0.048033078 0.015022268 0.991474271 0.129433721 -0.256924118 -0.025606930 -0.129024401 0.991310716 1.240396169
262875000 0.519681961 0.923879020 0.500000000 0.500000000 0.000000000 0.000000000 0.999564409 -0.018160991 0.023261881 -0.049148013 0.014962330 0.991272986 0.130973399 -0.260694332 -0.025437480 -0.130568296 0.991112947 1.266847610
262916667 0.519681961 0.923879020 0.500000000 0.500000000 0.000000000 0.000000000 0.999568462 -0.018145394 0.023100829 -0.050032960 0.014932770 0.991090536 0.132350266 -0.263573254 -0.025296560 -0.131948188 0.990933776 1.292967874
262958333 0.519681961 0.923879020 0.500000000 0.500000000 0.000000000 0.000000000 0.999582708 -0.017848229 0.022711404 -0.052454930 0.014623446 0.990740240 0.134981245 -0.269752354 -0.024910279 -0.134592801 0.990587831 1.345443831
263000000 0.519681961 0.923879020 0.500000000 0.500000000 0.000000000 0.000000000 0.999592364 -0.017590703 0.022486813 -0.053647916 0.014370748 0.990591705 0.136093780 -0.273176537 -0.024669236 -0.135715157 0.990440726 1.371708915
263041667 0.519681961 0.923879020 0.500000000 0.500000000 0.000000000 0.000000000 0.999596715 -0.017403072 0.022438962 -0.054652939 0.014159898 0.990420282 0.137357816 -0.276204657 -0.024614450 -0.136984691 0.990267277 1.397820937
263083333 0.519681961 0.923879020 0.500000000 0.500000000 0.000000000 0.000000000 0.999604523 -0.017243659 0.022214919 -0.055923361 0.014003820 0.990259349 0.138529107 -0.279212820 -0.024387280 -0.138163224 0.990109205 1.424108649
263125000 0.519681961 0.923879020 0.500000000 0.500000000 0.000000000 0.000000000 0.999615192 -0.016991144 0.021926295 -0.059060243 0.013728627 0.989886165 0.141198233 -0.285772964 -0.024103656 -0.140842885 0.989738524 1.477458018
263166667 0.519681961 0.923879020 0.500000000 0.500000000 0.000000000 0.000000000 0.999622464 -0.016891718 0.021671524 -0.060517960 0.013637599 0.989718139 0.142379895 -0.288484559 -0.023853742 -0.142030582 0.989574790 1.503891235
263208333 0.519681961 0.923879020 0.500000000 0.500000000 0.000000000 0.000000000 0.999630034 -0.016810825 0.021382628 -0.061850135 0.013573768 0.989568651 0.143421143 -0.291371640 -0.023570606 -0.143077835 0.989430726 1.530561000
263250000 0.519681961 0.923879020 0.500000000 0.500000000 0.000000000 0.000000000 0.999635100 -0.016696585 0.021232912 -0.063169957 0.013459357 0.989430428 0.144382581 -0.294905564 -0.023419185 -0.144044131 0.989294112 1.557118290
263291667 0.519681961 0.923879020 0.500000000 0.500000000 0.000000000 0.000000000 0.999640763 -0.016746001 0.020925587 -0.066306266 0.013495722 0.989072323 0.146812215 -0.300696103 -0.023155436 -0.146477073 0.988943040 1.610534812
263333333 0.519681961 0.923879020 0.500000000 0.500000000 0.000000000 0.000000000 0.999650061 -0.016665500 0.020543350 -0.067968520 0.013444992 0.988897622 0.147988841 -0.303681303 -0.022781579 -0.147660851 0.988775671 1.637483072
263375000 0.519681961 0.923879020 0.500000000 0.500000000 0.000000000 0.000000000 0.999655962 -0.016518489 0.020373544 -0.069991114 0.013298489 0.988727689 0.149133220 -0.306915626 -0.022607341 -0.148810983 0.988607228 1.664330777
263416667 0.519681961 0.923879020 0.500000000 0.500000000 0.000000000 0.000000000 0.999660671 -0.016438676 0.020208031 -0.071472515 0.013217838 0.988552928 0.150294185 -0.309689039 -0.022447348 -0.149976075 0.988434792 1.690796616
263458333 0.519681961 0.923879020 0.500000000 0.500000000 0.000000000 0.000000000 0.999676883 -0.016171351 0.019612730 -0.074879022 0.012990911 0.988195956 0.152643278 -0.315227070 -0.021849668 -0.152339160 0.988086700 1.744481001
263500000 0.519681961 0.923879020 0.500000000 0.500000000 0.000000000 0.000000000 0.999687672 -0.015921632 0.019261675 -0.076812196 0.012775907 0.988044322 0.153639823 -0.318092537 -0.021477586 -0.153345764 0.987939179 1.771595063
263541667 0.519681961 0.923879020 0.500000000 0.500000000 0.000000000 0.000000000 0.999693513 -0.015809916 0.019050471 -0.079049866 0.012669033 0.987836242 0.154980764 -0.321394424 -0.021268979 -0.154691920 0.987733781 1.799033147
263583333 0.519681961 0.923879020 0.500000000 0.500000000 0.000000000 0.000000000 0.999699593 -0.015735978 0.018792152 -0.080616752 0.012614187 0.987675905 0.156003922 -0.323947267 -0.021015430 -0.155720010 0.987577677 1.825904324
263625000 0.519681961 0.923879020 0.500000000 0.500000000 0.000000000 0.000000000 0.999716043 -0.015273257 0.018292421 -0.084219842 0.012192846 0.987358630 0.158032551 -0.330106102 -0.020474851 -0.157764643 0.987264454 1.880292469
263666667 0.519681961 0.923879020 0.500000000 0.500000000 0.000000000 0.000000000 0.999722362 -0.015062633 0.018120345 -0.086182435 0.011993400 0.987215817 0.158937365 -0.333445655 -0.020282706 -0.158675909 0.987122357 1.907557305
263708333 0.519681961 0.923879020 0.500000000 0.500000000 0.000000000 0.000000000 0.999727368 -0.014976985 0.017911462 -0.088271133 0.011919524 0.987038255 0.160041809 -0.336559116 -0.020076241 -0.159784675 0.986947715 1.935248634
263750000 0.519681961 0.923879020 0.500000000 0.500000000 0.000000000 0.000000000 0.999735534 -0.014884251 0.017529493 -0.090317203 0.011867265 0.986861467 0.161132291 -0.339203922 -0.019697513 -0.160881653 0.986777127 1.962641443
263791667 0.519681961 0.923879020 0.500000000 0.500000000 0.000000000 0.000000000 0.999746442 -0.014622945 0.017122140 -0.094219465 0.011638107 0.986554801 0.163015902 -0.345711390 -0.019275703 -0.162775308 0.986474872 2.017838280
263833333 0.519681961 0.923879020 0.500000000 0.500000000 0.000000000 0.000000000 0.999751508 -0.014391054 0.017023318 -0.096131701 0.011409405 0.986421227 0.163838297 -0.349097998 -0.019149968 -0.163603351 0.986340344 2.045413137
263875000 0.519681961 0.923879020 0.500000000 0.500000000 0.000000000 0.000000000 0.999755263 -0.014246755 0.016923781 -0.097976104 0.011267073 0.986282647 0.164680168 -0.352283591 -0.019037789 -0.164449185 0.986201823 2.073149454
263916667 0.519681961 0.923879020 0.500000000 0.500000000 0.000000000 0.000000000 0.999759495 -0.014120178 0.016778667 -0.099861619 0.011148179 0.986127496 0.165614977 -0.355559179 -0.018884417 -0.165388107 0.986047745 2.100850824
263958333 0.519681961 0.923879020 0.500000000 0.500000000 0.000000000 0.000000000 0.999769390 -0.013803462 0.016451586 -0.104271388 0.010854156 0.985809326 0.167517558 -0.362392523 -0.018530451 -0.167300358 0.985731840 2.156284183
264000000 0.519681961 0.923879020 0.500000000 0.500000000 0.000000000 0.000000000 0.999776125 -0.013723253 0.016106682 -0.106650142 0.010815822 0.985653043 0.168437302 -0.365668225 -0.018187108 -0.168225378 0.985580742 2.184103138
264041667 0.519681961 0.923879020 0.500000000 0.500000000 0.000000000 0.000000000 0.999780476 -0.013648235 0.015896577 -0.109085563 0.010758010 0.985473096 0.169490576 -0.368719979 -0.017978897 -0.169282362 0.985403597 2.212163707
264083333 0.519681961 0.923879020 0.500000000 0.500000000 0.000000000 0.000000000 0.999786913 -0.013527461 0.015593510 -0.111303979 0.010670393 0.985282600 0.170600057 -0.371660491 -0.017671799 -0.170397311 0.985216975 2.240283658
264125000 0.519681961 0.923879020 0.500000000 0.500000000 0.000000000 0.000000000 0.999795079 -0.013305040 0.015255656 -0.115802200 0.010476947 0.984969258 0.172411814 -0.378377195 -0.017320298 -0.172216654 0.984906793 2.297462699
264166667 0.519681961 0.923879020 0.500000000 0.500000000 0.000000000 0.000000000 0.999799311 -0.013161787 0.015102061 -0.118234147 0.010344809 0.984794497 0.173414916 -0.381070573 -0.017154878 -0.173223898 0.984733045 2.325575614
264208333 0.519681961 0.923879020 0.500000000 0.500000000 0.000000000 0.000000000 0.999803662 -0.013150578 0.014822012 -0.120824469 0.010366436 0.984631002 0.174339786 -0.383951609 -0.016886881 -0.174151912 0.984574020 2.353782200
264250000 0.519681961 0.923879020 0.500000000 0.500000000 0.000000000 0.000000000 0.999810934 -0.012956627 0.014500634 -0.123405689 0.010219723 0.984509051 0.175035551 -0.387511248 -0.016543876 -0.174854249 0.984455347 2.382164710
264291667 0.519681961 0.923879020 0.500000000 0.500000000 0.000000000 0.000000000 0.999818087 -0.012719702 0.014211229 -0.128036158 0.010005366 0.984167755 0.176956877 -0.393034349 -0.016237073 -0.176782504 0.984116018 2.438953407
264333333 0.519681961 0.923879020 0.500000000 0.500000000 0.000000000 0.000000000 0.999822617 -0.012554800 0.014041509 -0.130647268 0.009858849 0.984012187 0.177828133 -0.395921351 -0.016049612 -0.177658156 0.983961403 2.467428364
264375000 0.519681961 0.923879020 0.500000000 0.500000000 0.000000000 0.000000000 0.999827564 -0.012487851 0.013742241 -0.133293456 0.009830072 0.983830512 0.178831995 -0.399082889 -0.015753264 -0.178666070 0.983783662 2.496389054
264416667 0.519681961 0.923879020 0.500000000 0.500000000 0.000000000 0.000000000 0.999829352 -0.012308042 0.013775801 -0.135897819 0.009638503 0.983734250 0.179371297 -0.402215268 -0.015759436 -0.179207921 0.983685017 2.524740796
264458333 0.519681961 0.923879020 0.500000000 0.500000000 0.000000000 0.000000000 0.999835372 -0.012191418 0.013440629 -0.141247257 0.009554998 0.983397841 0.181210905 -0.406999037 -0.015426704 -0.181052640 0.983352423 2.582216102
264500000 0.519681961 0.923879020 0.500000000 0.500000000 0.000000000 0.000000000 0.999839246 -0.012093781 0.013236941 -0.143910012 0.009481702 0.983229578 0.182125568 -0.409761361 -0.015217539 -0.181970790 0.983186185 2.611084504
264541667 0.519681961 0.923879020 0.500000000 0.500000000 0.000000000 0.000000000 0.999842107 -0.011999334 0.013107827 -0.146867214 0.009397846 0.983055055 0.183069572 -0.412185772 -0.015082428 -0.182917476 0.983012557 2.640328284
264583333 0.519681961 0.923879020 0.500000000 0.500000000 0.000000000 0.000000000 0.999843776 -0.011873564 0.013091330 -0.149704459 0.009263379 0.982887685 0.183972776 -0.414257688 -0.015051721 -0.183822781 0.982844174 2.668981471
264625000 0.519681961 0.923879020 0.500000000 0.500000000 0.000000000 0.000000000 0.999850690 -0.011601959 0.012808164 -0.156074718 0.009021983 0.982557893 0.185737878 -0.418867870 -0.014739687 -0.185594589 0.982515872 2.727012015
264666667 0.519681961 0.923879020 0.500000000 0.500000000 0.000000000 0.000000000 0.999853432 -0.011536491 0.012649936 -0.159293489 0.008974545 0.982399046 0.186578691 -0.420971796 -0.014579748 -0.186437815 0.982358575 2.756058713
264708333 0.519681961 0.923879020 0.500000000 0.500000000 0.000000000 0.000000000 0.999855876 -0.011459123 0.012526236 -0.162551330 0.008910239 0.982252657 0.187350780 -0.423190835 -0.014450804 -0.187212154 0.982213199 2.784968313
264750000 0.519681961 0.923879020 0.500000000 0.500000000 0.000000000 0.000000000 0.999857187 -0.011478231 0.012401795 -0.165712189 0.008937015 0.982051969 0.188398615 -0.424823300 -0.014341691 -0.188260868 0.982014358 2.814182594
264791667 0.519681961 0.923879020 0.500000000 0.500000000 0.000000000 0.000000000 0.999863267 -0.011265247 0.012106339 -0.172863768 0.008756587 0.981690764 0.190280363 -0.428900045 -0.014028236 -0.190148324 0.981655121 2.872526925
264833333 0.519681961 0.923879020 0.500000000 0.500000000 0.000000000 0.000000000 0.999868274 -0.011106409 0.011836131 -0.176588565 0.008641218 0.981541753 0.191052705 -0.430914783 -0.013739566 -0.190925255 0.981508434 2.901500346
264875000 0.519681961 0.923879020 0.500000000 0.500000000 0.000000000 0.000000000 0.999870300 -0.011045033 0.011722568 -0.180222480 0.008589566 0.981358171 0.191995651 -0.432952768 -0.013624636 -0.191870064 0.981325746 2.930677252
264916667 0.519681961 0.923879020 0.500000000 0.500000000 0.000000000 0.000000000 0.999871016 -0.011008014 0.011694130 -0.183702167 0.008545930 0.981177926 0.192916602 -0.434777369 -0.013597650 -0.192791775 0.981145442 2.960350721
264958333 0.519681961 0.923879020 0.500000000 0.500000000 0.000000000 0.000000000 0.999878764 -0.010752463 0.011260097 -0.192033149 0.008358677 0.980881989 0.194424018 -0.439119125 -0.013135363 -0.194306329 0.980852962 3.018876079
265000000 0.519681961 0.923879020 0.500000000 0.500000000 0.000000000 0.000000000 0.999881506 -0.010620789 0.011141433 -0.196316912 0.008242671 0.980734646 0.195170671 -0.440991344 -0.012999657 -0.195055708 0.980706036 3.048206511
265041667 0.519681961 0.923879020 0.500000000 0.500000000 0.000000000 0.000000000 0.999884427 -0.010506539 0.010985963 -0.200095774 0.008148744 0.980549514 0.196102798 -0.442379742 -0.012832643 -0.195990607 0.980521798 3.077920983
265083333 0.519681961 0.923879020 0.500000000 0.500000000 0.000000000 0.000000000 0.999885917 -0.010487734 0.010870548 -0.204230182 0.008145217 0.980430424 0.196697250 -0.444183635 -0.012720725 -0.196586266 0.980404019 3.107440537
265125000 0.519681961 0.923879020 0.500000000 0.500000000 0.000000000 0.000000000 0.999890804 -0.010452093 0.010446829 -0.213238290 0.008171424 0.980074525 0.198461920 -0.447480642 -0.012313014 -0.198354885 0.980052948 3.167439225
265166667 0.519681961 0.923879020 0.500000000 0.500000000 0.000000000 0.000000000 0.999892354 -0.010448413 0.010298656 -0.217257329 0.008187599 0.979917347 0.199235916 -0.448381517 -0.012173531 -0.199130148 0.979897439 3.196994036
265208333 0.519681961 0.923879020 0.500000000 0.500000000 0.000000000 0.000000000 0.999893308 -0.010444303 0.010213720 -0.221088891 0.008188997 0.979727626 0.200166866 -0.448991842 -0.012097267 -0.200061858 0.979708612 3.227051898
265250000 0.519681961 0.923879020 0.500000000 0.500000000 0.000000000 0.000000000 0.999896646 -0.010306843 0.010025528 -0.224902254 0.008086081 0.979629278 0.200651795 -0.450750826 -0.011889388 -0.200549990 0.979611337 3.256866210
