https://www.youtube.com/watch?v=jpnD_pvZuLM
126709922 0.485438673 0.863002062 0.500000000 0.500000000 0.000000000 0.000000000 0.995055974 -0.001233287 -0.099307775 0.044886266 0.001170711 0.999999106 -0.000688392 0.011244655 0.099308528 0.000568728 0.995056510 -0.209064156
126751622 0.485438673 0.863002062 0.500000000 0.500000000 0.000000000 0.000000000 0.994483948 -0.001348428 -0.104880303 0.050054321 0.001259597 0.999998808 -0.000913207 0.011497375 0.104881406 0.000776063 0.994484425 -0.217419257
126793333 0.485438673 0.863002062 0.500000000 0.500000000 0.000000000 0.000000000 0.993902922 -0.001293670 -0.110251255 0.055088077 0.001201493 0.999998868 -0.000902493 0.011459599 0.110252298 0.000764524 0.993903339 -0.226499652
126835044 0.485438673 0.863002062 0.500000000 0.500000000 0.000000000 0.000000000 0.992639780 -0.001018624 -0.121100016 0.065875272 0.000928080 0.999999225 -0.000804086 0.011777999 0.121100746 0.000685778 0.992639959 -0.244595745
126876756 0.485438673 0.863002062 0.500000000 0.500000000 0.000000000 0.000000000 0.991985619 -0.000829795 -0.126347959 0.071372610 0.000763668 0.999999523 -0.000571805 0.011429911 0.126348376 0.000470734 0.991985798 -0.253020825
126918456 0.485438673 0.863002062 0.500000000 0.500000000 0.000000000 0.000000000 0.991373837 -0.000612617 -0.131063238 0.076577320 0.000565590 0.999999762 -0.000396039 0.011335314 0.131063446 0.000318495 0.991373956 -0.262067859
126960167 0.485438673 0.863002062 0.500000000 0.500000000 0.000000000 0.000000000 0.990749955 -0.000564372 -0.135698900 0.081541855 0.000511773 0.999999762 -0.000422501 0.011308006 0.135699108 0.000349146 0.990750015 -0.270246819
127001878 0.485438673 0.863002062 0.500000000 0.500000000 0.000000000 0.000000000 0.990142286 -0.000627097 -0.140063703 0.086120452 0.000587769 0.999999762 -0.000322150 0.010871205 0.140063867 0.000236649 0.990142465 -0.278960759
127043589 0.485438673 0.863002062 0.500000000 0.500000000 0.000000000 0.000000000 0.988818586 -0.001277222 -0.149118155 0.096041661 0.001192156 0.999999046 -0.000659844 0.011011477 0.149118856 0.000474694 0.988819182 -0.295469945
127085289 0.485438673 0.863002062 0.500000000 0.500000000 0.000000000 0.000000000 0.988180220 -0.001271447 -0.153291315 0.100902792 0.001236218 0.999999166 -0.000325131 0.010209805 0.153291598 0.000131787 0.988180995 -0.303526382
127127000 0.485438673 0.863002062 0.500000000 0.500000000 0.000000000 0.000000000 0.987500548 -0.001657211 -0.157607004 0.106402616 0.001620709 0.999998629 -0.000360121 0.010042805 0.157607391 0.000100185 0.987501860 -0.312719324
127168711 0.485438673 0.863002062 0.500000000 0.500000000 0.000000000 0.000000000 0.986808062 -0.001975024 -0.161882401 0.111529258 0.001957959 0.999998033 -0.000264949 0.009432715 0.161882609 -0.000055505 0.986810029 -0.320817974
127252122 0.485438673 0.863002062 0.500000000 0.500000000 0.000000000 0.000000000 0.984338284 -0.003109263 -0.176262513 0.128865111 0.003031334 0.999995172 -0.000711378 0.008388896 0.176263869 0.000165926 0.984342933 -0.346239751
127293833 0.485438673 0.863002062 0.500000000 0.500000000 0.000000000 0.000000000 0.983483016 -0.003041929 -0.180974752 0.134322148 0.003006835 0.999995351 -0.000468263 0.007526622 0.180975333 -0.000083633 0.983487606 -0.354040241
127335544 0.485438673 0.863002062 0.500000000 0.500000000 0.000000000 0.000000000 0.982596874 -0.003160388 -0.185724020 0.139803522 0.003097528 0.999994993 -0.000628629 0.007752920 0.185725078 0.000042403 0.982601762 -0.362691863
127377256 0.485438673 0.863002062 0.500000000 0.500000000 0.000000000 0.000000000 0.981687367 -0.003106416 -0.190473810 0.145137327 0.002993925 0.999995112 -0.000878346 0.008365887 0.190475613 0.000291997 0.981691897 -0.370305980
127418956 0.485438673 0.863002062 0.500000000 0.500000000 0.000000000 0.000000000 0.980676949 -0.003235077 -0.195607409 0.150725956 0.003143766 0.999994755 -0.000777278 0.008220266 0.195608899 0.000147315 0.980681956 -0.378924795
127460667 0.485438673 0.863002062 0.500000000 0.500000000 0.000000000 0.000000000 0.978206694 -0.003722850 -0.207600117 0.162443258 0.003595485 0.999993026 -0.000990832 0.009623242 0.207602367 0.000222816 0.978213251 -0.394764961
127502378 0.485438673 0.863002062 0.500000000 0.500000000 0.000000000 0.000000000 0.976790488 -0.003616017 -0.214166477 0.168572109 0.003477549 0.999993443 -0.001023300 0.010224247 0.214168772 0.000254775 0.976796627 -0.402205694
127544089 0.485438673 0.863002062 0.500000000 0.500000000 0.000000000 0.000000000 0.975300729 -0.003695012 -0.220850348 0.175062719 0.003559979 0.999993145 -0.001009443 0.010250327 0.220852569 0.000198288 0.975307167 -0.409824104
127585789 0.485438673 0.863002062 0.500000000 0.500000000 0.000000000 0.000000000 0.973718762 -0.003569059 -0.227725878 0.182111740 0.003437969 0.999993622 -0.000972314 0.010272146 0.227727905 0.000163845 0.973724782 -0.416544816
127669211 0.485438673 0.863002062 0.500000000 0.500000000 0.000000000 0.000000000 0.968888581 -0.003803174 -0.247468010 0.202455635 0.003634016 0.999992728 -0.001140310 0.011021042 0.247470543 0.000205531 0.968895376 -0.437514525
127710922 0.485438673 0.863002062 0.500000000 0.500000000 0.000000000 0.000000000 0.967067719 -0.004085795 -0.254486382 0.210137796 0.003909054 0.999991655 -0.001200229 0.011011335 0.254489183 0.000165901 0.967075586 -0.443243597
127752622 0.485438673 0.863002062 0.500000000 0.500000000 0.000000000 0.000000000 0.965243936 -0.004459197 -0.261312574 0.217536875 0.004271802 0.999990046 -0.001285134 0.010838036 0.261315703 0.000124192 0.965253413 -0.449624417
127794333 0.485438673 0.863002062 0.500000000 0.500000000 0.000000000 0.000000000 0.963299334 -0.004837398 -0.268385917 0.225618931 0.004567259 0.999988258 -0.001630876 0.011369363 0.268390656 0.000345234 0.963310122 -0.455219304
127836044 0.485438673 0.863002062 0.500000000 0.500000000 0.000000000 0.000000000 0.961439073 -0.005075499 -0.274971157 0.233340122 0.004860118 0.999987125 -0.001464613 0.010881659 0.274975032 0.000071743 0.961451352 -0.461482762
127877756 0.485438673 0.863002062 0.500000000 0.500000000 0.000000000 0.000000000 0.957768202 -0.005818360 -0.287482589 0.248865986 0.005640120 0.999983072 -0.001448207 0.010718780 0.287486136 -0.000234390 0.957784772 -0.473795432
127919456 0.485438673 0.863002062 0.500000000 0.500000000 0.000000000 0.000000000 0.955913663 -0.006254909 -0.293581158 0.257033448 0.006003203 0.999980450 -0.001758431 0.011262492 0.293586403 -0.000081519 0.955932558 -0.479509016
127961167 0.485438673 0.863002062 0.500000000 0.500000000 0.000000000 0.000000000 0.954089403 -0.006645276 -0.299448282 0.265118047 0.006446083 0.999977887 -0.001653007 0.010820320 0.299452633 -0.000353152 0.954111099 -0.485888781
128002878 0.485438673 0.863002062 0.500000000 0.500000000 0.000000000 0.000000000 0.952180803 -0.007095430 -0.305452764 0.273933534 0.006890938 0.999974728 -0.001747675 0.011003605 0.305457443 -0.000440754 0.952205598 -0.491484995
128044589 0.485438673 0.863002062 0.500000000 0.500000000 0.000000000 0.000000000 0.950247347 -0.007594255 -0.311403751 0.282865449 0.007426105 0.999970913 -0.001725727 0.010848003 0.311407804 -0.000672649 0.950276136 -0.497158115
128086289 0.485438673 0.863002062 0.500000000 0.500000000 0.000000000 0.000000000 0.946322858 -0.007881780 -0.323126733 0.300744940 0.007727138 0.999968588 -0.001761432 0.011018811 0.323130488 -0.000829961 0.946354032 -0.507504178
128169711 0.485438673 0.863002062 0.500000000 0.500000000 0.000000000 0.000000000 0.942126930 -0.008077050 -0.335159004 0.319521825 0.007817689 0.999967217 -0.002122958 0.012210131 0.335165173 -0.000620073 0.942159176 -0.517293335
128211422 0.485438673 0.863002062 0.500000000 0.500000000 0.000000000 0.000000000 0.940023243 -0.008258456 -0.341010422 0.328520316 0.007943058 0.999965787 -0.002321087 0.013029979 0.341017932 -0.000526790 0.940056622 -0.521850718
128253122 0.485438673 0.863002062 0.500000000 0.500000000 0.000000000 0.000000000 0.937808871 -0.008366137 -0.347051114 0.337973623 0.008145320 0.999964654 -0.002095044 0.012833729 0.347056389 -0.000862092 0.937843859 -0.526778140
128294833 0.485438673 0.863002062 0.500000000 0.500000000 0.000000000 0.000000000 0.933575094 -0.008700294 -0.358276159 0.355831707 0.008442959 0.999961734 -0.002282668 0.013497759 0.358282328 -0.000893869 0.933612883 -0.536159614
128336544 0.485438673 0.863002062 0.500000000 0.500000000 0.000000000 0.000000000 0.931495011 -0.008842114 -0.363646597 0.364476257 0.008572941 0.999960482 -0.002354246 0.013603273 0.363653034 -0.000924552 0.931533992 -0.540768310
128378256 0.485438673 0.863002062 0.500000000 0.500000000 0.000000000 0.000000000 0.929565310 -0.009119425 -0.368544668 0.372321065 0.008930990 0.999957681 -0.002217101 0.013033787 0.368549287 -0.001230528 0.929607391 -0.546281316
128419956 0.485438673 0.863002062 0.500000000 0.500000000 0.000000000 0.000000000 0.927774549 -0.009322311 -0.373024732 0.380706505 0.009172092 0.999955535 -0.002177502 0.012715471 0.373028457 -0.001401186 0.927818835 -0.551138563
128461667 0.485438673 0.863002062 0.500000000 0.500000000 0.000000000 0.000000000 0.926252902 -0.009508516 -0.376782686 0.388002515 0.009416558 0.999953508 -0.002085975 0.012019691 0.376785010 -0.001615856 0.926299334 -0.556375430
128503378 0.485438673 0.863002062 0.500000000 0.500000000 0.000000000 0.000000000 0.923166990 -0.010173465 -0.384264499 0.402340895 0.010009554 0.999946952 -0.002426546 0.011436178 0.384268820 -0.001606209 0.923219860 -0.565754609
128545089 0.485438673 0.863002062 0.500000000 0.500000000 0.000000000 0.000000000 0.921386540 -0.010724886 -0.388499498 0.410075773 0.010467911 0.999941349 -0.002778035 0.011374033 0.388506502 -0.001507135 0.921444774 -0.569735868
128586789 0.485438673 0.863002062 0.500000000 0.500000000 0.000000000 0.000000000 0.919549882 -0.011254955 -0.392812043 0.417517617 0.010952692 0.999935508 -0.003010809 0.010868839 0.392820597 -0.001533760 0.919613838 -0.574779012
128628500 0.485438673 0.863002062 0.500000000 0.500000000 0.000000000 0.000000000 0.917536736 -0.011461494 -0.397485852 0.425495270 0.011124334 0.999933124 -0.003154181 0.010642127 0.397495419 -0.001527689 0.917602897 -0.578598462
128670211 0.485438673 0.863002062 0.500000000 0.500000000 0.000000000 0.000000000 0.915491700 -0.011602205 -0.402169585 0.433153392 0.011244673 0.999931514 -0.003249887 0.010133764 0.402179718 -0.001547021 0.915559411 -0.583266251
128711922 0.485438673 0.863002062 0.500000000 0.500000000 0.000000000 0.000000000 0.911042750 -0.011521110 -0.412150949 0.449499846 0.011136946 0.999932408 -0.003333968 0.009453312 0.412161499 -0.001552715 0.911109507 -0.591841508
128753622 0.485438673 0.863002062 0.500000000 0.500000000 0.000000000 0.000000000 0.908731818 -0.011524739 -0.417221338 0.457919336 0.011095729 0.999932468 -0.003453607 0.009627274 0.417232960 -0.001490972 0.908798337 -0.595877511
128795333 0.485438673 0.863002062 0.500000000 0.500000000 0.000000000 0.000000000 0.906443596 -0.011578845 -0.422168195 0.466197229 0.011140901 0.999931812 -0.003504428 0.009468719 0.422179967 -0.001526768 0.906510770 -0.600409940
128837044 0.485438673 0.863002062 0.500000000 0.500000000 0.000000000 0.000000000 0.904052973 -0.011748469 -0.427258879 0.474625240 0.011229777 0.999929965 -0.003733881 0.009845677 0.427272826 -0.001422395 0.904121637 -0.604400498
128878756 0.485438673 0.863002062 0.500000000 0.500000000 0.000000000 0.000000000 0.901657939 -0.011921155 -0.432285577 0.482833285 0.011375047 0.999927878 -0.003849062 0.009762301 0.432300299 -0.001446731 0.901728570 -0.608548658
128920456 0.485438673 0.863002062 0.500000000 0.500000000 0.000000000 0.000000000 0.896373630 -0.012544219 -0.443121791 0.500488951 0.011772447 0.999920607 -0.004492470 0.010232976 0.443142951 -0.001189696 0.896450162 -0.616605312
128962167 0.485438673 0.863002062 0.500000000 0.500000000 0.000000000 0.000000000 0.893637955 -0.012465535 -0.448615432 0.509439663 0.011690850 0.999921560 -0.004496433 0.009831806 0.448636293 -0.001226512 0.893713593 -0.620107544
129003878 0.485438673 0.863002062 0.500000000 0.500000000 0.000000000 0.000000000 0.890942812 -0.012578995 -0.453941315 0.518139838 0.011779734 0.999920070 -0.004588525 0.009567944 0.453962743 -0.001259195 0.891019762 -0.623803088
129045589 0.485438673 0.863002062 0.500000000 0.500000000 0.000000000 0.000000000 0.888174713 -0.012772165 -0.459328413 0.527261548 0.011845710 0.999917865 -0.004898578 0.009535003 0.459353238 -0.001090278 0.888253033 -0.627001649
129087289 0.485438673 0.863002062 0.500000000 0.500000000 0.000000000 0.000000000 0.885513842 -0.013194612 -0.464425653 0.536106802 0.012198656 0.999912322 -0.005149106 0.009188136 0.464452863 -0.001105764 0.885597169 -0.630547230
129129000 0.485438673 0.863002062 0.500000000 0.500000000 0.000000000 0.000000000 0.879939020 -0.014067036 -0.474878371 0.554446454 0.012809632 0.999900639 -0.005883492 0.009546892 0.474913955 -0.000905904 0.880031765 -0.636831757
129170711 0.485438673 0.863002062 0.500000000 0.500000000 0.000000000 0.000000000 0.877027214 -0.014489839 -0.480222166 0.563885290 0.013172425 0.999894559 -0.006113287 0.009391151 0.480260104 -0.000964171 0.877125621 -0.639419736
129212422 0.485438673 0.863002062 0.500000000 0.500000000 0.000000000 0.000000000 0.874237061 -0.014984742 -0.485267937 0.572832106 0.013598043 0.999887228 -0.006378204 0.009118565 0.485308796 -0.001022632 0.874342203 -0.642369165
129254122 0.485438673 0.863002062 0.500000000 0.500000000 0.000000000 0.000000000 0.871332884 -0.015553867 -0.490445763 0.582211354 0.014000349 0.999878645 -0.006836668 0.009272192 0.490492553 -0.000909398 0.871444881 -0.644867081
129295833 0.485438673 0.863002062 0.500000000 0.500000000 0.000000000 0.000000000 0.868515670 -0.016108466 -0.495399863 0.591188979 0.014490819 0.999869764 -0.007107119 0.009100749 0.495449811 -0.001006105 0.868635952 -0.647939083
129337544 0.485438673 0.863002062 0.500000000 0.500000000 0.000000000 0.000000000 0.862709761 -0.017162459 -0.505408049 0.609787665 0.015314491 0.999852240 -0.007811436 0.009415647 0.505467415 -0.001001064 0.862845123 -0.652854215
129379256 0.485438673 0.863002062 0.500000000 0.500000000 0.000000000 0.000000000 0.859615743 -0.017458536 -0.510642707 0.619941098 0.015430009 0.999847233 -0.008209243 0.009931888 0.510708034 -0.000822426 0.859753847 -0.654692357
129420956 0.485438673 0.863002062 0.500000000 0.500000000 0.000000000 0.000000000 0.856618047 -0.017565411 -0.515651941 0.629713119 0.015531087 0.999845266 -0.008258445 0.009727668 0.515717208 -0.000934302 0.856758356 -0.657208814
129462667 0.485438673 0.863002062 0.500000000 0.500000000 0.000000000 0.000000000 0.853500843 -0.017702941 -0.520790696 0.639900331 0.015502474 0.999843001 -0.008580775 0.010492209 0.520860851 -0.000749845 0.853641272 -0.658774241
129504378 0.485438673 0.863002062 0.500000000 0.500000000 0.000000000 0.000000000 0.850477278 -0.017834716 -0.525709391 0.649764604 0.015618436 0.999840558 -0.008652589 0.010479893 0.525779903 -0.000851928 0.850620210 -0.661096750
129546089 0.485438673 0.863002062 0.500000000 0.500000000 0.000000000 0.000000000 0.844301403 -0.018058604 -0.535564244 0.670147565 0.015749415 0.999836504 -0.008884832 0.011312716 0.535637140 -0.000933347 0.844447732 -0.664579900
129587789 0.485438673 0.863002062 0.500000000 0.500000000 0.000000000 0.000000000 0.840979993 -0.018030819 -0.540765703 0.680930580 0.015479926 0.999837279 -0.009263858 0.012852138 0.540844738 -0.000580294 0.841122270 -0.665174622
129629500 0.485438673 0.863002062 0.500000000 0.500000000 0.000000000 0.000000000 0.837925911 -0.018159641 -0.545481741 0.690955740 0.015470550 0.999835014 -0.009520885 0.013632352 0.545564651 -0.000461107 0.838068604 -0.666863932
129671211 0.485438673 0.863002062 0.500000000 0.500000000 0.000000000 0.000000000 0.834564507 -0.018437121 -0.550601602 0.701728051 0.015468911 0.999830008 -0.010032993 0.015390246 0.550692976 -0.000144027 0.834707856 -0.667706761
129754622 0.485438673 0.863002062 0.500000000 0.500000000 0.000000000 0.000000000 0.825719595 -0.018557141 -0.563775480 0.729577288 0.015888596 0.999827325 -0.009639318 0.015336201 0.563857019 -0.000998228 0.825871825 -0.673122586
129796333 0.485438673 0.863002062 0.500000000 0.500000000 0.000000000 0.000000000 0.823241293 -0.018612683 -0.567386448 0.738179531 0.015829844 0.999826372 -0.009830458 0.015806537 0.567470908 -0.000888801 0.823392987 -0.674511625
129838044 0.485438673 0.863002062 0.500000000 0.500000000 0.000000000 0.000000000 0.821085095 -0.019141596 -0.570484757 0.746483222 0.016136520 0.999816537 -0.010322148 0.016057058 0.570577681 -0.000730276 0.821243346 -0.677356874
129879756 0.485438673 0.863002062 0.500000000 0.500000000 0.000000000 0.000000000 0.818730056 -0.019589877 -0.573844314 0.755081599 0.016258514 0.999808013 -0.010934642 0.017078755 0.573948383 -0.000377336 0.818891406 -0.679231065
129921456 0.485438673 0.863002062 0.500000000 0.500000000 0.000000000 0.000000000 0.816371620 -0.020026196 -0.577179670 0.763390841 0.016609784 0.999799371 -0.011196553 0.016735652 0.577288091 -0.000446281 0.816540420 -0.682032254
129963167 0.485438673 0.863002062 0.500000000 0.500000000 0.000000000 0.000000000 0.810700953 -0.020896859 -0.585087359 0.781140839 0.017120628 0.999781609 -0.011985537 0.017519129 0.585210085 -0.000300377 0.810881674 -0.685348268
130004878 0.485438673 0.863002062 0.500000000 0.500000000 0.000000000 0.000000000 0.807479918 -0.021458264 -0.589504659 0.790624043 0.017424464 0.999769747 -0.012524785 0.018034257 0.589637697 -0.000158291 0.807667851 -0.686264209
130046589 0.485438673 0.863002062 0.500000000 0.500000000 0.000000000 0.000000000 0.804257870 -0.021780578 -0.593881190 0.800237605 0.017595604 0.999762774 -0.012837598 0.017662725 0.594019949 -0.000124960 0.804450333 -0.688358417
130088289 0.485438673 0.863002062 0.500000000 0.500000000 0.000000000 0.000000000 0.800881267 -0.021867029 -0.598423779 0.809877812 0.017434264 0.999760866 -0.013199719 0.018086317 0.598569334 0.000138330 0.801070988 -0.689681909
130130000 0.485438673 0.863002062 0.500000000 0.500000000 0.000000000 0.000000000 0.797691226 -0.021819094 -0.602671266 0.818997169 0.017381564 0.999761939 -0.013189247 0.017506902 0.602815568 0.000045578 0.797880590 -0.692336775
130171711 0.485438673 0.863002062 0.500000000 0.500000000 0.000000000 0.000000000 0.790709019 -0.021839753 -0.611802518 0.837853733 0.017302420 0.999761462 -0.013326789 0.017559453 0.611947656 -0.000048053 0.790898263 -0.696246157
130213422 0.485438673 0.863002062 0.500000000 0.500000000 0.000000000 0.000000000 0.786776781 -0.021932648 -0.616847873 0.847683314 0.017025683 0.999759376 -0.013831547 0.019116383 0.617002785 0.000380083 0.786960840 -0.697238745
130255122 0.485438673 0.863002062 0.500000000 0.500000000 0.000000000 0.000000000 0.782574177 -0.021871543 -0.622173071 0.858367064 0.016951431 0.999760747 -0.013823419 0.018837405 0.622326553 0.000271126 0.782757699 -0.698959450
130296833 0.485438673 0.863002062 0.500000000 0.500000000 0.000000000 0.000000000 0.778138399 -0.021955153 -0.627709031 0.869259217 0.016844425 0.999758899 -0.014087046 0.019703303 0.627866924 0.000388274 0.778320611 -0.699435578
130338544 0.485438673 0.863002062 0.500000000 0.500000000 0.000000000 0.000000000 0.774024010 -0.021744784 -0.632782698 0.879404306 0.016569305 0.999763489 -0.014087932 0.019805274 0.632939398 0.000419629 0.774201214 -0.701066044
130380256 0.485438673 0.863002062 0.500000000 0.500000000 0.000000000 0.000000000 0.765860140 -0.021765381 -0.642638683 0.900187636 0.016442059 0.999763012 -0.014266036 0.020077057 0.642796934 0.000359486 0.766036570 -0.703383921
130421956 0.485438673 0.863002062 0.500000000 0.500000000 0.000000000 0.000000000 0.762131989 -0.021654459 -0.647059441 0.909847841 0.016107859 0.999765337 -0.014485628 0.021162447 0.647221267 0.000617218 0.762301922 -0.704380108
130463667 0.485438673 0.863002062 0.500000000 0.500000000 0.000000000 0.000000000 0.758486032 -0.021893214 -0.651321471 0.919405773 0.016340612 0.999760211 -0.014576273 0.021085511 0.651484430 0.000412908 0.758661926 -0.706323977
130505378 0.485438673 0.863002062 0.500000000 0.500000000 0.000000000 0.000000000 0.754842162 -0.022197179 -0.655530810 0.928930545 0.016431134 0.999753475 -0.014932625 0.022262974 0.655700624 0.000500661 0.755020797 -0.707146911
130547089 0.485438673 0.863002062 0.500000000 0.500000000 0.000000000 0.000000000 0.751175106 -0.022560501 -0.659717381 0.938440734 0.016653970 0.999745369 -0.015225776 0.022643349 0.659892917 0.000450311 0.751359522 -0.708565743
130630500 0.485438673 0.863002062 0.500000000 0.500000000 0.000000000 0.000000000 0.739990354 -0.023623867 -0.672202468 0.966756449 0.016924648 0.999720573 -0.016502749 0.025512751 0.672404528 0.000835084 0.740183413 -0.709627006
