https://www.youtube.com/watch?v=UBGctOY-VIs
271437833 0.454953603 0.808806333 0.500000000 0.500000000 0.000000000 0.000000000 0.999992967 0.003094101 0.002126611 -0.079329876 -0.003076504 0.999961436 -0.008228630 0.183289376 -0.002151989 0.008222030 0.999963880 -0.495444004
271471200 0.454953603 0.808806333 0.500000000 0.500000000 0.000000000 0.000000000 0.999992073 0.003073075 0.002530211 -0.085666936 -0.003050562 0.999956131 -0.008854217 0.197859824 -0.002557309 0.008846428 0.999957621 -0.518511747
271504567 0.454953603 0.808806333 0.500000000 0.500000000 0.000000000 0.000000000 0.999992490 0.003053404 0.002380645 -0.091149129 -0.003031027 0.999951720 -0.009347255 0.211705761 -0.002409071 0.009339970 0.999953508 -0.541826171
271537933 0.454953603 0.808806333 0.500000000 0.500000000 0.000000000 0.000000000 0.999992192 0.002994780 0.002569370 -0.097746264 -0.002968568 0.999944150 -0.010145410 0.226215457 -0.002599609 0.010137703 0.999945223 -0.565010011
271571300 0.454953603 0.808806333 0.500000000 0.500000000 0.000000000 0.000000000 0.999992311 0.002961951 0.002575189 -0.103375078 -0.002933712 0.999936283 -0.010901006 0.240520219 -0.002607313 0.010893367 0.999937296 -0.588103271
271604667 0.454953603 0.808806333 0.500000000 0.500000000 0.000000000 0.000000000 0.999991000 0.003109103 0.002878917 -0.109431525 -0.003075707 0.999928772 -0.011533103 0.254726344 -0.002914570 0.011524145 0.999929368 -0.611290240
271638033 0.454953603 0.808806333 0.500000000 0.500000000 0.000000000 0.000000000 0.999990761 0.003025340 0.003045229 -0.116152888 -0.002987999 0.999921203 -0.012193085 0.268769587 -0.003081877 0.012183873 0.999921024 -0.635003503
271671400 0.454953603 0.808806333 0.500000000 0.500000000 0.000000000 0.000000000 0.999989867 0.003172798 0.003185162 -0.121707674 -0.003131792 0.999913216 -0.012797643 0.282325524 -0.003225490 0.012787540 0.999913037 -0.658184871
271704767 0.454953603 0.808806333 0.500000000 0.500000000 0.000000000 0.000000000 0.999989927 0.003087687 0.003260396 -0.128036173 -0.003044067 0.999906898 -0.013300101 0.295409200 -0.003301159 0.013290042 0.999906242 -0.682404086
271738133 0.454953603 0.808806333 0.500000000 0.500000000 0.000000000 0.000000000 0.999989748 0.003082409 0.003311269 -0.134056731 -0.003035644 0.999896884 -0.014036422 0.308978703 -0.003354194 0.014026226 0.999895990 -0.705968274
271771500 0.454953603 0.808806333 0.500000000 0.500000000 0.000000000 0.000000000 0.999989033 0.003219032 0.003404377 -0.139604099 -0.003169120 0.999888897 -0.014566337 0.322638193 -0.003450889 0.014555388 0.999888122 -0.729886980
271804867 0.454953603 0.808806333 0.500000000 0.500000000 0.000000000 0.000000000 0.999988556 0.003107419 0.003633442 -0.145869463 -0.003051970 0.999880314 -0.015168016 0.336183917 -0.003680140 0.015156753 0.999878347 -0.754129812
271838233 0.454953603 0.808806333 0.500000000 0.500000000 0.000000000 0.000000000 0.999987960 0.003387394 0.003552626 -0.150996579 -0.003330697 0.999868929 -0.015845599 0.350155121 -0.003605836 0.015833575 0.999868155 -0.778743572
271871600 0.454953603 0.808806333 0.500000000 0.500000000 0.000000000 0.000000000 0.999987125 0.003436420 0.003726858 -0.156684893 -0.003374965 0.999860287 -0.016372712 0.363547720 -0.003782601 0.016359923 0.999859035 -0.803279224
271904967 0.454953603 0.808806333 0.500000000 0.500000000 0.000000000 0.000000000 0.999987304 0.003436954 0.003680192 -0.162114589 -0.003373383 0.999847353 -0.017142922 0.377453032 -0.003738550 0.017130291 0.999846280 -0.827982634
271938333 0.454953603 0.808806333 0.500000000 0.500000000 0.000000000 0.000000000 0.999986112 0.003485174 0.003955978 -0.168303533 -0.003414637 0.999837518 -0.017699445 0.391564915 -0.004017021 0.017685689 0.999835551 -0.852647938
271971700 0.454953603 0.808806333 0.500000000 0.500000000 0.000000000 0.000000000 0.999986231 0.003608251 0.003805558 -0.173137149 -0.003538792 0.999829829 -0.018103367 0.405280817 -0.003870232 0.018089652 0.999828875 -0.877597373
272005067 0.454953603 0.808806333 0.500000000 0.500000000 0.000000000 0.000000000 0.999985278 0.003621542 0.004035549 -0.179033025 -0.003545119 0.999817252 -0.018786261 0.419651381 -0.004102847 0.018771678 0.999815404 -0.902828286
272038433 0.454953603 0.808806333 0.500000000 0.500000000 0.000000000 0.000000000 0.999985695 0.003601457 0.003960419 -0.184510333 -0.003524045 0.999805927 -0.019382762 0.434053730 -0.004029457 0.019368527 0.999804318 -0.928033135
272071800 0.454953603 0.808806333 0.500000000 0.500000000 0.000000000 0.000000000 0.999984801 0.003578861 0.004194424 -0.190097006 -0.003494419 0.999794483 -0.019969329 0.448236820 -0.004265029 0.019954368 0.999791801 -0.953051583
272105167 0.454953603 0.808806333 0.500000000 0.500000000 0.000000000 0.000000000 0.999985218 0.003547327 0.004118789 -0.195047529 -0.003462145 0.999783695 -0.020507481 0.462499998 -0.004190646 0.020492919 0.999781191 -0.977885953
272138533 0.454953603 0.808806333 0.500000000 0.500000000 0.000000000 0.000000000 0.999983907 0.003550963 0.004429271 -0.200960691 -0.003457422 0.999774516 -0.020950638 0.476919681 -0.004502667 0.020934986 0.999770701 -1.003213032
272171900 0.454953603 0.808806333 0.500000000 0.500000000 0.000000000 0.000000000 0.999983907 0.003485557 0.004469930 -0.206624896 -0.003388453 0.999761999 -0.021550540 0.491247538 -0.004543982 0.021535046 0.999757767 -1.029138474
272205267 0.454953603 0.808806333 0.500000000 0.500000000 0.000000000 0.000000000 0.999983370 0.003499357 0.004577711 -0.212775575 -0.003396795 0.999747276 -0.022223860 0.506151091 -0.004654323 0.022207942 0.999742568 -1.055284419
272238633 0.454953603 0.808806333 0.500000000 0.500000000 0.000000000 0.000000000 0.999982715 0.003442887 0.004765234 -0.219462546 -0.003334021 0.999737501 -0.022668345 0.520445118 -0.004842028 0.022652065 0.999731660 -1.081507639
272272000 0.454953603 0.808806333 0.500000000 0.500000000 0.000000000 0.000000000 0.999981105 0.003528310 0.005028117 -0.227801516 -0.003410716 0.999724865 -0.023206988 0.535545938 -0.005108615 0.023189401 0.999718010 -1.108417988
272305367 0.454953603 0.808806333 0.500000000 0.500000000 0.000000000 0.000000000 0.999980748 0.003463907 0.005149042 -0.234501047 -0.003340803 0.999712884 -0.023727592 0.550418365 -0.005229754 0.023709934 0.999705195 -1.134704597
272338733 0.454953603 0.808806333 0.500000000 0.500000000 0.000000000 0.000000000 0.999980390 0.003465944 0.005213935 -0.240803030 -0.003338227 0.999698937 -0.024307707 0.565233686 -0.005296614 0.024289826 0.999690950 -1.160989710
272372100 0.454953603 0.808806333 0.500000000 0.500000000 0.000000000 0.000000000 0.999979556 0.003485295 0.005360036 -0.247025251 -0.003351493 0.999687493 -0.024772465 0.580053658 -0.005444700 0.024753995 0.999678731 -1.186906390
272405467 0.454953603 0.808806333 0.500000000 0.500000000 0.000000000 0.000000000 0.999978781 0.003475280 0.005507180 -0.254094145 -0.003334712 0.999673545 -0.025331507 0.594859115 -0.005593416 0.025312604 0.999663949 -1.213449503
272438833 0.454953603 0.808806333 0.500000000 0.500000000 0.000000000 0.000000000 0.999978125 0.003493008 0.005616618 -0.260716264 -0.003346130 0.999657631 -0.025950862 0.610489295 -0.005705342 0.025931502 0.999647439 -1.239362735
272472200 0.454953603 0.808806333 0.500000000 0.500000000 0.000000000 0.000000000 0.999976993 0.003506019 0.005810915 -0.267508938 -0.003350751 0.999642730 -0.026517767 0.626265865 -0.005901811 0.026497686 0.999631464 -1.265489172
272505567 0.454953603 0.808806333 0.500000000 0.500000000 0.000000000 0.000000000 0.999975979 0.003505750 0.005976588 -0.274304960 -0.003342924 0.999628782 -0.027039740 0.642063311 -0.006069163 0.027019113 0.999616504 -1.291568559
272538933 0.454953603 0.808806333 0.500000000 0.500000000 0.000000000 0.000000000 0.999975145 0.003432717 0.006161664 -0.281419763 -0.003261178 0.999612689 -0.027637269 0.657533947 -0.006254148 0.027616488 0.999599040 -1.317681054
272572300 0.454953603 0.808806333 0.500000000 0.500000000 0.000000000 0.000000000 0.999974370 0.003376863 0.006317710 -0.289193062 -0.003197056 0.999595582 -0.028257538 0.674103478 -0.006410577 0.028236615 0.999580741 -1.343463647
272605667 0.454953603 0.808806333 0.500000000 0.500000000 0.000000000 0.000000000 0.999974191 0.003382113 0.006337335 -0.295228505 -0.003198366 0.999580562 -0.028783606 0.689263842 -0.006432026 0.028762594 0.999565601 -1.369477082
272639033 0.454953603 0.808806333 0.500000000 0.500000000 0.000000000 0.000000000 0.999974549 0.003320261 0.006315279 -0.302042458 -0.003134586 0.999569058 -0.029186945 0.704377170 -0.006409466 0.029166408 0.999554038 -1.396017981
272672400 0.454953603 0.808806333 0.500000000 0.500000000 0.000000000 0.000000000 0.999972522 0.003404276 0.006583082 -0.309637385 -0.003206355 0.999549389 -0.029845506 0.721311733 -0.006681718 0.029823579 0.999532819 -1.420885982
272705767 0.454953603 0.808806333 0.500000000 0.500000000 0.000000000 0.000000000 0.999973178 0.003389297 0.006492869 -0.316330693 -0.003191295 0.999536753 -0.030266561 0.736415447 -0.006592443 0.030245028 0.999520779 -1.447268143
272739133 0.454953603 0.808806333 0.500000000 0.500000000 0.000000000 0.000000000 0.999972641 0.003440203 0.006549867 -0.322725186 -0.003236759 0.999519646 -0.030821975 0.752281376 -0.006652755 0.030799931 0.999503434 -1.472647973
272772500 0.454953603 0.808806333 0.500000000 0.500000000 0.000000000 0.000000000 0.999971390 0.003471463 0.006718978 -0.329407675 -0.003259680 0.999505401 -0.031278480 0.767542892 -0.006824236 0.031255681 0.999488115 -1.498644883
272805867 0.454953603 0.808806333 0.500000000 0.500000000 0.000000000 0.000000000 0.999972165 0.003479509 0.006603122 -0.336007852 -0.003267261 0.999486148 -0.031886492 0.783978588 -0.006710679 0.031864032 0.999469697 -1.523960671
272839233 0.454953603 0.808806333 0.500000000 0.500000000 0.000000000 0.000000000 0.999970853 0.003518626 0.006778061 -0.343982258 -0.003297191 0.999469280 -0.032408077 0.800580166 -0.006888495 0.032384783 0.999451756 -1.549868870
272872600 0.454953603 0.808806333 0.500000000 0.500000000 0.000000000 0.000000000 0.999971271 0.003432921 0.006756115 -0.350393713 -0.003208556 0.999452055 -0.032944426 0.816881378 -0.006865509 0.032921802 0.999434352 -1.574375095
272905967 0.454953603 0.808806333 0.500000000 0.500000000 0.000000000 0.000000000 0.999970436 0.003501794 0.006847325 -0.358361989 -0.003270993 0.999435663 -0.033432230 0.833378791 -0.006960534 0.033408847 0.999417543 -1.599871658
272939333 0.454953603 0.808806333 0.500000000 0.500000000 0.000000000 0.000000000 0.999969304 0.003617811 0.006953620 -0.365849778 -0.003379660 0.999417484 -0.033960354 0.850091679 -0.007072431 0.033935811 0.999399006 -1.625137438
272972700 0.454953603 0.808806333 0.500000000 0.500000000 0.000000000 0.000000000 0.999967277 0.003709648 0.007188447 -0.374009098 -0.003458997 0.999396205 -0.034572758 0.866875873 -0.007312359 0.034546759 0.999376357 -1.650450697
273006067 0.454953603 0.808806333 0.500000000 0.500000000 0.000000000 0.000000000 0.999967039 0.003707246 0.007223022 -0.381789383 -0.003451681 0.999378562 -0.035078812 0.883311129 -0.007348579 0.035052724 0.999358475 -1.675567577
273039433 0.454953603 0.808806333 0.500000000 0.500000000 0.000000000 0.000000000 0.999966025 0.003803222 0.007311288 -0.389630296 -0.003541130 0.999362230 -0.035532299 0.899436885 -0.007441763 0.035505202 0.999341786 -1.701129698
273072800 0.454953603 0.808806333 0.500000000 0.500000000 0.000000000 0.000000000 0.999963880 0.003887764 0.007554958 -0.398747587 -0.003611394 0.999336004 -0.036256868 0.916161829 -0.007690900 0.036228277 0.999313951 -1.726786519
273106167 0.454953603 0.808806333 0.500000000 0.500000000 0.000000000 0.000000000 0.999963343 0.003943542 0.007598571 -0.407166122 -0.003660733 0.999312997 -0.036879804 0.932814184 -0.007738788 0.036850639 0.999290824 -1.752422093
273139533 0.454953603 0.808806333 0.500000000 0.500000000 0.000000000 0.000000000 0.999962687 0.004021266 0.007647925 -0.415225043 -0.003731572 0.999288797 -0.037523113 0.949399490 -0.007793376 0.037493173 0.999266505 -1.777548949
273172900 0.454953603 0.808806333 0.500000000 0.500000000 0.000000000 0.000000000 0.999961555 0.004009575 0.007800309 -0.424462967 -0.003709223 0.999265313 -0.038145810 0.965164012 -0.007947527 0.038115412 0.999241710 -1.803271108
273206267 0.454953603 0.808806333 0.500000000 0.500000000 0.000000000 0.000000000 0.999959886 0.004157425 0.007933303 -0.433929732 -0.003847832 0.999245465 -0.038648549 0.980902302 -0.008087995 0.038616471 0.999221385 -1.829475156
273239633 0.454953603 0.808806333 0.500000000 0.500000000 0.000000000 0.000000000 0.999957561 0.004182269 0.008209131 -0.443983837 -0.003856551 0.999220014 -0.039300073 0.997021709 -0.008367090 0.039266746 0.999193728 -1.854862218
273273000 0.454953603 0.808806333 0.500000000 0.500000000 0.000000000 0.000000000 0.999959648 0.004165073 0.007961175 -0.450392810 -0.003844111 0.999195695 -0.039914574 1.012341762 -0.008121019 0.039882362 0.999171376 -1.879602818
273306367 0.454953603 0.808806333 0.500000000 0.500000000 0.000000000 0.000000000 0.999958456 0.004187618 0.008098342 -0.457515017 -0.003857920 0.999179900 -0.040307533 1.025962093 -0.008260492 0.040274613 0.999154508 -1.904461904
273339733 0.454953603 0.808806333 0.500000000 0.500000000 0.000000000 0.000000000 0.999957323 0.004283353 0.008185228 -0.466546949 -0.003945150 0.999155581 -0.040897358 1.041671481 -0.008353494 0.040863320 0.999129832 -1.929417661
273373100 0.454953603 0.808806333 0.500000000 0.500000000 0.000000000 0.000000000 0.999958694 0.004375955 0.007966515 -0.471713351 -0.004043315 0.999138474 -0.041302599 1.055907740 -0.008140390 0.041268680 0.999114931 -1.953829058
273406467 0.454953603 0.808806333 0.500000000 0.500000000 0.000000000 0.000000000 0.999957144 0.004409515 0.008142253 -0.480213527 -0.004065371 0.999117315 -0.041809808 1.070810511 -0.008319427 0.041774917 0.999092400 -1.978328566
273439833 0.454953603 0.808806333 0.500000000 0.500000000 0.000000000 0.000000000 0.999957800 0.004367944 0.008084484 -0.486929222 -0.004022768 0.999099791 -0.042230841 1.084108411 -0.008261668 0.042196535 0.999075174 -2.003195825
273473200 0.454953603 0.808806333 0.500000000 0.500000000 0.000000000 0.000000000 0.999958336 0.004401477 0.007999104 -0.493833523 -0.004055140 0.999075055 -0.042809147 1.098764627 -0.008180129 0.042774927 0.999051273 -2.027644707
273506567 0.454953603 0.808806333 0.500000000 0.500000000 0.000000000 0.000000000 0.999958694 0.004440913 0.007927496 -0.501173681 -0.004092949 0.999050140 -0.043382466 1.113635356 -0.008112624 0.043348230 0.999027073 -2.051732051
273539933 0.454953603 0.808806333 0.500000000 0.500000000 0.000000000 0.000000000 0.999958038 0.004468911 0.007998366 -0.509424055 -0.004114352 0.999031425 -0.043809421 1.128132959 -0.008186400 0.043774672 0.999007881 -2.076552754
273573300 0.454953603 0.808806333 0.500000000 0.500000000 0.000000000 0.000000000 0.999959350 0.004525938 0.007801283 -0.515690373 -0.004176526 0.999012291 -0.044237673 1.142335914 -0.007993795 0.044203289 0.998990595 -2.100798752
273606667 0.454953603 0.808806333 0.500000000 0.500000000 0.000000000 0.000000000 0.999959052 0.004453487 0.007879891 -0.523308687 -0.004096048 0.998987138 -0.044809747 1.156492867 -0.008071469 0.044775635 0.998964489 -2.124571439
273640033 0.454953603 0.808806333 0.500000000 0.500000000 0.000000000 0.000000000 0.999958336 0.004578584 0.007898062 -0.531256286 -0.004216083 0.998963654 -0.045318905 1.171065006 -0.008097374 0.045283716 0.998941362 -2.149188472
273673400 0.454953603 0.808806333 0.500000000 0.500000000 0.000000000 0.000000000 0.999958813 0.004599804 0.007823756 -0.538812758 -0.004237182 0.998943925 -0.045750346 1.185131212 -0.008025936 0.045715310 0.998922288 -2.173540654
273706767 0.454953603 0.808806333 0.500000000 0.500000000 0.000000000 0.000000000 0.999959290 0.004646179 0.007735462 -0.545534840 -0.004283260 0.998918891 -0.046289511 1.199896541 -0.007942169 0.046254493 0.998898089 -2.197048250
273740133 0.454953603 0.808806333 0.500000000 0.500000000 0.000000000 0.000000000 0.999958158 0.004602750 0.007904247 -0.555020722 -0.004228412 0.998898149 -0.046739817 1.214162665 -0.008110669 0.046704438 0.998875797 -2.222004087
273773500 0.454953603 0.808806333 0.500000000 0.500000000 0.000000000 0.000000000 0.999957681 0.004650649 0.007934410 -0.562496108 -0.004271030 0.998875916 -0.047208402 1.228729591 -0.008145041 0.047172517 0.998853564 -2.245929013
273806867 0.454953603 0.808806333 0.500000000 0.500000000 0.000000000 0.000000000 0.999957383 0.004763856 0.007911039 -0.569375698 -0.004381192 0.998851955 -0.047703139 1.243232627 -0.008129207 0.047666445 0.998830199 -2.269848587
273840233 0.454953603 0.808806333 0.500000000 0.500000000 0.000000000 0.000000000 0.999956965 0.004871706 0.007891406 -0.576605949 -0.004485720 0.998827040 -0.048212502 1.258064094 -0.008117028 0.048175029 0.998805940 -2.293732576
273873600 0.454953603 0.808806333 0.500000000 0.500000000 0.000000000 0.000000000 0.999956310 0.004979942 0.007914408 -0.584013451 -0.004588943 0.998804092 -0.048676316 1.272628164 -0.008147349 0.048637871 0.998783231 -2.318163845
273906967 0.454953603 0.808806333 0.500000000 0.500000000 0.000000000 0.000000000 0.999955773 0.005050125 0.007937362 -0.591394497 -0.004654266 0.998781860 -0.049123716 1.287250129 -0.008175774 0.049084596 0.998761177 -2.342314408
273940333 0.454953603 0.808806333 0.500000000 0.500000000 0.000000000 0.000000000 0.999956191 0.004979335 0.007922595 -0.599301054 -0.004579992 0.998756230 -0.049649119 1.301693151 -0.008159961 0.049610663 0.998735309 -2.366482117
273973700 0.454953603 0.808806333 0.500000000 0.500000000 0.000000000 0.000000000 0.999957323 0.005017880 0.007759174 -0.605446120 -0.004621082 0.998721540 -0.050337769 1.317684500 -0.008001843 0.050299764 0.998702109 -2.389917137
274007067 0.454953603 0.808806333 0.500000000 0.500000000 0.000000000 0.000000000 0.999957085 0.004959445 0.007822285 -0.613113430 -0.004556570 0.998703241 -0.050706249 1.332320804 -0.008063616 0.050668430 0.998682976 -2.414375015
274040433 0.454953603 0.808806333 0.500000000 0.500000000 0.000000000 0.000000000 0.999958038 0.004981458 0.007686243 -0.619163192 -0.004581275 0.998676300 -0.051231869 1.347813774 -0.007931278 0.051194508 0.998657227 -2.437417536
274073800 0.454953603 0.808806333 0.500000000 0.500000000 0.000000000 0.000000000 0.999957681 0.005120868 0.007639000 -0.625409478 -0.004718253 0.998645127 -0.051822979 1.363382303 -0.007894029 0.051784746 0.998627067 -2.460941640
274107167 0.454953603 0.808806333 0.500000000 0.500000000 0.000000000 0.000000000 0.999956667 0.005214414 0.007714884 -0.633317186 -0.004803960 0.998620033 -0.052297052 1.378820644 -0.007976936 0.052257720 0.998601794 -2.484930798
274140533 0.454953603 0.808806333 0.500000000 0.500000000 0.000000000 0.000000000 0.999956727 0.005231291 0.007689276 -0.640300647 -0.004817878 0.998591721 -0.052833814 1.394001678 -0.007954836 0.052794483 0.998573720 -2.508548782
274173900 0.454953603 0.808806333 0.500000000 0.500000000 0.000000000 0.000000000 0.999957085 0.005363571 0.007553312 -0.646008710 -0.004952802 0.998561502 -0.053389210 1.409856974 -0.007828803 0.053349510 0.998545229 -2.531670758
274207267 0.454953603 0.808806333 0.500000000 0.500000000 0.000000000 0.000000000 0.999955714 0.005477539 0.007650139 -0.654332954 -0.005057358 0.998533309 -0.053903855 1.425283728 -0.007934180 0.053862780 0.998516798 -2.555636701
274240633 0.454953603 0.808806333 0.500000000 0.500000000 0.000000000 0.000000000 0.999955475 0.005539306 0.007642272 -0.660646349 -0.005115291 0.998504579 -0.054428637 1.440554399 -0.007932340 0.054387122 0.998488426 -2.578740243
274274000 0.454953603 0.808806333 0.500000000 0.500000000 0.000000000 0.000000000 0.999955237 0.005513240 0.007688342 -0.668281395 -0.005083225 0.998480499 -0.054870829 1.455645710 -0.007979175 0.054829292 0.998463869 -2.602404056
274307367 0.454953603 0.808806333 0.500000000 0.500000000 0.000000000 0.000000000 0.999954879 0.005490794 0.007751292 -0.676792608 -0.005052734 0.998448968 -0.055445079 1.471223522 -0.008043706 0.055403411 0.998431623 -2.625725861
274340733 0.454953603 0.808806333 0.500000000 0.500000000 0.000000000 0.000000000 0.999955952 0.005449039 0.007643981 -0.682394195 -0.005012727 0.998419225 -0.055981308 1.486562963 -0.007936942 0.055940524 0.998402536 -2.648093032
274374100 0.454953603 0.808806333 0.500000000 0.500000000 0.000000000 0.000000000 0.999954879 0.005496240 0.007746154 -0.691429814 -0.005049720 0.998388171 -0.056529693 1.502122813 -0.008044370 0.056488030 0.998370886 -2.671893996
274407467 0.454953603 0.808806333 0.500000000 0.500000000 0.000000000 0.000000000 0.999955654 0.005535692 0.007622422 -0.698446085 -0.005091732 0.998356640 -0.057080120 1.517742041 -0.007925873 0.057038777 0.998340487 -2.695094899
274440833 0.454953603 0.808806333 0.500000000 0.500000000 0.000000000 0.000000000 0.999955416 0.005554657 0.007639155 -0.705387528 -0.005105399 0.998325408 -0.057622038 1.533382657 -0.007946433 0.057580467 0.998309255 -2.717456879
274474200 0.454953603 0.808806333 0.500000000 0.500000000 0.000000000 0.000000000 0.999955893 0.005621402 0.007527846 -0.711723749 -0.005174115 0.998293102 -0.058173385 1.549390005 -0.007842013 0.058131870 0.998278141 -2.739726701
274507567 0.454953603 0.808806333 0.500000000 0.500000000 0.000000000 0.000000000 0.999954879 0.005617165 0.007661018 -0.721051712 -0.005158057 0.998263240 -0.058684789 1.564699219 -0.007977355 0.058642626 0.998247147 -2.763539752
274540933 0.454953603 0.808806333 0.500000000 0.500000000 0.000000000 0.000000000 0.999955833 0.005677034 0.007488925 -0.727193647 -0.005223418 0.998228908 -0.059259892 1.581036583 -0.007812082 0.059218157 0.998214483 -2.786216959
274574300 0.454953603 0.808806333 0.500000000 0.500000000 0.000000000 0.000000000 0.999954939 0.005859621 0.007472734 -0.734161559 -0.005403787 0.998206198 -0.059625592 1.597127384 -0.007808713 0.059582520 0.998192847 -2.808793350
274607667 0.454953603 0.808806333 0.500000000 0.500000000 0.000000000 0.000000000 0.999954522 0.005805120 0.007568083 -0.742661294 -0.005339700 0.998176217 -0.060130920 1.612678647 -0.007903348 0.060087774 0.998161793 -2.832188172
274641033 0.454953603 0.808806333 0.500000000 0.500000000 0.000000000 0.000000000 0.999955833 0.005909862 0.007311002 -0.748671134 -0.005455878 0.998145401 -0.060629889 1.628922666 -0.007655757 0.060587320 0.998133540 -2.855644318
274674400 0.454953603 0.808806333 0.500000000 0.500000000 0.000000000 0.000000000 0.999953806 0.005909109 0.007581789 -0.757676964 -0.005433871 0.998108268 -0.061240252 1.645490111 -0.007929321 0.061196223 0.998094261 -2.878422899
274707767 0.454953603 0.808806333 0.500000000 0.500000000 0.000000000 0.000000000 0.999953330 0.006002764 0.007573462 -0.765112300 -0.005524192 0.998079300 -0.061702363 1.662369182 -0.007929301 0.061657645 0.998065889 -2.901475550
274741133 0.454953603 0.808806333 0.500000000 0.500000000 0.000000000 0.000000000 0.999953270 0.006022119 0.007563354 -0.771293479 -0.005540540 0.998051107 -0.062155105 1.679105961 -0.007922919 0.062110297 0.998037815 -2.924219432
274774500 0.454953603 0.808806333 0.500000000 0.500000000 0.000000000 0.000000000 0.999952614 0.006147625 0.007551003 -0.778823528 -0.005662835 0.998020947 -0.062626451 1.696303668 -0.007921063 0.062580727 0.998008490 -2.947527246
274807867 0.454953603 0.808806333 0.500000000 0.500000000 0.000000000 0.000000000 0.999951661 0.006220017 0.007615250 -0.785777102 -0.005727001 0.997988641 -0.063134193 1.713104630 -0.007992628 0.063087530 0.997976005 -2.970081778
274841233 0.454953603 0.808806333 0.500000000 0.500000000 0.000000000 0.000000000 0.999951541 0.006270991 0.007587516 -0.791630967 -0.005775497 0.997955501 -0.063651018 1.730110305 -0.007971158 0.063604116 0.997943401 -2.993000659
274874600 0.454953603 0.808806333 0.500000000 0.500000000 0.000000000 0.000000000 0.999949992 0.006295917 0.007772153 -0.800395993 -0.005783683 0.997916698 -0.064255998 1.747910125 -0.008160512 0.064207830 0.997903168 -3.015896309
274907967 0.454953603 0.808806333 0.500000000 0.500000000 0.000000000 0.000000000 0.999950707 0.006332675 0.007648106 -0.806325711 -0.005824824 0.997888327 -0.064691171 1.765153922 -0.008041623 0.064643428 0.997876048 -3.039023890
274941333 0.454953603 0.808806333 0.500000000 0.500000000 0.000000000 0.000000000 0.999949455 0.006326808 0.007810954 -0.813952869 -0.005805523 0.997865379 -0.065046214 1.781596698 -0.008205815 0.064997584 0.997851670 -3.062429550
274974700 0.454953603 0.808806333 0.500000000 0.500000000 0.000000000 0.000000000 0.999949574 0.006405308 0.007731446 -0.819848561 -0.005884025 0.997824728 -0.065659955 1.799488112 -0.008135200 0.065611154 0.997812092 -3.085133082
275008067 0.454953603 0.808806333 0.500000000 0.500000000 0.000000000 0.000000000 0.999948680 0.006405547 0.007848636 -0.827554702 -0.005871941 0.997787774 -0.066219963 1.817224049 -0.008255448 0.066170476 0.997774184 -3.108060247
275041433 0.454953603 0.808806333 0.500000000 0.500000000 0.000000000 0.000000000 0.999948442 0.006461320 0.007835099 -0.834382043 -0.005925599 0.997764170 -0.066569850 1.834083496 -0.008247709 0.066519991 0.997750998 -3.131964059
275074800 0.454953603 0.808806333 0.500000000 0.500000000 0.000000000 0.000000000 0.999947727 0.006553628 0.007845875 -0.839867913 -0.006012713 0.997729063 -0.067085832 1.851765206 -0.008267713 0.067035154 0.997716367 -3.154787419
275108167 0.454953603 0.808806333 0.500000000 0.500000000 0.000000000 0.000000000 0.999946117 0.006600382 0.008015847 -0.846076744 -0.006043866 0.997696161 -0.067570642 1.868943547 -0.008443372 0.067518555 0.997682273 -3.177890303
275141533 0.454953603 0.808806333 0.500000000 0.500000000 0.000000000 0.000000000 0.999945104 0.006617316 0.008127377 -0.852669881 -0.006049020 0.997662783 -0.068061523 1.886063348 -0.008558767 0.068008624 0.997648001 -3.201252822
275174900 0.454953603 0.808806333 0.500000000 0.500000000 0.000000000 0.000000000 0.999946117 0.006640043 0.007982518 -0.858115314 -0.006078267 0.997636020 -0.068450421 1.903422403 -0.008418160 0.068398215 0.997622609 -3.224719092
275208267 0.454953603 0.808806333 0.500000000 0.500000000 0.000000000 0.000000000 0.999946177 0.006620806 0.007987833 -0.863229734 -0.006054881 0.997604907 -0.068903960 1.921130808 -0.008424901 0.068851881 0.997591317 -3.247026911
275241633 0.454953603 0.808806333 0.500000000 0.500000000 0.000000000 0.000000000 0.999945879 0.006675741 0.007980495 -0.869089906 -0.006106328 0.997572899 -0.069361664 1.938560949 -0.008424166 0.069309182 0.997559667 -3.270293681
275275000 0.454953603 0.808806333 0.500000000 0.500000000 0.000000000 0.000000000 0.999946177 0.006663550 0.007955994 -0.874759347 -0.006092328 0.997543693 -0.069781646 1.955914752 -0.008401445 0.069729418 0.997530580 -3.293684829
275308367 0.454953603 0.808806333 0.500000000 0.500000000 0.000000000 0.000000000 0.999947071 0.006625598 0.007867706 -0.880655264 -0.006056983 0.997513235 -0.070218578 1.973306975 -0.008313381 0.070167206 0.997500598 -3.316846723
275341733 0.454953603 0.808806333 0.500000000 0.500000000 0.000000000 0.000000000 0.999947131 0.006552781 0.007921616 -0.887142945 -0.005975929 0.997474670 -0.070770942 1.990778756 -0.008365357 0.070719868 0.997461140 -3.339733502
275375100 0.454953603 0.808806333 0.500000000 0.500000000 0.000000000 0.000000000 0.999947727 0.006583188 0.007821373 -0.891919362 -0.006008754 0.997434974 -0.071325429 2.008432222 -0.008270860 0.071274705 0.997422457 -3.363135642
275408467 0.454953603 0.808806333 0.500000000 0.500000000 0.000000000 0.000000000 0.999947369 0.006591548 0.007861452 -0.897561938 -0.006010594 0.997403681 -0.071762256 2.025992347 -0.008314066 0.071711227 0.997390807 -3.386248920
275441833 0.454953603 0.808806333 0.500000000 0.500000000 0.000000000 0.000000000 0.999946833 0.006702803 0.007836697 -0.902951305 -0.006119673 0.997371137 -0.072203249 2.043779185 -0.008300059 0.072151445 0.997359157 -3.409853204
275475200 0.454953603 0.808806333 0.500000000 0.500000000 0.000000000 0.000000000 0.999946475 0.006716389 0.007868198 -0.908395146 -0.006126671 0.997333884 -0.072715469 2.061992339 -0.008335606 0.072663374 0.997321665 -3.432687056
275508567 0.454953603 0.808806333 0.500000000 0.500000000 0.000000000 0.000000000 0.999947190 0.006778265 0.007728506 -0.912766130 -0.006194822 0.997300446 -0.073166989 2.079859753 -0.008203588 0.073115245 0.997289777 -3.456208737
275541933 0.454953603 0.808806333 0.500000000 0.500000000 0.000000000 0.000000000 0.999947011 0.006792348 0.007736477 -0.917709527 -0.006203924 0.997261405 -0.073696494 2.098200608 -0.008215862 0.073644586 0.997250736 -3.479191082
275575300 0.454953603 0.808806333 0.500000000 0.500000000 0.000000000 0.000000000 0.999947667 0.006784550 0.007656919 -0.922087582 -0.006197875 0.997223914 -0.074202806 2.116712981 -0.008139095 0.074151464 0.997213781 -3.502135279
275608667 0.454953603 0.808806333 0.500000000 0.500000000 0.000000000 0.000000000 0.999949038 0.006804136 0.007458005 -0.925016756 -0.006229072 0.997194827 -0.074590288 2.134972512 -0.007944606 0.074540034 0.997186363 -3.525067760
275642033 0.454953603 0.808806333 0.500000000 0.500000000 0.000000000 0.000000000 0.999948442 0.006822723 0.007522838 -0.930067905 -0.006238926 0.997158825 -0.075069360 2.153390678 -0.008013641 0.075018555 0.997149944 -3.547620148
275675400 0.454953603 0.808806333 0.500000000 0.500000000 0.000000000 0.000000000 0.999948502 0.006774423 0.007560117 -0.935569649 -0.006183987 0.997121930 -0.075562052 2.171217522 -0.008050247 0.075511411 0.997112453 -3.569667254
275708767 0.454953603 0.808806333 0.500000000 0.500000000 0.000000000 0.000000000 0.999947667 0.006881862 0.007567693 -0.939588485 -0.006286908 0.997087061 -0.076012097 2.189492860 -0.008068753 0.075960539 0.997078180 -3.592338603
275742133 0.454953603 0.808806333 0.500000000 0.500000000 0.000000000 0.000000000 0.999947429 0.006907863 0.007575940 -0.944677070 -0.006307750 0.997044861 -0.076562211 2.207164303 -0.008082434 0.076510400 0.997036040 -3.614787989
275775500 0.454953603 0.808806333 0.500000000 0.500000000 0.000000000 0.000000000 0.999948978 0.006908296 0.007369098 -0.947395394 -0.006319991 0.997005582 -0.077070586 2.225626804 -0.007879458 0.077020086 0.996998429 -3.637470199
275808867 0.454953603 0.808806333 0.500000000 0.500000000 0.000000000 0.000000000 0.999948084 0.006981827 0.007424680 -0.951506564 -0.006385478 0.996970654 -0.077515908 2.242993674 -0.007943391 0.077464469 0.996963441 -3.659902435
275842233 0.454953603 0.808806333 0.500000000 0.500000000 0.000000000 0.000000000 0.999949217 0.007035370 0.007216799 -0.954820924 -0.006449479 0.996915102 -0.078222267 2.261555117 -0.007744859 0.078171745 0.996909797 -3.682419318
275875600 0.454953603 0.808806333 0.500000000 0.500000000 0.000000000 0.000000000 0.999949217 0.007039180 0.007212205 -0.958635169 -0.006449999 0.996878207 -0.078690790 2.279541528 -0.007743609 0.078640275 0.996872962 -3.704846752
275908967 0.454953603 0.808806333 0.500000000 0.500000000 0.000000000 0.000000000 0.999949098 0.007051348 0.007216618 -0.962762585 -0.006457434 0.996833861 -0.079250075 2.298120974 -0.007752589 0.079199441 0.996828616 -3.727374609
275942333 0.454953603 0.808806333 0.500000000 0.500000000 0.000000000 0.000000000 0.999949276 0.007106944 0.007140358 -0.966157625 -0.006514928 0.996792436 -0.079764977 2.316148427 -0.007684340 0.079714410 0.996788144 -3.750106729
275975700 0.454953603 0.808806333 0.500000000 0.500000000 0.000000000 0.000000000 0.999948978 0.007122941 0.007162528 -0.970554345 -0.006525503 0.996754944 -0.080231071 2.334170642 -0.007710766 0.080180235 0.996750534 -3.772827847
276009067 0.454953603 0.808806333 0.500000000 0.500000000 0.000000000 0.000000000 0.999949217 0.007147777 0.007106695 -0.974179627 -0.006551897 0.996724963 -0.080600567 2.351082727 -0.007659535 0.080549911 0.996721148 -3.795914808
276042433 0.454953603 0.808806333 0.500000000 0.500000000 0.000000000 0.000000000 0.999948621 0.007217950 0.007120821 -0.978658088 -0.006617816 0.996694088 -0.080975570 2.367162161 -0.007681758 0.080924287 0.996690631 -3.818799699
276075800 0.454953603 0.808806333 0.500000000 0.500000000 0.000000000 0.000000000 0.999948680 0.007244020 0.007081338 -0.982200779 -0.006643842 0.996660471 -0.081386782 2.384240473 -0.007647257 0.081335552 0.996657431 -3.842043702
276109167 0.454953603 0.808806333 0.500000000 0.500000000 0.000000000 0.000000000 0.999948919 0.007346153 0.006938567 -0.983945959 -0.006755896 0.996644974 -0.081566639 2.399879198 -0.007514489 0.081515595 0.996643722 -3.865420196
276142533 0.454953603 0.808806333 0.500000000 0.500000000 0.000000000 0.000000000 0.999949157 0.007412332 0.006833979 -0.987536434 -0.006828444 0.996623158 -0.081827104 2.414979756 -0.007417432 0.081776284 0.996623099 -3.889287047
276175900 0.454953603 0.808806333 0.500000000 0.500000000 0.000000000 0.000000000 0.999948382 0.007401876 0.006960230 -0.992982566 -0.006806417 0.996609390 -0.081996232 2.429527308 -0.007543557 0.081944630 0.996608317 -3.913502540
276209267 0.454953603 0.808806333 0.500000000 0.500000000 0.000000000 0.000000000 0.999950171 0.007309254 0.006799939 -0.995535087 -0.006725770 0.996593595 -0.082194924 2.444122065 -0.007377559 0.082145095 0.996593058 -3.937339566
276242633 0.454953603 0.808806333 0.500000000 0.500000000 0.000000000 0.000000000 0.999950111 0.007282529 0.006839745 -0.999781733 -0.006693986 0.996572971 -0.082447328 2.460124091 -0.007416730 0.082397431 0.996571958 -3.960943336
276276000 0.454953603 0.808806333 0.500000000 0.500000000 0.000000000 0.000000000 0.999951243 0.007212334 0.006742319 -1.003313294 -0.006630668 0.996557713 -0.082636446 2.475138891 -0.007315111 0.082587712 0.996556938 -3.985036941
276309367 0.454953603 0.808806333 0.500000000 0.500000000 0.000000000 0.000000000 0.999950171 0.007254334 0.006855173 -1.008548482 -0.006660970 0.996532619 -0.082936190 2.491107927 -0.007433050 0.082886398 0.996531308 -4.008807129
276342733 0.454953603 0.808806333 0.500000000 0.500000000 0.000000000 0.000000000 0.999950171 0.007257569 0.006854341 -1.013642346 -0.006662620 0.996514201 -0.083156481 2.506538062 -0.007433962 0.083106674 0.996512949 -4.032919993
276376100 0.454953603 0.808806333 0.500000000 0.500000000 0.000000000 0.000000000 0.999951184 0.007243644 0.006719053 -1.016280427 -0.006657599 0.996487021 -0.083482645 2.522922154 -0.007300167 0.083433837 0.996486604 -4.056716424
276409467 0.454953603 0.808806333 0.500000000 0.500000000 0.000000000 0.000000000 0.999950409 0.007290293 0.006784678 -1.021712624 -0.006695946 0.996456504 -0.083842650 2.539087211 -0.007371875 0.083793066 0.996455908 -4.080777747
276442833 0.454953603 0.808806333 0.500000000 0.500000000 0.000000000 0.000000000 0.999952435 0.007192769 0.006589480 -1.024243468 -0.006613597 0.996439219 -0.084054366 2.553779129 -0.007170600 0.084006786 0.996439397 -4.104709445
276476200 0.454953603 0.808806333 0.500000000 0.500000000 0.000000000 0.000000000 0.999953091 0.007175362 0.006503262 -1.027887605 -0.006601616 0.996416986 -0.084318586 2.569629118 -0.007084977 0.084271699 0.996417642 -4.128455647
276509567 0.454953603 0.808806333 0.500000000 0.500000000 0.000000000 0.000000000 0.999952734 0.007335367 0.006379318 -1.030600188 -0.006770481 0.996403515 -0.084464274 2.584244705 -0.006975952 0.084417090 0.996406078 -4.153189646
276542933 0.454953603 0.808806333 0.500000000 0.500000000 0.000000000 0.000000000 0.999950588 0.007415501 0.006619005 -1.037817183 -0.006828440 0.996383727 -0.084692806 2.598682312 -0.007223109 0.084643424 0.996385098 -4.177212435
276576300 0.454953603 0.808806333 0.500000000 0.500000000 0.000000000 0.000000000 0.999953151 0.007312596 0.006337510 -1.039370315 -0.006746538 0.996345162 -0.085151486 2.615544501 -0.006937026 0.085104741 0.996347845 -4.200516965
276609667 0.454953603 0.808806333 0.500000000 0.500000000 0.000000000 0.000000000 0.999951720 0.007438048 0.006421441 -1.044025864 -0.006862834 0.996325493 -0.085372426 2.631860844 -0.007032849 0.085324235 0.996328413 -4.223979390
276643033 0.454953603 0.808806333 0.500000000 0.500000000 0.000000000 0.000000000 0.999951541 0.007377587 0.006514153 -1.049593982 -0.006793693 0.996314108 -0.085510761 2.645662825 -0.007121006 0.085462362 0.996315956 -4.247797809
276676400 0.454953603 0.808806333 0.500000000 0.500000000 0.000000000 0.000000000 0.999952614 0.007343976 0.006388160 -1.052948907 -0.006769254 0.996293187 -0.085755639 2.660381205 -0.006994268 0.085708335 0.996295691 -4.271991833
276709767 0.454953603 0.808806333 0.500000000 0.500000000 0.000000000 0.000000000 0.999952257 0.007365264 0.006420542 -1.058128412 -0.006785679 0.996268511 -0.086040482 2.675398476 -0.007030295 0.085992806 0.996270955 -4.296117263
276743133 0.454953603 0.808806333 0.500000000 0.500000000 0.000000000 0.000000000 0.999952018 0.007405990 0.006408663 -1.062227708 -0.006825176 0.996242464 -0.086338408 2.690151415 -0.007024003 0.086290523 0.996245265 -4.319397591
276776500 0.454953603 0.808806333 0.500000000 0.500000000 0.000000000 0.000000000 0.999950826 0.007482277 0.006508048 -1.068868872 -0.006890412 0.996215463 -0.086644553 2.706433152 -0.007131717 0.086595453 0.996218026 -4.343415026
276809867 0.454953603 0.808806333 0.500000000 0.500000000 0.000000000 0.000000000 0.999950349 0.007470686 0.006596276 -1.074936608 -0.006869676 0.996196985 -0.086858243 2.721474753 -0.007220081 0.086808614 0.996198833 -4.366963636
276843233 0.454953603 0.808806333 0.500000000 0.500000000 0.000000000 0.000000000 0.999948978 0.007578589 0.006680580 -1.080845866 -0.006967426 0.996167421 -0.087189004 2.737250740 -0.007315746 0.087138005 0.996169388 -4.390358510
276876600 0.454953603 0.808806333 0.500000000 0.500000000 0.000000000 0.000000000 0.999946952 0.007621035 0.006929293 -1.089009659 -0.006986228 0.996146381 -0.087427348 2.751704270 -0.007568877 0.087374300 0.996146798 -4.414065850
276909967 0.454953603 0.808806333 0.500000000 0.500000000 0.000000000 0.000000000 0.999946952 0.007660158 0.006887539 -1.093401814 -0.007025926 0.996112108 -0.087814048 2.769281693 -0.007533430 0.087761000 0.996113062 -4.437576806
276943333 0.454953603 0.808806333 0.500000000 0.500000000 0.000000000 0.000000000 0.999947190 0.007648571 0.006866162 -1.099254097 -0.007015492 0.996103227 -0.087915823 2.782672622 -0.007511836 0.087863013 0.996104240 -4.461691429
276976700 0.454953603 0.808806333 0.500000000 0.500000000 0.000000000 0.000000000 0.999946117 0.007683966 0.006975769 -1.105734944 -0.007039179 0.996080637 -0.088169523 2.798638466 -0.007625919 0.088115670 0.996081054 -4.485594441
277010067 0.454953603 0.808806333 0.500000000 0.500000000 0.000000000 0.000000000 0.999945343 0.007664627 0.007113463 -1.112997341 -0.007006560 0.996066988 -0.088326208 2.813441317 -0.007762473 0.088271536 0.996066213 -4.509568112
277043433 0.454953603 0.808806333 0.500000000 0.500000000 0.000000000 0.000000000 0.999944091 0.007653372 0.007299139 -1.122046499 -0.006977349 0.996049285 -0.088527896 2.829043255 -0.007947839 0.088472016 0.996046960 -4.533153433
277076800 0.454953603 0.808806333 0.500000000 0.500000000 0.000000000 0.000000000 0.999944866 0.007665684 0.007178134 -1.126090803 -0.006998315 0.996026397 -0.088782914 2.844575133 -0.007830193 0.088727780 0.996025145 -4.556944622
277110167 0.454953603 0.808806333 0.500000000 0.500000000 0.000000000 0.000000000 0.999944687 0.007649378 0.007216978 -1.134031737 -0.006975896 0.995995700 -0.089128345 2.862224753 -0.007869856 0.089073069 0.995994031 -4.580986317
277143533 0.454953603 0.808806333 0.500000000 0.500000000 0.000000000 0.000000000 0.999943733 0.007630196 0.007372808 -1.142447490 -0.006940174 0.995965540 -0.089467712 2.878728023 -0.008025719 0.089411512 0.995962441 -4.603894891
277176900 0.454953603 0.808806333 0.500000000 0.500000000 0.000000000 0.000000000 0.999943852 0.007699165 0.007279524 -1.146539107 -0.007016110 0.995952606 -0.089605637 2.893273276 -0.007939950 0.089549534 0.995950699 -4.627708189
277210267 0.454953603 0.808806333 0.500000000 0.500000000 0.000000000 0.000000000 0.999942780 0.007727222 0.007400414 -1.154805688 -0.007031493 0.995933175 -0.089820027 2.908844217 -0.008064378 0.089762852 0.995930493 -4.651163499
277243633 0.454953603 0.808806333 0.500000000 0.500000000 0.000000000 0.000000000 0.999942243 0.007680284 0.007521333 -1.164226158 -0.006971327 0.995905459 -0.090131924 2.923674680 -0.008182775 0.090074286 0.995901406 -4.674318876
277277000 0.454953603 0.808806333 0.500000000 0.500000000 0.000000000 0.000000000 0.999942243 0.007652710 0.007546794 -1.169439186 -0.006939646 0.995884478 -0.090365507 2.939127827 -0.008207276 0.090307914 0.995880067 -4.698078968
277310367 0.454953603 0.808806333 0.500000000 0.500000000 0.000000000 0.000000000 0.999941289 0.007613498 0.007714299 -1.179779623 -0.006883425 0.995862842 -0.090608202 2.955028169 -0.008372229 0.090549774 0.995856762 -4.721844228
277343733 0.454953603 0.808806333 0.500000000 0.500000000 0.000000000 0.000000000 0.999941766 0.007601445 0.007658070 -1.185656997 -0.006875078 0.995847225 -0.090780109 2.970304304 -0.008316328 0.090722173 0.995841503 -4.744751114
277377100 0.454953603 0.808806333 0.500000000 0.500000000 0.000000000 0.000000000 0.999941289 0.007665212 0.007656872 -1.191645682 -0.006936531 0.995823205 -0.091038771 2.985553140 -0.008322722 0.090980321 0.995817900 -4.767826435
277410467 0.454953603 0.808806333 0.500000000 0.500000000 0.000000000 0.000000000 0.999941945 0.007588103 0.007648389 -1.197719251 -0.006858089 0.995797157 -0.091329135 3.001650226 -0.008309258 0.091271378 0.995791376 -4.791058395
277443833 0.454953603 0.808806333 0.500000000 0.500000000 0.000000000 0.000000000 0.999939442 0.007657302 0.007904568 -1.209498290 -0.006901034 0.995769262 -0.091629200 3.016982988 -0.008572758 0.091569096 0.995761812 -4.813322887
277477200 0.454953603 0.808806333 0.500000000 0.500000000 0.000000000 0.000000000 0.999939442 0.007677147 0.007887489 -1.216314007 -0.006920367 0.995747745 -0.091861188 3.031780632 -0.008559181 0.091801040 0.995740592 -4.836165135
277510567 0.454953603 0.808806333 0.500000000 0.500000000 0.000000000 0.000000000 0.999938011 0.007728547 0.008011904 -1.224710154 -0.006956982 0.995714188 -0.092221893 3.049091151 -0.008690308 0.092160441 0.995706260 -4.858892244
277543933 0.454953603 0.808806333 0.500000000 0.500000000 0.000000000 0.000000000 0.999937832 0.007747141 0.008022742 -1.232484112 -0.006971647 0.995683789 -0.092548095 3.064844796 -0.008705097 0.092486404 0.995675921 -4.880505548
277577300 0.454953603 0.808806333 0.500000000 0.500000000 0.000000000 0.000000000 0.999939024 0.007685061 0.007932197 -1.238286698 -0.006915895 0.995659292 -0.092815340 3.079367633 -0.008611058 0.092754826 0.995651722 -4.903020795
277610667 0.454953603 0.808806333 0.500000000 0.500000000 0.000000000 0.000000000 0.999939263 0.007700585 0.007886130 -1.244369009 -0.006931992 0.995619774 -0.093237601 3.096748157 -0.008569571 0.093177266 0.995612681 -4.925632026
277644033 0.454953603 0.808806333 0.500000000 0.500000000 0.000000000 0.000000000 0.999938786 0.007740796 0.007909418 -1.252615756 -0.006967145 0.995590031 -0.093551837 3.111603525 -0.008598704 0.093491003 0.995582998 -4.947298558
277677400 0.454953603 0.808806333 0.500000000 0.500000000 0.000000000 0.000000000 0.999938428 0.007789681 0.007906579 -1.258125584 -0.007014270 0.995569944 -0.093761660 3.126070172 -0.008601926 0.093700424 0.995563269 -4.969426472
277710767 0.454953603 0.808806333 0.500000000 0.500000000 0.000000000 0.000000000 0.999937236 0.007745627 0.008091604 -1.269187932 -0.006950001 0.995537579 -0.094109640 3.142422006 -0.008784434 0.094047494 0.995528936 -4.990464238
277744133 0.454953603 0.808806333 0.500000000 0.500000000 0.000000000 0.000000000 0.999939084 0.007714387 0.007891537 -1.272321746 -0.006936321 0.995522380 -0.094271503 3.155958586 -0.008583449 0.094211020 0.995515227 -5.012798946
277777500 0.454953603 0.808806333 0.500000000 0.500000000 0.000000000 0.000000000 0.999939084 0.007711662 0.007894842 -1.280931529 -0.006930596 0.995492697 -0.094584368 3.171024069 -0.008588661 0.094523892 0.995485544 -5.034406616
277810867 0.454953603 0.808806333 0.500000000 0.500000000 0.000000000 0.000000000 0.999939919 0.007659127 0.007843859 -1.287182222 -0.006880155 0.995460212 -0.094929732 3.185869290 -0.008535328 0.094870061 0.995453060 -5.055972700
277844233 0.454953603 0.808806333 0.500000000 0.500000000 0.000000000 0.000000000 0.999941170 0.007650713 0.007691322 -1.291566869 -0.006884449 0.995439768 -0.095143564 3.201420905 -0.008384163 0.095085017 0.995433867 -5.077819826
277877600 0.454953603 0.808806333 0.500000000 0.500000000 0.000000000 0.000000000 0.999940217 0.007717689 0.007742524 -1.300365328 -0.006944387 0.995418251 -0.095363833 3.215165307 -0.008443038 0.095304362 0.995412350 -5.098639183
277910967 0.454953603 0.808806333 0.500000000 0.500000000 0.000000000 0.000000000 0.999940515 0.007689804 0.007735639 -1.307422884 -0.006913187 0.995372057 -0.095847256 3.231653554 -0.008436886 0.095788077 0.995365977 -5.119338967
277944333 0.454953603 0.808806333 0.500000000 0.500000000 0.000000000 0.000000000 0.999942482 0.007602020 0.007562463 -1.312147111 -0.006840900 0.995355189 -0.096027330 3.245697773 -0.008257339 0.095970072 0.995349944 -5.141115424
277977700 0.454953603 0.808806333 0.500000000 0.500000000 0.000000000 0.000000000 0.999943376 0.007630490 0.007416042 -1.315748659 -0.006881546 0.995334208 -0.096241571 3.259964870 -0.008115810 0.096185088 0.995330393 -5.162630032
278011067 0.454953603 0.808806333 0.500000000 0.500000000 0.000000000 0.000000000 0.999942005 0.007627567 0.007600091 -1.325425861 -0.006858214 0.995302796 -0.096567556 3.274808548 -0.008300968 0.096509837 0.995297432 -5.182849099
278044433 0.454953603 0.808806333 0.500000000 0.500000000 0.000000000 0.000000000 0.999943018 0.007577317 0.007522953 -1.331927276 -0.006813779 0.995281160 -0.096793227 3.288426351 -0.008220887 0.096736446 0.995276093 -5.203676353
278077800 0.454953603 0.808806333 0.500000000 0.500000000 0.000000000 0.000000000 0.999943674 0.007595703 0.007416984 -1.336618684 -0.006840470 0.995258808 -0.097021379 3.302278659 -0.008118764 0.096965179 0.995254636 -5.224722441
