https://www.youtube.com/watch?v=LnmeaGDorhU
165598767 0.478958507 0.851481840 0.500000000 0.500000000 0.000000000 0.000000000 0.997988701 0.013502388 -0.061937179 0.006251697 -0.013976645 0.999876201 -0.007230183 0.101058643 0.061831888 0.008081315 0.998053849 -0.499323768
165632133 0.478958507 0.851481840 0.500000000 0.500000000 0.000000000 0.000000000 0.997803032 0.014975972 -0.064535365 0.009687050 -0.015454249 0.999856651 -0.006918256 0.103459015 0.064422503 0.007900403 0.997891426 -0.515206332
165665500 0.478958507 0.851481840 0.500000000 0.500000000 0.000000000 0.000000000 0.997604668 0.014750795 -0.067582227 0.014003301 -0.015265462 0.999858201 -0.007105315 0.107238402 0.067467839 0.008119970 0.997688413 -0.530952655
165698867 0.478958507 0.851481840 0.500000000 0.500000000 0.000000000 0.000000000 0.997416973 0.014589024 -0.070332065 0.017350974 -0.015127126 0.999860227 -0.007124311 0.110134164 0.070218295 0.008169831 0.997498214 -0.547380325
165732233 0.478958507 0.851481840 0.500000000 0.500000000 0.000000000 0.000000000 0.997227311 0.014684622 -0.072952680 0.020548249 -0.015253577 0.999857366 -0.007247931 0.113734150 0.072835840 0.008340624 0.997309089 -0.564704454
165765600 0.478958507 0.851481840 0.500000000 0.500000000 0.000000000 0.000000000 0.997025013 0.014207475 -0.075758278 0.024623229 -0.014813625 0.999862552 -0.007445160 0.117371246 0.075642087 0.008545266 0.997098446 -0.581242100
165798967 0.478958507 0.851481840 0.500000000 0.500000000 0.000000000 0.000000000 0.996817648 0.014633116 -0.078361049 0.028267408 -0.015245100 0.999857724 -0.007217237 0.118941118 0.078244291 0.008388891 0.996898949 -0.598770751
165832333 0.478958507 0.851481840 0.500000000 0.500000000 0.000000000 0.000000000 0.996647239 0.014108031 -0.080592938 0.030440025 -0.014772399 0.999861598 -0.007653183 0.124851223 0.080473818 0.008818075 0.996717691 -0.618798193
165865700 0.478958507 0.851481840 0.500000000 0.500000000 0.000000000 0.000000000 0.996421874 0.014275542 -0.083304778 0.034685462 -0.014918323 0.999863505 -0.007098613 0.125885964 0.083192073 0.008315980 0.996498823 -0.637576789
165899067 0.478958507 0.851481840 0.500000000 0.500000000 0.000000000 0.000000000 0.996231198 0.014357428 -0.085541256 0.037585375 -0.015042077 0.999859750 -0.007364540 0.130900047 0.085423522 0.008623502 0.996307433 -0.656198900
165932433 0.478958507 0.851481840 0.500000000 0.500000000 0.000000000 0.000000000 0.995994329 0.014977031 -0.088152997 0.041250476 -0.015703041 0.999848187 -0.007548032 0.135598299 0.088026568 0.008902067 0.996078372 -0.674193385
165965800 0.478958507 0.851481840 0.500000000 0.500000000 0.000000000 0.000000000 0.995766163 0.015861403 -0.090543635 0.044683336 -0.016602334 0.999834538 -0.007435787 0.139228973 0.090410709 0.008907541 0.995864749 -0.694740892
165999167 0.478958507 0.851481840 0.500000000 0.500000000 0.000000000 0.000000000 0.995475531 0.016517429 -0.093571283 0.049569325 -0.017374713 0.999814153 -0.008354528 0.146451368 0.093415901 0.009942503 0.995577514 -0.712751330
166032533 0.478958507 0.851481840 0.500000000 0.500000000 0.000000000 0.000000000 0.995163977 0.018138105 -0.096538529 0.054786184 -0.019000681 0.999787271 -0.008023174 0.148862960 0.096372470 0.009818672 0.995296896 -0.731339857
166065900 0.478958507 0.851481840 0.500000000 0.500000000 0.000000000 0.000000000 0.994838834 0.019482916 -0.099579878 0.059653917 -0.020364884 0.999761820 -0.007847990 0.153054223 0.099403262 0.009835417 0.994998634 -0.749328510
166099267 0.478958507 0.851481840 0.500000000 0.500000000 0.000000000 0.000000000 0.994514287 0.021050781 -0.102460787 0.063744647 -0.022021040 0.999722660 -0.008347556 0.159407079 0.102256648 0.010558057 0.994702041 -0.766740565
166132633 0.478958507 0.851481840 0.500000000 0.500000000 0.000000000 0.000000000 0.994133234 0.022045491 -0.105892211 0.069611789 -0.023032570 0.999701858 -0.008107537 0.162103250 0.105681904 0.010498943 0.994344532 -0.786338575
166166000 0.478958507 0.851481840 0.500000000 0.500000000 0.000000000 0.000000000 0.993756175 0.023371274 -0.109098166 0.074516779 -0.024411621 0.999668300 -0.008209848 0.166382781 0.108870104 0.010821850 0.993997097 -0.804369397
166199367 0.478958507 0.851481840 0.500000000 0.500000000 0.000000000 0.000000000 0.993316650 0.024282344 -0.112837993 0.081394010 -0.025350370 0.999646306 -0.008039747 0.170313658 0.112602852 0.010846500 0.993580878 -0.823254421
166232733 0.478958507 0.851481840 0.500000000 0.500000000 0.000000000 0.000000000 0.992845356 0.025082605 -0.116743386 0.089514233 -0.026176929 0.999626517 -0.007849743 0.173728222 0.116502889 0.010849563 0.993131101 -0.841843999
166266100 0.478958507 0.851481840 0.500000000 0.500000000 0.000000000 0.000000000 0.992408574 0.026479995 -0.120099902 0.095207784 -0.027562214 0.999593019 -0.007358542 0.175943785 0.119856164 0.010612899 0.992734551 -0.859093322
166299467 0.478958507 0.851481840 0.500000000 0.500000000 0.000000000 0.000000000 0.992027462 0.027483894 -0.122988656 0.099068429 -0.028552346 0.999568284 -0.006933015 0.179297150 0.122745007 0.010389356 0.992383838 -0.879846791
166332833 0.478958507 0.851481840 0.500000000 0.500000000 0.000000000 0.000000000 0.991455793 0.028280584 -0.127340659 0.108373106 -0.029384533 0.999545038 -0.006798661 0.183456511 0.127090469 0.010482418 0.991835713 -0.896260464
166366200 0.478958507 0.851481840 0.500000000 0.500000000 0.000000000 0.000000000 0.990842164 0.029187301 -0.131832927 0.118425661 -0.030302977 0.999519885 -0.006464102 0.186706967 0.131580964 0.010399835 0.991250873 -0.914415023
166399567 0.478958507 0.851481840 0.500000000 0.500000000 0.000000000 0.000000000 0.990234017 0.030355342 -0.136070162 0.127563668 -0.031425014 0.999489725 -0.005719586 0.188745164 0.135827124 0.009939735 0.990682721 -0.934023829
166432933 0.478958507 0.851481840 0.500000000 0.500000000 0.000000000 0.000000000 0.989695251 0.031320434 -0.139722392 0.133797473 -0.032393776 0.999460518 -0.005413801 0.192571915 0.139477447 0.009884149 0.990175903 -0.952467050
166466300 0.478958507 0.851481840 0.500000000 0.500000000 0.000000000 0.000000000 0.989038885 0.032730941 -0.143982008 0.142854898 -0.033755865 0.999419153 -0.004680678 0.194144944 0.143745169 0.009489610 0.989569247 -0.973394676
166499667 0.478958507 0.851481840 0.500000000 0.500000000 0.000000000 0.000000000 0.988393307 0.033572130 -0.148160696 0.152635133 -0.034585126 0.999392629 -0.004265410 0.196290882 0.147927508 0.009340059 0.988954127 -0.995222133
166533033 0.478958507 0.851481840 0.500000000 0.500000000 0.000000000 0.000000000 0.987745821 0.034090865 -0.152302235 0.162444581 -0.035059128 0.999378502 -0.003675784 0.197927305 0.152082264 0.008970324 0.988327146 -1.016746547
166566400 0.478958507 0.851481840 0.500000000 0.500000000 0.000000000 0.000000000 0.987107992 0.035678964 -0.156028315 0.169592239 -0.036516555 0.999329925 -0.002504196 0.197160847 0.155834422 0.008169529 0.987749398 -1.040964579
166599767 0.478958507 0.851481840 0.500000000 0.500000000 0.000000000 0.000000000 0.986220479 0.037076168 -0.161228016 0.183819912 -0.037879232 0.999280512 -0.001909017 0.200131511 0.161041230 0.007989906 0.986915350 -1.057342995
166633133 0.478958507 0.851481840 0.500000000 0.500000000 0.000000000 0.000000000 0.985549808 0.037872020 -0.165097728 0.191466148 -0.038588572 0.999254525 -0.001133714 0.201158855 0.164931715 0.007488217 0.986276567 -1.082287957
166666500 0.478958507 0.851481840 0.500000000 0.500000000 0.000000000 0.000000000 0.984851778 0.038466662 -0.169077620 0.199881198 -0.039169729 0.999232233 -0.000823577 0.204028035 0.168916121 0.007433825 0.985602379 -1.105541026
166699867 0.478958507 0.851481840 0.500000000 0.500000000 0.000000000 0.000000000 0.983940601 0.039590914 -0.174050122 0.212175249 -0.040324178 0.999186397 -0.000677352 0.208142255 0.173881710 0.007684902 0.984736562 -1.122920025
166733233 0.478958507 0.851481840 0.500000000 0.500000000 0.000000000 0.000000000 0.983037114 0.040325798 -0.178918466 0.223470803 -0.041012313 0.999158621 -0.000138383 0.210182583 0.178762361 0.007473896 0.983863890 -1.143224000
166766600 0.478958507 0.851481840 0.500000000 0.500000000 0.000000000 0.000000000 0.982230484 0.041056696 -0.183132842 0.232347565 -0.041785713 0.999126613 -0.000122126 0.214065266 0.182967886 0.007772292 0.983088195 -1.163196277
166799967 0.478958507 0.851481840 0.500000000 0.500000000 0.000000000 0.000000000 0.981440902 0.041653551 -0.187186435 0.240004808 -0.042346992 0.999102950 0.000294425 0.215964895 0.187030777 0.007637822 0.982324362 -1.182936732
166833333 0.478958507 0.851481840 0.500000000 0.500000000 0.000000000 0.000000000 0.980415404 0.042947095 -0.192200765 0.250293639 -0.043568149 0.999049962 0.000995866 0.217434959 0.192060933 0.007397470 0.981355131 -1.196431183
166866700 0.478958507 0.851481840 0.500000000 0.500000000 0.000000000 0.000000000 0.979422390 0.043792531 -0.197012573 0.259764326 -0.044312064 0.999016166 0.001772569 0.218369046 0.196896359 0.006993939 0.980399370 -1.210219078
166900067 0.478958507 0.851481840 0.500000000 0.500000000 0.000000000 0.000000000 0.978417993 0.044551753 -0.201775655 0.269727570 -0.045036398 0.998982966 0.002190654 0.220727319 0.201668039 0.006943874 0.979429305 -1.222825489
166933433 0.478958507 0.851481840 0.500000000 0.500000000 0.000000000 0.000000000 0.977393270 0.045529649 -0.206468955 0.279013926 -0.045978960 0.998938978 0.002624186 0.222535641 0.206369355 0.006928366 0.978449643 -1.236348802
166966800 0.478958507 0.851481840 0.500000000 0.500000000 0.000000000 0.000000000 0.976227701 0.046418075 -0.211718887 0.290538257 -0.046860892 0.998897135 0.002928328 0.225195880 0.211621314 0.007062621 0.977326214 -1.248806099
167000167 0.478958507 0.851481840 0.500000000 0.500000000 0.000000000 0.000000000 0.975160658 0.047478359 -0.216350466 0.300449068 -0.047888558 0.998847067 0.003349116 0.227321949 0.216260031 0.007094786 0.976310015 -1.264292885
167033533 0.478958507 0.851481840 0.500000000 0.500000000 0.000000000 0.000000000 0.974202514 0.047827162 -0.220549360 0.308145241 -0.048232596 0.998829842 0.003549675 0.229306463 0.220461056 0.007179566 0.975369334 -1.280501824
167066900 0.478958507 0.851481840 0.500000000 0.500000000 0.000000000 0.000000000 0.973075449 0.049038492 -0.225209743 0.318414619 -0.049423344 0.998770177 0.003932073 0.231611959 0.225125596 0.007304415 0.974302351 -1.296221951
167100267 0.478958507 0.851481840 0.500000000 0.500000000 0.000000000 0.000000000 0.971980274 0.049345791 -0.229824468 0.327933676 -0.049726486 0.998754323 0.004138622 0.234473684 0.229742393 0.007405703 0.973223269 -1.312328885
167133633 0.478958507 0.851481840 0.500000000 0.500000000 0.000000000 0.000000000 0.970881820 0.049886242 -0.234307230 0.336773272 -0.050315764 0.998724759 0.004148236 0.237696678 0.234215364 0.007761900 0.972153723 -1.326466232
167167000 0.478958507 0.851481840 0.500000000 0.500000000 0.000000000 0.000000000 0.969709277 0.050987557 -0.238881096 0.347649110 -0.051583152 0.998661637 0.003761929 0.243687257 0.238753200 0.008674263 0.971041560 -1.342443621
167200367 0.478958507 0.851481840 0.500000000 0.500000000 0.000000000 0.000000000 0.968718350 0.050851192 -0.242896855 0.355728671 -0.051426809 0.998668849 0.003974563 0.245311158 0.242775634 0.008641179 0.970043957 -1.360512510
167233733 0.478958507 0.851481840 0.500000000 0.500000000 0.000000000 0.000000000 0.967695236 0.051855139 -0.246732652 0.362735685 -0.052370682 0.998617709 0.004476915 0.246809866 0.246623740 0.008589268 0.969073236 -1.378441751
167267100 0.478958507 0.851481840 0.500000000 0.500000000 0.000000000 0.000000000 0.966600955 0.052112993 -0.250931829 0.371740919 -0.052645586 0.998602688 0.004594478 0.249676575 0.250820637 0.008769426 0.967993855 -1.395793830
167300467 0.478958507 0.851481840 0.500000000 0.500000000 0.000000000 0.000000000 0.965478718 0.052880894 -0.255057752 0.381046366 -0.053466495 0.998558879 0.004641785 0.253264366 0.254935622 0.009155499 0.966914654 -1.413552080
167333833 0.478958507 0.851481840 0.500000000 0.500000000 0.000000000 0.000000000 0.964344621 0.053153072 -0.259257019 0.390702851 -0.053829707 0.998540044 0.004493918 0.257500590 0.259117365 0.009622043 0.965797901 -1.429848089
167367200 0.478958507 0.851481840 0.500000000 0.500000000 0.000000000 0.000000000 0.963201344 0.053473242 -0.263408095 0.400645571 -0.054070100 0.998524666 0.004988314 0.258834601 0.263286233 0.009437752 0.964671612 -1.447364330
167400567 0.478958507 0.851481840 0.500000000 0.500000000 0.000000000 0.000000000 0.962079942 0.053864278 -0.267396331 0.410026846 -0.054294568 0.998508155 0.005789934 0.258030905 0.267309278 0.008947789 0.963569224 -1.464634073
167433933 0.478958507 0.851481840 0.500000000 0.500000000 0.000000000 0.000000000 0.960897744 0.054814648 -0.271423757 0.420170454 -0.055316675 0.998451948 0.005806880 0.262541536 0.271321893 0.009434443 0.962442398 -1.479883782
167467300 0.478958507 0.851481840 0.500000000 0.500000000 0.000000000 0.000000000 0.959664583 0.054993901 -0.275716364 0.431368748 -0.055450145 0.998442531 0.006146556 0.264808672 0.275624961 0.009389880 0.961219370 -1.494927141
167500667 0.478958507 0.851481840 0.500000000 0.500000000 0.000000000 0.000000000 0.958733797 0.055337720 -0.278867841 0.436802374 -0.055765148 0.998423338 0.006406406 0.267094041 0.278782666 0.009409068 0.960308135 -1.513229847
167534033 0.478958507 0.851481840 0.500000000 0.500000000 0.000000000 0.000000000 0.957544088 0.056127768 -0.282770306 0.446627264 -0.056686904 0.998372674 0.006210772 0.270929647 0.282658726 0.010082284 0.959167540 -1.529975042
167567400 0.478958507 0.851481840 0.500000000 0.500000000 0.000000000 0.000000000 0.956353247 0.056703176 -0.286658794 0.457130695 -0.057290416 0.998337388 0.006345613 0.273514837 0.286541998 0.010354153 0.958011746 -1.547129246
167600767 0.478958507 0.851481840 0.500000000 0.500000000 0.000000000 0.000000000 0.955154538 0.057015933 -0.290566653 0.468012588 -0.057702973 0.998314500 0.006210537 0.276858347 0.290430993 0.010834537 0.956834614 -1.562895226
167634133 0.478958507 0.851481840 0.500000000 0.500000000 0.000000000 0.000000000 0.953942180 0.057686221 -0.294391841 0.479207488 -0.058376893 0.998273790 0.006448752 0.279498189 0.294255674 0.011033946 0.955663025 -1.578424769
167667500 0.478958507 0.851481840 0.500000000 0.500000000 0.000000000 0.000000000 0.952832460 0.057921983 -0.297918320 0.488172744 -0.058648780 0.998257458 0.006507127 0.282304208 0.297776103 0.011272345 0.954569161 -1.594862499
167700867 0.478958507 0.851481840 0.500000000 0.500000000 0.000000000 0.000000000 0.951711237 0.057561141 -0.301550031 0.498081109 -0.058290027 0.998277962 0.006588430 0.284539317 0.301409990 0.011307077 0.953427613 -1.609689148
167734233 0.478958507 0.851481840 0.500000000 0.500000000 0.000000000 0.000000000 0.950452089 0.058390558 -0.305338115 0.508679285 -0.059132930 0.998226762 0.006825233 0.287846626 0.305195212 0.011568479 0.952219546 -1.624619372
167767600 0.478958507 0.851481840 0.500000000 0.500000000 0.000000000 0.000000000 0.949157357 0.059261408 -0.309173822 0.519808592 -0.059958808 0.998174489 0.007254436 0.290264413 0.309039325 0.011652093 0.950977862 -1.639902748
167800967 0.478958507 0.851481840 0.500000000 0.500000000 0.000000000 0.000000000 0.947968662 0.059857782 -0.312685907 0.529817332 -0.060566958 0.998136282 0.007453636 0.292841019 0.312549323 0.011872620 0.949827313 -1.654984861
167834333 0.478958507 0.851481840 0.500000000 0.500000000 0.000000000 0.000000000 0.946687996 0.060721956 -0.316377431 0.540963027 -0.061321568 0.998085439 0.008070447 0.294093951 0.316261768 0.011760565 0.948599041 -1.670890763
167867700 0.478958507 0.851481840 0.500000000 0.500000000 0.000000000 0.000000000 0.945450485 0.061446138 -0.319918364 0.551836906 -0.061939180 0.998042464 0.008644165 0.295501209 0.319823265 0.011642851 0.947405696 -1.685835209
167901067 0.478958507 0.851481840 0.500000000 0.500000000 0.000000000 0.000000000 0.944034636 0.061991427 -0.323968589 0.565621403 -0.062472098 0.998006761 0.008926925 0.297773550 0.323876262 0.011811671 0.946025729 -1.699198713
167934433 0.478958507 0.851481840 0.500000000 0.500000000 0.000000000 0.000000000 0.942967653 0.062907338 -0.326886296 0.573088778 -0.063316822 0.997949183 0.009399629 0.299710414 0.326807231 0.011833857 0.945016921 -1.716085276
167967800 0.478958507 0.851481840 0.500000000 0.500000000 0.000000000 0.000000000 0.941583395 0.063345112 -0.330768973 0.586157024 -0.063692324 0.997921467 0.009800817 0.300812200 0.330702275 0.011839159 0.943660855 -1.731065376
168001167 0.478958507 0.851481840 0.500000000 0.500000000 0.000000000 0.000000000 0.940242231 0.065185562 -0.334208608 0.597212087 -0.065690868 0.997791886 0.009803149 0.306702726 0.334109664 0.012737119 0.942448139 -1.744279349
168034533 0.478958507 0.851481840 0.500000000 0.500000000 0.000000000 0.000000000 0.938920200 0.065087005 -0.337923884 0.610543391 -0.065633290 0.997795463 0.009822032 0.308635724 0.337818205 0.012956952 0.941122174 -1.758159545
168067900 0.478958507 0.851481840 0.500000000 0.500000000 0.000000000 0.000000000 0.937700033 0.066016629 -0.341116428 0.620351500 -0.066654190 0.997727394 0.009864550 0.313002173 0.340992421 0.013486849 0.939969301 -1.774603161
168101267 0.478958507 0.851481840 0.500000000 0.500000000 0.000000000 0.000000000 0.936228752 0.067023881 -0.344939917 0.634751486 -0.067727238 0.997653484 0.010026157 0.316359712 0.344802499 0.013975050 0.938571215 -1.788776831
168134633 0.478958507 0.851481840 0.500000000 0.500000000 0.000000000 0.000000000 0.934810877 0.067796789 -0.348614633 0.648403494 -0.068534866 0.997596264 0.010231021 0.319329712 0.348470300 0.014328188 0.937210321 -1.802869522
168168000 0.478958507 0.851481840 0.500000000 0.500000000 0.000000000 0.000000000 0.933252156 0.068603523 -0.352610201 0.663862655 -0.069410130 0.997534275 0.010371827 0.322323793 0.352452308 0.014795190 0.935712814 -1.817806400
168201367 0.478958507 0.851481840 0.500000000 0.500000000 0.000000000 0.000000000 0.931898475 0.068996586 -0.356096417 0.676356970 -0.069830708 0.997503281 0.010528577 0.324667915 0.355933785 0.015054899 0.934389889 -1.831199575
168234733 0.478958507 0.851481840 0.500000000 0.500000000 0.000000000 0.000000000 0.930627286 0.069219343 -0.359362692 0.688254232 -0.070070811 0.997484922 0.010672910 0.326782295 0.359197617 0.015248333 0.933136940 -1.845019427
168268100 0.478958507 0.851481840 0.500000000 0.500000000 0.000000000 0.000000000 0.929314196 0.069370285 -0.362715989 0.701147554 -0.070376620 0.997465670 0.010455806 0.330916559 0.362522066 0.015809998 0.931841075 -1.859610115
168301467 0.478958507 0.851481840 0.500000000 0.500000000 0.000000000 0.000000000 0.928494930 0.070162572 -0.364656478 0.706355491 -0.071204543 0.997405350 0.010605766 0.334041819 0.364454448 0.016117796 0.931081712 -1.875767458
168334833 0.478958507 0.851481840 0.500000000 0.500000000 0.000000000 0.000000000 0.927317441 0.070539415 -0.367568403 0.717103783 -0.071716502 0.997370064 0.010474079 0.338161126 0.367340565 0.016647924 0.929937482 -1.891548974
168368200 0.478958507 0.851481840 0.500000000 0.500000000 0.000000000 0.000000000 0.926154792 0.070614107 -0.370474011 0.728482770 -0.071769595 0.997363985 0.010684204 0.339627536 0.370251894 0.016693542 0.928781390 -1.906363008
168401567 0.478958507 0.851481840 0.500000000 0.500000000 0.000000000 0.000000000 0.925102532 0.071467221 -0.372931331 0.737330086 -0.072593816 0.997300446 0.011041100 0.341488930 0.372713655 0.016858358 0.927793264 -1.923489659
168434933 0.478958507 0.851481840 0.500000000 0.500000000 0.000000000 0.000000000 0.924268961 0.072147161 -0.374862224 0.743282044 -0.073029228 0.997259140 0.011873084 0.341038067 0.374691367 0.016401974 0.927004516 -1.939999872
168468300 0.478958507 0.851481840 0.500000000 0.500000000 0.000000000 0.000000000 0.923357427 0.072051138 -0.377120316 0.750770485 -0.072834782 0.997269392 0.012202631 0.342066337 0.376969755 0.016200086 0.926083863 -1.957635349
168501667 0.478958507 0.851481840 0.500000000 0.500000000 0.000000000 0.000000000 0.922496498 0.072046816 -0.379222274 0.758656185 -0.072907686 0.997265160 0.012110829 0.345830316 0.379057705 0.016476020 0.925226331 -1.973779151
168535033 0.478958507 0.851481840 0.500000000 0.500000000 0.000000000 0.000000000 0.921873569 0.072070472 -0.380729526 0.762935594 -0.072882891 0.997264624 0.012304077 0.347823722 0.380574852 0.016405866 0.924604595 -1.990332698
168568400 0.478958507 0.851481840 0.500000000 0.500000000 0.000000000 0.000000000 0.921027482 0.072153911 -0.382756025 0.771090250 -0.072951458 0.997257769 0.012451133 0.349890580 0.382604808 0.016454775 0.923765540 -2.005569907
168601767 0.478958507 0.851481840 0.500000000 0.500000000 0.000000000 0.000000000 0.920370221 0.071996130 -0.384363413 0.776791188 -0.072754033 0.997270465 0.012589569 0.351362879 0.384220690 0.016376926 0.923096001 -2.021429569
168635133 0.478958507 0.851481840 0.500000000 0.500000000 0.000000000 0.000000000 0.920218468 0.072383448 -0.384653807 0.775114416 -0.073392630 0.997229993 0.012077590 0.356835130 0.384462535 0.017116735 0.922981918 -2.038774486
168668500 0.478958507 0.851481840 0.500000000 0.500000000 0.000000000 0.000000000 0.919858217 0.072506160 -0.385491490 0.776588956 -0.073636502 0.997214735 0.011852572 0.360956830 0.385277152 0.017483557 0.922635257 -2.053630384
168701867 0.478958507 0.851481840 0.500000000 0.500000000 0.000000000 0.000000000 0.919429660 0.072016820 -0.386604011 0.780755460 -0.073172472 0.997250080 0.011748032 0.363376715 0.386386931 0.017487282 0.922170997 -2.068800335
168735233 0.478958507 0.851481840 0.500000000 0.500000000 0.000000000 0.000000000 0.919073999 0.071618527 -0.387522578 0.783773628 -0.072705999 0.997282743 0.011874730 0.364743513 0.387320012 0.017261460 0.921783745 -2.084358530
168768600 0.478958507 0.851481840 0.500000000 0.500000000 0.000000000 0.000000000 0.918825984 0.071344838 -0.388160706 0.785208440 -0.072645210 0.997293353 0.011344318 0.369712501 0.387919426 0.017774563 0.921521902 -2.099701690
168801967 0.478958507 0.851481840 0.500000000 0.500000000 0.000000000 0.000000000 0.918808937 0.071129300 -0.388240665 0.783304719 -0.072433814 0.997309268 0.011294731 0.371851654 0.387999386 0.017744053 0.921488822 -2.116843550
168835333 0.478958507 0.851481840 0.500000000 0.500000000 0.000000000 0.000000000 0.918477893 0.070476249 -0.389141917 0.787059722 -0.072056115 0.997344732 0.010554410 0.377343787 0.388852477 0.018346064 0.921117365 -2.133046871
168868700 0.478958507 0.851481840 0.500000000 0.500000000 0.000000000 0.000000000 0.918137789 0.070402846 -0.389956921 0.790580814 -0.072048999 0.997346640 0.010424557 0.380156609 0.389656126 0.018524826 0.920774102 -2.147336822
168902067 0.478958507 0.851481840 0.500000000 0.500000000 0.000000000 0.000000000 0.918005884 0.070218697 -0.390300632 0.791271246 -0.072032124 0.997352064 0.010009853 0.384648792 0.389970034 0.018925080 0.920633078 -2.163768301
168935433 0.478958507 0.851481840 0.500000000 0.500000000 0.000000000 0.000000000 0.917795181 0.069441751 -0.390934646 0.793292344 -0.071218498 0.997410893 0.009970883 0.385714097 0.390614867 0.018690551 0.920364439 -2.179059197
168968800 0.478958507 0.851481840 0.500000000 0.500000000 0.000000000 0.000000000 0.917912900 0.069144085 -0.390710860 0.791585184 -0.070777990 0.997439563 0.010235232 0.386083465 0.390418202 0.018258678 0.920456529 -2.195449474
169002167 0.478958507 0.851481840 0.500000000 0.500000000 0.000000000 0.000000000 0.918001950 0.068759643 -0.390569419 0.790209728 -0.070401661 0.997467279 0.010130413 0.389323330 0.390276790 0.018196998 0.920517743 -2.212463140
169035533 0.478958507 0.851481840 0.500000000 0.500000000 0.000000000 0.000000000 0.918219745 0.068275675 -0.390142173 0.787049951 -0.069827192 0.997506738 0.010223798 0.390701644 0.389867485 0.017854840 0.920697868 -2.230202191
169068900 0.478958507 0.851481840 0.500000000 0.500000000 0.000000000 0.000000000 0.918160081 0.067555375 -0.390407920 0.789454626 -0.069303945 0.997549176 0.009625041 0.395709581 0.390101314 0.018219480 0.920591652 -2.245685122
169102267 0.478958507 0.851481840 0.500000000 0.500000000 0.000000000 0.000000000 0.918477535 0.067010790 -0.389754534 0.786007728 -0.068909779 0.997581184 0.009125280 0.399949176 0.389423281 0.018476535 0.920873582 -2.263886144
169135633 0.478958507 0.851481840 0.500000000 0.500000000 0.000000000 0.000000000 0.918586433 0.066406295 -0.389601320 0.786214943 -0.068223931 0.997627735 0.009186785 0.400933965 0.389287144 0.018141277 0.920937777 -2.280073963
169169000 0.478958507 0.851481840 0.500000000 0.500000000 0.000000000 0.000000000 0.918807089 0.066467762 -0.389070094 0.784199198 -0.068272777 0.997624278 0.009202302 0.403508177 0.388757408 0.018107755 0.921162188 -2.296722226
169202367 0.478958507 0.851481840 0.500000000 0.500000000 0.000000000 0.000000000 0.919107378 0.066169873 -0.388411105 0.782129069 -0.067925088 0.997647762 0.009226757 0.405420579 0.388108015 0.017902480 0.921440005 -2.315172398
169235733 0.478958507 0.851481840 0.500000000 0.500000000 0.000000000 0.000000000 0.919376194 0.065924250 -0.387816250 0.781445104 -0.067800939 0.997659564 0.008858291 0.410240034 0.387492567 0.018150207 0.921694160 -2.333282143
169269100 0.478958507 0.851481840 0.500000000 0.500000000 0.000000000 0.000000000 0.919752061 0.065128192 -0.387058765 0.779480489 -0.067018479 0.997714460 0.008626476 0.412961822 0.386735946 0.018005872 0.922014713 -2.350395430
169302467 0.478958507 0.851481840 0.500000000 0.500000000 0.000000000 0.000000000 0.920092463 0.064267576 -0.386392951 0.778166290 -0.066173822 0.997772932 0.008381129 0.415093103 0.386071056 0.017857682 0.922296166 -2.368663324
169335833 0.478958507 0.851481840 0.500000000 0.500000000 0.000000000 0.000000000 0.920354843 0.063655786 -0.385868967 0.778120286 -0.065651268 0.997810423 0.008018121 0.418644125 0.385534495 0.017953269 0.922518730 -2.385818458
169369200 0.478958507 0.851481840 0.500000000 0.500000000 0.000000000 0.000000000 0.920738757 0.063210420 -0.385025412 0.776281961 -0.065314785 0.997835577 0.007624831 0.422216520 0.384674013 0.018127374 0.922874451 -2.402509979
169402567 0.478958507 0.851481840 0.500000000 0.500000000 0.000000000 0.000000000 0.920997679 0.063061096 -0.384430230 0.776279372 -0.065358542 0.997836590 0.007100397 0.427824094 0.384046316 0.018586351 0.923126757 -2.419265854
169435933 0.478958507 0.851481840 0.500000000 0.500000000 0.000000000 0.000000000 0.921408892 0.062809438 -0.383484900 0.774610568 -0.065289438 0.997844815 0.006560375 0.433140772 0.383070469 0.018992726 0.923523843 -2.436427361
169469300 0.478958507 0.851481840 0.500000000 0.500000000 0.000000000 0.000000000 0.921740294 0.062015917 -0.382816941 0.774233965 -0.064613879 0.997891784 0.006081136 0.437007639 0.382387012 0.019130057 0.923804224 -2.453718186
169502667 0.478958507 0.851481840 0.500000000 0.500000000 0.000000000 0.000000000 0.922319114 0.061460935 -0.381510109 0.769796022 -0.064187601 0.997922182 0.005587731 0.441195610 0.381060839 0.019334547 0.924347758 -2.471837469
169536033 0.478958507 0.851481840 0.500000000 0.500000000 0.000000000 0.000000000 0.922781885 0.060973529 -0.380467862 0.767905235 -0.063882701 0.997944951 0.004989710 0.445985290 0.379990220 0.019700900 0.924780667 -2.489342813
169569400 0.478958507 0.851481840 0.500000000 0.500000000 0.000000000 0.000000000 0.923376739 0.060648121 -0.379074067 0.763622419 -0.063549437 0.997966826 0.004866433 0.448375179 0.378598481 0.019596392 0.925353527 -2.507192805
169602767 0.478958507 0.851481840 0.500000000 0.500000000 0.000000000 0.000000000 0.923774898 0.059992511 -0.378207415 0.763011481 -0.063161045 0.997995198 0.004033895 0.454734736 0.377691180 0.020161565 0.925712109 -2.523982468
169636133 0.478958507 0.851481840 0.500000000 0.500000000 0.000000000 0.000000000 0.924243987 0.060128737 -0.377037913 0.760270679 -0.063261345 0.997988641 0.004081503 0.457338286 0.376524985 0.020079620 0.926188827 -2.541815254
169669500 0.478958507 0.851481840 0.500000000 0.500000000 0.000000000 0.000000000 0.924834251 0.059895080 -0.375625104 0.756538774 -0.062950768 0.998008013 0.004144409 0.459002303 0.375125110 0.019812999 0.926762402 -2.559446505
169702867 0.478958507 0.851481840 0.500000000 0.500000000 0.000000000 0.000000000 0.925442934 0.059729528 -0.374149412 0.753134208 -0.062920481 0.998011708 0.003692244 0.463900232 0.373626024 0.020124700 0.927361071 -2.577185765
169736233 0.478958507 0.851481840 0.500000000 0.500000000 0.000000000 0.000000000 0.926211596 0.059093639 -0.372343898 0.747017675 -0.062242415 0.998054683 0.003569374 0.466342508 0.371830493 0.019869588 0.928087950 -2.596766583
169769600 0.478958507 0.851481840 0.500000000 0.500000000 0.000000000 0.000000000 0.926829934 0.058851123 -0.370840728 0.742880813 -0.061934907 0.998073697 0.003598937 0.468379048 0.370338172 0.019632382 0.928689539 -2.616237617
169802967 0.478958507 0.851481840 0.500000000 0.500000000 0.000000000 0.000000000 0.927368224 0.058489799 -0.369549870 0.740294992 -0.061555598 0.998097539 0.003501061 0.471087493 0.369051605 0.019501090 0.929204285 -2.634320142
169836333 0.478958507 0.851481840 0.500000000 0.500000000 0.000000000 0.000000000 0.927948534 0.058359589 -0.368111014 0.737049651 -0.061464917 0.998103797 0.003294253 0.474995990 0.367605269 0.019569017 0.929776013 -2.652434080
169869700 0.478958507 0.851481840 0.500000000 0.500000000 0.000000000 0.000000000 0.928526700 0.058183923 -0.366678059 0.734017833 -0.061095215 0.998125196 0.003671614 0.475382375 0.366204232 0.018993083 0.930340648 -2.671332657
169903067 0.478958507 0.851481840 0.500000000 0.500000000 0.000000000 0.000000000 0.929157734 0.057862759 -0.365127146 0.731054063 -0.060674231 0.998150468 0.003778981 0.477697824 0.364670485 0.018642539 0.930949986 -2.689944916
169936433 0.478958507 0.851481840 0.500000000 0.500000000 0.000000000 0.000000000 0.929762006 0.057471674 -0.363647640 0.728249059 -0.060243495 0.998176754 0.003725515 0.480961297 0.363198727 0.018443562 0.931529105 -2.708052008
169969800 0.478958507 0.851481840 0.500000000 0.500000000 0.000000000 0.000000000 0.930489123 0.057243757 -0.361819208 0.723398294 -0.059772909 0.998203099 0.004208888 0.481222033 0.361409992 0.017710662 0.932238758 -2.726760647
170003167 0.478958507 0.851481840 0.500000000 0.500000000 0.000000000 0.000000000 0.931270123 0.056745980 -0.359883130 0.718164709 -0.059216816 0.998236477 0.004165394 0.484232272 0.359484822 0.017432027 0.932988107 -2.745317074
170036533 0.478958507 0.851481840 0.500000000 0.500000000 0.000000000 0.000000000 0.932169557 0.056618936 -0.357567161 0.710805489 -0.059111055 0.998243511 0.003965588 0.488331870 0.357163638 0.017439570 0.933879018 -2.763501751
170069900 0.478958507 0.851481840 0.500000000 0.500000000 0.000000000 0.000000000 0.932927847 0.056168478 -0.355655283 0.705828955 -0.058545392 0.998276412 0.004085517 0.490065544 0.355271757 0.017010486 0.934608281 -2.781606446
170103267 0.478958507 0.851481840 0.500000000 0.500000000 0.000000000 0.000000000 0.933897018 0.055843402 -0.353154153 0.697431984 -0.058139473 0.998300016 0.004112042 0.492594973 0.352783412 0.016691973 0.935556114 -2.800387297
170136633 0.478958507 0.851481840 0.500000000 0.500000000 0.000000000 0.000000000 0.934872627 0.055562567 -0.350608021 0.688978888 -0.057985540 0.998310983 0.003592688 0.498288919 0.350215435 0.016971489 0.936515391 -2.818452775
170170000 0.478958507 0.851481840 0.500000000 0.500000000 0.000000000 0.000000000 0.935768187 0.054966122 -0.348305434 0.682413617 -0.057294663 0.998350739 0.003620232 0.500330059 0.347929955 0.016568342 0.937374115 -2.836896743
170203367 0.478958507 0.851481840 0.500000000 0.500000000 0.000000000 0.000000000 0.936826169 0.054923546 -0.345456392 0.672128227 -0.057196170 0.998356402 0.003619563 0.503116852 0.345087409 0.016367882 0.938427806 -2.855297775
170236733 0.478958507 0.851481840 0.500000000 0.500000000 0.000000000 0.000000000 0.937946737 0.054733463 -0.342432737 0.661284664 -0.056825791 0.998376369 0.003927877 0.504419518 0.342091739 0.015774870 0.939534128 -2.873161197
170270100 0.478958507 0.851481840 0.500000000 0.500000000 0.000000000 0.000000000 0.939119697 0.054303065 -0.339271903 0.649866262 -0.056595761 0.998392224 0.003140738 0.511274531 0.338896990 0.016251823 0.940683126 -2.891074101
170303467 0.478958507 0.851481840 0.500000000 0.500000000 0.000000000 0.000000000 0.940292418 0.054097664 -0.336041152 0.638330427 -0.056386109 0.998404682 0.002951809 0.516019517 0.335664749 0.016172491 0.941842675 -2.908901736
170336833 0.478958507 0.851481840 0.500000000 0.500000000 0.000000000 0.000000000 0.941519737 0.054000985 -0.332602590 0.625424379 -0.056213968 0.998414338 0.002972905 0.518555996 0.332235724 0.015897863 0.943062365 -2.927132624
170370200 0.478958507 0.851481840 0.500000000 0.500000000 0.000000000 0.000000000 0.942489922 0.053510085 -0.329923421 0.617624176 -0.055776983 0.998439848 0.002598656 0.523547304 0.329547763 0.015952928 0.944004118 -2.944288032
170403567 0.478958507 0.851481840 0.500000000 0.500000000 0.000000000 0.000000000 0.943830967 0.053075626 -0.326138169 0.602796452 -0.055256341 0.998468876 0.002580858 0.526106883 0.325775772 0.015585307 0.945318580 -2.962263214
170436933 0.478958507 0.851481840 0.500000000 0.500000000 0.000000000 0.000000000 0.945098102 0.052776907 -0.322496831 0.589216153 -0.054827470 0.998492122 0.002728675 0.528412698 0.322154552 0.015102820 0.946566641 -2.980316181
170470300 0.478958507 0.851481840 0.500000000 0.500000000 0.000000000 0.000000000 0.946130395 0.052512746 -0.319499135 0.579889600 -0.054614659 0.998504639 0.002383839 0.533990806 0.319146544 0.015193914 0.947583556 -2.998595496
170503667 0.478958507 0.851481840 0.500000000 0.500000000 0.000000000 0.000000000 0.947109103 0.051268112 -0.316789985 0.572382668 -0.053386521 0.998571932 0.001995128 0.538663440 0.316439867 0.015022710 0.948493600 -3.017450635
170537033 0.478958507 0.851481840 0.500000000 0.500000000 0.000000000 0.000000000 0.948247790 0.051122572 -0.313388854 0.560158501 -0.053008500 0.998590946 0.002505958 0.539175065 0.313075364 0.014236004 0.949621558 -3.035760916
170570400 0.478958507 0.851481840 0.500000000 0.500000000 0.000000000 0.000000000 0.949302375 0.050877172 -0.310220033 0.549813449 -0.052646440 0.998609662 0.002672444 0.541108069 0.309924692 0.013795023 0.950661004 -3.053061733
170603767 0.478958507 0.851481840 0.500000000 0.500000000 0.000000000 0.000000000 0.950505972 0.050481286 -0.306577891 0.536525908 -0.052255202 0.998630822 0.002424459 0.546072998 0.306280524 0.013715827 0.951842487 -3.070727692
170637133 0.478958507 0.851481840 0.500000000 0.500000000 0.000000000 0.000000000 0.951857805 0.049764097 -0.302473605 0.520588681 -0.051420223 0.998673975 0.002490702 0.548861074 0.302196473 0.013182466 0.953154504 -3.089863030
170670500 0.478958507 0.851481840 0.500000000 0.500000000 0.000000000 0.000000000 0.952938378 0.048883550 -0.299197078 0.509397547 -0.050271988 0.998730898 0.003059530 0.548235069 0.298966944 0.012125690 0.954186440 -3.109391391
170703867 0.478958507 0.851481840 0.500000000 0.500000000 0.000000000 0.000000000 0.953980327 0.048016742 -0.295999825 0.498639111 -0.049245495 0.998781204 0.003307383 0.549564429 0.295797884 0.011421480 0.955182254 -3.127556562
170737233 0.478958507 0.851481840 0.500000000 0.500000000 0.000000000 0.000000000 0.955139935 0.047641646 -0.292297661 0.484896577 -0.048600219 0.998810351 0.003985524 0.548418428 0.292139828 0.010398997 0.956319094 -3.145220482
170770600 0.478958507 0.851481840 0.500000000 0.500000000 0.000000000 0.000000000 0.956285954 0.047212675 -0.288596898 0.471068165 -0.047890309 0.998841465 0.004716428 0.547639869 0.288485229 0.009310741 0.957439065 -3.162352354
170803967 0.478958507 0.851481840 0.500000000 0.500000000 0.000000000 0.000000000 0.957699060 0.046772439 -0.283945233 0.451329137 -0.047192816 0.998871386 0.005364193 0.547313343 0.283875674 0.008262893 0.958825469 -3.180554813
170837333 0.478958507 0.851481840 0.500000000 0.500000000 0.000000000 0.000000000 0.958863735 0.046061099 -0.280104876 0.436630331 -0.046378773 0.998908818 0.005497631 0.549593642 0.280052453 0.007719442 0.959953666 -3.198139014
170870700 0.478958507 0.851481840 0.500000000 0.500000000 0.000000000 0.000000000 0.959978819 0.044876035 -0.276454031 0.423408959 -0.045078911 0.998967588 0.005624470 0.550774762 0.276421040 0.007062875 0.961010695 -3.215811604
170904067 0.478958507 0.851481840 0.500000000 0.500000000 0.000000000 0.000000000 0.960878432 0.043520704 -0.273529768 0.414114179 -0.043689687 0.999030113 0.005476621 0.553720740 0.273502827 0.006688063 0.961847961 -3.234964174
170937433 0.478958507 0.851481840 0.500000000 0.500000000 0.000000000 0.000000000 0.962100863 0.042826943 -0.269309878 0.397284769 -0.042868376 0.999064326 0.005730082 0.555220250 0.269303292 0.006031961 0.963036537 -3.253933700
170970800 0.478958507 0.851481840 0.500000000 0.500000000 0.000000000 0.000000000 0.963218331 0.042116769 -0.265398920 0.382362198 -0.041979685 0.999099255 0.006191558 0.555503827 0.265420645 0.005177540 0.964118838 -3.272587063
171004167 0.478958507 0.851481840 0.500000000 0.500000000 0.000000000 0.000000000 0.964365482 0.041219246 -0.261343062 0.366567989 -0.040983632 0.999139607 0.006354027 0.556971443 0.261380106 0.004583183 0.965225041 -3.292135926
171037533 0.478958507 0.851481840 0.500000000 0.500000000 0.000000000 0.000000000 0.965448320 0.040574715 -0.257416487 0.351668230 -0.040266957 0.999168038 0.006469239 0.559557503 0.257464796 0.004119663 0.966278911 -3.310104073
171070900 0.478958507 0.851481840 0.500000000 0.500000000 0.000000000 0.000000000 0.966480315 0.039483484 -0.253686428 0.337655428 -0.039199084 0.999212325 0.006177860 0.563836570 0.253730536 0.003973495 0.967266798 -3.328676028
171104267 0.478958507 0.851481840 0.500000000 0.500000000 0.000000000 0.000000000 0.967602491 0.038633928 -0.249505132 0.320788940 -0.038409434 0.999245405 0.005770257 0.568959317 0.249539793 0.004000037 0.968356311 -3.347297992
171137633 0.478958507 0.851481840 0.500000000 0.500000000 0.000000000 0.000000000 0.968664467 0.037378613 -0.245544180 0.305589406 -0.037229270 0.999292970 0.005251644 0.573927390 0.245566860 0.004054350 0.969371200 -3.367318547
171171000 0.478958507 0.851481840 0.500000000 0.500000000 0.000000000 0.000000000 0.969596684 0.036587738 -0.241957814 0.292157957 -0.036474146 0.999322355 0.004950165 0.578308088 0.241974965 0.004025541 0.970274150 -3.385916701
171204367 0.478958507 0.851481840 0.500000000 0.500000000 0.000000000 0.000000000 0.970741332 0.036100004 -0.237398446 0.273125085 -0.035950627 0.999341249 0.004959856 0.581268774 0.237421110 0.003719885 0.971399724 -3.404716315
171237733 0.478958507 0.851481840 0.500000000 0.500000000 0.000000000 0.000000000 0.971718967 0.034915969 -0.233544588 0.258231002 -0.034815300 0.999383390 0.004554817 0.586128504 0.233559608 0.003704922 0.972335398 -3.423256666
171271100 0.478958507 0.851481840 0.500000000 0.500000000 0.000000000 0.000000000 0.972768247 0.034433663 -0.229207784 0.240039918 -0.034407314 0.999399424 0.004112609 0.591880816 0.229211733 0.003885809 0.973368824 -3.441761539
171304467 0.478958507 0.851481840 0.500000000 0.500000000 0.000000000 0.000000000 0.973745823 0.033743553 -0.225123078 0.223309530 -0.033589296 0.999425530 0.004516328 0.592557237 0.225146145 0.003163971 0.974319875 -3.460191850
171337833 0.478958507 0.851481840 0.500000000 0.500000000 0.000000000 0.000000000 0.974578977 0.032620624 -0.221656829 0.210039167 -0.032447372 0.999463677 0.004423965 0.594989877 0.221682265 0.002880678 0.975114703 -3.478673106
171371200 0.478958507 0.851481840 0.500000000 0.500000000 0.000000000 0.000000000 0.975424767 0.031591609 -0.218056053 0.196249602 -0.031410284 0.999497354 0.004298702 0.598165359 0.218082249 0.002656142 0.975926757 -3.496081310
171404567 0.478958507 0.851481840 0.500000000 0.500000000 0.000000000 0.000000000 0.976445079 0.030760806 -0.213562027 0.176424121 -0.030569889 0.999523818 0.004197089 0.601298933 0.213589445 0.002430341 0.976920485 -3.514621093
171437933 0.478958507 0.851481840 0.500000000 0.500000000 0.000000000 0.000000000 0.977299869 0.029821580 -0.209751338 0.161201774 -0.029639963 0.999552608 0.004010011 0.605003933 0.209777072 0.002298039 0.977746546 -3.532675707
171471300 0.478958507 0.851481840 0.500000000 0.500000000 0.000000000 0.000000000 0.978114069 0.029173108 -0.206014052 0.146496762 -0.029009176 0.999571860 0.003816891 0.609297576 0.206037194 0.002242943 0.978541613 -3.549590370
171504667 0.478958507 0.851481840 0.500000000 0.500000000 0.000000000 0.000000000 0.978994012 0.028452154 -0.201894134 0.129278874 -0.028211161 0.999593675 0.004071618 0.610597353 0.201927945 0.001709578 0.979398906 -3.567490841
171538033 0.478958507 0.851481840 0.500000000 0.500000000 0.000000000 0.000000000 0.979676604 0.027667066 -0.198666200 0.118119923 -0.027442966 0.999615848 0.003881913 0.614679482 0.198697284 0.001648970 0.980059505 -3.584620556
171571400 0.478958507 0.851481840 0.500000000 0.500000000 0.000000000 0.000000000 0.980516136 0.027019996 -0.194571331 0.101195956 -0.026767181 0.999633968 0.003928901 0.617549055 0.194606274 0.001355775 0.980880499 -3.601132140
171604767 0.478958507 0.851481840 0.500000000 0.500000000 0.000000000 0.000000000 0.981199622 0.026140144 -0.191217154 0.088408603 -0.025880026 0.999657631 0.003858041 0.621011779 0.191252530 0.001163196 0.981540203 -3.619006730
171638133 0.478958507 0.851481840 0.500000000 0.500000000 0.000000000 0.000000000 0.982058644 0.025126144 -0.186894238 0.069775552 -0.024912335 0.999683559 0.003492982 0.625573043 0.186922848 0.001225658 0.982373834 -3.636365741
171671500 0.478958507 0.851481840 0.500000000 0.500000000 0.000000000 0.000000000 0.982862353 0.024202799 -0.182745114 0.052037458 -0.023864001 0.999706984 0.004053067 0.625070569 0.182789668 0.000377423 0.983151972 -3.653212560
171704867 0.478958507 0.851481840 0.500000000 0.500000000 0.000000000 0.000000000 0.983480573 0.023387050 -0.179496706 0.040042019 -0.023209175 0.999725878 0.003091236 0.633602938 0.179519787 0.001125800 0.983753741 -3.670792035
171738233 0.478958507 0.851481840 0.500000000 0.500000000 0.000000000 0.000000000 0.984133303 0.022438446 -0.176005960 0.026523722 -0.022276711 0.999747634 0.002894956 0.637086031 0.176026508 0.001071812 0.984384835 -3.688902566
171771600 0.478958507 0.851481840 0.500000000 0.500000000 0.000000000 0.000000000 0.984923899 0.021654390 -0.171627581 0.007103077 -0.021442980 0.999765337 0.003085777 0.638603809 0.171654120 0.000640952 0.985157073 -3.705706758
171804967 0.478958507 0.851481840 0.500000000 0.500000000 0.000000000 0.000000000 0.985735774 0.020998161 -0.166985303 -0.013497755 -0.020805405 0.999779344 0.002903820 0.642664895 0.167009428 0.000611798 0.985955119 -3.722347308
171838333 0.478958507 0.851481840 0.500000000 0.500000000 0.000000000 0.000000000 0.986521542 0.020475935 -0.162345126 -0.034476642 -0.020170497 0.999790311 0.003529589 0.642016630 0.162383363 -0.000207434 0.986727715 -3.738720497
171871700 0.478958507 0.851481840 0.500000000 0.500000000 0.000000000 0.000000000 0.987244904 0.020288503 -0.157910928 -0.054037105 -0.019993981 0.999794126 0.003453651 0.646045979 0.157948479 -0.000252332 0.987447321 -3.754338163
171905067 0.478958507 0.851481840 0.500000000 0.500000000 0.000000000 0.000000000 0.987958193 0.019663999 -0.153466254 -0.073836610 -0.019407423 0.999806643 0.003169905 0.650798042 0.153498918 -0.000153349 0.988148808 -3.770766661
171938433 0.478958507 0.851481840 0.500000000 0.500000000 0.000000000 0.000000000 0.988826096 0.019692061 -0.147767380 -0.101494294 -0.019432433 0.999806046 0.003200617 0.654947092 0.147801742 -0.000293374 0.989016950 -3.787035114
171971800 0.478958507 0.851481840 0.500000000 0.500000000 0.000000000 0.000000000 0.989457250 0.018898850 -0.143586785 -0.119404287 -0.018624216 0.999821246 0.003256598 0.657212536 0.143622667 -0.000548073 0.989632368 -3.801978289
