https://www.youtube.com/watch?v=6qoAjnfPjaY
44794750 0.658424940 1.170533323 0.500000000 0.500000000 0.000000000 0.000000000 0.997412384 0.026604276 -0.066789217 -0.181205907 -0.026682846 0.999643922 -0.000284466 -0.004285385 0.066757865 0.002065856 0.997767091 0.113925776
44836458 0.658424940 1.170533323 0.500000000 0.500000000 0.000000000 0.000000000 0.997261941 0.026941027 -0.068868354 -0.182546495 -0.027012099 0.999635100 -0.000100775 -0.004426155 0.068840511 0.001960777 0.997625768 0.113529657
44878167 0.658424940 1.170533323 0.500000000 0.500000000 0.000000000 0.000000000 0.997092724 0.027382519 -0.071107820 -0.183631629 -0.027460407 0.999622881 -0.000117852 -0.004252742 0.071077779 0.002070159 0.997468650 0.113102965
44919875 0.658424940 1.170533323 0.500000000 0.500000000 0.000000000 0.000000000 0.996925294 0.027674498 -0.073308297 -0.184825267 -0.027747791 0.999614954 0.000018636 -0.004391391 0.073280588 0.002015565 0.997309327 0.112629602
44961583 0.658424940 1.170533323 0.500000000 0.500000000 0.000000000 0.000000000 0.996744394 0.028117035 -0.075564921 -0.186005825 -0.028185016 0.999602735 0.000166858 -0.004488968 0.075539589 0.001963483 0.997140884 0.112217594
45003292 0.658424940 1.170533323 0.500000000 0.500000000 0.000000000 0.000000000 0.996570528 0.028482199 -0.077691689 -0.187227609 -0.028555561 0.999592185 0.000166731 -0.004355566 0.077664755 0.002052371 0.996977389 0.111800743
45045000 0.658424940 1.170533323 0.500000000 0.500000000 0.000000000 0.000000000 0.996387661 0.028950766 -0.079833888 -0.188459075 -0.029014613 0.999578893 0.000360407 -0.004442754 0.079810709 0.001957245 0.996808112 0.111479515
45086708 0.658424940 1.170533323 0.500000000 0.500000000 0.000000000 0.000000000 0.996202409 0.029319877 -0.081982039 -0.189801238 -0.029382598 0.999568164 0.000441560 -0.004435614 0.081959583 0.001968962 0.996633708 0.111020509
45128417 0.658424940 1.170533323 0.500000000 0.500000000 0.000000000 0.000000000 0.995995581 0.029743325 -0.084309660 -0.190801005 -0.029806612 0.999555528 0.000508278 -0.004415867 0.084287308 0.002006743 0.996439457 0.110540232
45170125 0.658424940 1.170533323 0.500000000 0.500000000 0.000000000 0.000000000 0.995800197 0.030095620 -0.086465396 -0.192115953 -0.030149864 0.999545157 0.000678784 -0.004521950 0.086446494 0.001930987 0.996254623 0.110132525
45211833 0.658424940 1.170533323 0.500000000 0.500000000 0.000000000 0.000000000 0.995590210 0.030512337 -0.088708103 -0.193358640 -0.030567462 0.999532461 0.000737304 -0.004489733 0.088689126 0.001977529 0.996057391 0.109634074
45253542 0.658424940 1.170533323 0.500000000 0.500000000 0.000000000 0.000000000 0.995380938 0.030880231 -0.090902396 -0.194672749 -0.030925278 0.999521255 0.000913269 -0.004592093 0.090887085 0.001902131 0.995859385 0.109258175
45295250 0.658424940 1.170533323 0.500000000 0.500000000 0.000000000 0.000000000 0.995141625 0.031293388 -0.093348026 -0.195653445 -0.031327855 0.999508560 0.001096497 -0.004735111 0.093336463 0.001833224 0.995632946 0.108700980
45336958 0.658424940 1.170533323 0.500000000 0.500000000 0.000000000 0.000000000 0.994909465 0.031666573 -0.095668398 -0.197007432 -0.031700518 0.999496758 0.001165388 -0.004670356 0.095657155 0.001873283 0.995412588 0.108251433
45378667 0.658424940 1.170533323 0.500000000 0.500000000 0.000000000 0.000000000 0.994670868 0.032137174 -0.097964667 -0.198564035 -0.032155868 0.999481916 0.001388476 -0.004835297 0.097958535 0.001769063 0.995188951 0.107749138
45420375 0.658424940 1.170533323 0.500000000 0.500000000 0.000000000 0.000000000 0.994426489 0.032525506 -0.100289643 -0.199793854 -0.032543160 0.999469280 0.001460390 -0.004781444 0.100283921 0.001811491 0.994957209 0.107324352
45462083 0.658424940 1.170533323 0.500000000 0.500000000 0.000000000 0.000000000 0.994168043 0.032979377 -0.102675311 -0.201055622 -0.033000339 0.999454200 0.001494936 -0.004661835 0.102668576 0.001902102 0.994713783 0.106874090
45503792 0.658424940 1.170533323 0.500000000 0.500000000 0.000000000 0.000000000 0.993892908 0.033388615 -0.105176322 -0.202274984 -0.033398446 0.999440730 0.001668248 -0.004735719 0.105173200 0.001854666 0.994452178 0.106291488
45545500 0.658424940 1.170533323 0.500000000 0.500000000 0.000000000 0.000000000 0.993629634 0.033790410 -0.107510030 -0.203567221 -0.033785716 0.999427378 0.001865585 -0.004846218 0.107511498 0.001778602 0.994202256 0.105834706
45587208 0.658424940 1.170533323 0.500000000 0.500000000 0.000000000 0.000000000 0.993349373 0.034215249 -0.109937631 -0.204904310 -0.034207858 0.999412835 0.001953845 -0.004787430 0.109939925 0.001819880 0.993936539 0.105338678
45628917 0.658424940 1.170533323 0.500000000 0.500000000 0.000000000 0.000000000 0.993067682 0.034667190 -0.112315662 -0.206201125 -0.034649294 0.999397278 0.002111947 -0.004836717 0.112321183 0.001794352 0.993670344 0.104832793
45670625 0.658424940 1.170533323 0.500000000 0.500000000 0.000000000 0.000000000 0.992774367 0.035040129 -0.114766270 -0.207480892 -0.035014246 0.999384284 0.002242053 -0.004905007 0.114774168 0.001792601 0.993389964 0.104344752
45712333 0.658424940 1.170533323 0.500000000 0.500000000 0.000000000 0.000000000 0.992480278 0.035485357 -0.117148280 -0.208871422 -0.035453014 0.999368548 0.002360542 -0.004871428 0.117158078 0.001810469 0.993111610 0.103857230
45754042 0.658424940 1.170533323 0.500000000 0.500000000 0.000000000 0.000000000 0.992176533 0.035955444 -0.119553126 -0.210505577 -0.035905026 0.999351859 0.002576403 -0.005014291 0.119568281 0.001736312 0.992824435 0.103248857
45795750 0.658424940 1.170533323 0.500000000 0.500000000 0.000000000 0.000000000 0.991857171 0.036443874 -0.122029401 -0.212043871 -0.036390722 0.999334097 0.002664961 -0.004934490 0.122045256 0.001797477 0.992522895 0.102839123
45837458 0.658424940 1.170533323 0.500000000 0.500000000 0.000000000 0.000000000 0.991512060 0.036882639 -0.124673739 -0.213363260 -0.036804650 0.999318182 0.002929562 -0.005129359 0.124696791 0.001683878 0.992193460 0.102176715
45879167 0.658424940 1.170533323 0.500000000 0.500000000 0.000000000 0.000000000 0.991169214 0.037354864 -0.127232924 -0.214639604 -0.037285402 0.999300361 0.002928401 -0.004921451 0.127253294 0.001841390 0.991868556 0.101762734
45920875 0.658424940 1.170533323 0.500000000 0.500000000 0.000000000 0.000000000 0.990836143 0.037779130 -0.129678249 -0.215945576 -0.037703201 0.999284327 0.003041356 -0.004890152 0.129700348 0.001875800 0.991551459 0.101233546
45962583 0.658424940 1.170533323 0.500000000 0.500000000 0.000000000 0.000000000 0.990498662 0.038252212 -0.132095501 -0.217248818 -0.038184710 0.999266088 0.003045021 -0.004690548 0.132115036 0.002027939 0.991232336 0.100743160
46004292 0.658424940 1.170533323 0.500000000 0.500000000 0.000000000 0.000000000 0.990167618 0.038681842 -0.134431288 -0.218561508 -0.038600769 0.999249578 0.003210424 -0.004730059 0.134454578 0.002010292 0.990917742 0.100261984
46046000 0.658424940 1.170533323 0.500000000 0.500000000 0.000000000 0.000000000 0.989829123 0.039107151 -0.136780590 -0.219709580 -0.039032307 0.999232709 0.003230204 -0.004527818 0.136801958 0.002141512 0.990596116 0.099799329
46087708 0.658424940 1.170533323 0.500000000 0.500000000 0.000000000 0.000000000 0.989503622 0.039473023 -0.139012277 -0.220982699 -0.039385755 0.999218345 0.003379711 -0.004584747 0.139037028 0.002130867 0.990284920 0.099253708
46129417 0.658424940 1.170533323 0.500000000 0.500000000 0.000000000 0.000000000 0.989185452 0.039891757 -0.141140833 -0.222630323 -0.039812803 0.999201417 0.003384230 -0.004398274 0.141163126 0.002271581 0.989983737 0.098884912
46171125 0.658424940 1.170533323 0.500000000 0.500000000 0.000000000 0.000000000 0.988803446 0.040353931 -0.143663988 -0.223653981 -0.040261928 0.999182880 0.003548703 -0.004417028 0.143689796 0.002275219 0.989620149 0.098316545
46212833 0.658424940 1.170533323 0.500000000 0.500000000 0.000000000 0.000000000 0.988437653 0.040775396 -0.146042272 -0.224975405 -0.040686138 0.999165475 0.003599341 -0.004296759 0.146067157 0.002384171 0.989271820 0.097844383
46254542 0.658424940 1.170533323 0.500000000 0.500000000 0.000000000 0.000000000 0.988069177 0.041191228 -0.148400202 -0.226425189 -0.041097458 0.999148309 0.003699570 -0.004260395 0.148426190 0.002443440 0.988920450 0.097300057
46296250 0.658424940 1.170533323 0.500000000 0.500000000 0.000000000 0.000000000 0.987678885 0.041644353 -0.150851399 -0.227704841 -0.041544445 0.999129355 0.003815193 -0.004193678 0.150878951 0.002498852 0.988549113 0.096830619
46337958 0.658424940 1.170533323 0.500000000 0.500000000 0.000000000 0.000000000 0.987299204 0.042052232 -0.153205380 -0.229248594 -0.041929476 0.999112427 0.004033583 -0.004309185 0.153239012 0.002441468 0.988186121 0.096347416
