https://www.youtube.com/watch?v=qSREmczbyB8
247213633 0.496449328 0.882576575 0.500000000 0.500000000 0.000000000 0.000000000 0.992523789 0.014004330 -0.121245183 0.376855707 -0.013295563 0.999889493 0.006652798 0.014649032 0.121324956 -0.004991037 0.992600322 -0.182328148
247247000 0.496449328 0.882576575 0.500000000 0.500000000 0.000000000 0.000000000 0.991807997 0.014633581 -0.126896635 0.398073377 -0.013828798 0.999878287 0.007220738 0.014415809 0.126986846 -0.005406758 0.991889656 -0.185583075
247280367 0.496449328 0.882576575 0.500000000 0.500000000 0.000000000 0.000000000 0.991001546 0.015213358 -0.132983252 0.419951011 -0.014408563 0.999871612 0.007012139 0.015498421 0.133072853 -0.005032943 0.991093457 -0.188081302
247313733 0.496449328 0.882576575 0.500000000 0.500000000 0.000000000 0.000000000 0.990072131 0.015933478 -0.139654160 0.442536225 -0.015078647 0.999860525 0.007177067 0.016245576 0.139749035 -0.005000019 0.990174353 -0.189722771
247347100 0.496449328 0.882576575 0.500000000 0.500000000 0.000000000 0.000000000 0.989170134 0.016657120 -0.145825252 0.465397354 -0.015734406 0.999848247 0.007478719 0.017460193 0.145927697 -0.005103251 0.989282072 -0.191035958
247380467 0.496449328 0.882576575 0.500000000 0.500000000 0.000000000 0.000000000 0.988370299 0.017290160 -0.151080132 0.487765256 -0.016271297 0.999835789 0.007977574 0.018304295 0.151193246 -0.005426527 0.988489330 -0.191588938
247413833 0.496449328 0.882576575 0.500000000 0.500000000 0.000000000 0.000000000 0.987459421 0.017889593 -0.156856075 0.510329224 -0.016852364 0.999826431 0.007940163 0.019245250 0.156970888 -0.005197193 0.987589538 -0.191317884
247447200 0.496449328 0.882576575 0.500000000 0.500000000 0.000000000 0.000000000 0.986367226 0.018652018 -0.163498446 0.533058229 -0.017682776 0.999816418 0.007381617 0.020447778 0.163606122 -0.004389878 0.986515999 -0.189875153
247480567 0.496449328 0.882576575 0.500000000 0.500000000 0.000000000 0.000000000 0.985113144 0.019464007 -0.170801744 0.555621511 -0.018599721 0.999804854 0.006659049 0.021681191 0.170898020 -0.003383051 0.985282898 -0.187745123
247513933 0.496449328 0.882576575 0.500000000 0.500000000 0.000000000 0.000000000 0.983844638 0.020331414 -0.177865982 0.577736984 -0.019455936 0.999788523 0.006665101 0.021728248 0.177963883 -0.003096875 0.984032154 -0.186069293
247547300 0.496449328 0.882576575 0.500000000 0.500000000 0.000000000 0.000000000 0.982620478 0.021270109 -0.184403434 0.599061089 -0.020208456 0.999766648 0.007634910 0.020439957 0.184522793 -0.003775710 0.982820988 -0.184088930
247580667 0.496449328 0.882576575 0.500000000 0.500000000 0.000000000 0.000000000 0.981331110 0.022384804 -0.191018850 0.620325330 -0.021117413 0.999739408 0.008668236 0.019613336 0.191163108 -0.004472585 0.981548071 -0.182356057
247614033 0.496449328 0.882576575 0.500000000 0.500000000 0.000000000 0.000000000 0.980069697 0.023486765 -0.197260618 0.640871524 -0.021990463 0.999710441 0.009772739 0.017558634 0.197433025 -0.005240113 0.980302393 -0.180950030
247647400 0.496449328 0.882576575 0.500000000 0.500000000 0.000000000 0.000000000 0.978851318 0.024505660 -0.203099817 0.660648621 -0.022934912 0.999686122 0.010084199 0.015321917 0.203283176 -0.005212855 0.979106128 -0.179495980
247680767 0.496449328 0.882576575 0.500000000 0.500000000 0.000000000 0.000000000 0.977380633 0.025437955 -0.209952474 0.680983141 -0.023918569 0.999666154 0.009773241 0.013007756 0.210130990 -0.004530414 0.977662742 -0.177812003
247714133 0.496449328 0.882576575 0.500000000 0.500000000 0.000000000 0.000000000 0.975753725 0.026374169 -0.217276603 0.701410172 -0.024994234 0.999646187 0.009097260 0.011786324 0.217439651 -0.003446024 0.976067662 -0.175586402
247747500 0.496449328 0.882576575 0.500000000 0.500000000 0.000000000 0.000000000 0.974185944 0.027404267 -0.224077553 0.721150430 -0.025945563 0.999618649 0.009452150 0.008841331 0.224251136 -0.003394334 0.974525452 -0.173823902
247780867 0.496449328 0.882576575 0.500000000 0.500000000 0.000000000 0.000000000 0.972710311 0.028380942 -0.230280682 0.740432649 -0.026757957 0.999590218 0.010168330 0.005234609 0.230474904 -0.003728998 0.973071098 -0.172403389
247814233 0.496449328 0.882576575 0.500000000 0.500000000 0.000000000 0.000000000 0.971264422 0.029506158 -0.236167014 0.759324326 -0.027619304 0.999554694 0.011294435 0.000184703 0.236395106 -0.004447114 0.971646845 -0.171524113
247847600 0.496449328 0.882576575 0.500000000 0.500000000 0.000000000 0.000000000 0.969880044 0.030382669 -0.241680667 0.777497780 -0.028478388 0.999529719 0.011369385 -0.003503498 0.241912439 -0.004144264 0.970289230 -0.170944317
247880967 0.496449328 0.882576575 0.500000000 0.500000000 0.000000000 0.000000000 0.968407452 0.031314921 -0.247399285 0.794887184 -0.029354960 0.999501646 0.011607760 -0.007905252 0.247639492 -0.003978645 0.968844056 -0.170036751
247914333 0.496449328 0.882576575 0.500000000 0.500000000 0.000000000 0.000000000 0.966795743 0.032365233 -0.253492653 0.812246456 -0.030354930 0.999469042 0.011838737 -0.012347253 0.253741205 -0.003750889 0.967264891 -0.168960216
247947700 0.496449328 0.882576575 0.500000000 0.500000000 0.000000000 0.000000000 0.965082884 0.033368796 -0.259810627 0.829536134 -0.031319041 0.999437094 0.012026223 -0.016268281 0.260065675 -0.003469282 0.965584695 -0.167734079
247981067 0.496449328 0.882576575 0.500000000 0.500000000 0.000000000 0.000000000 0.963215470 0.034404140 -0.266518980 0.847331481 -0.032192528 0.999401450 0.012664035 -0.020255609 0.266795158 -0.003618274 0.963746488 -0.165775587
248014433 0.496449328 0.882576575 0.500000000 0.500000000 0.000000000 0.000000000 0.961291492 0.035328656 -0.273259103 0.865207696 -0.032990575 0.999369204 0.013148012 -0.022998126 0.273551226 -0.003624097 0.961850584 -0.163419225
248047800 0.496449328 0.882576575 0.500000000 0.500000000 0.000000000 0.000000000 0.959427059 0.036402114 -0.279597163 0.883099351 -0.033768542 0.999328315 0.014231950 -0.026405176 0.279927433 -0.004212929 0.960011899 -0.160834584
248081167 0.496449328 0.882576575 0.500000000 0.500000000 0.000000000 0.000000000 0.957502782 0.037366223 -0.285993367 0.901805050 -0.034667905 0.999293804 0.014494106 -0.027635263 0.286332965 -0.003963357 0.958121955 -0.157878102
248114533 0.496449328 0.882576575 0.500000000 0.500000000 0.000000000 0.000000000 0.955679536 0.038490932 -0.291882008 0.920158816 -0.035627779 0.999250710 0.015120341 -0.030091690 0.292245299 -0.004051093 0.956334829 -0.154512292
248147900 0.496449328 0.882576575 0.500000000 0.500000000 0.000000000 0.000000000 0.953794956 0.039522924 -0.297847539 0.938389369 -0.036663778 0.999212325 0.015182490 -0.031668150 0.298212975 -0.003560766 0.954492688 -0.150658315
248181267 0.496449328 0.882576575 0.500000000 0.500000000 0.000000000 0.000000000 0.951632559 0.040596165 -0.304544568 0.956901925 -0.037788182 0.999171495 0.015111315 -0.032646270 0.304905713 -0.002872234 0.952378213 -0.145038841
248214633 0.496449328 0.882576575 0.500000000 0.500000000 0.000000000 0.000000000 0.949242234 0.041588034 -0.311784565 0.976379301 -0.038873035 0.999132752 0.014920698 -0.032485921 0.312134713 -0.002043344 0.950035632 -0.138819802
248248000 0.496449328 0.882576575 0.500000000 0.500000000 0.000000000 0.000000000 0.946883678 0.042532735 -0.318751156 0.994958130 -0.039930779 0.999094367 0.014696142 -0.031734886 0.319087565 -0.001187554 0.947724521 -0.132072869
248281367 0.496449328 0.882576575 0.500000000 0.500000000 0.000000000 0.000000000 0.944390476 0.043685887 -0.325911343 1.012611762 -0.041055851 0.999045074 0.014947064 -0.031420378 0.326253086 -0.000735298 0.945282161 -0.124573667
248314733 0.496449328 0.882576575 0.500000000 0.500000000 0.000000000 0.000000000 0.941837192 0.044693157 -0.333084464 1.030260451 -0.041945279 0.999000609 0.015440123 -0.030196866 0.333441645 -0.000570761 0.942770541 -0.117271583
248348100 0.496449328 0.882576575 0.500000000 0.500000000 0.000000000 0.000000000 0.939330816 0.046006642 -0.339913189 1.046986413 -0.043015756 0.998940885 0.016333263 -0.028798943 0.340304613 -0.000720715 0.940314949 -0.109405150
248381467 0.496449328 0.882576575 0.500000000 0.500000000 0.000000000 0.000000000 0.936679006 0.047131658 -0.347002923 1.062282868 -0.043809559 0.998888075 0.017417017 -0.027299951 0.347437978 -0.001112110 0.937702298 -0.100345774
248414833 0.496449328 0.882576575 0.500000000 0.500000000 0.000000000 0.000000000 0.933652759 0.048529517 -0.354876578 1.077085821 -0.045077357 0.998821437 0.017994195 -0.024850085 0.355331570 -0.000803432 0.934739947 -0.089530775
248448200 0.496449328 0.882576575 0.500000000 0.500000000 0.000000000 0.000000000 0.930290103 0.049990769 -0.363402307 1.091756440 -0.046288379 0.998749375 0.018895393 -0.023675497 0.363892436 -0.000756894 0.931440651 -0.078067692
248481567 0.496449328 0.882576575 0.500000000 0.500000000 0.000000000 0.000000000 0.926643014 0.051242881 -0.372433752 1.106775525 -0.047584251 0.998686194 0.019015316 -0.020936540 0.372918844 0.000101571 0.927863955 -0.064691800
248514933 0.496449328 0.882576575 0.500000000 0.500000000 0.000000000 0.000000000 0.922819376 0.052480862 -0.381641388 1.121306904 -0.048762310 0.998621702 0.019415405 -0.018782253 0.382134289 0.000692804 0.924106538 -0.050204520
248548300 0.496449328 0.882576575 0.500000000 0.500000000 0.000000000 0.000000000 0.918703020 0.053876389 -0.391257018 1.136479321 -0.050073784 0.998546779 0.019923361 -0.017090682 0.391761839 0.001288068 0.920065761 -0.034876753
248581667 0.496449328 0.882576575 0.500000000 0.500000000 0.000000000 0.000000000 0.914409459 0.055264577 -0.401000142 1.151801755 -0.051379301 0.998469949 0.020444626 -0.015520921 0.401516438 0.001908347 0.915849805 -0.018908671
248615033 0.496449328 0.882576575 0.500000000 0.500000000 0.000000000 0.000000000 0.909954131 0.056528464 -0.410838157 1.167475941 -0.052670117 0.998397112 0.020714873 -0.012924666 0.411350608 0.002789310 0.911472917 -0.002431604
248648400 0.496449328 0.882576575 0.500000000 0.500000000 0.000000000 0.000000000 0.905623555 0.057784218 -0.420127243 1.183022717 -0.053870670 0.998323143 0.021185895 -0.010337449 0.420646966 0.003446090 0.907217860 0.014094316
248681767 0.496449328 0.882576575 0.500000000 0.500000000 0.000000000 0.000000000 0.901383102 0.059037961 -0.428979039 1.198207300 -0.054859325 0.998249233 0.022111408 -0.007992925 0.429533392 0.003602650 0.903043807 0.030824750
248715133 0.496449328 0.882576575 0.500000000 0.500000000 0.000000000 0.000000000 0.896965623 0.060125642 -0.437992662 1.213412447 -0.055613782 0.998184323 0.023134679 -0.005258850 0.438588381 0.003607418 0.898680806 0.048128501
248748500 0.496449328 0.882576575 0.500000000 0.500000000 0.000000000 0.000000000 0.892087281 0.061397642 -0.447672427 1.229376455 -0.056644049 0.998105645 0.024012865 -0.002398351 0.448298693 0.003936406 0.893875182 0.066720348
248781867 0.496449328 0.882576575 0.500000000 0.500000000 0.000000000 0.000000000 0.887302697 0.062684961 -0.456907541 1.243799176 -0.057708181 0.998024046 0.024855088 -0.000655425 0.457562745 0.004313316 0.889166892 0.086363558
248815233 0.496449328 0.882576575 0.500000000 0.500000000 0.000000000 0.000000000 0.881796837 0.064125724 -0.467249662 1.258439093 -0.059345175 0.997925460 0.024959465 0.001624573 0.467880875 0.005719836 0.883773029 0.108051907
248848600 0.496449328 0.882576575 0.500000000 0.500000000 0.000000000 0.000000000 0.875893295 0.065776005 -0.478000462 1.271910728 -0.061136026 0.997809291 0.025278796 0.002915191 0.478616029 0.007081520 0.877995729 0.131996681
248881967 0.496449328 0.882576575 0.500000000 0.500000000 0.000000000 0.000000000 0.869676292 0.067361988 -0.489004642 1.284895636 -0.062747560 0.997694850 0.025841553 0.004217611 0.489618152 0.008210066 0.871898293 0.157833213
248915333 0.496449328 0.882576575 0.500000000 0.500000000 0.000000000 0.000000000 0.862520278 0.068733431 -0.501332700 1.298553558 -0.064318024 0.997587681 0.026114443 0.006927269 0.501918316 0.009720493 0.864860415 0.186336959
248948700 0.496449328 0.882576575 0.500000000 0.500000000 0.000000000 0.000000000 0.854758859 0.070646919 -0.514194846 1.311467277 -0.065723762 0.997450829 0.027788807 0.005790292 0.514847279 0.010042092 0.857223094 0.216189074
248982067 0.496449328 0.882576575 0.500000000 0.500000000 0.000000000 0.000000000 0.847138882 0.072751716 -0.526367664 1.322840328 -0.067643724 0.997288764 0.028973730 0.004321056 0.527048409 0.011060697 0.849763274 0.245878009
249015433 0.496449328 0.882576575 0.500000000 0.500000000 0.000000000 0.000000000 0.839336932 0.074722610 -0.538451552 1.333307594 -0.069384769 0.997132182 0.030218361 0.002381613 0.539165378 0.011996947 0.842114508 0.276053348
249048800 0.496449328 0.882576575 0.500000000 0.500000000 0.000000000 0.000000000 0.830874443 0.076566651 -0.551167130 1.342966271 -0.071054220 0.996978581 0.031384617 0.001442208 0.551904798 0.013086072 0.833804429 0.308041649
249082167 0.496449328 0.882576575 0.500000000 0.500000000 0.000000000 0.000000000 0.822013855 0.078323796 -0.564055502 1.353061509 -0.072624043 0.996827066 0.032580685 0.000880563 0.564817607 0.014182215 0.825093865 0.340280446
249115533 0.496449328 0.882576575 0.500000000 0.500000000 0.000000000 0.000000000 0.813487649 0.080365106 -0.576002836 1.360445736 -0.074018344 0.996659219 0.034519993 -0.001936097 0.576852798 0.014553191 0.816718459 0.371887131
249148900 0.496449328 0.882576575 0.500000000 0.500000000 0.000000000 0.000000000 0.804547250 0.082120813 -0.588183522 1.367644269 -0.075458020 0.996502042 0.035913981 -0.004568840 0.589075387 0.015488668 0.807929635 0.404046653
249182267 0.496449328 0.882576575 0.500000000 0.500000000 0.000000000 0.000000000 0.795540571 0.083808087 -0.600076139 1.374150910 -0.077013776 0.996341348 0.037051760 -0.007171186 0.600985944 0.016737953 0.799084306 0.436720549
249215633 0.496449328 0.882576575 0.500000000 0.500000000 0.000000000 0.000000000 0.786708713 0.085584305 -0.611362994 1.379135102 -0.078346916 0.996177197 0.038636502 -0.010361727 0.612332582 0.017502736 0.790406525 0.469134071
249249000 0.496449328 0.882576575 0.500000000 0.500000000 0.000000000 0.000000000 0.777858853 0.087132223 -0.622369349 1.383899244 -0.079448909 0.996030152 0.040147029 -0.013088954 0.623396754 0.018217847 0.781693399 0.501279179
249282367 0.496449328 0.882576575 0.500000000 0.500000000 0.000000000 0.000000000 0.768644691 0.088727817 -0.633492470 1.388827906 -0.080579743 0.995875001 0.041712601 -0.016159614 0.634580374 0.018984493 0.772623658 0.534316929
249315733 0.496449328 0.882576575 0.500000000 0.500000000 0.000000000 0.000000000 0.759853244 0.090423904 -0.643775225 1.392457136 -0.081908315 0.995704114 0.043178346 -0.019638580 0.644913971 0.019921336 0.763995469 0.566537875
249349100 0.496449328 0.882576575 0.500000000 0.500000000 0.000000000 0.000000000 0.751459301 0.091900103 -0.653347731 1.395182156 -0.082945585 0.995554030 0.044633642 -0.023572250 0.654544830 0.020651948 0.755741060 0.598227006
249382467 0.496449328 0.882576575 0.500000000 0.500000000 0.000000000 0.000000000 0.743169427 0.093204379 -0.662579894 1.396719237 -0.083974466 0.995413184 0.045835394 -0.026804921 0.663812816 0.021576332 0.747587442 0.629917590
249415833 0.496449328 0.882576575 0.500000000 0.500000000 0.000000000 0.000000000 0.734399498 0.094325885 -0.672130942 1.398947472 -0.084876262 0.995285332 0.046937417 -0.029216208 0.673389494 0.022577148 0.738943040 0.661834909
249449200 0.496449328 0.882576575 0.500000000 0.500000000 0.000000000 0.000000000 0.726141870 0.095964096 -0.680814862 1.399178969 -0.085807085 0.995118558 0.048746783 -0.033050605 0.682169437 0.023021663 0.730831623 0.693602345
249482567 0.496449328 0.882576575 0.500000000 0.500000000 0.000000000 0.000000000 0.717893422 0.097380966 -0.689308345 1.399074160 -0.086714879 0.994965017 0.050251253 -0.036559170 0.690731168 0.023698248 0.722723186 0.724808363
249515933 0.496449328 0.882576575 0.500000000 0.500000000 0.000000000 0.000000000 0.709439754 0.098605290 -0.697833955 1.399776524 -0.087791093 0.994816124 0.051318288 -0.039272972 0.699276745 0.024856374 0.714418769 0.756351907
249549300 0.496449328 0.882576575 0.500000000 0.500000000 0.000000000 0.000000000 0.701204002 0.099966444 -0.705917597 1.399215531 -0.088812567 0.994656622 0.052635834 -0.042031572 0.707407415 0.025785893 0.706335485 0.787243433
249582667 0.496449328 0.882576575 0.500000000 0.500000000 0.000000000 0.000000000 0.692359090 0.100867987 -0.714468002 1.398706874 -0.089897715 0.994524300 0.053290222 -0.042649268 0.715931058 0.027333070 0.697635770 0.819331081
249616033 0.496449328 0.882576575 0.500000000 0.500000000 0.000000000 0.000000000 0.683807492 0.102070235 -0.722488046 1.396560110 -0.090878777 0.994371355 0.054467510 -0.044600062 0.723980904 0.028413538 0.689234614 0.851332666
249649400 0.496449328 0.882576575 0.500000000 0.500000000 0.000000000 0.000000000 0.675219119 0.103189826 -0.730363607 1.394340986 -0.091993302 0.994216144 0.055420823 -0.046520869 0.731858194 0.029767364 0.680806518 0.882951366
249682767 0.496449328 0.882576575 0.500000000 0.500000000 0.000000000 0.000000000 0.666836143 0.104313999 -0.737867296 1.391054116 -0.093305081 0.994049728 0.056208074 -0.048929033 0.739340067 0.031365197 0.672601283 0.913484251
249716133 0.496449328 0.882576575 0.500000000 0.500000000 0.000000000 0.000000000 0.658624172 0.105242692 -0.745075941 1.388218424 -0.094456911 0.993901968 0.056892604 -0.051063956 0.746519983 0.032906730 0.664548755 0.943396468
249749500 0.496449328 0.882576575 0.500000000 0.500000000 0.000000000 0.000000000 0.650598943 0.106047414 -0.751980722 1.385372526 -0.095417678 0.993769884 0.057592023 -0.052144237 0.753403306 0.034282945 0.656664431 0.972157675
249782867 0.496449328 0.882576575 0.500000000 0.500000000 0.000000000 0.000000000 0.642950058 0.107537106 -0.758321166 1.382777272 -0.096240923 0.993589938 0.059301630 -0.054850595 0.759837389 0.034853540 0.649178207 0.999706709
249816233 0.496449328 0.882576575 0.500000000 0.500000000 0.000000000 0.000000000 0.635916889 0.108964905 -0.764026403 1.380122760 -0.096981920 0.993417501 0.060960203 -0.057121709 0.765639782 0.035331126 0.642298579 1.025275163
249849600 0.496449328 0.882576575 0.500000000 0.500000000 0.000000000 0.000000000 0.629086077 0.109806165 -0.769540966 1.377084316 -0.097500049 0.993300557 0.062029969 -0.058419624 0.771196723 0.036008090 0.635577679 1.050949805
249882967 0.496449328 0.882576575 0.500000000 0.500000000 0.000000000 0.000000000 0.622067988 0.110811405 -0.775082111 1.374666252 -0.098357908 0.993151903 0.063047841 -0.059794567 0.776760697 0.037015408 0.628707170 1.075200548
249916333 0.496449328 0.882576575 0.500000000 0.500000000 0.000000000 0.000000000 0.615406632 0.112080030 -0.780200422 1.371751639 -0.098826610 0.992999256 0.064697258 -0.062501563 0.781989753 0.037289441 0.622174859 1.099134021
249949700 0.496449328 0.882576575 0.500000000 0.500000000 0.000000000 0.000000000 0.609019578 0.112219959 -0.785176277 1.369709465 -0.099617086 0.992923737 0.064644217 -0.061192390 0.786874592 0.038847383 0.615889013 1.123038528
249983067 0.496449328 0.882576575 0.500000000 0.500000000 0.000000000 0.000000000 0.602532983 0.112743966 -0.790090382 1.367030876 -0.100396730 0.992814898 0.065108433 -0.061603773 0.791754067 0.040092513 0.609522820 1.146627340
250016433 0.496449328 0.882576575 0.500000000 0.500000000 0.000000000 0.000000000 0.596210539 0.113467880 -0.794769168 1.364320781 -0.101068050 0.992694080 0.065907255 -0.062608971 0.796441019 0.041031174 0.603322625 1.169858981
250049800 0.496449328 0.882576575 0.500000000 0.500000000 0.000000000 0.000000000 0.589946628 0.113847710 -0.799375832 1.361703815 -0.101632886 0.992606103 0.066361725 -0.062124851 0.801020443 0.042092994 0.597155273 1.193640910
250083167 0.496449328 0.882576575 0.500000000 0.500000000 0.000000000 0.000000000 0.583388329 0.114581376 -0.804070354 1.359173275 -0.102108732 0.992490888 0.067347251 -0.062364325 0.805749238 0.042813003 0.590707362 1.216694942
250116533 0.496449328 0.882576575 0.500000000 0.500000000 0.000000000 0.000000000 0.577522993 0.115093119 -0.808220744 1.358036930 -0.102478646 0.992401838 0.068093836 -0.062004871 0.809916854 0.043499615 0.584929407 1.239417666
250149900 0.496449328 0.882576575 0.500000000 0.500000000 0.000000000 0.000000000 0.572252870 0.115107343 -0.811958730 1.358001370 -0.103011154 0.992347658 0.068079904 -0.061077974 0.813581824 0.044681888 0.579731107 1.260876693
250183267 0.496449328 0.882576575 0.500000000 0.500000000 0.000000000 0.000000000 0.567184865 0.115842178 -0.815402925 1.357271239 -0.103638195 0.992227554 0.068873666 -0.062557984 0.817043722 0.045442786 0.574782133 1.280756326
250216633 0.496449328 0.882576575 0.500000000 0.500000000 0.000000000 0.000000000 0.562279820 0.116521001 -0.818696678 1.356152176 -0.104122803 0.992119670 0.069692023 -0.063916204 0.820365667 0.046058577 0.569981396 1.302366349
250250000 0.496449328 0.882576575 0.500000000 0.500000000 0.000000000 0.000000000 0.556929886 0.116876282 -0.822294950 1.355084305 -0.104477443 0.992043614 0.070242137 -0.064757848 0.823962092 0.046791330 0.564709663 1.322592627
250283367 0.496449328 0.882576575 0.500000000 0.500000000 0.000000000 0.000000000 0.551882803 0.117567658 -0.825592637 1.354129920 -0.104887471 0.991936207 0.071141660 -0.067217025 0.827299237 0.047332469 0.559763908 1.342523341
250316733 0.496449328 0.882576575 0.500000000 0.500000000 0.000000000 0.000000000 0.546626866 0.117896013 -0.829035342 1.352963048 -0.105369009 0.991854012 0.071574874 -0.069207677 0.830720425 0.048229884 0.554596663 1.363826822
250350100 0.496449328 0.882576575 0.500000000 0.500000000 0.000000000 0.000000000 0.540815294 0.118031524 -0.832818925 1.351913707 -0.105826415 0.991786182 0.071839735 -0.070704553 0.834457695 0.049282216 0.548863947 1.385763308
250383467 0.496449328 0.882576575 0.500000000 0.500000000 0.000000000 0.000000000 0.535623789 0.118520208 -0.836098135 1.351793950 -0.106167614 0.991697013 0.072563529 -0.073252628 0.837756276 0.049899790 0.543759525 1.406335394
250416833 0.496449328 0.882576575 0.500000000 0.500000000 0.000000000 0.000000000 0.530688882 0.118826956 -0.839195728 1.351685481 -0.106740229 0.991610289 0.072908111 -0.075041198 0.840818524 0.050884414 0.538920164 1.427691989
250450200 0.496449328 0.882576575 0.500000000 0.500000000 0.000000000 0.000000000 0.525460839 0.119296566 -0.842412770 1.351458382 -0.107286975 0.991508365 0.073489435 -0.077713378 0.844026327 0.051764097 0.533797741 1.448717639
250483567 0.496449328 0.882576575 0.500000000 0.500000000 0.000000000 0.000000000 0.520345569 0.119570181 -0.845543265 1.350938918 -0.107847892 0.991422176 0.073829874 -0.079966447 0.847118258 0.052773010 0.528777540 1.469753221
250516933 0.496449328 0.882576575 0.500000000 0.500000000 0.000000000 0.000000000 0.515598297 0.120060347 -0.848377228 1.350762145 -0.108503401 0.991312146 0.074345596 -0.082551004 0.849932551 0.053719345 0.524145842 1.490498893
250550300 0.496449328 0.882576575 0.500000000 0.500000000 0.000000000 0.000000000 0.511451840 0.120403551 -0.850834846 1.351501486 -0.109137647 0.991218507 0.074664988 -0.084382441 0.852353215 0.054670569 0.520101130 1.510479812
250583667 0.496449328 0.882576575 0.500000000 0.500000000 0.000000000 0.000000000 0.507818103 0.120676227 -0.852970123 1.352927825 -0.109514676 0.991149664 0.075025685 -0.085922209 0.854474902 0.055313349 0.516539574 1.528185833
250617033 0.496449328 0.882576575 0.500000000 0.500000000 0.000000000 0.000000000 0.503835082 0.120974787 -0.855286717 1.352971327 -0.109836489 0.991079628 0.075478986 -0.087106120 0.856788278 0.055912729 0.512628138 1.547977054
250650400 0.496449328 0.882576575 0.500000000 0.500000000 0.000000000 0.000000000 0.499755770 0.121342614 -0.857624710 1.352944190 -0.110057108 0.991009057 0.076082170 -0.088270195 0.859145880 0.056365192 0.508617103 1.566930261
250683767 0.496449328 0.882576575 0.500000000 0.500000000 0.000000000 0.000000000 0.496250629 0.121554226 -0.859627783 1.353341760 -0.110261239 0.990956306 0.076472305 -0.088694775 0.861149073 0.056834191 0.505165398 1.584868370
250717133 0.496449328 0.882576575 0.500000000 0.500000000 0.000000000 0.000000000 0.492742181 0.121821716 -0.861605823 1.353458639 -0.110468745 0.990898073 0.076926462 -0.089265812 0.863134861 0.057275601 0.501714766 1.603470297
250750500 0.496449328 0.882576575 0.500000000 0.500000000 0.000000000 0.000000000 0.488784611 0.122148603 -0.863810956 1.352803578 -0.110849127 0.990819871 0.077384897 -0.090013155 0.865333498 0.057928145 0.497837573 1.621400643
250783867 0.496449328 0.882576575 0.500000000 0.500000000 0.000000000 0.000000000 0.485122949 0.122581504 -0.865811467 1.351932849 -0.111346759 0.990725458 0.077878095 -0.092132966 0.867327869 0.058624849 0.494272709 1.639368873
250817233 0.496449328 0.882576575 0.500000000 0.500000000 0.000000000 0.000000000 0.481792182 0.122807108 -0.867637455 1.351670589 -0.112016827 0.990639150 0.078014955 -0.093729112 0.869096398 0.059602998 0.491038650 1.656200264
250850600 0.496449328 0.882576575 0.500000000 0.500000000 0.000000000 0.000000000 0.478594154 0.123077258 -0.869367361 1.351859383 -0.112601511 0.990554631 0.078245781 -0.095126111 0.870786130 0.060444105 0.487932354 1.672020095
250883967 0.496449328 0.882576575 0.500000000 0.500000000 0.000000000 0.000000000 0.475828797 0.123088479 -0.870882392 1.351979295 -0.112785973 0.990523458 0.078374773 -0.095454496 0.872276485 0.060930345 0.485202223 1.688545341
250917333 0.496449328 0.882576575 0.500000000 0.500000000 0.000000000 0.000000000 0.472949356 0.123234771 -0.872428834 1.352331572 -0.112809695 0.990490437 0.078756675 -0.095746946 0.873838007 0.061170515 0.482353926 1.703571586
250950700 0.496449328 0.882576575 0.500000000 0.500000000 0.000000000 0.000000000 0.470427871 0.123411678 -0.873766065 1.353208712 -0.112837620 0.990456522 0.079142399 -0.096253869 0.875194430 0.061362896 0.479863822 1.718802851
250984067 0.496449328 0.882576575 0.500000000 0.500000000 0.000000000 0.000000000 0.467817903 0.123729728 -0.875121355 1.353677211 -0.112798735 0.990413725 0.079731062 -0.096942566 0.876597285 0.061412964 0.477289855 1.733441796
251017433 0.496449328 0.882576575 0.500000000 0.500000000 0.000000000 0.000000000 0.465465128 0.124183059 -0.876310885 1.356681825 -0.112584807 0.990372181 0.080545783 -0.098010323 0.877876341 0.061168037 0.474964827 1.746085259
251050800 0.496449328 0.882576575 0.500000000 0.500000000 0.000000000 0.000000000 0.464430660 0.124474823 -0.876818240 1.359793469 -0.112625331 0.990335822 0.080934927 -0.098336319 0.878418863 0.061163276 0.473961323 1.759578075
251084167 0.496449328 0.882576575 0.500000000 0.500000000 0.000000000 0.000000000 0.462680101 0.124622613 -0.877722263 1.362202308 -0.112659231 0.990308523 0.081221201 -0.099378935 0.879337847 0.061304074 0.472235948 1.772752684
251117533 0.496449328 0.882576575 0.500000000 0.500000000 0.000000000 0.000000000 0.461025089 0.124842383 -0.878561437 1.365298424 -0.112669885 0.990276754 0.081593446 -0.101638019 0.880205274 0.061370794 0.470608413 1.784795864
251150900 0.496449328 0.882576575 0.500000000 0.500000000 0.000000000 0.000000000 0.460341722 0.124948561 -0.878904641 1.369300007 -0.113012075 0.990238488 0.081584163 -0.102414365 0.880519032 0.061770238 0.469968796 1.797001032
251184267 0.496449328 0.882576575 0.500000000 0.500000000 0.000000000 0.000000000 0.459182113 0.125021711 -0.879500628 1.371959161 -0.113131464 0.990215778 0.081694677 -0.103569074 0.881108999 0.061986465 0.468833238 1.810472531
251217633 0.496449328 0.882576575 0.500000000 0.500000000 0.000000000 0.000000000 0.457738310 0.124977887 -0.880259156 1.373759531 -0.113374695 0.990193188 0.081630863 -0.104119258 0.881828666 0.062433545 0.467418671 1.824266523
251251000 0.496449328 0.882576575 0.500000000 0.500000000 0.000000000 0.000000000 0.456675291 0.125110269 -0.880792320 1.376110897 -0.113357604 0.990175128 0.081873402 -0.105302919 0.882381856 0.062454946 0.466370702 1.838463686
251284367 0.496449328 0.882576575 0.500000000 0.500000000 0.000000000 0.000000000 0.455678701 0.125204921 -0.881294847 1.379483528 -0.113566414 0.990144968 0.081948988 -0.105756042 0.882870078 0.062743090 0.465407044 1.851110679
251317733 0.496449328 0.882576575 0.500000000 0.500000000 0.000000000 0.000000000 0.454792619 0.125223517 -0.881749809 1.382346172 -0.113677800 0.990129411 0.081982061 -0.106383354 0.883312523 0.062950544 0.464538693 1.865198725
251351100 0.496449328 0.882576575 0.500000000 0.500000000 0.000000000 0.000000000 0.453560293 0.125297785 -0.882373810 1.385158902 -0.113668963 0.990114987 0.082168669 -0.107184470 0.883947074 0.063030072 0.463319302 1.879747212
251384467 0.496449328 0.882576575 0.500000000 0.500000000 0.000000000 0.000000000 0.452150583 0.125235319 -0.883105874 1.387386040 -0.113366179 0.990132987 0.082369566 -0.108249007 0.884707868 0.062870890 0.461886674 1.895580883
251417833 0.496449328 0.882576575 0.500000000 0.500000000 0.000000000 0.000000000 0.451069146 0.125175118 -0.883667231 1.390670487 -0.112601951 0.990185499 0.082786039 -0.109304900 0.885357201 0.062160429 0.460737079 1.908669705
251451200 0.496449328 0.882576575 0.500000000 0.500000000 0.000000000 0.000000000 0.450424224 0.125161543 -0.883998096 1.395217755 -0.112355031 0.990199804 0.082949847 -0.108378691 0.885716856 0.061959013 0.460072517 1.923616491
251484567 0.496449328 0.882576575 0.500000000 0.500000000 0.000000000 0.000000000 0.449608535 0.125204891 -0.884407103 1.399451764 -0.111959279 0.990217984 0.083267406 -0.109455813 0.886181295 0.061579850 0.459228307 1.936381917
251517933 0.496449328 0.882576575 0.500000000 0.500000000 0.000000000 0.000000000 0.448981225 0.125274599 -0.884715855 1.403427234 -0.111686699 0.990226209 0.083535254 -0.111595463 0.886533678 0.061305229 0.458584487 1.949378044
251551300 0.496449328 0.882576575 0.500000000 0.500000000 0.000000000 0.000000000 0.448232383 0.125442207 -0.885071754 1.408195274 -0.111758351 0.990200520 0.083743751 -0.112554130 0.886903524 0.061377503 0.457859129 1.962857954
251584667 0.496449328 0.882576575 0.500000000 0.500000000 0.000000000 0.000000000 0.448022306 0.125556603 -0.885161877 1.413933697 -0.111569591 0.990201354 0.083985381 -0.114320591 0.887033403 0.061129823 0.457640588 1.975085183
251618033 0.496449328 0.882576575 0.500000000 0.500000000 0.000000000 0.000000000 0.447628379 0.125680476 -0.885343552 1.417731119 -0.111095034 0.990219533 0.084398851 -0.117735537 0.887291789 0.060577951 0.457212865 1.986978827
251651400 0.496449328 0.882576575 0.500000000 0.500000000 0.000000000 0.000000000 0.446914196 0.125948086 -0.885666311 1.423255240 -0.111318633 0.990174055 0.084637567 -0.119404409 0.887623727 0.060765434 0.456543207 1.998228526
251684767 0.496449328 0.882576575 0.500000000 0.500000000 0.000000000 0.000000000 0.446818173 0.126412824 -0.885648549 1.428839512 -0.111620679 0.990108192 0.085009143 -0.120816603 0.887634099 0.060873061 0.456508636 2.009671088
251718133 0.496449328 0.882576575 0.500000000 0.500000000 0.000000000 0.000000000 0.446172595 0.126531154 -0.885957062 1.433658183 -0.111647226 0.990090787 0.085177250 -0.122720676 0.887955487 0.060910892 0.455878228 2.022025461
251751500 0.496449328 0.882576575 0.500000000 0.500000000 0.000000000 0.000000000 0.445507675 0.126571357 -0.886285841 1.438134539 -0.111519799 0.990091264 0.085338458 -0.124392289 0.888305247 0.060819484 0.455208451 2.032357010
251784867 0.496449328 0.882576575 0.500000000 0.500000000 0.000000000 0.000000000 0.445130676 0.126631036 -0.886466742 1.443515069 -0.111776114 0.990065396 0.085302740 -0.126143863 0.888462007 0.061114937 0.454862803 2.044174936
251818233 0.496449328 0.882576575 0.500000000 0.500000000 0.000000000 0.000000000 0.444476068 0.126589313 -0.886801124 1.447798933 -0.111812346 0.990062594 0.085287936 -0.128872430 0.888785124 0.061246864 0.454213381 2.054596822
251851600 0.496449328 0.882576575 0.500000000 0.500000000 0.000000000 0.000000000 0.443885058 0.126672596 -0.887085199 1.453157748 -0.112015910 0.990036607 0.085322499 -0.130234019 0.889054835 0.061494268 0.453651816 2.065062796
251884967 0.496449328 0.882576575 0.500000000 0.500000000 0.000000000 0.000000000 0.443363041 0.126470104 -0.887375057 1.458389554 -0.111988641 0.990054488 0.085150763 -0.131381315 0.889318705 0.061623227 0.453116775 2.075329088
251918333 0.496449328 0.882576575 0.500000000 0.500000000 0.000000000 0.000000000 0.442904711 0.126359314 -0.887619734 1.463426925 -0.111833803 0.990072787 0.085141420 -0.132838431 0.889566541 0.061556350 0.452639133 2.085963577
251951700 0.496449328 0.882576575 0.500000000 0.500000000 0.000000000 0.000000000 0.441941917 0.126184642 -0.888124287 1.466470739 -0.111711510 0.990091622 0.085083090 -0.134153150 0.890060604 0.061611928 0.451659262 2.096644493
251985067 0.496449328 0.882576575 0.500000000 0.500000000 0.000000000 0.000000000 0.440833181 0.126188919 -0.888674557 1.470310751 -0.111452557 0.990101755 0.085304447 -0.134400882 0.890642703 0.061440021 0.450533777 2.108566826
252018433 0.496449328 0.882576575 0.500000000 0.500000000 0.000000000 0.000000000 0.439806163 0.126326546 -0.889163733 1.473073021 -0.110904992 0.990119278 0.085812822 -0.134149908 0.891218603 0.060871687 0.449470788 2.118741434
252051800 0.496449328 0.882576575 0.500000000 0.500000000 0.000000000 0.000000000 0.438367456 0.126805693 -0.889805794 1.476786123 -0.110493243 0.990091383 0.086662263 -0.134001065 0.891978264 0.060327608 0.448035002 2.130252655
252085167 0.496449328 0.882576575 0.500000000 0.500000000 0.000000000 0.000000000 0.437208652 0.127200931 -0.890319347 1.480504806 -0.110360175 0.990054071 0.087255634 -0.134313903 0.892563283 0.060106877 0.446898133 2.140539892
252118533 0.496449328 0.882576575 0.500000000 0.500000000 0.000000000 0.000000000 0.436881930 0.127299339 -0.890465617 1.486610357 -0.110404648 0.990039289 0.087367259 -0.134861813 0.892717779 0.060142364 0.446584731 2.150175145
252151900 0.496449328 0.882576575 0.500000000 0.500000000 0.000000000 0.000000000 0.436800718 0.127456099 -0.890483081 1.492736586 -0.110614687 0.990009189 0.087442569 -0.135331348 0.892731488 0.060305528 0.446535230 2.160520737
252185267 0.496449328 0.882576575 0.500000000 0.500000000 0.000000000 0.000000000 0.436435223 0.127430871 -0.890665889 1.498284469 -0.110742874 0.990000546 0.087377928 -0.135536835 0.892894328 0.060500097 0.446183175 2.170186430
252218633 0.496449328 0.882576575 0.500000000 0.500000000 0.000000000 0.000000000 0.436265856 0.127454594 -0.890745401 1.503919892 -0.111040421 0.989976883 0.087268434 -0.136657274 0.892940164 0.060836505 0.446045727 2.179764835
252252000 0.496449328 0.882576575 0.500000000 0.500000000 0.000000000 0.000000000 0.435307950 0.127529263 -0.891203284 1.506992677 -0.111417629 0.989937365 0.087236002 -0.137899308 0.893360555 0.061321229 0.445136607 2.189970178
252285367 0.496449328 0.882576575 0.500000000 0.500000000 0.000000000 0.000000000 0.434855282 0.127597556 -0.891414464 1.510772215 -0.111552387 0.989918351 0.087279283 -0.138855173 0.893564165 0.061485551 0.444705039 2.199330965
252318733 0.496449328 0.882576575 0.500000000 0.500000000 0.000000000 0.000000000 0.434494436 0.127372041 -0.891622663 1.514408325 -0.111657292 0.989930749 0.087004326 -0.139537841 0.893726587 0.061753277 0.444341421 2.207930561
252352100 0.496449328 0.882576575 0.500000000 0.500000000 0.000000000 0.000000000 0.433072478 0.127325743 -0.892320812 1.517092351 -0.111695893 0.989923000 0.087042987 -0.140094544 0.894411683 0.061972644 0.442930162 2.218554533
252385467 0.496449328 0.882576575 0.500000000 0.500000000 0.000000000 0.000000000 0.431660771 0.127577409 -0.892968655 1.519259030 -0.111557573 0.989898443 0.087498769 -0.141346505 0.895111084 0.061847627 0.441532522 2.228182000
252418833 0.496449328 0.882576575 0.500000000 0.500000000 0.000000000 0.000000000 0.431017429 0.127787903 -0.893249273 1.523257535 -0.111573167 0.989872336 0.087773636 -0.142057714 0.895419121 0.061830681 0.440909922 2.237369571
252452200 0.496449328 0.882576575 0.500000000 0.500000000 0.000000000 0.000000000 0.430078238 0.127948985 -0.893678784 1.526804594 -0.111736491 0.989838779 0.087943718 -0.142411542 0.895850241 0.062033847 0.440004706 2.247556763
252485567 0.496449328 0.882576575 0.500000000 0.500000000 0.000000000 0.000000000 0.428846270 0.127886698 -0.894279540 1.530321428 -0.111756027 0.989835203 0.087959744 -0.142828271 0.896438241 0.062219918 0.438779205 2.257383349
252518933 0.496449328 0.882576575 0.500000000 0.500000000 0.000000000 0.000000000 0.428177565 0.127785504 -0.894614339 1.535569017 -0.111394256 0.989865601 0.088075884 -0.143233586 0.896802843 0.061942782 0.438072830 2.265010728
252552300 0.496449328 0.882576575 0.500000000 0.500000000 0.000000000 0.000000000 0.427204430 0.127947941 -0.895056248 1.539665284 -0.111249126 0.989853024 0.088400625 -0.143345150 0.897284806 0.061809089 0.437103689 2.275685647
252585667 0.496449328 0.882576575 0.500000000 0.500000000 0.000000000 0.000000000 0.426418364 0.128373563 -0.895370066 1.544852504 -0.110951334 0.989825904 0.089075789 -0.143473420 0.897695482 0.061358951 0.436323166 2.283755600
252619033 0.496449328 0.882576575 0.500000000 0.500000000 0.000000000 0.000000000 0.427076191 0.128535658 -0.895033240 1.553389002 -0.110744834 0.989828289 0.089305907 -0.143094938 0.897408247 0.060979880 0.436966747 2.290158175
252652400 0.496449328 0.882576575 0.500000000 0.500000000 0.000000000 0.000000000 0.426930428 0.128507286 -0.895106852 1.558587072 -0.110821135 0.989824951 0.089248337 -0.145371690 0.897468150 0.061093926 0.436827719 2.298131996
252685767 0.496449328 0.882576575 0.500000000 0.500000000 0.000000000 0.000000000 0.426412344 0.128644362 -0.895334065 1.562788539 -0.111061536 0.989791334 0.089322045 -0.147143591 0.897684693 0.061349154 0.436346710 2.306279005
252719133 0.496449328 0.882576575 0.500000000 0.500000000 0.000000000 0.000000000 0.426491469 0.128751934 -0.895280957 1.568081875 -0.111098252 0.989778638 0.089417137 -0.147962532 0.897642553 0.061328501 0.436436266 2.314466745
252752500 0.496449328 0.882576575 0.500000000 0.500000000 0.000000000 0.000000000 0.425618321 0.128775805 -0.895692945 1.570601472 -0.110864058 0.989786267 0.089623064 -0.148166685 0.898085833 0.061154936 0.435547799 2.324250293
252785867 0.496449328 0.882576575 0.500000000 0.500000000 0.000000000 0.000000000 0.424417824 0.128861055 -0.896250129 1.572122729 -0.110246636 0.989811420 0.090105981 -0.147625118 0.898729742 0.060565982 0.434300095 2.334008297
252819233 0.496449328 0.882576575 0.500000000 0.500000000 0.000000000 0.000000000 0.423657596 0.129047468 -0.896582961 1.574514685 -0.109729148 0.989822149 0.090617888 -0.146655105 0.899151683 0.059990328 0.433505952 2.344941403
252852600 0.496449328 0.882576575 0.500000000 0.500000000 0.000000000 0.000000000 0.422908247 0.129179731 -0.896917641 1.576611654 -0.109299168 0.989832282 0.091025926 -0.145870133 0.899556756 0.059536736 0.432727456 2.356181772
252885967 0.496449328 0.882576575 0.500000000 0.500000000 0.000000000 0.000000000 0.422533393 0.129379123 -0.897065520 1.579835808 -0.108942941 0.989832997 0.091444485 -0.144476658 0.899776101 0.059090614 0.432332426 2.367859235
252919333 0.496449328 0.882576575 0.500000000 0.500000000 0.000000000 0.000000000 0.421683550 0.129373968 -0.897466063 1.582205487 -0.108910017 0.989829957 0.091516174 -0.143329444 0.900178671 0.059152175 0.431485146 2.379972152
252952700 0.496449328 0.882576575 0.500000000 0.500000000 0.000000000 0.000000000 0.420995444 0.129563361 -0.897761762 1.584772512 -0.108783737 0.989814341 0.091835290 -0.142836267 0.900515914 0.058999639 0.430801719 2.391469861
252986067 0.496449328 0.882576575 0.500000000 0.500000000 0.000000000 0.000000000 0.420826286 0.129393294 -0.897865593 1.588873110 -0.108827025 0.989827693 0.091639332 -0.142132328 0.900589764 0.059147805 0.430626988 2.402409440
253019433 0.496449328 0.882576575 0.500000000 0.500000000 0.000000000 0.000000000 0.420279324 0.129359722 -0.898126602 1.591789861 -0.108743131 0.989832997 0.091681980 -0.141374752 0.900855243 0.059133053 0.430073321 2.413471147
253052800 0.496449328 0.882576575 0.500000000 0.500000000 0.000000000 0.000000000 0.420411944 0.129537091 -0.898038924 1.596083752 -0.108411439 0.989837408 0.092026286 -0.139831252 0.900833368 0.058668744 0.430182755 2.424789942
253086167 0.496449328 0.882576575 0.500000000 0.500000000 0.000000000 0.000000000 0.420605719 0.129783362 -0.897912621 1.600666866 -0.108118862 0.989832401 0.092423648 -0.138445017 0.900778055 0.058207378 0.430361211 2.435148694
253119533 0.496449328 0.882576575 0.500000000 0.500000000 0.000000000 0.000000000 0.420135468 0.129863203 -0.898121238 1.604058487 -0.107953079 0.989831746 0.092624255 -0.137743873 0.901017368 0.058040224 0.429882556 2.445510077
253152900 0.496449328 0.882576575 0.500000000 0.500000000 0.000000000 0.000000000 0.420105129 0.130090043 -0.898102582 1.608215794 -0.107749455 0.989821196 0.092973538 -0.136979651 0.901055872 0.057711408 0.429846108 2.454423747
253186267 0.496449328 0.882576575 0.500000000 0.500000000 0.000000000 0.000000000 0.420523733 0.130094007 -0.897906065 1.612968563 -0.107450746 0.989842594 0.093091026 -0.135497193 0.900896311 0.057333697 0.430231005 2.463267638
253219633 0.496449328 0.882576575 0.500000000 0.500000000 0.000000000 0.000000000 0.420727223 0.130176514 -0.897798777 1.616472468 -0.106986403 0.989864767 0.093389571 -0.133839326 0.900856555 0.056760732 0.430390179 2.470945759
253253000 0.496449328 0.882576575 0.500000000 0.500000000 0.000000000 0.000000000 0.420925349 0.129993662 -0.897732437 1.619287968 -0.106657013 0.989905775 0.093331635 -0.131636899 0.900803030 0.056463808 0.430541188 2.479791739
253286367 0.496449328 0.882576575 0.500000000 0.500000000 0.000000000 0.000000000 0.420788080 0.130144313 -0.897774935 1.620595308 -0.106404237 0.989905000 0.093627997 -0.129789952 0.900897086 0.056129519 0.430388123 2.489354791
253319733 0.496449328 0.882576575 0.500000000 0.500000000 0.000000000 0.000000000 0.420081437 0.129998446 -0.898126900 1.620853274 -0.106264681 0.989924312 0.093582317 -0.128467032 0.901243269 0.056126978 0.429663092 2.498531479
253353100 0.496449328 0.882576575 0.500000000 0.500000000 0.000000000 0.000000000 0.418901503 0.130215853 -0.898646414 1.620019152 -0.106090009 0.989904821 0.093985833 -0.127140149 0.901812851 0.055966601 0.428487211 2.509033116
253386467 0.496449328 0.882576575 0.500000000 0.500000000 0.000000000 0.000000000 0.418568343 0.130475283 -0.898764014 1.622315043 -0.105717391 0.989898503 0.094471231 -0.125103830 0.902011275 0.055472318 0.428133667 2.516855743
253419833 0.496449328 0.882576575 0.500000000 0.500000000 0.000000000 0.000000000 0.419235915 0.130994231 -0.898377299 1.626899504 -0.105375074 0.989868939 0.095160574 -0.122992021 0.901741266 0.054771841 0.428792149 2.524486417
253453200 0.496449328 0.882576575 0.500000000 0.500000000 0.000000000 0.000000000 0.419278741 0.131203458 -0.898326755 1.630057598 -0.105327055 0.989849985 0.095411099 -0.121353900 0.901726961 0.054614265 0.428842336 2.531709829
253486567 0.496449328 0.882576575 0.500000000 0.500000000 0.000000000 0.000000000 0.419193715 0.131251812 -0.898359358 1.632614007 -0.105357125 0.989842474 0.095455751 -0.120092856 0.901763022 0.054634113 0.428764045 2.539176404
253519933 0.496449328 0.882576575 0.500000000 0.500000000 0.000000000 0.000000000 0.419632554 0.131353021 -0.898139715 1.636384376 -0.105140895 0.989847541 0.095640942 -0.117877045 0.901584089 0.054297160 0.429182827 2.545686386
253553300 0.496449328 0.882576575 0.500000000 0.500000000 0.000000000 0.000000000 0.419705063 0.131279320 -0.898116589 1.638604796 -0.104914270 0.989869475 0.095662795 -0.115110039 0.901576757 0.054075085 0.429226339 2.553667605
253586667 0.496449328 0.882576575 0.500000000 0.500000000 0.000000000 0.000000000 0.419121325 0.131511897 -0.898355126 1.639244412 -0.104834616 0.989845753 0.095995523 -0.113012818 0.901857555 0.053944942 0.428652465 2.562823328
253620033 0.496449328 0.882576575 0.500000000 0.500000000 0.000000000 0.000000000 0.418753803 0.131699204 -0.898499072 1.640535165 -0.104645602 0.989834607 0.096315831 -0.111276316 0.902050197 0.053691354 0.428278744 2.570292286
253653400 0.496449328 0.882576575 0.500000000 0.500000000 0.000000000 0.000000000 0.418912709 0.131825998 -0.898406386 1.643127395 -0.104285866 0.989843309 0.096615970 -0.108953136 0.902018070 0.053217433 0.428405523 2.576876480
253686767 0.496449328 0.882576575 0.500000000 0.500000000 0.000000000 0.000000000 0.419343114 0.131850272 -0.898202002 1.646243552 -0.103904136 0.989865839 0.096796274 -0.106287008 0.901862144 0.052736055 0.428793222 2.583006004
253720133 0.496449328 0.882576575 0.500000000 0.500000000 0.000000000 0.000000000 0.419316649 0.131904632 -0.898206413 1.647891975 -0.103790551 0.989866436 0.096911885 -0.104781015 0.901887476 0.052588567 0.428757936 2.590418326
253753500 0.496449328 0.882576575 0.500000000 0.500000000 0.000000000 0.000000000 0.418967903 0.131807536 -0.898383379 1.649060723 -0.103740692 0.989877641 0.096850991 -0.103431480 0.902055323 0.052621461 0.428400755 2.597441522
253786867 0.496449328 0.882576575 0.500000000 0.500000000 0.000000000 0.000000000 0.419204354 0.131885648 -0.898261607 1.652169897 -0.103339083 0.989894032 0.097112708 -0.101228202 0.901991546 0.052115463 0.428596824 2.603583725
253820233 0.496449328 0.882576575 0.500000000 0.500000000 0.000000000 0.000000000 0.419072151 0.131732836 -0.898345709 1.654492455 -0.102856815 0.989937484 0.097181790 -0.098555212 0.902108073 0.051674794 0.428404838 2.610337583
253853600 0.496449328 0.882576575 0.500000000 0.500000000 0.000000000 0.000000000 0.418248236 0.131738216 -0.898728788 1.655730986 -0.102258235 0.989965916 0.097523317 -0.096399517 0.902558386 0.051113468 0.427522808 2.616682569
253886967 0.496449328 0.882576575 0.500000000 0.500000000 0.000000000 0.000000000 0.418447644 0.131642744 -0.898649991 1.659867966 -0.101774603 0.990004718 0.097634897 -0.094119765 0.902520657 0.050604649 0.427663028 2.622834023
253920333 0.496449328 0.882576575 0.500000000 0.500000000 0.000000000 0.000000000 0.418490916 0.131595492 -0.898636758 1.663700608 -0.101350576 0.990033805 0.097781099 -0.092082293 0.902548313 0.050156847 0.427657425 2.629403654
253953700 0.496449328 0.882576575 0.500000000 0.500000000 0.000000000 0.000000000 0.418320775 0.131653443 -0.898707449 1.667160193 -0.101065785 0.990042210 0.097990230 -0.090478184 0.902659118 0.049837228 0.427460909 2.635354523
253987067 0.496449328 0.882576575 0.500000000 0.500000000 0.000000000 0.000000000 0.418496102 0.131814033 -0.898602307 1.671656646 -0.100777619 0.990041614 0.098293029 -0.088702974 0.902610064 0.049423754 0.427612454 2.641397681
254020433 0.496449328 0.882576575 0.500000000 0.500000000 0.000000000 0.000000000 0.418145657 0.131883293 -0.898755252 1.674783709 -0.100438297 0.990050435 0.098551057 -0.086585994 0.902810276 0.049060751 0.427231401 2.648720929
254053800 0.496449328 0.882576575 0.500000000 0.500000000 0.000000000 0.000000000 0.418083459 0.131987631 -0.898768842 1.679244250 -0.099971518 0.990063787 0.098890536 -0.084338488 0.902890861 0.048506793 0.427124321 2.655803866
254087167 0.496449328 0.882576575 0.500000000 0.500000000 0.000000000 0.000000000 0.418623298 0.131822810 -0.898541749 1.685412496 -0.099486239 0.990111053 0.098906882 -0.081732522 0.902694285 0.047987815 0.427598119 2.661190214
254120533 0.496449328 0.882576575 0.500000000 0.500000000 0.000000000 0.000000000 0.419032484 0.131839141 -0.898348629 1.690566789 -0.098840974 0.990145683 0.099206895 -0.078338690 0.902575314 0.047222741 0.427934319 2.669125845
254153900 0.496449328 0.882576575 0.500000000 0.500000000 0.000000000 0.000000000 0.418711334 0.131724387 -0.898515165 1.693856767 -0.098317824 0.990183711 0.099346749 -0.075764322 0.902781487 0.046742447 0.427552015 2.676476373
254187267 0.496449328 0.882576575 0.500000000 0.500000000 0.000000000 0.000000000 0.418082237 0.131801292 -0.898796797 1.696963986 -0.097967774 0.990189672 0.099632859 -0.073508126 0.903111041 0.046398390 0.426892996 2.685812253
254220633 0.496449328 0.882576575 0.500000000 0.500000000 0.000000000 0.000000000 0.417958915 0.131743520 -0.898862600 1.702025123 -0.097886965 0.990199506 0.099614374 -0.071983432 0.903176904 0.046352215 0.426758707 2.693997348
254254000 0.496449328 0.882576575 0.500000000 0.500000000 0.000000000 0.000000000 0.417851686 0.131620005 -0.898930550 1.707296549 -0.097875684 0.990213156 0.099489704 -0.070217854 0.903227746 0.046411499 0.426644653 2.701594377
254287367 0.496449328 0.882576575 0.500000000 0.500000000 0.000000000 0.000000000 0.417821497 0.131781757 -0.898920894 1.711760319 -0.097123101 0.990233362 0.100025013 -0.068796193 0.903322935 0.045513384 0.426539838 2.708185231
254320733 0.496449328 0.882576575 0.500000000 0.500000000 0.000000000 0.000000000 0.418375164 0.131732449 -0.898670554 1.718443636 -0.096501730 0.990272999 0.100233793 -0.064781706 0.903133214 0.044787936 0.427018017 2.716069699
254354100 0.496449328 0.882576575 0.500000000 0.500000000 0.000000000 0.000000000 0.418738484 0.131597638 -0.898521066 1.723542572 -0.095824450 0.990323365 0.100385882 -0.061684317 0.903036952 0.044064861 0.427296758 2.723298714
254387467 0.496449328 0.882576575 0.500000000 0.500000000 0.000000000 0.000000000 0.418123096 0.131776497 -0.898781419 1.725906310 -0.095385931 0.990321279 0.100823179 -0.059787839 0.903368473 0.043574601 0.426645815 2.731812559
254420833 0.496449328 0.882576575 0.500000000 0.500000000 0.000000000 0.000000000 0.417663008 0.131800666 -0.898991764 1.729094764 -0.094573192 0.990354896 0.101257563 -0.056853844 0.903666735 0.042728987 0.426099420 2.738336332
254454200 0.496449328 0.882576575 0.500000000 0.500000000 0.000000000 0.000000000 0.418653101 0.131830037 -0.898526788 1.736134666 -0.093688756 0.990398109 0.101656534 -0.053396908 0.903300643 0.041623037 0.426984221 2.743947438
254487567 0.496449328 0.882576575 0.500000000 0.500000000 0.000000000 0.000000000 0.419223785 0.131819963 -0.898262143 1.741915315 -0.093114406 0.990428448 0.101888359 -0.051218645 0.903095305 0.040927120 0.427485496 2.750056397
254520933 0.496449328 0.882576575 0.500000000 0.500000000 0.000000000 0.000000000 0.418820173 0.131674826 -0.898471713 1.744398112 -0.092950426 0.990450263 0.101826072 -0.050409587 0.903299451 0.040866513 0.427059740 2.757067897
254554300 0.496449328 0.882576575 0.500000000 0.500000000 0.000000000 0.000000000 0.418704361 0.131821394 -0.898504198 1.747445985 -0.092551626 0.990450919 0.102181882 -0.049149213 0.903394043 0.040374026 0.426906407 2.763695170
254587667 0.496449328 0.882576575 0.500000000 0.500000000 0.000000000 0.000000000 0.418804556 0.131831065 -0.898456097 1.750665892 -0.092061743 0.990472078 0.102419160 -0.047316616 0.903397679 0.039819822 0.426950812 2.769985711
254621033 0.496449328 0.882576575 0.500000000 0.500000000 0.000000000 0.000000000 0.418257654 0.131771073 -0.898719609 1.751817032 -0.091536023 0.990499198 0.102627672 -0.045043988 0.903704405 0.039340410 0.426345676 2.778046384
254654400 0.496449328 0.882576575 0.500000000 0.500000000 0.000000000 0.000000000 0.417927146 0.131916732 -0.898851991 1.753842883 -0.090826795 0.990511477 0.103138290 -0.042887860 0.903928876 0.038535554 0.425943226 2.785276234
254687767 0.496449328 0.882576575 0.500000000 0.500000000 0.000000000 0.000000000 0.418319136 0.132039830 -0.898651540 1.757378921 -0.090094551 0.990530074 0.103600942 -0.040775924 0.903820813 0.037625350 0.426253736 2.791346335
254721133 0.496449328 0.882576575 0.500000000 0.500000000 0.000000000 0.000000000 0.418463320 0.132026136 -0.898586392 1.760012021 -0.089669034 0.990549922 0.103779979 -0.039227584 0.903796375 0.037147261 0.426347464 2.797468181
254754500 0.496449328 0.882576575 0.500000000 0.500000000 0.000000000 0.000000000 0.418507904 0.132191092 -0.898541391 1.762165735 -0.089522704 0.990537047 0.104028836 -0.038151112 0.903790236 0.036902968 0.426381707 2.805126681
254787867 0.496449328 0.882576575 0.500000000 0.500000000 0.000000000 0.000000000 0.418509126 0.132252723 -0.898531795 1.764175822 -0.089357987 0.990536630 0.104174428 -0.037224269 0.903805971 0.036693040 0.426366448 2.811388946
254821233 0.496449328 0.882576575 0.500000000 0.500000000 0.000000000 0.000000000 0.418360978 0.132406577 -0.898578107 1.766020664 -0.089206181 0.990524232 0.104422234 -0.035708560 0.903889596 0.036472533 0.426208168 2.819024761
254854600 0.496449328 0.882576575 0.500000000 0.500000000 0.000000000 0.000000000 0.417874813 0.132449165 -0.898797989 1.766898722 -0.088911362 0.990528882 0.104629628 -0.033911989 0.904143453 0.036191270 0.425693303 2.825804535
254887967 0.496449328 0.882576575 0.500000000 0.500000000 0.000000000 0.000000000 0.418013275 0.132405385 -0.898740053 1.769964878 -0.088416710 0.990554273 0.104808226 -0.031154753 0.904127955 0.035652410 0.425771683 2.831899593
254921333 0.496449328 0.882576575 0.500000000 0.500000000 0.000000000 0.000000000 0.418220133 0.132485002 -0.898632109 1.773157213 -0.087891482 0.990566432 0.105134472 -0.028188739 0.904083490 0.035012752 0.425919145 2.837465624
254954700 0.496449328 0.882576575 0.500000000 0.500000000 0.000000000 0.000000000 0.418514669 0.132580504 -0.898480892 1.777101118 -0.087178037 0.990583837 0.105563529 -0.025003768 0.904016316 0.034147911 0.426131994 2.842534840
254988067 0.496449328 0.882576575 0.500000000 0.500000000 0.000000000 0.000000000 0.419285446 0.132498488 -0.898133516 1.782600024 -0.086554766 0.990620136 0.105735414 -0.021430132 0.903718948 0.033404417 0.426820993 2.847337491
255021433 0.496449328 0.882576575 0.500000000 0.500000000 0.000000000 0.000000000 0.419470340 0.132530347 -0.898042500 1.786282269 -0.086020365 0.990636766 0.106015511 -0.018687014 0.903684199 0.032779582 0.426943064 2.852965113
255054800 0.496449328 0.882576575 0.500000000 0.500000000 0.000000000 0.000000000 0.419143051 0.132403538 -0.898213983 1.788871502 -0.085592218 0.990665793 0.106090829 -0.015962204 0.903876662 0.032412894 0.426563412 2.859103420
255088167 0.496449328 0.882576575 0.500000000 0.500000000 0.000000000 0.000000000 0.418997407 0.132430002 -0.898278058 1.791856370 -0.085138388 0.990678191 0.106339850 -0.013223487 0.903987050 0.031921826 0.426366478 2.865106430
255121533 0.496449328 0.882576575 0.500000000 0.500000000 0.000000000 0.000000000 0.418719590 0.132389173 -0.898413599 1.794267757 -0.084511951 0.990703762 0.106600836 -0.010531020 0.904174566 0.031290829 0.426015556 2.872014601
255154900 0.496449328 0.882576575 0.500000000 0.500000000 0.000000000 0.000000000 0.418316931 0.132431075 -0.898594975 1.797121817 -0.083897568 0.990718186 0.106951527 -0.007959935 0.904418111 0.030650301 0.425544858 2.878073097
255188267 0.496449328 0.882576575 0.500000000 0.500000000 0.000000000 0.000000000 0.418610632 0.132479012 -0.898451149 1.802247379 -0.083317377 0.990733087 0.107266612 -0.005805739 0.904335856 0.029953646 0.425769210 2.883968109
255221633 0.496449328 0.882576575 0.500000000 0.500000000 0.000000000 0.000000000 0.418732643 0.132516697 -0.898388743 1.806934631 -0.082732446 0.990748227 0.107579172 -0.003649356 0.904333055 0.029278984 0.425822049 2.889940225
255255000 0.496449328 0.882576575 0.500000000 0.500000000 0.000000000 0.000000000 0.418778747 0.132473245 -0.898373663 1.811141830 -0.082065120 0.990774989 0.107843824 -0.001408730 0.904372513 0.028562434 0.425786942 2.895020070
255288367 0.496449328 0.882576575 0.500000000 0.500000000 0.000000000 0.000000000 0.418945640 0.132608190 -0.898275912 1.816080286 -0.081567347 0.990774930 0.108221292 0.000304978 0.904340267 0.027931146 0.425897330 2.900983218
255321733 0.496449328 0.882576575 0.500000000 0.500000000 0.000000000 0.000000000 0.419068217 0.132596657 -0.898220420 1.820774352 -0.081120990 0.990790427 0.108414665 0.001676823 0.904323637 0.027431389 0.425965160 2.907012317
255355100 0.496449328 0.882576575 0.500000000 0.500000000 0.000000000 0.000000000 0.419031113 0.132527038 -0.898248017 1.825145937 -0.080596872 0.990814447 0.108585946 0.002755650 0.904387653 0.026895091 0.425863326 2.912210633
255388467 0.496449328 0.882576575 0.500000000 0.500000000 0.000000000 0.000000000 0.419212967 0.132595852 -0.898153007 1.830195383 -0.079918571 0.990826607 0.108975418 0.004273489 0.904363573 0.026095197 0.425964236 2.919219938
255421833 0.496449328 0.882576575 0.500000000 0.500000000 0.000000000 0.000000000 0.419733524 0.132420555 -0.897935748 1.835605400 -0.079348221 0.990865946 0.109034434 0.006120653 0.904172361 0.025484197 0.426407009 2.924666242
255455200 0.496449328 0.882576575 0.500000000 0.500000000 0.000000000 0.000000000 0.419849902 0.132407308 -0.897883296 1.839725670 -0.078745060 0.990884721 0.109300710 0.007444763 0.904171050 0.024813984 0.426449269 2.931199103
255488567 0.496449328 0.882576575 0.500000000 0.500000000 0.000000000 0.000000000 0.420197845 0.132484674 -0.897709072 1.844687375 -0.078185901 0.990891576 0.109639533 0.009180726 0.904057920 0.024117896 0.426728964 2.938348484
255521933 0.496449328 0.882576575 0.500000000 0.500000000 0.000000000 0.000000000 0.420691073 0.132426023 -0.897486687 1.849837679 -0.077757783 0.990911663 0.109762616 0.010209678 0.903865457 0.023610428 0.427164823 2.944829107
255555300 0.496449328 0.882576575 0.500000000 0.500000000 0.000000000 0.000000000 0.420392245 0.132436782 -0.897625148 1.852790665 -0.077459037 0.990917146 0.109924167 0.010661606 0.904030144 0.023317911 0.426832289 2.952899728
255588667 0.496449328 0.882576575 0.500000000 0.500000000 0.000000000 0.000000000 0.420041651 0.132307738 -0.897808254 1.855844865 -0.077235475 0.990937591 0.109897174 0.011333827 0.904212177 0.023181263 0.426453888 2.961359448
255622033 0.496449328 0.882576575 0.500000000 0.500000000 0.000000000 0.000000000 0.420376658 0.132513091 -0.897621155 1.861014702 -0.076665036 0.990927815 0.110383675 0.012664549 0.904105067 0.022413438 0.426722050 2.967215846
255655400 0.496449328 0.882576575 0.500000000 0.500000000 0.000000000 0.000000000 0.420857757 0.132257715 -0.897433341 1.866743746 -0.075974815 0.990977526 0.110414699 0.015436904 0.903939486 0.021713452 0.427108824 2.974726543
255688767 0.496449328 0.882576575 0.500000000 0.500000000 0.000000000 0.000000000 0.420935690 0.132191077 -0.897406638 1.871580864 -0.075172126 0.991004825 0.110718340 0.018101683 0.903970301 0.020854667 0.427086383 2.981927699
255722133 0.496449328 0.882576575 0.500000000 0.500000000 0.000000000 0.000000000 0.421042264 0.132390782 -0.897327185 1.876054980 -0.074480966 0.990996063 0.111262761 0.020509263 0.903977871 0.019987470 0.427111804 2.990779451
255755500 0.496449328 0.882576575 0.500000000 0.500000000 0.000000000 0.000000000 0.421194762 0.132385194 -0.897256434 1.881422106 -0.073648706 0.991015136 0.111646213 0.023276971 0.903975010 0.019056976 0.427160382 2.998428145
255788867 0.496449328 0.882576575 0.500000000 0.500000000 0.000000000 0.000000000 0.421386331 0.132090554 -0.897209942 1.887314885 -0.073058322 0.991064548 0.111595392 0.025583180 0.903933644 0.018523876 0.427271366 3.004366300
255822233 0.496449328 0.882576575 0.500000000 0.500000000 0.000000000 0.000000000 0.421119094 0.132010907 -0.897347093 1.891431173 -0.072587118 0.991083324 0.111736022 0.026944418 0.904096127 0.018081671 0.426946402 3.013621216
255855600 0.496449328 0.882576575 0.500000000 0.500000000 0.000000000 0.000000000 0.420769632 0.132043287 -0.897506237 1.895570641 -0.071991600 0.991090119 0.112060420 0.028519305 0.904306412 0.017461292 0.426526636 3.023992000
255888967 0.496449328 0.882576575 0.500000000 0.500000000 0.000000000 0.000000000 0.420847446 0.131897718 -0.897491157 1.900739652 -0.071149759 0.991124392 0.112295084 0.030619857 0.904336870 0.016597182 0.426496655 3.031509957
255922333 0.496449328 0.882576575 0.500000000 0.500000000 0.000000000 0.000000000 0.421361148 0.132037818 -0.897229493 1.907418351 -0.070413962 0.991121054 0.112786919 0.032642179 0.904155195 0.015653459 0.426917225 3.040701457
255955700 0.496449328 0.882576575 0.500000000 0.500000000 0.000000000 0.000000000 0.421694010 0.132094592 -0.897064745 1.913693678 -0.069945544 0.991122603 0.113064654 0.033208646 0.904036403 0.015066996 0.427189887 3.049129623
255989067 0.496449328 0.882576575 0.500000000 0.500000000 0.000000000 0.000000000 0.422072738 0.131906286 -0.896914363 1.920256660 -0.069707699 0.991151035 0.112962104 0.033496646 0.903878033 0.014843615 0.427532703 3.057188019
256022433 0.496449328 0.882576575 0.500000000 0.500000000 0.000000000 0.000000000 0.422131896 0.131754249 -0.896908820 1.925633970 -0.069725454 0.991169989 0.112784617 0.032744151 0.903849006 0.014927390 0.427591115 3.065898466
256055800 0.496449328 0.882576575 0.500000000 0.500000000 0.000000000 0.000000000 0.422150850 0.131908685 -0.896877229 1.930996643 -0.069323771 0.991157115 0.113144964 0.032677301 0.903871059 0.014410669 0.427562237 3.074131325
256089167 0.496449328 0.882576575 0.500000000 0.500000000 0.000000000 0.000000000 0.422849536 0.131622374 -0.896590114 1.938233555 -0.068693168 0.991204441 0.113115028 0.033905420 0.903592587 0.013758981 0.428171903 3.082855340
256122533 0.496449328 0.882576575 0.500000000 0.500000000 0.000000000 0.000000000 0.422773868 0.131614506 -0.896626949 1.943458044 -0.067974210 0.991215944 0.113448158 0.034832265 0.903682351 0.012984590 0.428006589 3.091095794
256155900 0.496449328 0.882576575 0.500000000 0.500000000 0.000000000 0.000000000 0.422414929 0.131700814 -0.896783412 1.947808270 -0.067385465 0.991212606 0.113827795 0.035576117 0.903894246 0.012347610 0.427577734 3.101058505
256189267 0.496449328 0.882576575 0.500000000 0.500000000 0.000000000 0.000000000 0.422159046 0.131646633 -0.896911860 1.952461470 -0.066961735 0.991224766 0.113972060 0.035247516 0.904045284 0.011944442 0.427269787 3.111156671
256222633 0.496449328 0.882576575 0.500000000 0.500000000 0.000000000 0.000000000 0.421723455 0.131750062 -0.897101581 1.956572131 -0.066617951 0.991215348 0.114254981 0.034396336 0.904273927 0.011579067 0.426795661 3.120423206
256256000 0.496449328 0.882576575 0.500000000 0.500000000 0.000000000 0.000000000 0.422015786 0.131730393 -0.896966994 1.963051396 -0.066185966 0.991223752 0.114433169 0.033763904 0.904169261 0.011074024 0.427030742 3.128082885
256289367 0.496449328 0.882576575 0.500000000 0.500000000 0.000000000 0.000000000 0.422641605 0.131860510 -0.896653175 1.970259840 -0.065849781 0.991212070 0.114727609 0.033157969 0.903901458 0.010555753 0.427610457 3.136129766
256322733 0.496449328 0.882576575 0.500000000 0.500000000 0.000000000 0.000000000 0.423030317 0.131820455 -0.896475732 1.976435074 -0.065594882 0.991220713 0.114799030 0.032527206 0.903738141 0.010240747 0.427963167 3.143602067
256356100 0.496449328 0.882576575 0.500000000 0.500000000 0.000000000 0.000000000 0.423644632 0.131698519 -0.896203518 1.983353953 -0.065330058 0.991240144 0.114782102 0.032094967 0.903469563 0.009922209 0.428537428 3.150678402
256389467 0.496449328 0.882576575 0.500000000 0.500000000 0.000000000 0.000000000 0.424118310 0.131560966 -0.895999670 1.989365818 -0.065247014 0.991259336 0.114663638 0.030687821 0.903253257 0.009830354 0.428995222 3.157875433
256422833 0.496449328 0.882576575 0.500000000 0.500000000 0.000000000 0.000000000 0.423981488 0.131501079 -0.896073222 1.993480628 -0.065078229 0.991268635 0.114679173 0.029562862 0.903329670 0.009693011 0.428837389 3.164972224
256456200 0.496449328 0.882576575 0.500000000 0.500000000 0.000000000 0.000000000 0.423989534 0.131767735 -0.896030188 1.998020831 -0.064758904 0.991237819 0.115125656 0.029037628 0.903348863 0.009213860 0.428807586 3.173182782
256489567 0.496449328 0.882576575 0.500000000 0.500000000 0.000000000 0.000000000 0.423977673 0.131769851 -0.896035492 2.002330802 -0.064463779 0.991240442 0.115268201 0.028665886 0.903375566 0.008890693 0.428758204 3.181817164
