https://www.youtube.com/watch?v=EyNxm1ejWnw
180647133 0.513977198 0.913737261 0.500000000 0.500000000 0.000000000 0.000000000 0.671738744 -0.163307458 0.722563326 -0.784908193 0.143212646 0.985625565 0.089623325 0.095801035 -0.726813078 0.043276750 0.685470581 -0.877947129
180680500 0.513977198 0.913737261 0.500000000 0.500000000 0.000000000 0.000000000 0.665493608 -0.164446846 0.728062868 -0.791561458 0.143827528 0.985400259 0.091104299 0.094956441 -0.732415140 0.044086155 0.679429531 -0.880707319
180713867 0.513977198 0.913737261 0.500000000 0.500000000 0.000000000 0.000000000 0.659149945 -0.165107071 0.733662724 -0.799183734 0.144275501 0.985242069 0.092101239 0.094540666 -0.738041997 0.045141041 0.673243165 -0.883366820
180747233 0.513977198 0.913737261 0.500000000 0.500000000 0.000000000 0.000000000 0.652750909 -0.165864170 0.739192367 -0.807258578 0.144897446 0.985058784 0.093079999 0.095028119 -0.743586540 0.046349026 0.667031348 -0.884917184
180780600 0.513977198 0.913737261 0.500000000 0.500000000 0.000000000 0.000000000 0.646557510 -0.166629806 0.744444668 -0.814090528 0.145191908 0.984894693 0.094349362 0.093894493 -0.748921037 0.047085050 0.660984337 -0.887421374
180813967 0.513977198 0.913737261 0.500000000 0.500000000 0.000000000 0.000000000 0.640404224 -0.167329878 0.749588668 -0.821278974 0.145842209 0.984714985 0.095217913 0.094898437 -0.754063964 0.048343711 0.655019403 -0.889031889
180847333 0.513977198 0.913737261 0.500000000 0.500000000 0.000000000 0.000000000 0.634110987 -0.167941913 0.754783928 -0.829107943 0.146125793 0.984567106 0.096305877 0.094483143 -0.759309232 0.049224786 0.648865461 -0.890896380
180880700 0.513977198 0.913737261 0.500000000 0.500000000 0.000000000 0.000000000 0.628122687 -0.168662995 0.759614825 -0.835887121 0.146579653 0.984395325 0.097366542 0.094740040 -0.764183402 0.050185941 0.643043578 -0.894255998
180914067 0.513977198 0.913737261 0.500000000 0.500000000 0.000000000 0.000000000 0.622091591 -0.169306368 0.764419615 -0.842966840 0.146756709 0.984249830 0.098563217 0.093523862 -0.769067287 0.050868362 0.637140393 -0.897705263
180947433 0.513977198 0.913737261 0.500000000 0.500000000 0.000000000 0.000000000 0.616291106 -0.170118079 0.768924654 -0.849595305 0.146911293 0.984084725 0.099971414 0.091880797 -0.773693979 0.051352225 0.631474912 -0.902013875
180980800 0.513977198 0.913737261 0.500000000 0.500000000 0.000000000 0.000000000 0.610374808 -0.170558155 0.773532450 -0.857329827 0.146899119 0.983976901 0.101045214 0.090624683 -0.778372169 0.051955786 0.625649571 -0.907761349
181014167 0.513977198 0.913737261 0.500000000 0.500000000 0.000000000 0.000000000 0.604749322 -0.171730936 0.777680337 -0.863476466 0.147438049 0.983737350 0.102580793 0.089689402 -0.782649517 0.052624013 0.620234191 -0.910798034
181047533 0.513977198 0.913737261 0.500000000 0.500000000 0.000000000 0.000000000 0.599057555 -0.172468975 0.781910777 -0.870671305 0.147680476 0.983572543 0.103805505 0.088697914 -0.786969185 0.053287491 0.614686847 -0.914274669
181080900 0.513977198 0.913737261 0.500000000 0.500000000 0.000000000 0.000000000 0.593355596 -0.173040509 0.786120951 -0.878264044 0.147876114 0.983431578 0.104857117 0.088262005 -0.791240692 0.054030951 0.609113157 -0.917452567
181114267 0.513977198 0.913737261 0.500000000 0.500000000 0.000000000 0.000000000 0.587732553 -0.173683494 0.790192664 -0.885504623 0.148271903 0.983266830 0.105838716 0.088405870 -0.795352638 0.054958515 0.603650331 -0.920641736
181147633 0.513977198 0.913737261 0.500000000 0.500000000 0.000000000 0.000000000 0.582140446 -0.174350008 0.794175386 -0.892895689 0.148373201 0.983118176 0.107070334 0.087044496 -0.799435973 0.055504370 0.598181725 -0.923709166
181181000 0.513977198 0.913737261 0.500000000 0.500000000 0.000000000 0.000000000 0.576573372 -0.174941123 0.798096955 -0.900640899 0.148616463 0.982968867 0.108098879 0.086930207 -0.803415418 0.056283414 0.592752814 -0.926190829
181214367 0.513977198 0.913737261 0.500000000 0.500000000 0.000000000 0.000000000 0.571078420 -0.175689101 0.801874518 -0.907888822 0.148741305 0.982805967 0.109400339 0.085402123 -0.807307541 0.056795686 0.587391496 -0.928905354
181247733 0.513977198 0.913737261 0.500000000 0.500000000 0.000000000 0.000000000 0.565577626 -0.176245213 0.805642366 -0.915434340 0.148815498 0.982671559 0.110501200 0.084645216 -0.811157167 0.057395063 0.582005084 -0.930674722
181281100 0.513977198 0.913737261 0.500000000 0.500000000 0.000000000 0.000000000 0.560116112 -0.176966324 0.809291601 -0.922967905 0.148937762 0.982510328 0.111762941 0.083774601 -0.814915657 0.057933856 0.576676846 -0.932657142
181314467 0.513977198 0.913737261 0.500000000 0.500000000 0.000000000 0.000000000 0.554629683 -0.177728370 0.812895179 -0.930870139 0.149061173 0.982341766 0.113072701 0.082680515 -0.818637133 0.058457632 0.571328282 -0.933893988
181347833 0.513977198 0.913737261 0.500000000 0.500000000 0.000000000 0.000000000 0.549325228 -0.177919909 0.816447377 -0.938420565 0.148646370 0.982291877 0.114047863 0.081535018 -0.822281003 0.058712572 0.566044867 -0.935020146
181381200 0.513977198 0.913737261 0.500000000 0.500000000 0.000000000 0.000000000 0.543838084 -0.177988604 0.820097685 -0.947403617 0.148195222 0.982259631 0.114909261 0.080798438 -0.826001406 0.059042528 0.560567260 -0.935139558
181414567 0.513977198 0.913737261 0.500000000 0.500000000 0.000000000 0.000000000 0.538443208 -0.177983657 0.823650897 -0.955814547 0.147695050 0.982241988 0.115701497 0.080103415 -0.829617441 0.059350479 0.555168808 -0.936151064
181447933 0.513977198 0.913737261 0.500000000 0.500000000 0.000000000 0.000000000 0.532933474 -0.178085372 0.827204645 -0.964892469 0.147454485 0.982189357 0.116452590 0.080312676 -0.833210111 0.059913546 0.549701095 -0.936694888
181481300 0.513977198 0.913737261 0.500000000 0.500000000 0.000000000 0.000000000 0.527470767 -0.178452298 0.830619872 -0.973777399 0.147177383 0.982102036 0.117534623 0.079472595 -0.836727798 0.060252383 0.544294238 -0.937034740
181514667 0.513977198 0.913737261 0.500000000 0.500000000 0.000000000 0.000000000 0.522043943 -0.178781599 0.833970785 -0.982609209 0.146975592 0.982014418 0.118515410 0.079242732 -0.840159655 0.060703088 0.538931191 -0.937723525
181548033 0.513977198 0.913737261 0.500000000 0.500000000 0.000000000 0.000000000 0.516515613 -0.179411978 0.837271154 -0.991913403 0.146834582 0.981877685 0.119815752 0.077956927 -0.843594253 0.061053645 0.533499062 -0.937969645
181581400 0.513977198 0.913737261 0.500000000 0.500000000 0.000000000 0.000000000 0.511127412 -0.180100605 0.840424061 -1.000713973 0.146853730 0.981721342 0.121067032 0.077143869 -0.846866429 0.061538734 0.528233111 -0.938740267
181614767 0.513977198 0.913737261 0.500000000 0.500000000 0.000000000 0.000000000 0.505671918 -0.180880770 0.843550861 -1.010018298 0.147084713 0.981534243 0.122297369 0.076783471 -0.850095272 0.062231082 0.522939086 -0.939205808
181648133 0.513977198 0.913737261 0.500000000 0.500000000 0.000000000 0.000000000 0.500494838 -0.181546688 0.846490204 -1.018107263 0.147124276 0.981379211 0.123487785 0.076018347 -0.853146732 0.062734261 0.517885149 -0.940349785
181681500 0.513977198 0.913737261 0.500000000 0.500000000 0.000000000 0.000000000 0.495418280 -0.182264030 0.849317670 -1.026166235 0.147121340 0.981219709 0.124752454 0.075234266 -0.856105149 0.063148104 0.512929142 -0.941477403
181714867 0.513977198 0.913737261 0.500000000 0.500000000 0.000000000 0.000000000 0.490248919 -0.182628840 0.852233946 -1.034728664 0.146736294 0.981138229 0.125842005 0.074345366 -0.859141707 0.063359745 0.507800281 -0.942603554
181748233 0.513977198 0.913737261 0.500000000 0.500000000 0.000000000 0.000000000 0.485070050 -0.183166429 0.855077267 -1.043362913 0.146474481 0.981021345 0.127052605 0.073672904 -0.862120807 0.063617580 0.502693295 -0.942733140
181781600 0.513977198 0.913737261 0.500000000 0.500000000 0.000000000 0.000000000 0.480020463 -0.183664843 0.857815564 -1.051286562 0.146222740 0.980910122 0.128196314 0.072780070 -0.864985108 0.063895293 0.497712910 -0.942900003
181814967 0.513977198 0.913737261 0.500000000 0.500000000 0.000000000 0.000000000 0.474957943 -0.184111550 0.860533476 -1.059346255 0.145989627 0.980804324 0.129266873 0.072152472 -0.867814481 0.064232633 0.492719173 -0.943154133
181848333 0.513977198 0.913737261 0.500000000 0.500000000 0.000000000 0.000000000 0.470074177 -0.184415340 0.863146126 -1.066885104 0.145638928 0.980730116 0.130221963 0.071490109 -0.870528340 0.064493693 0.487873942 -0.942998718
181881700 0.513977198 0.913737261 0.500000000 0.500000000 0.000000000 0.000000000 0.465332925 -0.185116246 0.865561783 -1.073733441 0.145461068 0.980583966 0.131514832 0.070406570 -0.873101592 0.064707361 0.483225197 -0.944081220
181915067 0.513977198 0.913737261 0.500000000 0.500000000 0.000000000 0.000000000 0.460714102 -0.185898587 0.867861867 -1.080373281 0.145438969 0.980414093 0.132799715 0.069813969 -0.875551283 0.065038241 0.478727490 -0.944876279
181948433 0.513977198 0.913737261 0.500000000 0.500000000 0.000000000 0.000000000 0.456217319 -0.186578453 0.870088637 -1.086619873 0.145289108 0.980269492 0.134025156 0.069003916 -0.877927601 0.065269805 0.474323750 -0.946035703
181981800 0.513977198 0.913737261 0.500000000 0.500000000 0.000000000 0.000000000 0.452075273 -0.187251657 0.872103631 -1.091612391 0.145105734 0.980131507 0.135227665 0.068155871 -0.880097866 0.065414153 0.470264524 -0.947929701
182015167 0.513977198 0.913737261 0.500000000 0.500000000 0.000000000 0.000000000 0.448204815 -0.188047156 0.873928308 -1.095879641 0.145062491 0.979966164 0.136466742 0.067604193 -0.882082403 0.065609157 0.466504157 -0.950216891
182048533 0.513977198 0.913737261 0.500000000 0.500000000 0.000000000 0.000000000 0.444535494 -0.188848808 0.875627935 -1.099390227 0.144962251 0.979805231 0.137723073 0.067051044 -0.883953691 0.065710202 0.462934166 -0.953016714
182081900 0.513977198 0.913737261 0.500000000 0.500000000 0.000000000 0.000000000 0.440992117 -0.189637929 0.877247632 -1.102859714 0.144794434 0.979651570 0.138986871 0.066213637 -0.885754228 0.065728456 0.459477156 -0.956358387
182115267 0.513977198 0.913737261 0.500000000 0.500000000 0.000000000 0.000000000 0.437768638 -0.190635815 0.878644764 -1.105029807 0.144685924 0.979462802 0.140422761 0.065307415 -0.887369514 0.065654851 0.456360430 -0.960570691
182148633 0.513977198 0.913737261 0.500000000 0.500000000 0.000000000 0.000000000 0.434431791 -0.191795275 0.880047500 -1.107755580 0.144599736 0.979243398 0.142032713 0.063955538 -0.889021873 0.065551110 0.453148007 -0.964385663
182182000 0.513977198 0.913737261 0.500000000 0.500000000 0.000000000 0.000000000 0.431280762 -0.192794010 0.881378114 -1.109793568 0.144448847 0.979055047 0.143477514 0.062878191 -0.890579283 0.065434955 0.450096458 -0.968385796
182215367 0.513977198 0.913737261 0.500000000 0.500000000 0.000000000 0.000000000 0.427818596 -0.193744555 0.882855773 -1.113015956 0.144329980 0.978866875 0.144874245 0.061884652 -0.892266810 0.065442659 0.446740597 -0.971513292
182248733 0.513977198 0.913737261 0.500000000 0.500000000 0.000000000 0.000000000 0.424501598 -0.194330886 0.884326816 -1.115933267 0.143845379 0.978765845 0.146034062 0.060785531 -0.893927813 0.065214626 0.443441272 -0.974352122
182282100 0.513977198 0.913737261 0.500000000 0.500000000 0.000000000 0.000000000 0.420845836 -0.194857791 0.885956645 -1.120099032 0.143485129 0.978660703 0.147089079 0.060124926 -0.895712435 0.065219782 0.439824492 -0.976920979
182315467 0.513977198 0.913737261 0.500000000 0.500000000 0.000000000 0.000000000 0.417444438 -0.195308447 0.887465358 -1.123427066 0.143121749 0.978570998 0.148037106 0.059617221 -0.897360742 0.065218322 0.436451912 -0.980260259
182348833 0.513977198 0.913737261 0.500000000 0.500000000 0.000000000 0.000000000 0.413932621 -0.195870161 0.888985157 -1.127539330 0.142843187 0.978454590 0.149071783 0.058944944 -0.899030387 0.065279804 0.432993025 -0.983719752
182382200 0.513977198 0.913737261 0.500000000 0.500000000 0.000000000 0.000000000 0.410673261 -0.196630374 0.890327990 -1.130586597 0.142722115 0.978295743 0.150226101 0.058263601 -0.900543094 0.065375648 0.429823399 -0.988237386
182415567 0.513977198 0.913737261 0.500000000 0.500000000 0.000000000 0.000000000 0.407416821 -0.197161704 0.891705573 -1.133961859 0.142627820 0.978172719 0.151114032 0.058313057 -0.902035952 0.065615624 0.426644742 -0.992804492
182448933 0.513977198 0.913737261 0.500000000 0.500000000 0.000000000 0.000000000 0.404382080 -0.197713688 0.892963827 -1.136541835 0.142299846 0.978065312 0.152115211 0.057629032 -0.903452218 0.065555952 0.423646718 -0.997125776
182482300 0.513977198 0.913737261 0.500000000 0.500000000 0.000000000 0.000000000 0.401508868 -0.198475957 0.894090533 -1.138533440 0.142240882 0.977903724 0.153205290 0.057313716 -0.904742062 0.065662943 0.420868397 -1.002286296
182515667 0.513977198 0.913737261 0.500000000 0.500000000 0.000000000 0.000000000 0.398689240 -0.199279696 0.895172894 -1.140632118 0.142372981 0.977720797 0.154246539 0.057378131 -0.905967355 0.065952003 0.418178797 -1.007600653
182549033 0.513977198 0.913737261 0.500000000 0.500000000 0.000000000 0.000000000 0.395836800 -0.199951708 0.896288216 -1.142872792 0.142364860 0.977569401 0.155210599 0.057195080 -0.907218516 0.066161878 0.415424019 -1.011937579
182582400 0.513977198 0.913737261 0.500000000 0.500000000 0.000000000 0.000000000 0.392855227 -0.200668499 0.897439063 -1.145819594 0.142467365 0.977399647 0.156182483 0.057332622 -0.908497572 0.066498682 0.412565291 -1.016940265
182615767 0.513977198 0.913737261 0.500000000 0.500000000 0.000000000 0.000000000 0.389974833 -0.201199174 0.898575842 -1.148345692 0.142485350 0.977268994 0.156981766 0.057546500 -0.909734905 0.066814952 0.409778237 -1.022160238
182649133 0.513977198 0.913737261 0.500000000 0.500000000 0.000000000 0.000000000 0.386882842 -0.201675728 0.899804771 -1.151969989 0.142477304 0.977146327 0.157750532 0.057733498 -0.911055386 0.067170776 0.406775355 -1.026530084
182682500 0.513977198 0.913737261 0.500000000 0.500000000 0.000000000 0.000000000 0.383966416 -0.202230215 0.900928795 -1.154790155 0.142546147 0.977006018 0.158555478 0.057947574 -0.912277579 0.067543954 0.403964639 -1.031931785
182715867 0.513977198 0.913737261 0.500000000 0.500000000 0.000000000 0.000000000 0.381030887 -0.202740133 0.902059793 -1.158418454 0.142448589 0.976884961 0.159386843 0.057980890 -0.913522780 0.067765839 0.401103377 -1.037138036
182749233 0.513977198 0.913737261 0.500000000 0.500000000 0.000000000 0.000000000 0.378519744 -0.203145072 0.903025389 -1.160669836 0.142316401 0.976790130 0.160084695 0.058253854 -0.914586723 0.067920111 0.398645222 -1.042631878
182782600 0.513977198 0.913737261 0.500000000 0.500000000 0.000000000 0.000000000 0.375974357 -0.203499585 0.904008389 -1.163151623 0.142100051 0.976709664 0.160766259 0.058243126 -0.915669620 0.068015650 0.396135092 -1.048503478
182815967 0.513977198 0.913737261 0.500000000 0.500000000 0.000000000 0.000000000 0.373544782 -0.203803509 0.904946625 -1.164917646 0.142050445 0.976627052 0.161310971 0.058307679 -0.916671157 0.068291202 0.393764347 -1.053630974
182849333 0.513977198 0.913737261 0.500000000 0.500000000 0.000000000 0.000000000 0.370918125 -0.204101950 0.905959249 -1.168035540 0.141959459 0.976545632 0.161883146 0.058296628 -0.917751193 0.068564080 0.391192675 -1.058831634
182882700 0.513977198 0.913737261 0.500000000 0.500000000 0.000000000 0.000000000 0.368605226 -0.204416752 0.906831861 -1.169980807 0.141551122 0.976488888 0.162581623 0.057196773 -0.918745577 0.068434633 0.388874322 -1.064314564
182916067 0.513977198 0.913737261 0.500000000 0.500000000 0.000000000 0.000000000 0.366092443 -0.204362392 0.907861412 -1.172853046 0.141169146 0.976493478 0.162885651 0.057211568 -0.919808447 0.068530813 0.386336565 -1.069327974
182949433 0.513977198 0.913737261 0.500000000 0.500000000 0.000000000 0.000000000 0.363588244 -0.204392791 0.908860385 -1.175861658 0.140750393 0.976485729 0.163294017 0.056818385 -0.920865297 0.068550669 0.383807093 -1.074307693
182982800 0.513977198 0.913737261 0.500000000 0.500000000 0.000000000 0.000000000 0.361305863 -0.204573020 0.909729600 -1.177825771 0.140591428 0.976434588 0.163736209 0.057029179 -0.921787441 0.068741336 0.381552756 -1.080035295
183016167 0.513977198 0.913737261 0.500000000 0.500000000 0.000000000 0.000000000 0.358910829 -0.204647154 0.910660505 -1.180773104 0.140264764 0.976413429 0.164142042 0.056990828 -0.922772348 0.068821229 0.379150122 -1.085848825
183049533 0.513977198 0.913737261 0.500000000 0.500000000 0.000000000 0.000000000 0.356632739 -0.204746917 0.911532640 -1.183479889 0.140042484 0.976381361 0.164522186 0.057061262 -0.923688889 0.068979308 0.376882821 -1.091446795
183082900 0.513977198 0.913737261 0.500000000 0.500000000 0.000000000 0.000000000 0.354591757 -0.204918727 0.912289977 -1.185385401 0.139894471 0.976333857 0.164929643 0.057274554 -0.924496770 0.069141626 0.374866903 -1.097674689
183116267 0.513977198 0.913737261 0.500000000 0.500000000 0.000000000 0.000000000 0.352223724 -0.205103576 0.913165390 -1.188415044 0.139948025 0.976264238 0.165295660 0.057770178 -0.925393462 0.069574639 0.372567266 -1.103272026
183149633 0.513977198 0.913737261 0.500000000 0.500000000 0.000000000 0.000000000 0.349971622 -0.205411673 0.913961649 -1.191161669 0.140115723 0.976164997 0.165739089 0.058363376 -0.926222146 0.070056416 0.370411456 -1.109339350
183183000 0.513977198 0.913737261 0.500000000 0.500000000 0.000000000 0.000000000 0.347757071 -0.205836266 0.914711118 -1.193714956 0.140245736 0.976047575 0.166319773 0.058302909 -0.927036226 0.070445456 0.368295103 -1.115405293
183216367 0.513977198 0.913737261 0.500000000 0.500000000 0.000000000 0.000000000 0.345420361 -0.206179455 0.915518880 -1.196894651 0.140284464 0.975949764 0.166860208 0.058238497 -0.927903593 0.070796162 0.366036683 -1.120949711
183249733 0.513977198 0.913737261 0.500000000 0.500000000 0.000000000 0.000000000 0.343065649 -0.206416428 0.916350484 -1.200477560 0.140435725 0.975862086 0.167245284 0.058668240 -0.928753853 0.071312241 0.363772988 -1.126755816
183283100 0.513977198 0.913737261 0.500000000 0.500000000 0.000000000 0.000000000 0.340743780 -0.206751019 0.917141020 -1.204044463 0.140476525 0.975765169 0.167775661 0.058744467 -0.929602087 0.071668275 0.361529559 -1.132470657
183316467 0.513977198 0.913737261 0.500000000 0.500000000 0.000000000 0.000000000 0.338612437 -0.207008645 0.917872012 -1.206953033 0.140580311 0.975679815 0.168184578 0.059109145 -0.930364847 0.072085343 0.359478652 -1.138902214
183349833 0.513977198 0.913737261 0.500000000 0.500000000 0.000000000 0.000000000 0.336202949 -0.207152814 0.918724835 -1.210936277 0.140716270 0.975608468 0.168484420 0.059880535 -0.931217790 0.072634570 0.357152224 -1.144014427
183383200 0.513977198 0.913737261 0.500000000 0.500000000 0.000000000 0.000000000 0.333746701 -0.207564637 0.919527113 -1.215304217 0.140885338 0.975484371 0.169060871 0.059827590 -0.932075381 0.073124379 0.354807496 -1.149608302
183416567 0.513977198 0.913737261 0.500000000 0.500000000 0.000000000 0.000000000 0.331487060 -0.207483247 0.920362413 -1.219209033 0.140919924 0.975463927 0.169149980 0.060563745 -0.932876170 0.073626369 0.352592200 -1.155170493
183449933 0.513977198 0.913737261 0.500000000 0.500000000 0.000000000 0.000000000 0.329088479 -0.207717493 0.921169996 -1.223754789 0.140988573 0.975380480 0.169573337 0.060706376 -0.933714628 0.074069813 0.350272298 -1.160883179
183483300 0.513977198 0.913737261 0.500000000 0.500000000 0.000000000 0.000000000 0.326608270 -0.208139896 0.921957076 -1.228602539 0.141138077 0.975254357 0.170173302 0.060555700 -0.934562504 0.074543238 0.347902596 -1.166490834
183516667 0.513977198 0.913737261 0.500000000 0.500000000 0.000000000 0.000000000 0.323841572 -0.208285719 0.922899604 -1.234777868 0.141289294 0.975174427 0.170505613 0.061181454 -0.935501993 0.075179033 0.345230550 -1.171345979
183550033 0.513977198 0.913737261 0.500000000 0.500000000 0.000000000 0.000000000 0.321241915 -0.208082974 0.923853397 -1.240872265 0.141020894 0.975194812 0.170611084 0.061382308 -0.936438322 0.075475208 0.342617512 -1.176374548
183583400 0.513977198 0.913737261 0.500000000 0.500000000 0.000000000 0.000000000 0.318623573 -0.207774758 0.924829006 -1.246996785 0.140605390 0.975246251 0.170660049 0.061447867 -0.937394857 0.075659625 0.339950711 -1.181743716
183616767 0.513977198 0.913737261 0.500000000 0.500000000 0.000000000 0.000000000 0.316247642 -0.207412079 0.925725460 -1.253325224 0.140275463 0.975304425 0.170599312 0.061941035 -0.938248515 0.075904936 0.337532520 -1.187748169
183650133 0.513977198 0.913737261 0.500000000 0.500000000 0.000000000 0.000000000 0.313800693 -0.207208961 0.926603258 -1.259532519 0.139986590 0.975328684 0.170697615 0.062050112 -0.939112842 0.076146998 0.335065305 -1.193930543
183683500 0.513977198 0.913737261 0.500000000 0.500000000 0.000000000 0.000000000 0.311359704 -0.207249895 0.927417159 -1.265600646 0.139917523 0.975290239 0.170973882 0.062197750 -0.939935207 0.076527536 0.332663983 -1.200792628
183716867 0.513977198 0.913737261 0.500000000 0.500000000 0.000000000 0.000000000 0.308942974 -0.207162991 0.928244412 -1.271987504 0.139744863 0.975283980 0.171150565 0.062570833 -0.940757990 0.076841630 0.330257088 -1.207481127
183750233 0.513977198 0.913737261 0.500000000 0.500000000 0.000000000 0.000000000 0.306739867 -0.207167000 0.928973913 -1.278074187 0.139684513 0.975254953 0.171365246 0.063138572 -0.941487610 0.077198707 0.328087598 -1.214797451
183783600 0.513977198 0.913737261 0.500000000 0.500000000 0.000000000 0.000000000 0.304912478 -0.207110882 0.929587781 -1.282676799 0.139882207 0.975221276 0.171395436 0.064689282 -0.942051649 0.077772178 0.326328278 -1.223032380
183816967 0.513977198 0.913737261 0.500000000 0.500000000 0.000000000 0.000000000 0.302837938 -0.206845000 0.930324852 -1.287678892 0.139905766 0.975236654 0.171288624 0.066247452 -0.942717135 0.078285128 0.324277461 -1.229222146
183850333 0.513977198 0.913737261 0.500000000 0.500000000 0.000000000 0.000000000 0.300737768 -0.206668571 0.931045055 -1.292651678 0.139839500 0.975242496 0.171309605 0.067239455 -0.943399012 0.078677602 0.322192669 -1.234972050
183883700 0.513977198 0.913737261 0.500000000 0.500000000 0.000000000 0.000000000 0.298612893 -0.206398860 0.931788504 -1.298800125 0.139925286 0.975252211 0.171184182 0.069045588 -0.944061041 0.079262972 0.320103317 -1.241768685
183917067 0.513977198 0.913737261 0.500000000 0.500000000 0.000000000 0.000000000 0.296431571 -0.206375599 0.932489932 -1.304674189 0.140086874 0.975209117 0.171297491 0.070451683 -0.944724262 0.079851612 0.317993283 -1.247602769
183950433 0.513977198 0.913737261 0.500000000 0.500000000 0.000000000 0.000000000 0.294707268 -0.206303582 0.933052242 -1.308568260 0.139947146 0.975207388 0.171421632 0.070941169 -0.945284307 0.080058791 0.316272289 -1.254302275
183983800 0.513977198 0.913737261 0.500000000 0.500000000 0.000000000 0.000000000 0.293038934 -0.205998197 0.933644950 -1.312971130 0.139981776 0.975234509 0.171239004 0.073181704 -0.945797682 0.080513589 0.314617664 -1.262233201
184017167 0.513977198 0.913737261 0.500000000 0.500000000 0.000000000 0.000000000 0.291486144 -0.205691814 0.934198439 -1.317262930 0.140052021 0.975260317 0.171034172 0.075420901 -0.946267009 0.080982290 0.313082427 -1.270515851
184050533 0.513977198 0.913737261 0.500000000 0.500000000 0.000000000 0.000000000 0.290164143 -0.205490619 0.934654176 -1.320602258 0.140013173 0.975279748 0.170955271 0.076945925 -0.946678996 0.081258796 0.311762601 -1.280246969
184083900 0.513977198 0.913737261 0.500000000 0.500000000 0.000000000 0.000000000 0.288827211 -0.205442205 0.935078800 -1.323763012 0.139729232 0.975291967 0.171117693 0.077107606 -0.947129667 0.081234396 0.310397148 -1.288917700
184117267 0.513977198 0.913737261 0.500000000 0.500000000 0.000000000 0.000000000 0.287319124 -0.205144703 0.935608566 -1.327983329 0.139607057 0.975333214 0.170982480 0.078533803 -0.947606266 0.081491016 0.308871537 -1.297845033
184150633 0.513977198 0.913737261 0.500000000 0.500000000 0.000000000 0.000000000 0.286170691 -0.205038786 0.935983658 -1.330366227 0.139470369 0.975346267 0.171019524 0.079592495 -0.947973847 0.081601217 0.307712346 -1.307803560
184184000 0.513977198 0.913737261 0.500000000 0.500000000 0.000000000 0.000000000 0.284939826 -0.204966053 0.936375022 -1.333184832 0.139227703 0.975361109 0.171132699 0.080089998 -0.948380172 0.081606828 0.306456178 -1.317738186
184217367 0.513977198 0.913737261 0.500000000 0.500000000 0.000000000 0.000000000 0.283585936 -0.204755753 0.936831951 -1.336582010 0.139239654 0.975377142 0.171031401 0.081792701 -0.948784113 0.081942059 0.305113345 -1.327580441
184250733 0.513977198 0.913737261 0.500000000 0.500000000 0.000000000 0.000000000 0.281657636 -0.204694867 0.937426805 -1.341785353 0.139318809 0.975350916 0.171116427 0.083011481 -0.949346721 0.082404941 0.303232878 -1.335546421
184284100 0.513977198 0.913737261 0.500000000 0.500000000 0.000000000 0.000000000 0.280023068 -0.204809338 0.937891364 -1.345854154 0.139793947 0.975262582 0.171232358 0.085329804 -0.949760377 0.083162531 0.301727146 -1.344527751
184317467 0.513977198 0.913737261 0.500000000 0.500000000 0.000000000 0.000000000 0.278274655 -0.204530269 0.938472450 -1.350761894 0.140124708 0.975256383 0.170997337 0.088243810 -0.950225413 0.083918951 0.300048888 -1.353445274
184350833 0.513977198 0.913737261 0.500000000 0.500000000 0.000000000 0.000000000 0.276497543 -0.204387918 0.939028561 -1.355356065 0.140191585 0.975247741 0.170991838 0.089924189 -0.950734138 0.084365092 0.298307061 -1.361485796
184384200 0.513977198 0.913737261 0.500000000 0.500000000 0.000000000 0.000000000 0.274820656 -0.204432443 0.939511061 -1.359674891 0.140284494 0.975204170 0.171163827 0.090987669 -0.951206505 0.084759474 0.296684951 -1.370267525
184417567 0.513977198 0.913737261 0.500000000 0.500000000 0.000000000 0.000000000 0.273204058 -0.204367012 0.939996600 -1.363703576 0.140559867 0.975165188 0.171160251 0.092967361 -0.951631486 0.085364126 0.295144886 -1.378640721
184450933 0.513977198 0.913737261 0.500000000 0.500000000 0.000000000 0.000000000 0.271446139 -0.204331145 0.940513551 -1.368044925 0.140799999 0.975121260 0.171212882 0.094660027 -0.952098906 0.085949235 0.293462723 -1.386857638
184484300 0.513977198 0.913737261 0.500000000 0.500000000 0.000000000 0.000000000 0.269690663 -0.204510629 0.940979481 -1.372382572 0.140785158 0.975060999 0.171567932 0.094760318 -0.952599823 0.086205669 0.291756928 -1.395599919
184517667 0.513977198 0.913737261 0.500000000 0.500000000 0.000000000 0.000000000 0.267875791 -0.204310209 0.941541255 -1.376939035 0.140516847 0.975091875 0.171612412 0.094974970 -0.953151405 0.086331591 0.289912552 -1.403629453
184551033 0.513977198 0.913737261 0.500000000 0.500000000 0.000000000 0.000000000 0.265903741 -0.204130977 0.942138910 -1.382006699 0.140446410 0.975098312 0.171633452 0.095924913 -0.953713775 0.086682051 0.287951767 -1.411565503
184584400 0.513977198 0.913737261 0.500000000 0.500000000 0.000000000 0.000000000 0.263928652 -0.204127088 0.942694962 -1.386906923 0.140534550 0.975058258 0.171789080 0.097121754 -0.954249263 0.087141156 0.286032736 -1.420455096
184617767 0.513977198 0.913737261 0.500000000 0.500000000 0.000000000 0.000000000 0.261971921 -0.204056770 0.943255842 -1.391998369 0.140713051 0.975022018 0.171848387 0.098709063 -0.954762042 0.087708957 0.284141839 -1.429532706
184651133 0.513977198 0.913737261 0.500000000 0.500000000 0.000000000 0.000000000 0.259941965 -0.204145610 0.943798065 -1.396941121 0.140923724 0.974952340 0.172070980 0.099660576 -0.955285668 0.088275060 0.282199979 -1.437491761
184684500 0.513977198 0.913737261 0.500000000 0.500000000 0.000000000 0.000000000 0.257999420 -0.204234421 0.944311738 -1.401819644 0.141234726 0.974874437 0.172257155 0.101227180 -0.955766201 0.088927358 0.280362040 -1.446283208
184717867 0.513977198 0.913737261 0.500000000 0.500000000 0.000000000 0.000000000 0.255952716 -0.204332039 0.944847405 -1.406903887 0.141388267 0.974807501 0.172510058 0.101952052 -0.956293643 0.089435928 0.278394759 -1.454192362
184751233 0.513977198 0.913737261 0.500000000 0.500000000 0.000000000 0.000000000 0.253761441 -0.204449415 0.945412934 -1.412402363 0.141810670 0.974708796 0.172720894 0.103826266 -0.956814945 0.090239741 0.276336610 -1.461407529
184784600 0.513977198 0.913737261 0.500000000 0.500000000 0.000000000 0.000000000 0.252120495 -0.204446554 0.945852458 -1.415422399 0.141906127 0.974671960 0.172850296 0.105096213 -0.957234502 0.090643153 0.274746984 -1.470166576
184817967 0.513977198 0.913737261 0.500000000 0.500000000 0.000000000 0.000000000 0.250134438 -0.204425931 0.946384072 -1.420278406 0.142107800 0.974622130 0.172965705 0.106565885 -0.957725525 0.091223881 0.272837073 -1.479033332
184851333 0.513977198 0.913737261 0.500000000 0.500000000 0.000000000 0.000000000 0.247632146 -0.204534516 0.947018445 -1.426420568 0.142430514 0.974527657 0.173232287 0.107881059 -0.958327651 0.091986448 0.270456314 -1.485525709
184884700 0.513977198 0.913737261 0.500000000 0.500000000 0.000000000 0.000000000 0.245338425 -0.204667449 0.947586536 -1.432204586 0.142400071 0.974465847 0.173604429 0.107870428 -0.958921909 0.092344560 0.268218577 -1.493635615
184918067 0.513977198 0.913737261 0.500000000 0.500000000 0.000000000 0.000000000 0.243299320 -0.204701558 0.948104799 -1.436793016 0.142674193 0.974397004 0.173765644 0.109513868 -0.959400594 0.092993021 0.266275764 -1.501673496
184951433 0.513977198 0.913737261 0.500000000 0.500000000 0.000000000 0.000000000 0.241038412 -0.204744339 0.948672891 -1.442041847 0.142893106 0.974327624 0.173974976 0.110718502 -0.959938586 0.093624160 0.264106929 -1.509591790
184984800 0.513977198 0.913737261 0.500000000 0.500000000 0.000000000 0.000000000 0.238598928 -0.204967245 0.949241281 -1.447862220 0.142860189 0.974246144 0.174457490 0.110547446 -0.960552692 0.093983419 0.261735737 -1.517637836
185018167 0.513977198 0.913737261 0.500000000 0.500000000 0.000000000 0.000000000 0.235682011 -0.204929411 0.949977875 -1.455232206 0.142862827 0.974200249 0.174711525 0.110894994 -0.961272180 0.094540164 0.258878261 -1.524164103
185051533 0.513977198 0.913737261 0.500000000 0.500000000 0.000000000 0.000000000 0.232570514 -0.204997763 0.950729668 -1.463226092 0.142831817 0.974134266 0.175104335 0.110978572 -0.962034345 0.095070340 0.255835116 -1.529799347
185084900 0.513977198 0.913737261 0.500000000 0.500000000 0.000000000 0.000000000 0.229387820 -0.205054820 0.951490283 -1.471571586 0.142928585 0.974056005 0.175460339 0.111629282 -0.962783813 0.095746696 0.252744764 -1.535667952
185118267 0.513977198 0.913737261 0.500000000 0.500000000 0.000000000 0.000000000 0.226513669 -0.205001161 0.952190161 -1.478660307 0.142832741 0.974022627 0.175723523 0.111729974 -0.963478267 0.096200146 0.249910310 -1.541877087
185151633 0.513977198 0.913737261 0.500000000 0.500000000 0.000000000 0.000000000 0.223414898 -0.205034867 0.952914715 -1.486399838 0.142702639 0.973972142 0.176108465 0.111504925 -0.964220822 0.096638188 0.246858910 -1.548562389
185185000 0.513977198 0.913737261 0.500000000 0.500000000 0.000000000 0.000000000 0.220077187 -0.205254331 0.953643918 -1.495101345 0.142685801 0.973871171 0.176679567 0.111262530 -0.964990556 0.097188301 0.243613705 -1.555979080
185218367 0.513977198 0.913737261 0.500000000 0.500000000 0.000000000 0.000000000 0.216761068 -0.205333903 0.954385996 -1.504031857 0.142989650 0.973763525 0.177026987 0.112559565 -0.965695918 0.098094769 0.240434647 -1.562739579
185251733 0.513977198 0.913737261 0.500000000 0.500000000 0.000000000 0.000000000 0.213301346 -0.205329999 0.955166042 -1.513224729 0.142965183 0.973701358 0.177388459 0.112734520 -0.966469586 0.098718293 0.237046853 -1.569198681
185285100 0.513977198 0.913737261 0.500000000 0.500000000 0.000000000 0.000000000 0.209716141 -0.205478564 0.955927670 -1.522971341 0.142858684 0.973616362 0.177939743 0.112184390 -0.967269659 0.099245727 0.233537465 -1.575869800
185318467 0.513977198 0.913737261 0.500000000 0.500000000 0.000000000 0.000000000 0.205898359 -0.205547199 0.956742525 -1.533861971 0.143083274 0.973507166 0.178356305 0.112917264 -0.968056321 0.100170583 0.229853898 -1.580585060
185351833 0.513977198 0.913737261 0.500000000 0.500000000 0.000000000 0.000000000 0.202711448 -0.205185696 0.957500339 -1.542716110 0.143141419 0.973506808 0.178311452 0.114490764 -0.968720078 0.100912184 0.226711541 -1.587829498
185385200 0.513977198 0.913737261 0.500000000 0.500000000 0.000000000 0.000000000 0.199093595 -0.205391094 0.958215117 -1.552560978 0.143626720 0.973347127 0.178792492 0.116231639 -0.969398320 0.102028854 0.223286822 -1.596214050
185418567 0.513977198 0.913737261 0.500000000 0.500000000 0.000000000 0.000000000 0.194868684 -0.205482841 0.959063590 -1.564810469 0.144065455 0.973200083 0.179239497 0.118012496 -0.970191419 0.103239775 0.219249189 -1.603356532
185451933 0.513977198 0.913737261 0.500000000 0.500000000 0.000000000 0.000000000 0.190825179 -0.205662116 0.959837914 -1.576087612 0.144150019 0.973076701 0.179840311 0.117874526 -0.970982254 0.104042597 0.215333730 -1.609323205
185485300 0.513977198 0.913737261 0.500000000 0.500000000 0.000000000 0.000000000 0.187006444 -0.206203461 0.960473180 -1.586060011 0.144282147 0.972883761 0.180775791 0.117178569 -0.971705317 0.104772888 0.211686999 -1.618231947
185518667 0.513977198 0.913737261 0.500000000 0.500000000 0.000000000 0.000000000 0.182630211 -0.206589952 0.961231887 -1.598832024 0.144464120 0.972701848 0.181607470 0.116912219 -0.972510338 0.105696514 0.207489580 -1.625585687
185552033 0.513977198 0.913737261 0.500000000 0.500000000 0.000000000 0.000000000 0.178475261 -0.206921056 0.961940885 -1.610613301 0.144448966 0.972555101 0.182403669 0.116020417 -0.973283648 0.106396824 0.203466550 -1.630725965
185585400 0.513977198 0.913737261 0.500000000 0.500000000 0.000000000 0.000000000 0.174976915 -0.207016081 0.962562919 -1.619952185 0.144320667 0.972478330 0.182913631 0.115427399 -0.973937690 0.106912069 0.200037956 -1.637149276
185618767 0.513977198 0.913737261 0.500000000 0.500000000 0.000000000 0.000000000 0.171300262 -0.206879109 0.963253498 -1.629955848 0.144527435 0.972404599 0.183142453 0.116995153 -0.974560440 0.107844211 0.196472868 -1.643051041
185652133 0.513977198 0.913737261 0.500000000 0.500000000 0.000000000 0.000000000 0.167351753 -0.207073793 0.963905513 -1.640624923 0.144990310 0.972232461 0.183689669 0.118463805 -0.975177526 0.109016165 0.192728490 -1.648626778
185685500 0.513977198 0.913737261 0.500000000 0.500000000 0.000000000 0.000000000 0.163414791 -0.207414031 0.964507639 -1.651573204 0.145091400 0.972071826 0.184458122 0.118093707 -0.975829959 0.109798588 0.188944921 -1.653688794
185718867 0.513977198 0.913737261 0.500000000 0.500000000 0.000000000 0.000000000 0.160272300 -0.207315415 0.965056002 -1.659974206 0.145342514 0.971994460 0.184668094 0.119738143 -0.976313651 0.110666484 0.185915530 -1.658959617
185752233 0.513977198 0.913737261 0.500000000 0.500000000 0.000000000 0.000000000 0.157213852 -0.207270294 0.965568662 -1.667528290 0.145474002 0.971921563 0.184947953 0.120699734 -0.976791263 0.111388758 0.182951972 -1.665350612
185785600 0.513977198 0.913737261 0.500000000 0.500000000 0.000000000 0.000000000 0.153946713 -0.207216948 0.966106415 -1.675831192 0.145645380 0.971840560 0.185238615 0.122027316 -0.977285981 0.112192050 0.179791853 -1.671584181
185818967 0.513977198 0.913737261 0.500000000 0.500000000 0.000000000 0.000000000 0.150311768 -0.207150295 0.966692865 -1.685702770 0.145820394 0.971752822 0.185560867 0.123148118 -0.977825522 0.113071561 0.176272631 -1.677307946
185852333 0.513977198 0.913737261 0.500000000 0.500000000 0.000000000 0.000000000 0.147223562 -0.207061142 0.967187107 -1.693382126 0.145775571 0.971706390 0.185838953 0.123738766 -0.978301942 0.113632381 0.173242539 -1.683504605
185885700 0.513977198 0.913737261 0.500000000 0.500000000 0.000000000 0.000000000 0.144069493 -0.206971020 0.967681229 -1.701302659 0.145573378 0.971676707 0.186152458 0.123756716 -0.978801489 0.114049740 0.170118436 -1.690094770
185919067 0.513977198 0.913737261 0.500000000 0.500000000 0.000000000 0.000000000 0.140970603 -0.206693411 0.968196869 -1.709339385 0.145607889 0.971656442 0.186231300 0.125199211 -0.979247510 0.114723966 0.167071179 -1.696375406
185952433 0.513977198 0.913737261 0.500000000 0.500000000 0.000000000 0.000000000 0.138085619 -0.206553578 0.968642354 -1.716409909 0.145445496 0.971637249 0.186458111 0.125494957 -0.979682565 0.115137473 0.164211422 -1.702240835
185985800 0.513977198 0.913737261 0.500000000 0.500000000 0.000000000 0.000000000 0.135230556 -0.206370309 0.969084084 -1.723249546 0.145336285 0.971620679 0.186629578 0.125961261 -0.980096936 0.115605071 0.161385894 -1.707834726
186019167 0.513977198 0.913737261 0.500000000 0.500000000 0.000000000 0.000000000 0.132210344 -0.205928162 0.969594777 -1.730997566 0.145523965 0.971614778 0.186514065 0.128439251 -0.980481088 0.116440192 0.158425018 -1.713224792
186052533 0.513977198 0.913737261 0.500000000 0.500000000 0.000000000 0.000000000 0.129366547 -0.205585048 0.970051050 -1.738055323 0.145888820 0.971572042 0.186451584 0.131229550 -0.980806172 0.117399007 0.155681491 -1.718999736
186085900 0.513977198 0.913737261 0.500000000 0.500000000 0.000000000 0.000000000 0.126410648 -0.205265447 0.970508337 -1.745390928 0.146312088 0.971514344 0.186420783 0.134131228 -0.981128514 0.118431531 0.152842566 -1.724979218
186119267 0.513977198 0.913737261 0.500000000 0.500000000 0.000000000 0.000000000 0.123673096 -0.205049813 0.970906556 -1.751611857 0.146580055 0.971459627 0.186495394 0.136079914 -0.981437325 0.119251072 0.150199637 -1.731549492
186152633 0.513977198 0.913737261 0.500000000 0.500000000 0.000000000 0.000000000 0.120713346 -0.204877898 0.971315265 -1.758704740 0.146636203 0.971416533 0.186675563 0.137025486 -0.981797397 0.119895749 0.147305459 -1.737331028
186186000 0.513977198 0.913737261 0.500000000 0.500000000 0.000000000 0.000000000 0.117729858 -0.204665348 0.971726179 -1.765968490 0.147022784 0.971339703 0.186771333 0.139432809 -0.982101798 0.120877318 0.144446149 -1.743678387
186219367 0.513977198 0.913737261 0.500000000 0.500000000 0.000000000 0.000000000 0.114781953 -0.204508126 0.972111881 -1.773051846 0.147392884 0.971254170 0.186924279 0.141608259 -0.982395232 0.121826835 0.141625494 -1.750058272
186252733 0.513977198 0.913737261 0.500000000 0.500000000 0.000000000 0.000000000 0.111711770 -0.204398185 0.972492576 -1.780032439 0.147784188 0.971153080 0.187140435 0.143839664 -0.982690334 0.122813247 0.138696045 -1.756938718
186286100 0.513977198 0.913737261 0.500000000 0.500000000 0.000000000 0.000000000 0.108261541 -0.204522744 0.972856581 -1.788804197 0.147995576 0.971019208 0.187667206 0.144598727 -0.983044624 0.123661324 0.135392502 -1.763594066
186319467 0.513977198 0.913737261 0.500000000 0.500000000 0.000000000 0.000000000 0.105312049 -0.204320401 0.973222733 -1.795721798 0.148113325 0.970971644 0.187820509 0.146018741 -0.983347237 0.124367505 0.132517591 -1.769654404
186352833 0.513977198 0.913737261 0.500000000 0.500000000 0.000000000 0.000000000 0.102317594 -0.204092428 0.973589957 -1.802343240 0.148441151 0.970900655 0.187928528 0.148478822 -0.983613908 0.125292420 0.129635930 -1.776435431
186386200 0.513977198 0.913737261 0.500000000 0.500000000 0.000000000 0.000000000 0.098997757 -0.203981340 0.973956406 -1.810225089 0.148620084 0.970817327 0.188217431 0.149766283 -0.983926594 0.126116380 0.126424462 -1.783001455
