https://www.youtube.com/watch?v=NEoWWQ-uNk0
177076900 0.480311554 0.853887281 0.500000000 0.500000000 0.000000000 0.000000000 0.992378652 -0.005507276 0.123102836 0.026487985 0.006296408 0.999962032 -0.006022237 0.032011305 -0.123064995 0.006751445 0.992375672 -0.583386859
177110267 0.480311554 0.853887281 0.500000000 0.500000000 0.000000000 0.000000000 0.991672218 -0.006235700 0.128636301 0.023581665 0.007068027 0.999956906 -0.006014903 0.032593845 -0.128593266 0.006874016 0.991673589 -0.610554906
177143633 0.480311554 0.853887281 0.500000000 0.500000000 0.000000000 0.000000000 0.990873158 -0.006586537 0.134636551 0.019583578 0.007478565 0.999953330 -0.006120772 0.034068871 -0.134589940 0.007071797 0.990876138 -0.636964337
177177000 0.480311554 0.853887281 0.500000000 0.500000000 0.000000000 0.000000000 0.990114033 -0.006791411 0.140100241 0.014945394 0.007751547 0.999950051 -0.006308649 0.034918697 -0.140050396 0.007332275 0.990117252 -0.662735677
177210367 0.480311554 0.853887281 0.500000000 0.500000000 0.000000000 0.000000000 0.989371061 -0.006919686 0.145248115 0.012201704 0.007961294 0.999946594 -0.006591186 0.035955844 -0.145194739 0.007677492 0.989373326 -0.686912782
177243733 0.480311554 0.853887281 0.500000000 0.500000000 0.000000000 0.000000000 0.988481879 -0.007458006 0.151155323 0.004823664 0.008538078 0.999942422 -0.006497679 0.035643408 -0.151098162 0.007713414 0.988488674 -0.715106684
177277100 0.480311554 0.853887281 0.500000000 0.500000000 0.000000000 0.000000000 0.987719357 -0.007819840 0.156042665 0.001133628 0.008973765 0.999937356 -0.006691833 0.035240661 -0.155980572 0.008009944 0.987727642 -0.741188161
177310467 0.480311554 0.853887281 0.500000000 0.500000000 0.000000000 0.000000000 0.986893415 -0.007798188 0.161184996 -0.004281356 0.009024391 0.999935627 -0.006876730 0.035372321 -0.161120996 0.008241196 0.986900270 -0.766901612
177343833 0.480311554 0.853887281 0.500000000 0.500000000 0.000000000 0.000000000 0.986084580 -0.007732012 0.166064471 -0.008471316 0.009020868 0.999934733 -0.007008312 0.034693772 -0.165999442 0.008408834 0.986090004 -0.794906448
177377200 0.480311554 0.853887281 0.500000000 0.500000000 0.000000000 0.000000000 0.985325873 -0.007990151 0.170496643 -0.010596720 0.009377225 0.999929130 -0.007331745 0.035635644 -0.170425981 0.008822943 0.985330999 -0.821052839
177410567 0.480311554 0.853887281 0.500000000 0.500000000 0.000000000 0.000000000 0.984387875 -0.008365677 0.175813884 -0.016384265 0.009787452 0.999926031 -0.007221227 0.034294706 -0.175740480 0.008829258 0.984396935 -0.850423962
177443933 0.480311554 0.853887281 0.500000000 0.500000000 0.000000000 0.000000000 0.983505070 -0.008410481 0.180684820 -0.020244966 0.009930310 0.999922514 -0.007508553 0.034360641 -0.180607662 0.009178956 0.983512402 -0.877196437
177477300 0.480311554 0.853887281 0.500000000 0.500000000 0.000000000 0.000000000 0.982645392 -0.008976471 0.185276821 -0.021949349 0.010539890 0.999916673 -0.007455071 0.034914398 -0.185194463 0.009278489 0.982658088 -0.906417203
177510667 0.480311554 0.853887281 0.500000000 0.500000000 0.000000000 0.000000000 0.981717169 -0.009022584 0.190131456 -0.025674153 0.010656226 0.999914527 -0.007571535 0.035611039 -0.190046892 0.009459190 0.981729448 -0.935103805
177544033 0.480311554 0.853887281 0.500000000 0.500000000 0.000000000 0.000000000 0.980796814 -0.009512836 0.194800317 -0.028129932 0.011203820 0.999908507 -0.007580607 0.035733365 -0.194710374 0.009617543 0.980813622 -0.965439131
177577400 0.480311554 0.853887281 0.500000000 0.500000000 0.000000000 0.000000000 0.979851127 -0.009597007 0.199498400 -0.030460942 0.011398696 0.999903977 -0.007884475 0.037573873 -0.199403569 0.009999634 0.979866445 -0.997577628
177610767 0.480311554 0.853887281 0.500000000 0.500000000 0.000000000 0.000000000 0.978901625 -0.009730065 0.204100370 -0.033309170 0.011551803 0.999903321 -0.007736165 0.038123401 -0.204005361 0.009930671 0.978919387 -1.029701205
177644133 0.480311554 0.853887281 0.500000000 0.500000000 0.000000000 0.000000000 0.977912784 -0.009967532 0.208775595 -0.038109516 0.011857692 0.999899268 -0.007803885 0.039152947 -0.208676785 0.010107115 0.977932453 -1.058849892
177677500 0.480311554 0.853887281 0.500000000 0.500000000 0.000000000 0.000000000 0.976975918 -0.010721002 0.213080138 -0.041170664 0.012680617 0.999888897 -0.007832014 0.041294914 -0.212972492 0.010353676 0.977003336 -1.085820222
177710867 0.480311554 0.853887281 0.500000000 0.500000000 0.000000000 0.000000000 0.975982487 -0.011106301 0.217565730 -0.046199690 0.013134810 0.999882698 -0.007879674 0.041831093 -0.217452690 0.010548107 0.976013839 -1.116222790
177744233 0.480311554 0.853887281 0.500000000 0.500000000 0.000000000 0.000000000 0.975122511 -0.011035040 0.221391648 -0.048033583 0.013151788 0.999880791 -0.008089194 0.044847385 -0.221276000 0.010799652 0.975151420 -1.144834189
177777600 0.480311554 0.853887281 0.500000000 0.500000000 0.000000000 0.000000000 0.974134028 -0.011568875 0.225674719 -0.053661917 0.013631081 0.999878347 -0.007581853 0.044586622 -0.225559562 0.010461931 0.974173188 -1.172640249
177810967 0.480311554 0.853887281 0.500000000 0.500000000 0.000000000 0.000000000 0.973203123 -0.011502330 0.229659349 -0.057837009 0.013658879 0.999876261 -0.007802676 0.047672948 -0.229541183 0.010730478 0.973239779 -1.198918145
177844333 0.480311554 0.853887281 0.500000000 0.500000000 0.000000000 0.000000000 0.972349584 -0.011617455 0.233240977 -0.059411573 0.013794296 0.999875188 -0.007703935 0.048264571 -0.233122364 0.010708313 0.972388446 -1.224556314
177877700 0.480311554 0.853887281 0.500000000 0.500000000 0.000000000 0.000000000 0.971430779 -0.011896648 0.237024605 -0.061903269 0.014079754 0.999872625 -0.007519790 0.048876055 -0.236904949 0.010642204 0.971474528 -1.252018714
177911067 0.480311554 0.853887281 0.500000000 0.500000000 0.000000000 0.000000000 0.970467687 -0.012015260 0.240931615 -0.066910182 0.014161483 0.999873936 -0.007178456 0.049112440 -0.240814999 0.010378408 0.970515549 -1.276310578
177944433 0.480311554 0.853887281 0.500000000 0.500000000 0.000000000 0.000000000 0.969557464 -0.012326156 0.244553417 -0.070137419 0.014520517 0.999868870 -0.007171996 0.050598481 -0.244432941 0.010504705 0.969609320 -1.300272053
177977800 0.480311554 0.853887281 0.500000000 0.500000000 0.000000000 0.000000000 0.968642294 -0.012623445 0.248138592 -0.072164496 0.014828974 0.999865413 -0.007021181 0.050567070 -0.248016551 0.010480653 0.968699098 -1.324223306
178011167 0.480311554 0.853887281 0.500000000 0.500000000 0.000000000 0.000000000 0.967802525 -0.012655856 0.251392394 -0.074716516 0.014914133 0.999863684 -0.007079785 0.053591577 -0.251268536 0.010601133 0.967859387 -1.348552613
178044533 0.480311554 0.853887281 0.500000000 0.500000000 0.000000000 0.000000000 0.966814578 -0.013235551 0.255135953 -0.079621811 0.015472740 0.999857426 -0.006763479 0.052954627 -0.255010068 0.010486682 0.966881514 -1.372039680
178077900 0.480311554 0.853887281 0.500000000 0.500000000 0.000000000 0.000000000 0.965966165 -0.013177494 0.258332640 -0.082034798 0.015456534 0.999857485 -0.006793079 0.054666396 -0.258206308 0.010554811 0.966032147 -1.395235040
178111267 0.480311554 0.853887281 0.500000000 0.500000000 0.000000000 0.000000000 0.964976549 -0.013376779 0.261994928 -0.087172173 0.015687907 0.999854267 -0.006731555 0.053603182 -0.261866719 0.010605945 0.965045750 -1.418726866
178144633 0.480311554 0.853887281 0.500000000 0.500000000 0.000000000 0.000000000 0.964010417 -0.013569131 0.265517890 -0.092361697 0.015943740 0.999849856 -0.006789898 0.054374015 -0.265385896 0.010778881 0.964082003 -1.441268201
178178000 0.480311554 0.853887281 0.500000000 0.500000000 0.000000000 0.000000000 0.963142753 -0.013891685 0.268631846 -0.095711697 0.016217880 0.999847710 -0.006442141 0.053554060 -0.268501461 0.010561340 0.963221371 -1.465556145
178211367 0.480311554 0.853887281 0.500000000 0.500000000 0.000000000 0.000000000 0.962264061 -0.013603270 0.271777213 -0.099654283 0.015976258 0.999851108 -0.006520535 0.055440880 -0.271648049 0.010616459 0.962338090 -1.489142329
178244733 0.480311554 0.853887281 0.500000000 0.500000000 0.000000000 0.000000000 0.961285233 -0.014139314 0.275192291 -0.106742357 0.016413270 0.999847531 -0.005961924 0.052998474 -0.275066018 0.010247914 0.961370707 -1.512988984
178278100 0.480311554 0.853887281 0.500000000 0.500000000 0.000000000 0.000000000 0.960314453 -0.014323848 0.278551608 -0.112800198 0.016665930 0.999842882 -0.006041737 0.055015479 -0.278421283 0.010444289 0.960402250 -1.536778502
178311467 0.480311554 0.853887281 0.500000000 0.500000000 0.000000000 0.000000000 0.959301770 -0.014677327 0.282001197 -0.120494867 0.017068595 0.999836147 -0.006024831 0.057888644 -0.281866580 0.010592995 0.959395111 -1.560373477
178344833 0.480311554 0.853887281 0.500000000 0.500000000 0.000000000 0.000000000 0.958405852 -0.014517754 0.285039335 -0.125792399 0.016773110 0.999844372 -0.005472765 0.054904496 -0.284915537 0.010026127 0.958500206 -1.585151219
178378200 0.480311554 0.853887281 0.500000000 0.500000000 0.000000000 0.000000000 0.957466125 -0.014593749 0.288176388 -0.133090086 0.016874105 0.999842882 -0.005430454 0.057321889 -0.288051873 0.010062194 0.957561970 -1.611653549
178411567 0.480311554 0.853887281 0.500000000 0.500000000 0.000000000 0.000000000 0.956449270 -0.014421640 0.291542232 -0.141550063 0.016841566 0.999841392 -0.005792472 0.061068188 -0.291412443 0.010450233 0.956540406 -1.636680221
178444933 0.480311554 0.853887281 0.500000000 0.500000000 0.000000000 0.000000000 0.955484629 -0.014684189 0.294675261 -0.149868949 0.017069243 0.999839067 -0.005523278 0.061476750 -0.294546723 0.010307291 0.955581486 -1.662366224
178478300 0.480311554 0.853887281 0.500000000 0.500000000 0.000000000 0.000000000 0.954405606 -0.015047462 0.298133343 -0.161168983 0.017446849 0.999833286 -0.005388255 0.064508665 -0.298002541 0.010344069 0.954509020 -1.687997297
178511667 0.480311554 0.853887281 0.500000000 0.500000000 0.000000000 0.000000000 0.953470111 -0.014812394 0.301123440 -0.168501185 0.017237213 0.999836862 -0.005397088 0.065689577 -0.300994396 0.010336491 0.953569889 -1.712946790
178545033 0.480311554 0.853887281 0.500000000 0.500000000 0.000000000 0.000000000 0.952535391 -0.015014366 0.304057449 -0.174908103 0.017571986 0.999829471 -0.005676994 0.070092771 -0.303920358 0.010750431 0.952636778 -1.740365283
178578400 0.480311554 0.853887281 0.500000000 0.500000000 0.000000000 0.000000000 0.951442420 -0.014803454 0.307470590 -0.186718377 0.017394112 0.999832511 -0.005686794 0.071208878 -0.307334900 0.010758836 0.951540589 -1.766391896
178611767 0.480311554 0.853887281 0.500000000 0.500000000 0.000000000 0.000000000 0.950440466 -0.014946342 0.310547084 -0.195749106 0.017518615 0.999831438 -0.005495393 0.072824917 -0.310412616 0.010663399 0.950542092 -1.792560138
178645133 0.480311554 0.853887281 0.500000000 0.500000000 0.000000000 0.000000000 0.949389458 -0.015268249 0.313730031 -0.205784816 0.017736524 0.999830127 -0.005014546 0.073155940 -0.313600183 0.010325237 0.949498951 -1.818222125
178678500 0.480311554 0.853887281 0.500000000 0.500000000 0.000000000 0.000000000 0.948275983 -0.014904750 0.317097008 -0.216798109 0.017442826 0.999834538 -0.005166654 0.075016748 -0.316967517 0.010430481 0.948379040 -1.842120413
178711867 0.480311554 0.853887281 0.500000000 0.500000000 0.000000000 0.000000000 0.947077155 -0.015181328 0.320646763 -0.227804066 0.017761176 0.999829113 -0.005122365 0.076365296 -0.320514202 0.010546339 0.947184980 -1.866723906
178745233 0.480311554 0.853887281 0.500000000 0.500000000 0.000000000 0.000000000 0.945981860 -0.015296512 0.323858500 -0.237167746 0.017900743 0.999826968 -0.005063671 0.078223006 -0.323725015 0.010587449 0.946091950 -1.890577221
178778600 0.480311554 0.853887281 0.500000000 0.500000000 0.000000000 0.000000000 0.944854677 -0.015332227 0.327130765 -0.247261054 0.017920619 0.999827385 -0.004899570 0.079112481 -0.326999187 0.010491768 0.944966376 -1.913215270
178811967 0.480311554 0.853887281 0.500000000 0.500000000 0.000000000 0.000000000 0.943659127 -0.015697049 0.330546528 -0.258355225 0.018292198 0.999821424 -0.004741706 0.080312120 -0.330413073 0.010520977 0.943777800 -1.934248309
178845333 0.480311554 0.853887281 0.500000000 0.500000000 0.000000000 0.000000000 0.942372262 -0.015571766 0.334203511 -0.270452083 0.018233739 0.999822080 -0.004829319 0.081753980 -0.334068865 0.010644796 0.942488551 -1.957426491
178878700 0.480311554 0.853887281 0.500000000 0.500000000 0.000000000 0.000000000 0.941220105 -0.015740031 0.337426990 -0.279524118 0.018446829 0.999818265 -0.004816910 0.083629811 -0.337289840 0.010758230 0.941339374 -1.979560591
178912067 0.480311554 0.853887281 0.500000000 0.500000000 0.000000000 0.000000000 0.939986050 -0.015776707 0.340847909 -0.290312219 0.018354256 0.999822140 -0.004338720 0.082208385 -0.340718836 0.010334346 0.940108418 -2.001053503
178945433 0.480311554 0.853887281 0.500000000 0.500000000 0.000000000 0.000000000 0.938822567 -0.016205367 0.344019771 -0.298095280 0.018773664 0.999815226 -0.004135715 0.082221027 -0.343889177 0.010341213 0.938953280 -2.022952751
178978800 0.480311554 0.853887281 0.500000000 0.500000000 0.000000000 0.000000000 0.937487245 -0.016223149 0.347641319 -0.308460431 0.018848056 0.999813676 -0.004170064 0.083191551 -0.347508878 0.010461745 0.937618315 -2.044283038
179012167 0.480311554 0.853887281 0.500000000 0.500000000 0.000000000 0.000000000 0.936147809 -0.016276307 0.351229817 -0.320273653 0.019025188 0.999809444 -0.004376574 0.084466613 -0.351091653 0.010779334 0.936279058 -2.066314031
179045533 0.480311554 0.853887281 0.500000000 0.500000000 0.000000000 0.000000000 0.934961855 -0.016801151 0.354350179 -0.329273382 0.019501053 0.999801636 -0.004049447 0.083592728 -0.354211867 0.010696280 0.935104012 -2.087724592
179078900 0.480311554 0.853887281 0.500000000 0.500000000 0.000000000 0.000000000 0.933852851 -0.016957579 0.357255191 -0.337988850 0.019769385 0.999795675 -0.004219909 0.086650847 -0.357110620 0.011003491 0.933997273 -2.107844446
179112267 0.480311554 0.853887281 0.500000000 0.500000000 0.000000000 0.000000000 0.932615757 -0.017224167 0.360459596 -0.349131175 0.020008957 0.999791801 -0.003995147 0.085814776 -0.360315740 0.010938358 0.932766259 -2.129925921
179145633 0.480311554 0.853887281 0.500000000 0.500000000 0.000000000 0.000000000 0.931435525 -0.017444909 0.363488078 -0.359013336 0.020304089 0.999785662 -0.004046300 0.086903191 -0.363339603 0.011149162 0.931590080 -2.152430351
179179000 0.480311554 0.853887281 0.500000000 0.500000000 0.000000000 0.000000000 0.930193007 -0.017290670 0.366663396 -0.369496958 0.020166738 0.999788582 -0.004014428 0.086327179 -0.366516441 0.011128597 0.930344999 -2.173904180
179212367 0.480311554 0.853887281 0.500000000 0.500000000 0.000000000 0.000000000 0.929150879 -0.017818110 0.369271070 -0.376688848 0.020629177 0.999780476 -0.003665110 0.085045047 -0.369124711 0.011023199 0.929314494 -2.198772420
179245733 0.480311554 0.853887281 0.500000000 0.500000000 0.000000000 0.000000000 0.927812159 -0.017378699 0.372642696 -0.388961073 0.020211484 0.999788880 -0.003696382 0.083483302 -0.372499794 0.010961209 0.927967548 -2.221435071
179279100 0.480311554 0.853887281 0.500000000 0.500000000 0.000000000 0.000000000 0.926595151 -0.017725782 0.375642359 -0.397346749 0.020645227 0.999779820 -0.003747946 0.085003628 -0.375493228 0.011228051 0.926757097 -2.243981903
179312467 0.480311554 0.853887281 0.500000000 0.500000000 0.000000000 0.000000000 0.925372005 -0.017748933 0.378644437 -0.406685669 0.020750174 0.999777317 -0.003847012 0.085632728 -0.378491849 0.011416855 0.925534189 -2.266656619
179345833 0.480311554 0.853887281 0.500000000 0.500000000 0.000000000 0.000000000 0.924135268 -0.018173786 0.381632894 -0.415472300 0.021163383 0.999769390 -0.003637617 0.084600571 -0.381478786 0.011438293 0.924306810 -2.289555723
179379200 0.480311554 0.853887281 0.500000000 0.500000000 0.000000000 0.000000000 0.922933936 -0.018491967 0.384513974 -0.424108397 0.021487139 0.999763012 -0.003494344 0.083861210 -0.384358227 0.011487153 0.923112571 -2.313901637
179412567 0.480311554 0.853887281 0.500000000 0.500000000 0.000000000 0.000000000 0.921709597 -0.018991461 0.387415409 -0.434343422 0.022044495 0.999751091 -0.003437886 0.084600109 -0.387253672 0.011709110 0.921898842 -2.339771574
179445933 0.480311554 0.853887281 0.500000000 0.500000000 0.000000000 0.000000000 0.920720279 -0.019231362 0.389749080 -0.440905465 0.022239722 0.999747515 -0.003207340 0.083431216 -0.389588982 0.011620974 0.920915484 -2.362218636
179479300 0.480311554 0.853887281 0.500000000 0.500000000 0.000000000 0.000000000 0.919651270 -0.019213725 0.392265648 -0.448717426 0.022213433 0.999748409 -0.003109424 0.082379019 -0.392107219 0.011573153 0.919846714 -2.385889190
179512667 0.480311554 0.853887281 0.500000000 0.500000000 0.000000000 0.000000000 0.918583572 -0.019463254 0.394747317 -0.457114856 0.022420056 0.999744475 -0.002878838 0.081392200 -0.394590437 0.011494710 0.918785214 -2.410601813
179546033 0.480311554 0.853887281 0.500000000 0.500000000 0.000000000 0.000000000 0.917561829 -0.019645693 0.397107482 -0.465543697 0.022611067 0.999740481 -0.002786292 0.080812318 -0.396949679 0.011535619 0.917767882 -2.432752373
179579400 0.480311554 0.853887281 0.500000000 0.500000000 0.000000000 0.000000000 0.916485548 -0.019400248 0.399597079 -0.474291991 0.022356888 0.999746323 -0.002738858 0.080514533 -0.399442583 0.011443871 0.916686773 -2.455056111
179612767 0.480311554 0.853887281 0.500000000 0.500000000 0.000000000 0.000000000 0.915521145 -0.020225350 0.401761055 -0.481853101 0.023082625 0.999731004 -0.002271804 0.080224458 -0.401607007 0.011353585 0.915741742 -2.477219496
179646133 0.480311554 0.853887281 0.500000000 0.500000000 0.000000000 0.000000000 0.914653242 -0.019997636 0.403744459 -0.488845585 0.022809340 0.999737501 -0.002155448 0.080644596 -0.403595388 0.011180632 0.914869249 -2.497961552
179679500 0.480311554 0.853887281 0.500000000 0.500000000 0.000000000 0.000000000 0.913818121 -0.020054506 0.405628204 -0.494440517 0.022853443 0.999736726 -0.002057711 0.081403512 -0.405480146 0.011150374 0.914035857 -2.519485540
179712867 0.480311554 0.853887281 0.500000000 0.500000000 0.000000000 0.000000000 0.912912428 -0.020282574 0.407651156 -0.502319212 0.023095256 0.999731302 -0.001979202 0.082499705 -0.407501489 0.011221646 0.913135588 -2.540152952
179746233 0.480311554 0.853887281 0.500000000 0.500000000 0.000000000 0.000000000 0.912104666 -0.020643543 0.409437358 -0.508746392 0.023406167 0.999724507 -0.001736572 0.084187485 -0.409288704 0.011167294 0.912336588 -2.560174256
179779600 0.480311554 0.853887281 0.500000000 0.500000000 0.000000000 0.000000000 0.911373079 -0.020597471 0.411065549 -0.514891244 0.023237329 0.999728978 -0.001425533 0.083663222 -0.410924762 0.010851257 0.911604702 -2.580551312
179812967 0.480311554 0.853887281 0.500000000 0.500000000 0.000000000 0.000000000 0.910602868 -0.020644473 0.412766576 -0.522547432 0.023226181 0.999729455 -0.001237840 0.084718758 -0.412629336 0.010714172 0.910835981 -2.600685797
179846333 0.480311554 0.853887281 0.500000000 0.500000000 0.000000000 0.000000000 0.909965813 -0.020649964 0.414168805 -0.527839916 0.023133906 0.999731898 -0.000981811 0.084597398 -0.414037496 0.010474756 0.910199583 -2.618193987
179879700 0.480311554 0.853887281 0.500000000 0.500000000 0.000000000 0.000000000 0.909201801 -0.020957133 0.415827990 -0.535704340 0.023370160 0.999726653 -0.000713725 0.085806155 -0.415699363 0.010366886 0.909443021 -2.636929922
179913067 0.480311554 0.853887281 0.500000000 0.500000000 0.000000000 0.000000000 0.908702016 -0.021034854 0.416915119 -0.540457642 0.023257153 0.999729455 -0.000251033 0.084133731 -0.416797072 0.009924374 0.908945382 -2.654953257
179946433 0.480311554 0.853887281 0.500000000 0.500000000 0.000000000 0.000000000 0.908147991 -0.021208324 0.418111801 -0.545925300 0.023330472 0.999727786 0.000035946 0.084107335 -0.417998761 0.009722102 0.908395588 -2.674910740
179979800 0.480311554 0.853887281 0.500000000 0.500000000 0.000000000 0.000000000 0.907625496 -0.020951159 0.419257760 -0.552119082 0.023056230 0.999734163 0.000045719 0.084015067 -0.419147253 0.009625007 0.907867253 -2.693247024
180013167 0.480311554 0.853887281 0.500000000 0.500000000 0.000000000 0.000000000 0.907111526 -0.020944720 0.420368940 -0.557390241 0.022955643 0.999736428 0.000275646 0.083141038 -0.420263916 0.009399798 0.907353222 -2.710907369
180046533 0.480311554 0.853887281 0.500000000 0.500000000 0.000000000 0.000000000 0.906480610 -0.021167811 0.421716481 -0.565363012 0.023058146 0.999733925 0.000617516 0.082097260 -0.421617329 0.009164234 0.906727552 -2.727248915
180079900 0.480311554 0.853887281 0.500000000 0.500000000 0.000000000 0.000000000 0.906069458 -0.021130363 0.422601044 -0.570251610 0.022916846 0.999737024 0.000853171 0.081225383 -0.422507912 0.008911651 0.906315446 -2.744683649
180113267 0.480311554 0.853887281 0.500000000 0.500000000 0.000000000 0.000000000 0.905541658 -0.021232203 0.423725724 -0.576207296 0.022964865 0.999735773 0.001017050 0.080977333 -0.423635364 0.008809823 0.905789971 -2.762278788
180146633 0.480311554 0.853887281 0.500000000 0.500000000 0.000000000 0.000000000 0.905106246 -0.021123547 0.424660355 -0.581711965 0.022842692 0.999738514 0.001043095 0.081285420 -0.424571365 0.008756274 0.905352116 -2.779888362
180180000 0.480311554 0.853887281 0.500000000 0.500000000 0.000000000 0.000000000 0.904640138 -0.021332044 0.425641984 -0.587284163 0.022882516 0.999737084 0.001470705 0.079752991 -0.425561458 0.008409301 0.904890478 -2.798779703
180213367 0.480311554 0.853887281 0.500000000 0.500000000 0.000000000 0.000000000 0.904242039 -0.021377537 0.426484853 -0.592031771 0.022810444 0.999738276 0.001748670 0.077833291 -0.426410615 0.008147088 0.904493034 -2.818787942
180246733 0.480311554 0.853887281 0.500000000 0.500000000 0.000000000 0.000000000 0.903697312 -0.020996310 0.427656800 -0.598990887 0.022501878 0.999745607 0.001534130 0.078974799 -0.427580237 0.008236692 0.903939903 -2.838689068
180280100 0.480311554 0.853887281 0.500000000 0.500000000 0.000000000 0.000000000 0.903294623 -0.021345802 0.428489417 -0.603496467 0.022912716 0.999736369 0.001501180 0.080402390 -0.428408504 0.008461849 0.903545558 -2.859232034
180313467 0.480311554 0.853887281 0.500000000 0.500000000 0.000000000 0.000000000 0.902867913 -0.021124173 0.429398805 -0.608313067 0.022566469 0.999743819 0.001733168 0.078274746 -0.429325432 0.008125193 0.903113306 -2.879572266
180346833 0.480311554 0.853887281 0.500000000 0.500000000 0.000000000 0.000000000 0.902395964 -0.021420930 0.430375010 -0.614644243 0.022785988 0.999738395 0.001982790 0.077582696 -0.430304885 0.008017258 0.902648032 -2.902540758
180380200 0.480311554 0.853887281 0.500000000 0.500000000 0.000000000 0.000000000 0.901832223 -0.021454303 0.431553453 -0.622538311 0.022694321 0.999739885 0.002276083 0.074991041 -0.431490004 0.007741167 0.902084470 -2.922281788
180413567 0.480311554 0.853887281 0.500000000 0.500000000 0.000000000 0.000000000 0.901465356 -0.021556435 0.432314128 -0.627686553 0.022796636 0.999737442 0.002314049 0.074664375 -0.432250500 0.007769274 0.901720107 -2.943163705
180446933 0.480311554 0.853887281 0.500000000 0.500000000 0.000000000 0.000000000 0.901007712 -0.021428773 0.433273524 -0.634947697 0.022710651 0.999739647 0.002217358 0.075901024 -0.433208227 0.007842068 0.901259780 -2.965149544
180480300 0.480311554 0.853887281 0.500000000 0.500000000 0.000000000 0.000000000 0.900549710 -0.021502079 0.434220999 -0.641804181 0.022680569 0.999739707 0.002467647 0.074340997 -0.434161067 0.007626141 0.900802970 -2.986296123
180513667 0.480311554 0.853887281 0.500000000 0.500000000 0.000000000 0.000000000 0.900123000 -0.022052551 0.435077339 -0.647873074 0.023080848 0.999729335 0.002921274 0.072655463 -0.435023993 0.007412448 0.900388360 -3.006472660
180547033 0.480311554 0.853887281 0.500000000 0.500000000 0.000000000 0.000000000 0.899649143 -0.021893103 0.436064392 -0.655278710 0.023019193 0.999731362 0.002701493 0.074276054 -0.436006397 0.007607455 0.899911404 -3.026341861
180580400 0.480311554 0.853887281 0.500000000 0.500000000 0.000000000 0.000000000 0.899178028 -0.022087440 0.437025189 -0.662187269 0.023055840 0.999729395 0.003089427 0.072665664 -0.436975151 0.007298037 0.899443984 -3.046497412
180613767 0.480311554 0.853887281 0.500000000 0.500000000 0.000000000 0.000000000 0.898693919 -0.021985158 0.438024938 -0.668909398 0.022981230 0.999731302 0.003027587 0.074196644 -0.437973827 0.007345478 0.898957729 -3.065756383
180647133 0.480311554 0.853887281 0.500000000 0.500000000 0.000000000 0.000000000 0.898166180 -0.021668078 0.439121842 -0.676250752 0.022592608 0.999739885 0.003121060 0.073981096 -0.439075261 0.007117677 0.898422122 -3.084222491
180680500 0.480311554 0.853887281 0.500000000 0.500000000 0.000000000 0.000000000 0.897633851 -0.021762587 0.440204352 -0.682051779 0.022639507 0.999738395 0.003259636 0.074302476 -0.440160125 0.007040050 0.897891700 -3.102657084
180713867 0.480311554 0.853887281 0.500000000 0.500000000 0.000000000 0.000000000 0.896996379 -0.021806747 0.441499650 -0.690497494 0.022656349 0.999737680 0.003348504 0.074703195 -0.441456854 0.006999174 0.897255182 -3.119126053
180747233 0.480311554 0.853887281 0.500000000 0.500000000 0.000000000 0.000000000 0.896442354 -0.021871639 0.442620337 -0.697279103 0.022624478 0.999737620 0.003579504 0.074662764 -0.442582488 0.006805235 0.896701992 -3.136102622
180780600 0.480311554 0.853887281 0.500000000 0.500000000 0.000000000 0.000000000 0.895957887 -0.021830244 0.443602175 -0.703826041 0.022526974 0.999739408 0.003700018 0.074066975 -0.443567336 0.006677954 0.896216154 -3.152579470
180813967 0.480311554 0.853887281 0.500000000 0.500000000 0.000000000 0.000000000 0.895568132 -0.022027908 0.444378734 -0.708363048 0.022551542 0.999737263 0.004108381 0.071742678 -0.444352448 0.006342090 0.895829618 -3.169532513
180847333 0.480311554 0.853887281 0.500000000 0.500000000 0.000000000 0.000000000 0.895054519 -0.021819090 0.445422590 -0.714316235 0.022296488 0.999742687 0.004168858 0.070552232 -0.445398957 0.006200004 0.895310760 -3.185941334
180880700 0.480311554 0.853887281 0.500000000 0.500000000 0.000000000 0.000000000 0.894482136 -0.021823965 0.446570724 -0.720770672 0.022271229 0.999742925 0.004248235 0.070351045 -0.446548641 0.006145709 0.894738257 -3.200624897
180914067 0.480311554 0.853887281 0.500000000 0.500000000 0.000000000 0.000000000 0.893844068 -0.021827569 0.447846323 -0.728352880 0.022233926 0.999743342 0.004350383 0.070332884 -0.447826326 0.006068818 0.894099951 -3.216061835
180947433 0.480311554 0.853887281 0.500000000 0.500000000 0.000000000 0.000000000 0.893252432 -0.021799443 0.449026644 -0.734332995 0.022049733 0.999745965 0.004672170 0.067162571 -0.449014425 0.005727490 0.893506169 -3.232757337
180980800 0.480311554 0.853887281 0.500000000 0.500000000 0.000000000 0.000000000 0.892678618 -0.022022808 0.450155377 -0.741436232 0.022247387 0.999741018 0.004792426 0.067002712 -0.450144321 0.005736685 0.892937362 -3.247599922
181014167 0.480311554 0.853887281 0.500000000 0.500000000 0.000000000 0.000000000 0.892142296 -0.022062831 0.451215386 -0.748343548 0.022307124 0.999739766 0.004778115 0.067081234 -0.451203376 0.005802560 0.892402291 -3.260978169
181047533 0.480311554 0.853887281 0.500000000 0.500000000 0.000000000 0.000000000 0.891753078 -0.022074867 0.451983631 -0.752593217 0.022249278 0.999740303 0.004929985 0.066528934 -0.451975077 0.005659980 0.892012596 -3.277490890
181080900 0.480311554 0.853887281 0.500000000 0.500000000 0.000000000 0.000000000 0.891259611 -0.022153582 0.452951998 -0.758566600 0.022242796 0.999739408 0.005130131 0.064712299 -0.452947617 0.005502640 0.891520143 -3.291762679
181114267 0.480311554 0.853887281 0.500000000 0.500000000 0.000000000 0.000000000 0.890788734 -0.022273485 0.453871429 -0.764641980 0.022326434 0.999736965 0.005242652 0.063556077 -0.453868836 0.005463236 0.891051769 -3.307371713
181147633 0.480311554 0.853887281 0.500000000 0.500000000 0.000000000 0.000000000 0.890231609 -0.021945342 0.454979241 -0.771965973 0.021929312 0.999745429 0.005313624 0.061614559 -0.454980016 0.005247026 0.890486181 -3.323668647
181181000 0.480311554 0.853887281 0.500000000 0.500000000 0.000000000 0.000000000 0.889754713 -0.022114638 0.455902994 -0.777019739 0.022076698 0.999741673 0.005409220 0.061766326 -0.455904841 0.005251954 0.890013039 -3.339010415
181214367 0.480311554 0.853887281 0.500000000 0.500000000 0.000000000 0.000000000 0.889339507 -0.022512428 0.456692964 -0.780951291 0.022374887 0.999733329 0.005709645 0.059843999 -0.456699729 0.005140641 0.889606059 -3.354186424
181247733 0.480311554 0.853887281 0.500000000 0.500000000 0.000000000 0.000000000 0.888811409 -0.022280933 0.457731217 -0.786906647 0.022088706 0.999739349 0.005772888 0.057933431 -0.457740515 0.004979682 0.889071882 -3.370287172
181281100 0.480311554 0.853887281 0.500000000 0.500000000 0.000000000 0.000000000 0.888383269 -0.022428095 0.458554357 -0.790423395 0.022027057 0.999737978 0.006223359 0.054339015 -0.458573788 0.004571875 0.888644576 -3.386608777
181314467 0.480311554 0.853887281 0.500000000 0.500000000 0.000000000 0.000000000 0.887927055 -0.022586575 0.459429383 -0.794756136 0.022276141 0.999733269 0.006096609 0.056363675 -0.459444553 0.004820970 0.888193369 -3.402075673
181347833 0.480311554 0.853887281 0.500000000 0.500000000 0.000000000 0.000000000 0.887406886 -0.022613568 0.460431993 -0.800500174 0.022140967 0.999734223 0.006427683 0.053832501 -0.460454971 0.004490439 0.887671709 -3.418407995
181381200 0.480311554 0.853887281 0.500000000 0.500000000 0.000000000 0.000000000 0.886980414 -0.022702608 0.461248696 -0.804406833 0.022030059 0.999733865 0.006843024 0.050197608 -0.461281329 0.004091708 0.887244523 -3.434950504
181414567 0.480311554 0.853887281 0.500000000 0.500000000 0.000000000 0.000000000 0.886568367 -0.022982413 0.462026387 -0.807275019 0.022437377 0.999725997 0.006674613 0.053256341 -0.462053180 0.004449159 0.886841059 -3.451796925
181447933 0.480311554 0.853887281 0.500000000 0.500000000 0.000000000 0.000000000 0.886144340 -0.022731345 0.462851465 -0.811956136 0.022439290 0.999729395 0.006137487 0.058844563 -0.462865710 0.004947359 0.886414587 -3.467323613
181481300 0.480311554 0.853887281 0.500000000 0.500000000 0.000000000 0.000000000 0.885868847 -0.023193663 0.463355631 -0.813970884 0.022777271 0.999719441 0.006494974 0.057752358 -0.463376284 0.004800281 0.886148632 -3.484485945
181514667 0.480311554 0.853887281 0.500000000 0.500000000 0.000000000 0.000000000 0.885429144 -0.022901019 0.464209884 -0.819112908 0.022338612 0.999727905 0.006711470 0.055532256 -0.464237273 0.004427273 0.885699809 -3.502728475
181548033 0.480311554 0.853887281 0.500000000 0.500000000 0.000000000 0.000000000 0.885030568 -0.023088865 0.464959979 -0.824188544 0.022483874 0.999723732 0.006846979 0.055869408 -0.464989632 0.004394316 0.885305226 -3.518683776
181581400 0.480311554 0.853887281 0.500000000 0.500000000 0.000000000 0.000000000 0.884764731 -0.023101570 0.465465009 -0.826195226 0.022436842 0.999723971 0.006969088 0.055553052 -0.465497524 0.004277562 0.885038853 -3.536944821
181614767 0.480311554 0.853887281 0.500000000 0.500000000 0.000000000 0.000000000 0.884538531 -0.022803849 0.465909362 -0.827579521 0.022000520 0.999732316 0.007163275 0.053151567 -0.465947986 0.003914055 0.884803474 -3.553036750
181648133 0.480311554 0.853887281 0.500000000 0.500000000 0.000000000 0.000000000 0.884247363 -0.022903955 0.466456920 -0.830202076 0.022127708 0.999729633 0.007141913 0.054314247 -0.466494381 0.004006405 0.884515107 -3.569862124
181681500 0.480311554 0.853887281 0.500000000 0.500000000 0.000000000 0.000000000 0.883850634 -0.023039082 0.467201471 -0.835752325 0.022292649 0.999726117 0.007126259 0.055516742 -0.467237681 0.004116610 0.884122133 -3.586616053
181714867 0.480311554 0.853887281 0.500000000 0.500000000 0.000000000 0.000000000 0.883768618 -0.022890074 0.467364013 -0.835551275 0.022021275 0.999730706 0.007322342 0.052935559 -0.467405736 0.003820695 0.884034634 -3.603114909
181748233 0.480311554 0.853887281 0.500000000 0.500000000 0.000000000 0.000000000 0.883610249 -0.022973910 0.467659235 -0.836067129 0.022042839 0.999729156 0.007463577 0.053494518 -0.467704028 0.003713644 0.883877337 -3.619664429
181781600 0.480311554 0.853887281 0.500000000 0.500000000 0.000000000 0.000000000 0.883374870 -0.023162423 0.468094349 -0.838245720 0.022165373 0.999725163 0.007638892 0.054501104 -0.468142629 0.003627480 0.883645475 -3.634525299
181814967 0.480311554 0.853887281 0.500000000 0.500000000 0.000000000 0.000000000 0.883206010 -0.023357118 0.468403220 -0.840085988 0.022189969 0.999721706 0.008010840 0.053188949 -0.468459964 0.003318631 0.883478463 -3.648304161
181848333 0.480311554 0.853887281 0.500000000 0.500000000 0.000000000 0.000000000 0.883023858 -0.023415517 0.468743652 -0.843179733 0.022141375 0.999720991 0.008229705 0.052353120 -0.468805552 0.003111604 0.883295894 -3.663316277
181881700 0.480311554 0.853887281 0.500000000 0.500000000 0.000000000 0.000000000 0.882858634 -0.023316197 0.469059676 -0.846336807 0.022024015 0.999723494 0.008241293 0.054003028 -0.469122142 0.003054681 0.883127987 -3.678782421
181915067 0.480311554 0.853887281 0.500000000 0.500000000 0.000000000 0.000000000 0.882950425 -0.023430211 0.468881220 -0.844344644 0.021988694 0.999721646 0.008549636 0.053110959 -0.468951017 0.002761180 0.883219838 -3.692194075
181948433 0.480311554 0.853887281 0.500000000 0.500000000 0.000000000 0.000000000 0.882778049 -0.023287928 0.469212770 -0.847282084 0.021639381 0.999726176 0.008905943 0.050154947 -0.469291687 0.002291503 0.883040249 -3.706554904
181981800 0.480311554 0.853887281 0.500000000 0.500000000 0.000000000 0.000000000 0.882645488 -0.023254734 0.469463736 -0.849176770 0.021688487 0.999726534 0.008744293 0.053089165 -0.469538718 0.002463848 0.882908463 -3.719523937
182015167 0.480311554 0.853887281 0.500000000 0.500000000 0.000000000 0.000000000 0.882575750 -0.023305336 0.469592214 -0.850029791 0.021564169 0.999726176 0.009086480 0.051247456 -0.469675392 0.002106859 0.882836640 -3.733188047
182048533 0.480311554 0.853887281 0.500000000 0.500000000 0.000000000 0.000000000 0.882472515 -0.023224387 0.469790280 -0.851296232 0.021336431 0.999728680 0.009343048 0.049652518 -0.469879806 0.001778666 0.882728636 -3.745904212
182081900 0.480311554 0.853887281 0.500000000 0.500000000 0.000000000 0.000000000 0.882422388 -0.023038322 0.469893605 -0.852150274 0.021104123 0.999733269 0.009383885 0.049275406 -0.469984442 0.001636143 0.882673204 -3.759690442
182115267 0.480311554 0.853887281 0.500000000 0.500000000 0.000000000 0.000000000 0.882469952 -0.023164527 0.469797999 -0.850813592 0.021137014 0.999730587 0.009590307 0.048058124 -0.469893605 0.001466969 0.882721841 -3.772366126
182148633 0.480311554 0.853887281 0.500000000 0.500000000 0.000000000 0.000000000 0.882360756 -0.023111964 0.470005721 -0.852151661 0.020901799 0.999732316 0.009920837 0.045028839 -0.470109195 0.001070207 0.882607639 -3.785372699
182182000 0.480311554 0.853887281 0.500000000 0.500000000 0.000000000 0.000000000 0.882469118 -0.023181399 0.469798744 -0.848455900 0.020855600 0.999730945 0.010154855 0.042632704 -0.469907731 0.000836588 0.882715166 -3.799137422
182215367 0.480311554 0.853887281 0.500000000 0.500000000 0.000000000 0.000000000 0.882311285 -0.023181528 0.470095128 -0.850732765 0.020871615 0.999730885 0.010125667 0.042160720 -0.470203340 0.000877655 0.882557690 -3.811735036
182248733 0.480311554 0.853887281 0.500000000 0.500000000 0.000000000 0.000000000 0.882293642 -0.023317408 0.470121443 -0.849060535 0.020951169 0.999727786 0.010265383 0.041276873 -0.470232844 0.000792512 0.882542014 -3.823089849
182282100 0.480311554 0.853887281 0.500000000 0.500000000 0.000000000 0.000000000 0.882093489 -0.023333114 0.470496207 -0.851569770 0.020797148 0.999727666 0.010588246 0.037178529 -0.470615119 0.000445156 0.882338524 -3.835783930
182315467 0.480311554 0.853887281 0.500000000 0.500000000 0.000000000 0.000000000 0.882159650 -0.023263264 0.470375508 -0.848835090 0.020773459 0.999729216 0.010484085 0.036563407 -0.470492035 0.000522689 0.882404089 -3.848847563
182348833 0.480311554 0.853887281 0.500000000 0.500000000 0.000000000 0.000000000 0.882104576 -0.023340240 0.470475078 -0.848701614 0.020689467 0.999727547 0.010805265 0.032566346 -0.470599085 0.000202504 0.882347107 -3.861976778
182382200 0.480311554 0.853887281 0.500000000 0.500000000 0.000000000 0.000000000 0.882125020 -0.023529099 0.470427334 -0.847094106 0.021058179 0.999722958 0.010515193 0.035247697 -0.470544398 0.000630628 0.882376075 -3.876458012
182415567 0.480311554 0.853887281 0.500000000 0.500000000 0.000000000 0.000000000 0.882093370 -0.023424918 0.470491767 -0.846755772 0.020675590 0.999725580 0.011011221 0.028054008 -0.470620602 0.000014770 0.882335663 -3.889709770
182448933 0.480311554 0.853887281 0.500000000 0.500000000 0.000000000 0.000000000 0.882134676 -0.023223175 0.470424354 -0.844505632 0.020210868 0.999730110 0.011453916 0.022172863 -0.470563382 -0.000596213 0.882366002 -3.902699436
182482300 0.480311554 0.853887281 0.500000000 0.500000000 0.000000000 0.000000000 0.881925464 -0.023442660 0.470805615 -0.847851381 0.020588376 0.999725163 0.011212277 0.025421178 -0.470939070 -0.000195270 0.882165730 -3.917580803
182515667 0.480311554 0.853887281 0.500000000 0.500000000 0.000000000 0.000000000 0.881981313 -0.023491327 0.470698595 -0.845491358 0.020689150 0.999724030 0.011126868 0.026567949 -0.470830083 -0.000075336 0.882223904 -3.931256357
182549033 0.480311554 0.853887281 0.500000000 0.500000000 0.000000000 0.000000000 0.882014155 -0.023477675 0.470637739 -0.845311596 0.020573631 0.999724329 0.011314372 0.024981911 -0.470773607 -0.000296709 0.882254004 -3.945205088
182582400 0.480311554 0.853887281 0.500000000 0.500000000 0.000000000 0.000000000 0.882173538 -0.023651110 0.470330179 -0.842004556 0.020661743 0.999720156 0.011517967 0.024172983 -0.470470965 -0.000443004 0.882415354 -3.960687766
182615767 0.480311554 0.853887281 0.500000000 0.500000000 0.000000000 0.000000000 0.882068098 -0.023378316 0.470541537 -0.844565040 0.020304412 0.999726474 0.011608002 0.022516053 -0.470684201 -0.000684979 0.882301509 -3.975107876
182649133 0.480311554 0.853887281 0.500000000 0.500000000 0.000000000 0.000000000 0.882045150 -0.023398409 0.470583558 -0.845090677 0.020348934 0.999725997 0.011567165 0.024108558 -0.470725268 -0.000626888 0.882279634 -3.989515393
182682500 0.480311554 0.853887281 0.500000000 0.500000000 0.000000000 0.000000000 0.881940782 -0.023458052 0.470776170 -0.847213872 0.020203382 0.999724269 0.011966192 0.021210277 -0.470927089 -0.001042201 0.882171512 -4.004312817
182715867 0.480311554 0.853887281 0.500000000 0.500000000 0.000000000 0.000000000 0.881908238 -0.023335913 0.470843196 -0.848045772 0.020116724 0.999727190 0.011869010 0.022320354 -0.470991701 -0.000995554 0.882137060 -4.018660108
182749233 0.480311554 0.853887281 0.500000000 0.500000000 0.000000000 0.000000000 0.881984234 -0.023403123 0.470697492 -0.846837994 0.020083245 0.999725401 0.012074829 0.021112790 -0.470850825 -0.001196676 0.882212043 -4.033395726
182782600 0.480311554 0.853887281 0.500000000 0.500000000 0.000000000 0.000000000 0.882162035 -0.023423914 0.470363081 -0.843145735 0.019954085 0.999724448 0.012362201 0.018797168 -0.470523059 -0.001519799 0.882386386 -4.048725254
182815967 0.480311554 0.853887281 0.500000000 0.500000000 0.000000000 0.000000000 0.881967783 -0.023295617 0.470733583 -0.846891444 0.019829154 0.999727428 0.012322452 0.019262895 -0.470892340 -0.001533758 0.882189333 -4.062256816
182849333 0.480311554 0.853887281 0.500000000 0.500000000 0.000000000 0.000000000 0.882155538 -0.023328392 0.470380068 -0.843452489 0.019844294 0.999726593 0.012365024 0.020158540 -0.470539927 -0.001573514 0.882377326 -4.077421982
182882700 0.480311554 0.853887281 0.500000000 0.500000000 0.000000000 0.000000000 0.882032990 -0.023282506 0.470612049 -0.845480655 0.019730210 0.999727428 0.012480475 0.020728995 -0.470774353 -0.001722916 0.882251978 -4.092129648
182916067 0.480311554 0.853887281 0.500000000 0.500000000 0.000000000 0.000000000 0.881982386 -0.023232635 0.470709413 -0.847445817 0.019617651 0.999728322 0.012585050 0.021366953 -0.470873922 -0.001865579 0.882198513 -4.105608367
182949433 0.480311554 0.853887281 0.500000000 0.500000000 0.000000000 0.000000000 0.882079959 -0.023156133 0.470530272 -0.845113544 0.019487550 0.999729872 0.012667195 0.020997906 -0.470696509 -0.002003996 0.882292926 -4.121361645
182982800 0.480311554 0.853887281 0.500000000 0.500000000 0.000000000 0.000000000 0.882070839 -0.023137152 0.470548362 -0.845937771 0.019465093 0.999730289 0.012668883 0.022189795 -0.470714539 -0.002015585 0.882283270 -4.136396051
183016167 0.480311554 0.853887281 0.500000000 0.500000000 0.000000000 0.000000000 0.882083952 -0.023179205 0.470521659 -0.846040793 0.019505350 0.999729335 0.012682890 0.023963862 -0.470688283 -0.002009684 0.882297277 -4.151259834
183049533 0.480311554 0.853887281 0.500000000 0.500000000 0.000000000 0.000000000 0.882066488 -0.023062618 0.470560104 -0.846559421 0.019308863 0.999731600 0.012803311 0.023193536 -0.470729083 -0.002207391 0.882275045 -4.166019382
183082900 0.480311554 0.853887281 0.500000000 0.500000000 0.000000000 0.000000000 0.882050633 -0.022978026 0.470593959 -0.847721911 0.019157885 0.999733150 0.012906393 0.022978784 -0.470764935 -0.002368507 0.882255495 -4.181189835
183116267 0.480311554 0.853887281 0.500000000 0.500000000 0.000000000 0.000000000 0.882021427 -0.022941764 0.470650524 -0.850352984 0.019215170 0.999734461 0.012721712 0.025557290 -0.470817387 -0.002177192 0.882228017 -4.195532085
183149633 0.480311554 0.853887281 0.500000000 0.500000000 0.000000000 0.000000000 0.882138908 -0.022838414 0.470435262 -0.849185145 0.019108141 0.999736726 0.012703906 0.026811975 -0.470601529 -0.002217467 0.882343054 -4.210006726
183183000 0.480311554 0.853887281 0.500000000 0.500000000 0.000000000 0.000000000 0.882094264 -0.022861464 0.470517814 -0.851907446 0.019035386 0.999735713 0.012888817 0.026894543 -0.470688134 -0.002412664 0.882296383 -4.224956118
183216367 0.480311554 0.853887281 0.500000000 0.500000000 0.000000000 0.000000000 0.882122278 -0.022754315 0.470470488 -0.852409572 0.018839035 0.999737620 0.013029533 0.026525726 -0.470643520 -0.002630431 0.882319510 -4.239271904
183249733 0.480311554 0.853887281 0.500000000 0.500000000 0.000000000 0.000000000 0.882147551 -0.022717452 0.470424920 -0.853561762 0.018795231 0.999738395 0.013033622 0.027907049 -0.470597953 -0.002655832 0.882343769 -4.253500901
183283100 0.480311554 0.853887281 0.500000000 0.500000000 0.000000000 0.000000000 0.882018864 -0.022856729 0.470659405 -0.857332029 0.018958410 0.999735475 0.013022171 0.029539414 -0.470832527 -0.002562847 0.882218897 -4.268249915
183316467 0.480311554 0.853887281 0.500000000 0.500000000 0.000000000 0.000000000 0.882081568 -0.022716621 0.470548689 -0.857164498 0.018695666 0.999737859 0.013217682 0.029028328 -0.470725596 -0.002861853 0.882275045 -4.281732701
183349833 0.480311554 0.853887281 0.500000000 0.500000000 0.000000000 0.000000000 0.882073820 -0.022734256 0.470562398 -0.859166578 0.018591730 0.999736667 0.013449849 0.027536043 -0.470744252 -0.003115190 0.882264197 -4.296238128
183383200 0.480311554 0.853887281 0.500000000 0.500000000 0.000000000 0.000000000 0.882052124 -0.022746410 0.470602453 -0.861743219 0.018646633 0.999736726 0.013372473 0.029595820 -0.470782697 -0.003020068 0.882244051 -4.309230989
183416567 0.480311554 0.853887281 0.500000000 0.500000000 0.000000000 0.000000000 0.882104635 -0.022709195 0.470505834 -0.862239676 0.018468551 0.999736547 0.013627926 0.028005112 -0.470691353 -0.003331695 0.882291615 -4.322137187
183449933 0.480311554 0.853887281 0.500000000 0.500000000 0.000000000 0.000000000 0.882070541 -0.022760702 0.470567256 -0.865079418 0.018407540 0.999734640 0.013851183 0.027318683 -0.470757633 -0.003555734 0.882255435 -4.334870017
183483300 0.480311554 0.853887281 0.500000000 0.500000000 0.000000000 0.000000000 0.882129848 -0.022726569 0.470457673 -0.866153139 0.018409071 0.999735594 0.013776734 0.028970901 -0.470646381 -0.003492180 0.882315040 -4.349113321
183516667 0.480311554 0.853887281 0.500000000 0.500000000 0.000000000 0.000000000 0.882167697 -0.022705512 0.470387727 -0.866804087 0.018229665 0.999734819 0.014068965 0.026436489 -0.470582426 -0.003836176 0.882347703 -4.361459537
183550033 0.480311554 0.853887281 0.500000000 0.500000000 0.000000000 0.000000000 0.882067144 -0.022644922 0.470579177 -0.870681002 0.018235138 0.999736726 0.013928249 0.028576710 -0.470770687 -0.003704575 0.882247806 -4.373947192
183583400 0.480311554 0.853887281 0.500000000 0.500000000 0.000000000 0.000000000 0.882005811 -0.022542743 0.470699042 -0.873897602 0.018161248 0.999739170 0.013848631 0.030018397 -0.470888436 -0.003666091 0.882185161 -4.387517663
183616767 0.480311554 0.853887281 0.500000000 0.500000000 0.000000000 0.000000000 0.882066190 -0.022595279 0.470583349 -0.874370671 0.018112723 0.999737203 0.014052178 0.028509650 -0.470777184 -0.003871405 0.882243633 -4.400275768
183650133 0.480311554 0.853887281 0.500000000 0.500000000 0.000000000 0.000000000 0.882069945 -0.022612475 0.470575511 -0.876418784 0.018090045 0.999736488 0.014131275 0.027976329 -0.470771074 -0.003952041 0.882246554 -4.412876658
183683500 0.480311554 0.853887281 0.500000000 0.500000000 0.000000000 0.000000000 0.882024705 -0.022544332 0.470663518 -0.879642936 0.017966697 0.999737501 0.014216833 0.026039170 -0.470860481 -0.004083329 0.882198274 -4.427323207
183716867 0.480311554 0.853887281 0.500000000 0.500000000 0.000000000 0.000000000 0.881993651 -0.022634450 0.470717371 -0.882384418 0.018030632 0.999735355 0.014287889 0.025823363 -0.470916212 -0.004114496 0.882168353 -4.440679639
183750233 0.480311554 0.853887281 0.500000000 0.500000000 0.000000000 0.000000000 0.882095098 -0.022481648 0.470534563 -0.881295883 0.017839365 0.999738276 0.014323597 0.024849017 -0.470733434 -0.004240736 0.882265270 -4.454988604
183783600 0.480311554 0.853887281 0.500000000 0.500000000 0.000000000 0.000000000 0.882184327 -0.022614738 0.470360875 -0.881259643 0.017921517 0.999734938 0.014454138 0.023620823 -0.470563084 -0.004321634 0.882355750 -4.470495770
183816967 0.480311554 0.853887281 0.500000000 0.500000000 0.000000000 0.000000000 0.882088006 -0.022404525 0.470551610 -0.885021599 0.017755896 0.999739885 0.014316036 0.023783144 -0.470749944 -0.004272938 0.882256329 -4.484758729
183850333 0.480311554 0.853887281 0.500000000 0.500000000 0.000000000 0.000000000 0.882158816 -0.022280665 0.470424682 -0.885284130 0.017558150 0.999741793 0.014424911 0.021750740 -0.470624596 -0.004465275 0.882322252 -4.501627140
183883700 0.480311554 0.853887281 0.500000000 0.500000000 0.000000000 0.000000000 0.882042468 -0.022145411 0.470649183 -0.889843617 0.017473821 0.999745131 0.014293267 0.022308240 -0.470845759 -0.004383229 0.882204652 -4.516972455
183917067 0.480311554 0.853887281 0.500000000 0.500000000 0.000000000 0.000000000 0.882003069 -0.022157142 0.470722467 -0.892243938 0.017334465 0.999743462 0.014578454 0.019529569 -0.470924735 -0.004698519 0.882160902 -4.532304610
183950433 0.480311554 0.853887281 0.500000000 0.500000000 0.000000000 0.000000000 0.882002175 -0.022126198 0.470725566 -0.893148241 0.017362807 0.999744713 0.014459625 0.019781337 -0.470925331 -0.004580304 0.882161200 -4.549137005
183983800 0.480311554 0.853887281 0.500000000 0.500000000 0.000000000 0.000000000 0.881920755 -0.022032667 0.470882565 -0.896421622 0.017255086 0.999746561 0.014461067 0.018976276 -0.471081823 -0.004628396 0.882077396 -4.565328428
184017167 0.480311554 0.853887281 0.500000000 0.500000000 0.000000000 0.000000000 0.881899297 -0.021988470 0.470924765 -0.898638613 0.017139103 0.999746740 0.014583940 0.017982001 -0.471126199 -0.004790338 0.882052839 -4.582164730
184050533 0.480311554 0.853887281 0.500000000 0.500000000 0.000000000 0.000000000 0.881956816 -0.022180352 0.470808059 -0.900452056 0.017329859 0.999742687 0.014635392 0.018999746 -0.471011549 -0.004748746 0.882114232 -4.598901946
184083900 0.480311554 0.853887281 0.500000000 0.500000000 0.000000000 0.000000000 0.882004142 -0.022437731 0.470707148 -0.901718917 0.017682053 0.999738157 0.014523279 0.022484940 -0.470909774 -0.004486524 0.882169962 -4.615887836
184117267 0.480311554 0.853887281 0.500000000 0.500000000 0.000000000 0.000000000 0.882007122 -0.022401838 0.470703274 -0.904926951 0.017448122 0.999736965 0.014885339 0.019811796 -0.470912933 -0.004916088 0.882166028 -4.632726919
184150633 0.480311554 0.853887281 0.500000000 0.500000000 0.000000000 0.000000000 0.882011116 -0.022300364 0.470700651 -0.906397294 0.017417667 0.999739826 0.014726955 0.022145496 -0.470906615 -0.004790830 0.882170081 -4.649693288
184184000 0.480311554 0.853887281 0.500000000 0.500000000 0.000000000 0.000000000 0.882000387 -0.022239605 0.470723629 -0.908665594 0.017282385 0.999740362 0.014851093 0.022734826 -0.470931709 -0.004963443 0.882155716 -4.665615281
184217367 0.480311554 0.853887281 0.500000000 0.500000000 0.000000000 0.000000000 0.882056952 -0.022072293 0.470625460 -0.909321318 0.017131163 0.999743998 0.014780291 0.024242929 -0.470831215 -0.004974698 0.882209301 -4.679703117
184250733 0.480311554 0.853887281 0.500000000 0.500000000 0.000000000 0.000000000 0.882030427 -0.022168932 0.470670640 -0.910937622 0.017274125 0.999742448 0.014717126 0.026533649 -0.470875710 -0.004850530 0.882186234 -4.695859722
184284100 0.480311554 0.853887281 0.500000000 0.500000000 0.000000000 0.000000000 0.882044733 -0.022295015 0.470637888 -0.911681195 0.017205581 0.999737740 0.015113690 0.024882198 -0.470851421 -0.005233353 0.882197022 -4.711218588
184317467 0.480311554 0.853887281 0.500000000 0.500000000 0.000000000 0.000000000 0.882086933 -0.022458896 0.470551044 -0.912643816 0.017265011 0.999733090 0.015351493 0.025546925 -0.470770240 -0.005417282 0.882239223 -4.725025618
184350833 0.480311554 0.853887281 0.500000000 0.500000000 0.000000000 0.000000000 0.882062614 -0.022692256 0.470585436 -0.915546895 0.017431568 0.999727368 0.015534551 0.026900909 -0.470809668 -0.005499403 0.882217646 -4.738217755
184384200 0.480311554 0.853887281 0.500000000 0.500000000 0.000000000 0.000000000 0.881972611 -0.022810671 0.470748365 -0.920761852 0.017505942 0.999724329 0.015644502 0.027890874 -0.470975488 -0.005557129 0.882128775 -4.751404864
184417567 0.480311554 0.853887281 0.500000000 0.500000000 0.000000000 0.000000000 0.882082641 -0.022773171 0.470543891 -0.919235576 0.017439257 0.999724746 0.015692556 0.029030219 -0.470771760 -0.005636196 0.882237017 -4.763429006
184450933 0.480311554 0.853887281 0.500000000 0.500000000 0.000000000 0.000000000 0.882012665 -0.022776321 0.470674902 -0.921917350 0.017262403 0.999722481 0.016028773 0.027536224 -0.470909357 -0.006012601 0.882161140 -4.776924240
184484300 0.480311554 0.853887281 0.500000000 0.500000000 0.000000000 0.000000000 0.882122040 -0.022757921 0.470470786 -0.921452643 0.017172482 0.999721944 0.016161192 0.027647411 -0.470707744 -0.006176994 0.882267535 -4.789072596
184517667 0.480311554 0.853887281 0.500000000 0.500000000 0.000000000 0.000000000 0.882184446 -0.022822769 0.470350623 -0.921140633 0.017213240 0.999720216 0.016224341 0.027667943 -0.470589310 -0.006216604 0.882330477 -4.801018710
184551033 0.480311554 0.853887281 0.500000000 0.500000000 0.000000000 0.000000000 0.881957173 -0.022884635 0.470773697 -0.927421839 0.017248122 0.999718606 0.016284026 0.028259356 -0.471013874 -0.006241852 0.882103741 -4.813237874
184584400 0.480311554 0.853887281 0.500000000 0.500000000 0.000000000 0.000000000 0.881997108 -0.022838837 0.470701039 -0.927517928 0.017233871 0.999719977 0.016214576 0.029471182 -0.470939577 -0.006189208 0.882143736 -4.825618414
184617767 0.480311554 0.853887281 0.500000000 0.500000000 0.000000000 0.000000000 0.882137001 -0.022810042 0.470440209 -0.925907401 0.017086435 0.999718964 0.016433662 0.027820501 -0.470682859 -0.006458595 0.882278860 -4.837226668
184651133 0.480311554 0.853887281 0.500000000 0.500000000 0.000000000 0.000000000 0.882009327 -0.022432461 0.470697731 -0.929459789 0.016728818 0.999727249 0.016297868 0.027795582 -0.470934957 -0.006500654 0.882143974 -4.850347294
184684500 0.480311554 0.853887281 0.500000000 0.500000000 0.000000000 0.000000000 0.881957173 -0.022490162 0.470792621 -0.932001187 0.016772328 0.999725878 0.016337389 0.027681929 -0.471030980 -0.006512591 0.882092655 -4.863454194
184717867 0.480311554 0.853887281 0.500000000 0.500000000 0.000000000 0.000000000 0.882132471 -0.022509588 0.470463187 -0.929507905 0.016603986 0.999722660 0.016699351 0.024986851 -0.470708609 -0.006919476 0.882261574 -4.876673368
184751233 0.480311554 0.853887281 0.500000000 0.500000000 0.000000000 0.000000000 0.882085741 -0.022392634 0.470556349 -0.933049051 0.016546946 0.999725997 0.016556300 0.026327047 -0.470798165 -0.006817807 0.882214606 -4.891761818
184784600 0.480311554 0.853887281 0.500000000 0.500000000 0.000000000 0.000000000 0.882025421 -0.022417087 0.470668316 -0.936171382 0.016557552 0.999725342 0.016586520 0.026448866 -0.470910847 -0.006836617 0.882154286 -4.905752086
184817967 0.480311554 0.853887281 0.500000000 0.500000000 0.000000000 0.000000000 0.882095933 -0.022235777 0.470544696 -0.936665694 0.016289406 0.999727726 0.016705967 0.025048049 -0.470788062 -0.007071373 0.882218003 -4.920373915
184851333 0.480311554 0.853887281 0.500000000 0.500000000 0.000000000 0.000000000 0.882034123 -0.022237863 0.470660508 -0.939959637 0.016323235 0.999728203 0.016645055 0.027102221 -0.470902711 -0.006998805 0.882157385 -4.934955563
184884700 0.480311554 0.853887281 0.500000000 0.500000000 0.000000000 0.000000000 0.881938636 -0.022083882 0.470846623 -0.944600807 0.016261268 0.999732733 0.016431123 0.030501686 -0.471083671 -0.006834677 0.882062078 -4.951900933
184918067 0.480311554 0.853887281 0.500000000 0.500000000 0.000000000 0.000000000 0.881978452 -0.021984035 0.470776767 -0.946357255 0.016026577 0.999732792 0.016659841 0.028556114 -0.471017212 -0.007148681 0.882095039 -4.967108275
184951433 0.480311554 0.853887281 0.500000000 0.500000000 0.000000000 0.000000000 0.882059276 -0.021997027 0.470624655 -0.948400955 0.016062627 0.999732792 0.016622504 0.030380168 -0.470864564 -0.007102566 0.882176936 -4.982769750
184984800 0.480311554 0.853887281 0.500000000 0.500000000 0.000000000 0.000000000 0.881984890 -0.021802427 0.470773041 -0.954447075 0.015834251 0.999736249 0.016634567 0.031037222 -0.471011549 -0.007217098 0.882097542 -4.999139994
185018167 0.480311554 0.853887281 0.500000000 0.500000000 0.000000000 0.000000000 0.882016182 -0.021924473 0.470708817 -0.957477574 0.015987145 0.999734223 0.016608417 0.033526767 -0.470947862 -0.007123602 0.882132292 -5.013403141
