https://www.youtube.com/watch?v=nh5Fa3UbCLI
232499000 0.504903610 0.897606443 0.500000000 0.500000000 0.000000000 0.000000000 0.986103058 -0.022199824 0.164644733 -0.150294983 0.022105960 0.999752760 0.002402630 0.179078543 -0.164657354 0.001270389 0.986350000 -0.463544936
232532000 0.504903610 0.897606443 0.500000000 0.500000000 0.000000000 0.000000000 0.984590113 -0.023257267 0.173324674 -0.157853921 0.023226932 0.999727786 0.002203546 0.189656486 -0.173328742 0.001856211 0.984862268 -0.480999411
232566000 0.504903610 0.897606443 0.500000000 0.500000000 0.000000000 0.000000000 0.983026266 -0.024394827 0.181835815 -0.164760177 0.024370991 0.999700189 0.002365814 0.200224327 -0.181839019 0.002105862 0.983326077 -0.498994385
232599000 0.504903610 0.897606443 0.500000000 0.500000000 0.000000000 0.000000000 0.981440425 -0.025374895 0.190081209 -0.170590560 0.025329348 0.999675572 0.002669486 0.211144022 -0.190087289 0.002194691 0.981764734 -0.516049498
232632000 0.504903610 0.897606443 0.500000000 0.500000000 0.000000000 0.000000000 0.979709625 -0.026394773 0.198676646 -0.178043680 0.026207464 0.999650121 0.003572818 0.219727322 -0.198701441 0.001706487 0.980058610 -0.534308960
232666000 0.504903610 0.897606443 0.500000000 0.500000000 0.000000000 0.000000000 0.977976978 -0.027363533 0.206911162 -0.184980675 0.027070507 0.999624491 0.004247837 0.229198039 -0.206949711 0.001446904 0.978350520 -0.552040866
232699000 0.504903610 0.897606443 0.500000000 0.500000000 0.000000000 0.000000000 0.976186752 -0.028187968 0.215092763 -0.192458926 0.027804838 0.999601781 0.004807362 0.239329143 -0.215142623 0.001287737 0.976581812 -0.569731283
232733000 0.504903610 0.897606443 0.500000000 0.500000000 0.000000000 0.000000000 0.974479973 -0.029267071 0.222558320 -0.198564352 0.028701659 0.999571323 0.005775260 0.249636521 -0.222631946 0.000759918 0.974902272 -0.586670096
232766000 0.504903610 0.897606443 0.500000000 0.500000000 0.000000000 0.000000000 0.972716510 -0.030077273 0.230039090 -0.204797427 0.029311033 0.999547541 0.006748155 0.261020896 -0.230137989 0.000178642 0.973158002 -0.603293841
232799000 0.504903610 0.897606443 0.500000000 0.500000000 0.000000000 0.000000000 0.970950007 -0.031091029 0.237253979 -0.210297908 0.030145658 0.999516547 0.007612398 0.273318171 -0.237375960 -0.000239081 0.971417844 -0.617974342
232833000 0.504903610 0.897606443 0.500000000 0.500000000 0.000000000 0.000000000 0.969106317 -0.032087527 0.244547114 -0.214983851 0.031184644 0.999485016 0.007564057 0.287589535 -0.244663894 0.000295739 0.969607890 -0.631092780
232866000 0.504903610 0.897606443 0.500000000 0.500000000 0.000000000 0.000000000 0.966989875 -0.033140603 0.252650440 -0.220286490 0.032420844 0.999449730 0.007012608 0.303120534 -0.252743781 0.001410019 0.967532218 -0.642214191
232899000 0.504903610 0.897606443 0.500000000 0.500000000 0.000000000 0.000000000 0.964723051 -0.034450848 0.261002928 -0.225021175 0.033939902 0.999402940 0.006466108 0.319326766 -0.261069864 0.002620410 0.965316355 -0.653636682
232933000 0.504903610 0.897606443 0.500000000 0.500000000 0.000000000 0.000000000 0.962730169 -0.036035459 0.268052310 -0.224455888 0.035789967 0.999342501 0.005803656 0.336711772 -0.268085182 0.004006228 0.963386893 -0.667605052
232966000 0.504903610 0.897606443 0.500000000 0.500000000 0.000000000 0.000000000 0.960590720 -0.036308471 0.275585175 -0.227892181 0.036292147 0.999327898 0.005160538 0.353549207 -0.275587350 0.005044414 0.961262822 -0.678986726
232999000 0.504903610 0.897606443 0.500000000 0.500000000 0.000000000 0.000000000 0.958377302 -0.036760259 0.283128232 -0.230671604 0.036681715 0.999311388 0.005580588 0.371087097 -0.283138424 0.005037320 0.959065855 -0.690791237
233033000 0.504903610 0.897606443 0.500000000 0.500000000 0.000000000 0.000000000 0.956166446 -0.038363535 0.290299863 -0.233482724 0.037877779 0.999255776 0.007294266 0.389640797 -0.290363640 0.004021381 0.956907928 -0.701400115
233066000 0.504903610 0.897606443 0.500000000 0.500000000 0.000000000 0.000000000 0.953946352 -0.037783973 0.297588199 -0.234205444 0.036791090 0.999283016 0.008939057 0.404769517 -0.297712594 0.002421214 0.954652488 -0.716067765
233100000 0.504903610 0.897606443 0.500000000 0.500000000 0.000000000 0.000000000 0.951665282 -0.038435228 0.304722697 -0.242286382 0.037019368 0.999260187 0.010425042 0.422938519 -0.304897964 0.001359491 0.952384055 -0.721930454
233133000 0.504903610 0.897606443 0.500000000 0.500000000 0.000000000 0.000000000 0.949704528 -0.039350223 0.310665190 -0.244632500 0.037749462 0.999224842 0.011165995 0.441530617 -0.310863763 0.001123046 0.950453818 -0.730392773
233166000 0.504903610 0.897606443 0.500000000 0.500000000 0.000000000 0.000000000 0.947784960 -0.040237423 0.316361517 -0.247480371 0.038940445 0.999187171 0.010423352 0.462350187 -0.316523761 0.002440162 0.948581457 -0.737250028
233200000 0.504903610 0.897606443 0.500000000 0.500000000 0.000000000 0.000000000 0.945967436 -0.041032121 0.321655095 -0.249728590 0.040086176 0.999150455 0.009566283 0.483306887 -0.321774334 0.003844531 0.946808577 -0.743016093
233233000 0.504903610 0.897606443 0.500000000 0.500000000 0.000000000 0.000000000 0.943972528 -0.041674327 0.327382147 -0.253944659 0.040911194 0.999120235 0.009220478 0.504717030 -0.327478409 0.004689717 0.944847047 -0.747034066
233266000 0.504903610 0.897606443 0.500000000 0.500000000 0.000000000 0.000000000 0.942324102 -0.042656638 0.331972480 -0.255422300 0.041880637 0.999077499 0.009495228 0.525898052 -0.332071275 0.004955638 0.943241298 -0.752742324
233299000 0.504903610 0.897606443 0.500000000 0.500000000 0.000000000 0.000000000 0.940559387 -0.042905137 0.336908311 -0.261361150 0.041991565 0.999067903 0.010001495 0.547612699 -0.337023377 0.004740308 0.941484332 -0.753337394
233332000 0.504903610 0.897606443 0.500000000 0.500000000 0.000000000 0.000000000 0.939000547 -0.043274805 0.341182202 -0.262728588 0.041871343 0.999057055 0.011480049 0.567083777 -0.341357291 0.003505984 0.939927101 -0.757910741
233366000 0.504903610 0.897606443 0.500000000 0.500000000 0.000000000 0.000000000 0.937400699 -0.043872055 0.345478266 -0.267814903 0.042031933 0.999034047 0.012819660 0.587486949 -0.345706940 0.002503960 0.938339174 -0.758625839
233399000 0.504903610 0.897606443 0.500000000 0.500000000 0.000000000 0.000000000 0.935962975 -0.044248410 0.349306971 -0.271161982 0.042334188 0.999017417 0.013116537 0.606842416 -0.349544138 0.002511035 0.936916530 -0.760569947
233432000 0.504903610 0.897606443 0.500000000 0.500000000 0.000000000 0.000000000 0.934615433 -0.044850614 0.352820635 -0.277503944 0.043168031 0.998987854 0.012640157 0.627763298 -0.353030443 0.003416887 0.935605586 -0.758515035
233466000 0.504903610 0.897606443 0.500000000 0.500000000 0.000000000 0.000000000 0.933466077 -0.045833405 0.355725169 -0.280471493 0.044218879 0.998941481 0.012672892 0.647399859 -0.355929464 0.003900054 0.934504688 -0.759928355
233499000 0.504903610 0.897606443 0.500000000 0.500000000 0.000000000 0.000000000 0.932437718 -0.046559922 0.358318388 -0.282880514 0.044790313 0.998908639 0.013242223 0.665795425 -0.358543873 0.003701643 0.933505535 -0.762631580
233533000 0.504903610 0.897606443 0.500000000 0.500000000 0.000000000 0.000000000 0.931571901 -0.046504401 0.360570580 -0.282883543 0.044498228 0.998913169 0.013868468 0.683030104 -0.360823661 0.003125277 0.932628810 -0.766031250
233566000 0.504903610 0.897606443 0.500000000 0.500000000 0.000000000 0.000000000 0.930357933 -0.046426222 0.363701403 -0.285967436 0.044362459 0.998916984 0.014030668 0.700951703 -0.363958895 0.003081146 0.931409895 -0.766705046
233599000 0.504903610 0.897606443 0.500000000 0.500000000 0.000000000 0.000000000 0.929129660 -0.046944398 0.366761893 -0.288989158 0.045007486 0.998890817 0.013836057 0.718519160 -0.367004633 0.003651540 0.930211961 -0.766997584
233633000 0.504903610 0.897606443 0.500000000 0.500000000 0.000000000 0.000000000 0.928043246 -0.047409441 0.369442970 -0.290019444 0.045629278 0.998866379 0.013560295 0.736203023 -0.369667053 0.004272876 0.929154456 -0.768324557
233666000 0.504903610 0.897606443 0.500000000 0.500000000 0.000000000 0.000000000 0.927284062 -0.048130400 0.371251553 -0.288768817 0.046309799 0.998831451 0.013823029 0.753744408 -0.371483028 0.004374710 0.928429425 -0.770557966
233699000 0.504903610 0.897606443 0.500000000 0.500000000 0.000000000 0.000000000 0.926363885 -0.048439007 0.373501837 -0.291294687 0.046485752 0.998817444 0.014240901 0.772682676 -0.373749942 0.004170257 0.927520096 -0.769565388
233733000 0.504903610 0.897606443 0.500000000 0.500000000 0.000000000 0.000000000 0.925717652 -0.048657030 0.375072360 -0.292609733 0.046563607 0.998807907 0.014648566 0.792610862 -0.375337988 0.003904286 0.926879764 -0.767209720
233766000 0.504903610 0.897606443 0.500000000 0.500000000 0.000000000 0.000000000 0.925207257 -0.048183382 0.376390666 -0.290938122 0.046132188 0.998830557 0.014466881 0.811305664 -0.376647562 0.003978862 0.926348090 -0.764470663
233800000 0.504903610 0.897606443 0.500000000 0.500000000 0.000000000 0.000000000 0.924651861 -0.048238892 0.377745867 -0.287818894 0.046236586 0.998827100 0.014373601 0.828599215 -0.377996176 0.004175101 0.925797760 -0.762804114
233833000 0.504903610 0.897606443 0.500000000 0.500000000 0.000000000 0.000000000 0.924216092 -0.048584584 0.378766656 -0.283618882 0.046616748 0.998809457 0.014369785 0.845531442 -0.379013866 0.004376083 0.925380647 -0.761191668
233866000 0.504903610 0.897606443 0.500000000 0.500000000 0.000000000 0.000000000 0.923820436 -0.048993174 0.379678071 -0.279437883 0.046899911 0.998790443 0.014767289 0.861391106 -0.379942328 0.004164545 0.925000787 -0.758963841
233900000 0.504903610 0.897606443 0.500000000 0.500000000 0.000000000 0.000000000 0.923232138 -0.048957195 0.381110996 -0.279649519 0.046810344 0.998792529 0.014907124 0.878027009 -0.381380647 0.004077201 0.924409091 -0.753828694
233933000 0.504903610 0.897606443 0.500000000 0.500000000 0.000000000 0.000000000 0.923162162 -0.049378738 0.381226152 -0.273745850 0.047082558 0.998772979 0.015353912 0.894119542 -0.381516546 0.003774952 0.924354315 -0.751519919
233966000 0.504903610 0.897606443 0.500000000 0.500000000 0.000000000 0.000000000 0.922842741 -0.049442295 0.381990522 -0.269274703 0.047120467 0.998769939 0.015436762 0.910234322 -0.382283866 0.003753868 0.924037337 -0.747790276
234000000 0.504903610 0.897606443 0.500000000 0.500000000 0.000000000 0.000000000 0.922288418 -0.049776215 0.383283675 -0.267733687 0.047467988 0.998752713 0.015484493 0.928065674 -0.383576393 0.003912536 0.923500836 -0.742552882
234033000 0.504903610 0.897606443 0.500000000 0.500000000 0.000000000 0.000000000 0.921934247 -0.049877308 0.384121746 -0.263292104 0.047579087 0.998747349 0.015489990 0.945126902 -0.384413183 0.003995410 0.923152506 -0.739099938
234066000 0.504903610 0.897606443 0.500000000 0.500000000 0.000000000 0.000000000 0.921527684 -0.049959134 0.385085434 -0.260167671 0.047668312 0.998742938 0.015499579 0.962039535 -0.385375738 0.004073082 0.922750771 -0.733056132
234100000 0.504903610 0.897606443 0.500000000 0.500000000 0.000000000 0.000000000 0.921164036 -0.050489873 0.385885477 -0.256593887 0.048211932 0.998715520 0.015584734 0.979207439 -0.386176705 0.004248189 0.922415018 -0.728171760
234133000 0.504903610 0.897606443 0.500000000 0.500000000 0.000000000 0.000000000 0.920892894 -0.050748736 0.386498153 -0.253921863 0.048356779 0.998703301 0.015916031 0.994353732 -0.386804700 0.004032847 0.922152817 -0.722617832
234167000 0.504903610 0.897606443 0.500000000 0.500000000 0.000000000 0.000000000 0.920776963 -0.050929051 0.386750609 -0.250717860 0.048495691 0.998694360 0.016053857 1.010881138 -0.387063265 0.003973717 0.922044575 -0.716378073
234200000 0.504903610 0.897606443 0.500000000 0.500000000 0.000000000 0.000000000 0.920579970 -0.050935790 0.387218326 -0.247872872 0.048378434 0.998695135 0.016355403 1.025868672 -0.387546152 0.003676560 0.921842992 -0.710889203
234233000 0.504903610 0.897606443 0.500000000 0.500000000 0.000000000 0.000000000 0.920406640 -0.051189359 0.387596756 -0.245812634 0.048627853 0.998681962 0.016420394 1.041737613 -0.387926430 0.003734557 0.921682775 -0.703422377
234267000 0.504903610 0.897606443 0.500000000 0.500000000 0.000000000 0.000000000 0.920294940 -0.051168691 0.387864709 -0.243659031 0.048619255 0.998682916 0.016390365 1.057003071 -0.388192534 0.003773725 0.921570599 -0.696086116
234300000 0.504903610 0.897606443 0.500000000 0.500000000 0.000000000 0.000000000 0.920247436 -0.051275518 0.387963176 -0.241206610 0.048748191 0.998677075 0.016360532 1.073173511 -0.388288826 0.003856766 0.921529651 -0.688100075
234333000 0.504903610 0.897606443 0.500000000 0.500000000 0.000000000 0.000000000 0.920123160 -0.051519044 0.388225704 -0.239949622 0.048951551 0.998664737 0.016507912 1.088834874 -0.388557792 0.003814939 0.921416461 -0.679783825
234367000 0.504903610 0.897606443 0.500000000 0.500000000 0.000000000 0.000000000 0.920038223 -0.051562980 0.388420999 -0.238125032 0.049043112 0.998661935 0.016406029 1.105084312 -0.388747215 0.003955199 0.921335995 -0.670541662
234400000 0.504903610 0.897606443 0.500000000 0.500000000 0.000000000 0.000000000 0.919798255 -0.051657271 0.388976425 -0.238359404 0.049042985 0.998657823 0.016654693 1.119218727 -0.389314681 0.003757609 0.921097159 -0.659793100
234433000 0.504903610 0.897606443 0.500000000 0.500000000 0.000000000 0.000000000 0.919518530 -0.051688205 0.389633179 -0.238720156 0.049028039 0.998656511 0.016776221 1.132593627 -0.389976829 0.003676904 0.920817316 -0.649706734
234467000 0.504903610 0.897606443 0.500000000 0.500000000 0.000000000 0.000000000 0.919486821 -0.052026514 0.389662981 -0.238001967 0.049445167 0.998637915 0.016659183 1.146089752 -0.389998943 0.003949054 0.920806825 -0.639395439
234500000 0.504903610 0.897606443 0.500000000 0.500000000 0.000000000 0.000000000 0.919671118 -0.052321877 0.389188141 -0.236274257 0.049912170 0.998620450 0.016308092 1.159268624 -0.389504522 0.004427143 0.921013892 -0.628398229
234534000 0.504903610 0.897606443 0.500000000 0.500000000 0.000000000 0.000000000 0.919818103 -0.052534811 0.388811976 -0.234570231 0.050263308 0.998607516 0.016019458 1.171631115 -0.389112145 0.004807989 0.921177864 -0.617595165
234567000 0.504903610 0.897606443 0.500000000 0.500000000 0.000000000 0.000000000 0.919840991 -0.052599330 0.388749152 -0.232771601 0.050315510 0.998604238 0.016060859 1.183055308 -0.389051348 0.004786676 0.921203613 -0.608070078
234600000 0.504903610 0.897606443 0.500000000 0.500000000 0.000000000 0.000000000 0.919884562 -0.052933007 0.388600677 -0.231224796 0.050478205 0.998588324 0.016531533 1.194715151 -0.388927191 0.004408764 0.921257973 -0.598652317
234634000 0.504903610 0.897606443 0.500000000 0.500000000 0.000000000 0.000000000 0.919848263 -0.052934699 0.388686329 -0.230238545 0.050126046 0.998591840 0.017370826 1.204456656 -0.389058530 0.003504785 0.921206355 -0.590228243
234667000 0.504903610 0.897606443 0.500000000 0.500000000 0.000000000 0.000000000 0.919621289 -0.052991528 0.389215350 -0.230430470 0.050077703 0.998589575 0.017636169 1.215085529 -0.389600962 0.003272414 0.920977950 -0.579598324
234700000 0.504903610 0.897606443 0.500000000 0.500000000 0.000000000 0.000000000 0.919573724 -0.053395499 0.389272511 -0.229095649 0.050559878 0.998567104 0.017533867 1.226313848 -0.389650971 0.003557888 0.920955718 -0.568389253
234734000 0.504903610 0.897606443 0.500000000 0.500000000 0.000000000 0.000000000 0.919579387 -0.053636234 0.389226049 -0.227591131 0.050914947 0.998552918 0.017312005 1.237103773 -0.389591366 0.003897662 0.920979559 -0.558557591
234767000 0.504903610 0.897606443 0.500000000 0.500000000 0.000000000 0.000000000 0.919494748 -0.053774927 0.389406800 -0.227265000 0.051069144 0.998545170 0.017305505 1.246860436 -0.389770865 0.003974351 0.920903265 -0.548461483
234801000 0.504903610 0.897606443 0.500000000 0.500000000 0.000000000 0.000000000 0.919474065 -0.053680047 0.389468700 -0.225881088 0.050914466 0.998550951 0.017428176 1.256501800 -0.389839888 0.003804834 0.920874774 -0.538511342
234834000 0.504903610 0.897606443 0.500000000 0.500000000 0.000000000 0.000000000 0.919303834 -0.053750217 0.389860690 -0.226347710 0.050891735 0.998547912 0.017665796 1.265734250 -0.390244097 0.003600452 0.920704365 -0.527651758
234867000 0.504903610 0.897606443 0.500000000 0.500000000 0.000000000 0.000000000 0.919182897 -0.053928293 0.390121192 -0.225584885 0.051011004 0.998538673 0.017843291 1.274609428 -0.390513361 0.003499225 0.920590639 -0.518028884
234901000 0.504903610 0.897606443 0.500000000 0.500000000 0.000000000 0.000000000 0.919294715 -0.053950652 0.389854521 -0.224548436 0.051085442 0.998537004 0.017722376 1.282846863 -0.390240312 0.003623804 0.920705914 -0.507631034
234934000 0.504903610 0.897606443 0.500000000 0.500000000 0.000000000 0.000000000 0.919307172 -0.053554125 0.389879853 -0.224283567 0.050784256 0.998557746 0.017417049 1.290172658 -0.390250295 0.003788139 0.920701027 -0.497055717
234967000 0.504903610 0.897606443 0.500000000 0.500000000 0.000000000 0.000000000 0.919174731 -0.053354405 0.390219301 -0.224978696 0.050664522 0.998567760 0.017191464 1.297296100 -0.390577674 0.003968316 0.920561433 -0.486366724
235001000 0.504903610 0.897606443 0.500000000 0.500000000 0.000000000 0.000000000 0.919291735 -0.053169712 0.389968753 -0.225498648 0.050461642 0.998578012 0.017194023 1.303202045 -0.390328437 0.003872140 0.920667529 -0.476638218
235034000 0.504903610 0.897606443 0.500000000 0.500000000 0.000000000 0.000000000 0.919178486 -0.052941225 0.390266687 -0.227506493 0.050178297 0.998590767 0.017279996 1.308074647 -0.390631527 0.003699517 0.920539677 -0.466704659
235067000 0.504903610 0.897606443 0.500000000 0.500000000 0.000000000 0.000000000 0.919068336 -0.053446453 0.390457273 -0.230304403 0.050680276 0.998563468 0.017392533 1.312804541 -0.390825927 0.003803554 0.920456767 -0.456985028
235101000 0.504903610 0.897606443 0.500000000 0.500000000 0.000000000 0.000000000 0.919419408 -0.053387765 0.389637887 -0.232090030 0.050704330 0.998565972 0.017176617 1.316853775 -0.389996171 0.003963814 0.920807958 -0.447798740
235134000 0.504903610 0.897606443 0.500000000 0.500000000 0.000000000 0.000000000 0.919680953 -0.053078242 0.389062494 -0.234057870 0.050424505 0.998582542 0.017037237 1.320070123 -0.389415324 0.003949462 0.921053827 -0.439549008
235168000 0.504903610 0.897606443 0.500000000 0.500000000 0.000000000 0.000000000 0.919889212 -0.053077172 0.388569981 -0.237134538 0.050436325 0.998582542 0.017001070 1.323139666 -0.388921559 0.003958940 0.921262383 -0.431145947
235201000 0.504903610 0.897606443 0.500000000 0.500000000 0.000000000 0.000000000 0.920247972 -0.053027544 0.387726307 -0.239725355 0.050341114 0.998585880 0.017090002 1.325815123 -0.388084263 0.003791536 0.921616077 -0.423339848
235234000 0.504903610 0.897606443 0.500000000 0.500000000 0.000000000 0.000000000 0.920589626 -0.052918933 0.386929363 -0.242740219 0.050248552 0.998591661 0.017021483 1.327777103 -0.387285203 0.003772839 0.921952248 -0.415341615
235268000 0.504903610 0.897606443 0.500000000 0.500000000 0.000000000 0.000000000 0.920972168 -0.052946180 0.386014253 -0.246492685 0.050349604 0.998589635 0.016841153 1.328895217 -0.386361510 0.003925433 0.922339082 -0.406745877
235301000 0.504903610 0.897606443 0.500000000 0.500000000 0.000000000 0.000000000 0.921407044 -0.052939661 0.384975910 -0.251023593 0.050412271 0.998589456 0.016662778 1.328590223 -0.385315031 0.004054307 0.922776163 -0.397933032
235334000 0.504903610 0.897606443 0.500000000 0.500000000 0.000000000 0.000000000 0.921872258 -0.053137101 0.383833230 -0.256230040 0.050635032 0.998578787 0.016628435 1.327604601 -0.384171307 0.004106115 0.923252702 -0.388897371
235368000 0.504903610 0.897606443 0.500000000 0.500000000 0.000000000 0.000000000 0.922445416 -0.053241991 0.382439137 -0.261188552 0.050741244 0.998573363 0.016630108 1.326315115 -0.382778943 0.004065069 0.923831046 -0.379691976
235401000 0.504903610 0.897606443 0.500000000 0.500000000 0.000000000 0.000000000 0.923124611 -0.053223524 0.380799413 -0.266737404 0.050777487 0.998574078 0.016475031 1.324219143 -0.381133288 0.004127531 0.924510896 -0.369497859
235434000 0.504903610 0.897606443 0.500000000 0.500000000 0.000000000 0.000000000 0.923813641 -0.053067639 0.379146665 -0.272973729 0.050730661 0.998581648 0.016159168 1.321466778 -0.379466444 0.004306302 0.925195456 -0.359060582
235468000 0.504903610 0.897606443 0.500000000 0.500000000 0.000000000 0.000000000 0.924579859 -0.053029455 0.377279669 -0.279483610 0.050830424 0.998582482 0.015790669 1.318686703 -0.377582252 0.004577550 0.925964713 -0.348500529
235501000 0.504903610 0.897606443 0.500000000 0.500000000 0.000000000 0.000000000 0.925542712 -0.052890118 0.374931157 -0.286580357 0.050796516 0.998589158 0.015472588 1.315167578 -0.375220537 0.004724656 0.926923513 -0.337840284
235535000 0.504903610 0.897606443 0.500000000 0.500000000 0.000000000 0.000000000 0.926534474 -0.052669190 0.372504801 -0.293800985 0.050667737 0.998600364 0.015167773 1.311398645 -0.372782290 0.004820510 0.927906334 -0.327639768
235568000 0.504903610 0.897606443 0.500000000 0.500000000 0.000000000 0.000000000 0.927538931 -0.052230813 0.370058715 -0.301277954 0.050288856 0.998623550 0.014900469 1.306865920 -0.370327622 0.004789064 0.928888857 -0.317930167
235601000 0.504903610 0.897606443 0.500000000 0.500000000 0.000000000 0.000000000 0.928716302 -0.051981296 0.367129385 -0.308719815 0.050007839 0.998637795 0.014892276 1.303181196 -0.367403388 0.004528646 0.930050671 -0.309092755
235635000 0.504903610 0.897606443 0.500000000 0.500000000 0.000000000 0.000000000 0.929925501 -0.051649168 0.364102989 -0.316670566 0.049488276 0.998658001 0.015268886 1.299226943 -0.364402980 0.003819901 0.931233525 -0.301004334
235668000 0.504903610 0.897606443 0.500000000 0.500000000 0.000000000 0.000000000 0.931298733 -0.051385060 0.360613734 -0.326360700 0.049079534 0.998673737 0.015554612 1.294667544 -0.360934764 0.003212764 0.932585537 -0.291771515
235701000 0.504903610 0.897606443 0.500000000 0.500000000 0.000000000 0.000000000 0.932852745 -0.050859977 0.356649727 -0.336471254 0.048663367 0.998700559 0.015135670 1.289685847 -0.356956095 0.003236424 0.934115589 -0.281415305
235735000 0.504903610 0.897606443 0.500000000 0.500000000 0.000000000 0.000000000 0.934571743 -0.050370563 0.352190882 -0.346028921 0.048478588 0.998723328 0.014195538 1.285221125 -0.352456301 0.003806968 0.935820520 -0.270019744
235768000 0.504903610 0.897606443 0.500000000 0.500000000 0.000000000 0.000000000 0.936427891 -0.049922492 0.347290248 -0.356243632 0.048359949 0.998743117 0.013170941 1.280686427 -0.347511292 0.004461302 0.937665164 -0.258618857
235802000 0.504903610 0.897606443 0.500000000 0.500000000 0.000000000 0.000000000 0.938500285 -0.049217034 0.341752678 -0.366398439 0.048011206 0.998774827 0.011991722 1.275627330 -0.341924161 0.005153725 0.939713418 -0.246368986
235835000 0.504903610 0.897606443 0.500000000 0.500000000 0.000000000 0.000000000 0.940675378 -0.048559543 0.335815191 -0.378252211 0.047741774 0.998802423 0.010696000 1.271079695 -0.335932404 0.005970948 0.941867173 -0.234593822
235868000 0.504903610 0.897606443 0.500000000 0.500000000 0.000000000 0.000000000 0.943087041 -0.047526874 0.329132289 -0.389133402 0.046817925 0.998852551 0.010083972 1.265352757 -0.329233885 0.005899227 0.944229960 -0.225491546
235902000 0.504903610 0.897606443 0.500000000 0.500000000 0.000000000 0.000000000 0.945757389 -0.046452433 0.321535498 -0.399622325 0.045559336 0.998908460 0.010305705 1.260301926 -0.321663260 0.004902246 0.946841419 -0.218235298
235935000 0.504903610 0.897606443 0.500000000 0.500000000 0.000000000 0.000000000 0.948385596 -0.045484856 0.313840628 -0.412303016 0.044227302 0.998959482 0.011129830 1.254476410 -0.314020306 0.003324954 0.949410439 -0.212268968
235968000 0.504903610 0.897606443 0.500000000 0.500000000 0.000000000 0.000000000 0.951034606 -0.044477396 0.305867463 -0.426733619 0.042863686 0.999008954 0.011993648 1.248207651 -0.306097776 0.001704233 0.951998532 -0.207269335
236002000 0.504903610 0.897606443 0.500000000 0.500000000 0.000000000 0.000000000 0.953870058 -0.043327332 0.297076851 -0.441793951 0.041573271 0.999060690 0.012222881 1.241178756 -0.297327399 0.000691416 0.954775333 -0.203248956
236035000 0.504903610 0.897606443 0.500000000 0.500000000 0.000000000 0.000000000 0.956860483 -0.042119022 0.287478596 -0.457350000 0.040639687 0.999112070 0.011114264 1.234689641 -0.287691474 0.001048240 0.957722545 -0.195980167
236068000 0.504903610 0.897606443 0.500000000 0.500000000 0.000000000 0.000000000 0.959818125 -0.041051317 0.277603924 -0.472587823 0.039862707 0.999155879 0.009926787 1.226137941 -0.277777106 0.001538134 0.960644305 -0.193967378
236102000 0.504903610 0.897606443 0.500000000 0.500000000 0.000000000 0.000000000 0.962799489 -0.039370861 0.267333239 -0.486753575 0.038559511 0.999221921 0.008286096 1.217875061 -0.267451465 0.002330390 0.963568509 -0.191342574
236135000 0.504903610 0.897606443 0.500000000 0.500000000 0.000000000 0.000000000 0.965838015 -0.038142607 0.256324261 -0.500726785 0.037658531 0.999267519 0.006798531 1.210207557 -0.256395817 0.003086516 0.966566920 -0.188761346
