https://www.youtube.com/watch?v=3r313en-sdg
194110589 0.438481989 0.779523484 0.500000000 0.500000000 0.000000000 0.000000000 0.960187018 0.010304503 0.279167771 -0.362726616 -0.026759889 0.998116791 0.055197630 -0.105556894 -0.278073281 -0.060470548 0.958654583 0.225636832
194152289 0.438481989 0.779523484 0.500000000 0.500000000 0.000000000 0.000000000 0.959369481 0.010291688 0.281964958 -0.364888778 -0.027023250 0.998092115 0.055514801 -0.105695578 -0.280855656 -0.060878817 0.957817256 0.230272442
194235711 0.438481989 0.779523484 0.500000000 0.500000000 0.000000000 0.000000000 0.957035244 0.010504941 0.289781362 -0.371316153 -0.028125435 0.997994542 0.056708824 -0.106167083 -0.288604498 -0.062422566 0.955411375 0.243580980
194277422 0.438481989 0.779523484 0.500000000 0.500000000 0.000000000 0.000000000 0.956176877 0.010599771 0.292597681 -0.373169632 -0.028520478 0.997963905 0.057049092 -0.106272783 -0.291397214 -0.062894046 0.954532325 0.248070744
194319122 0.438481989 0.779523484 0.500000000 0.500000000 0.000000000 0.000000000 0.955324769 0.010453566 0.295373172 -0.375192644 -0.028592413 0.997955620 0.057157680 -0.105900858 -0.294171810 -0.063049577 0.953670621 0.252718693
194360833 0.438481989 0.779523484 0.500000000 0.500000000 0.000000000 0.000000000 0.953839183 0.010640046 0.300129414 -0.379273091 -0.029316235 0.997898042 0.057792712 -0.106386098 -0.298883647 -0.063923612 0.952146173 0.261167358
194402544 0.438481989 0.779523484 0.500000000 0.500000000 0.000000000 0.000000000 0.952941477 0.010831821 0.302960724 -0.381415139 -0.029793829 0.997869730 0.058037322 -0.106524840 -0.301686704 -0.064332530 0.951234162 0.265819691
194444256 0.438481989 0.779523484 0.500000000 0.500000000 0.000000000 0.000000000 0.952114820 0.010820580 0.305549234 -0.383268321 -0.029986288 0.997860193 0.058101807 -0.106432127 -0.304266721 -0.064481877 0.950401962 0.270160337
194485956 0.438481989 0.779523484 0.500000000 0.500000000 0.000000000 0.000000000 0.951376319 0.010739885 0.307843715 -0.385247304 -0.030179249 0.997833729 0.058455646 -0.106998005 -0.306549042 -0.064903811 0.949639499 0.274468945
194527667 0.438481989 0.779523484 0.500000000 0.500000000 0.000000000 0.000000000 0.949754536 0.011091762 0.312799037 -0.389270965 -0.031101722 0.997770190 0.059053801 -0.108110648 -0.311446548 -0.065815203 0.947981775 0.283256586
194569378 0.438481989 0.779523484 0.500000000 0.500000000 0.000000000 0.000000000 0.948916137 0.011127183 0.315332055 -0.391119373 -0.031471178 0.997732222 0.059497792 -0.108957751 -0.313954920 -0.066382289 0.947114408 0.287672437
194611089 0.438481989 0.779523484 0.500000000 0.500000000 0.000000000 0.000000000 0.948144197 0.011155454 0.317644715 -0.392959370 -0.031729236 0.997713745 0.059670255 -0.109291997 -0.316252857 -0.066654630 0.946330428 0.291794908
194652789 0.438481989 0.779523484 0.500000000 0.500000000 0.000000000 0.000000000 0.947374105 0.011243383 0.319931149 -0.394874562 -0.032132417 0.997675717 0.060088456 -0.109880615 -0.318511933 -0.067206405 0.945533395 0.296000977
194694500 0.438481989 0.779523484 0.500000000 0.500000000 0.000000000 0.000000000 0.945695937 0.011384812 0.324853152 -0.398495037 -0.032945730 0.997597039 0.060948111 -0.111109173 -0.323378682 -0.068340905 0.943798602 0.304831266
194736211 0.438481989 0.779523484 0.500000000 0.500000000 0.000000000 0.000000000 0.944913447 0.011376852 0.327122509 -0.400232971 -0.033201318 0.997572541 0.061209898 -0.111513666 -0.325632066 -0.068698958 0.942997456 0.308901921
194777922 0.438481989 0.779523484 0.500000000 0.500000000 0.000000000 0.000000000 0.944110513 0.011485669 0.329428881 -0.402145288 -0.033636976 0.997532666 0.061620869 -0.112299981 -0.327908307 -0.069257900 0.942167461 0.312983302
194819622 0.438481989 0.779523484 0.500000000 0.500000000 0.000000000 0.000000000 0.943265498 0.011590130 0.331837147 -0.403828542 -0.034053486 0.997497559 0.061959162 -0.113012211 -0.330288649 -0.069744155 0.941299736 0.317039852
194861333 0.438481989 0.779523484 0.500000000 0.500000000 0.000000000 0.000000000 0.941666603 0.011711937 0.336343288 -0.407038288 -0.034731239 0.997440100 0.062505461 -0.114163896 -0.334750205 -0.070540927 0.939662874 0.324856836
194903044 0.438481989 0.779523484 0.500000000 0.500000000 0.000000000 0.000000000 0.940812349 0.011800380 0.338722467 -0.408890874 -0.035142805 0.997403264 0.062862813 -0.114887093 -0.337101072 -0.071045764 0.938784003 0.328887640
194944756 0.438481989 0.779523484 0.500000000 0.500000000 0.000000000 0.000000000 0.939965248 0.011854250 0.341064274 -0.410497082 -0.035428271 0.997386158 0.062973693 -0.115210428 -0.339426279 -0.071276404 0.937928259 0.332624076
194986456 0.438481989 0.779523484 0.500000000 0.500000000 0.000000000 0.000000000 0.939145148 0.011975853 0.343311816 -0.412159173 -0.035819896 0.997358143 0.063195802 -0.115832638 -0.341648012 -0.071647421 0.937093019 0.336294038
195028167 0.438481989 0.779523484 0.500000000 0.500000000 0.000000000 0.000000000 0.937534928 0.012115791 0.347680062 -0.415252185 -0.036447350 0.997314274 0.063527979 -0.116878046 -0.345976621 -0.072231717 0.935458601 0.343687854
195069878 0.438481989 0.779523484 0.500000000 0.500000000 0.000000000 0.000000000 0.936668217 0.012213978 0.350004882 -0.416932668 -0.036833469 0.997284651 0.063770339 -0.117532563 -0.348275602 -0.072623543 0.934574723 0.347592984
195111589 0.438481989 0.779523484 0.500000000 0.500000000 0.000000000 0.000000000 0.935793996 0.012234389 0.352334946 -0.418527638 -0.037102003 0.997265518 0.063913330 -0.118051367 -0.350589544 -0.072882041 0.933688998 0.351221009
195153289 0.438481989 0.779523484 0.500000000 0.500000000 0.000000000 0.000000000 0.934957087 0.012364657 0.354545295 -0.420079586 -0.037446208 0.997249067 0.063969135 -0.118551729 -0.352779001 -0.073084772 0.932848096 0.354932576
195195000 0.438481989 0.779523484 0.500000000 0.500000000 0.000000000 0.000000000 0.933313251 0.012611507 0.358841598 -0.423507545 -0.038214348 0.997195721 0.064345434 -0.120185240 -0.357023805 -0.073767342 0.931177974 0.362646099
195236711 0.438481989 0.779523484 0.500000000 0.500000000 0.000000000 0.000000000 0.932468235 0.012699605 0.361028641 -0.424971048 -0.038527168 0.997178137 0.064431436 -0.120846882 -0.359191597 -0.073989682 0.930326223 0.366496395
195278422 0.438481989 0.779523484 0.500000000 0.500000000 0.000000000 0.000000000 0.931588888 0.012763595 0.363289505 -0.426543120 -0.038847163 0.997155905 0.064582899 -0.121625044 -0.361431986 -0.074277475 0.929435194 0.370278994
195320122 0.438481989 0.779523484 0.500000000 0.500000000 0.000000000 0.000000000 0.930661261 0.012914781 0.365653932 -0.428224208 -0.039236836 0.997136533 0.064646930 -0.122346145 -0.363771975 -0.074511498 0.928503096 0.374259520
195361833 0.438481989 0.779523484 0.500000000 0.500000000 0.000000000 0.000000000 0.928964317 0.013090389 0.369937807 -0.431472578 -0.039795514 0.997114241 0.064648703 -0.123517528 -0.368023992 -0.074778199 0.926804483 0.381915997
195403544 0.438481989 0.779523484 0.500000000 0.500000000 0.000000000 0.000000000 0.928089797 0.013307135 0.372118562 -0.432999310 -0.040280633 0.997084558 0.064806513 -0.124523892 -0.370171279 -0.075135432 0.925920010 0.385598550
195445256 0.438481989 0.779523484 0.500000000 0.500000000 0.000000000 0.000000000 0.927148163 0.013354690 0.374456823 -0.434656325 -0.040533893 0.997074604 0.064801335 -0.125125542 -0.372495979 -0.075258635 0.924977243 0.389468614
195486956 0.438481989 0.779523484 0.500000000 0.500000000 0.000000000 0.000000000 0.926286161 0.013444897 0.376580954 -0.436116562 -0.040845554 0.997057319 0.064871408 -0.126022674 -0.374600619 -0.075471140 0.924109578 0.393229575
195528667 0.438481989 0.779523484 0.500000000 0.500000000 0.000000000 0.000000000 0.924466074 0.013684745 0.381018668 -0.439540023 -0.041415296 0.997046530 0.064675853 -0.127196460 -0.379008293 -0.075570628 0.922302425 0.400894338
195570378 0.438481989 0.779523484 0.500000000 0.500000000 0.000000000 0.000000000 0.923529446 0.013839275 0.383277744 -0.440953570 -0.041818544 0.997024000 0.064763919 -0.128133410 -0.381240815 -0.075839505 0.921359777 0.404593249
