https://www.youtube.com/watch?v=wPvj5xYdh9k
143910433 0.521049049 0.926309388 0.500000000 0.500000000 0.000000000 0.000000000 0.992797792 -0.012107703 0.119188942 0.166533952 0.012751786 0.999907911 -0.004642683 0.061227866 -0.119121753 0.006129117 0.992860734 -0.308720110
143943800 0.521049049 0.926309388 0.500000000 0.500000000 0.000000000 0.000000000 0.992139399 -0.012629588 0.124498494 0.171265230 0.013330168 0.999899626 -0.004795758 0.063255827 -0.124425434 0.006417646 0.992208183 -0.323863206
143977167 0.521049049 0.926309388 0.500000000 0.500000000 0.000000000 0.000000000 0.991402805 -0.013221337 0.130175561 0.174660562 0.013961167 0.999891162 -0.004772335 0.065028662 -0.130098283 0.006548709 0.991479456 -0.340089113
144010533 0.521049049 0.926309388 0.500000000 0.500000000 0.000000000 0.000000000 0.990658164 -0.013701851 0.135678545 0.178999877 0.014487112 0.999883533 -0.004801937 0.067342160 -0.135596946 0.006722669 0.990741253 -0.356566035
144043900 0.521049049 0.926309388 0.500000000 0.500000000 0.000000000 0.000000000 0.989851236 -0.013996654 0.141416416 0.181911581 0.014762606 0.999881506 -0.004368574 0.067557741 -0.141338497 0.006411914 0.989940584 -0.373437800
144077267 0.521049049 0.926309388 0.500000000 0.500000000 0.000000000 0.000000000 0.989014506 -0.014651109 0.147090808 0.184832702 0.015441483 0.999871790 -0.004232894 0.069381780 -0.147009939 0.006457693 0.989113927 -0.389824378
144110633 0.521049049 0.926309388 0.500000000 0.500000000 0.000000000 0.000000000 0.988131046 -0.015030048 0.152876318 0.187256476 0.015835306 0.999866426 -0.004051098 0.070346991 -0.152795017 0.006423859 0.988237023 -0.406824669
144144000 0.521049049 0.926309388 0.500000000 0.500000000 0.000000000 0.000000000 0.987214983 -0.015341121 0.158654481 0.189447773 0.016130239 0.999863088 -0.003687211 0.071343999 -0.158576190 0.006199204 0.987327278 -0.424156039
144177367 0.521049049 0.926309388 0.500000000 0.500000000 0.000000000 0.000000000 0.986279309 -0.015846655 0.164322734 0.191662303 0.016650600 0.999855161 -0.003516150 0.072931112 -0.164243221 0.006203978 0.986400366 -0.442829376
144210733 0.521049049 0.926309388 0.500000000 0.500000000 0.000000000 0.000000000 0.985275328 -0.016258990 0.170200422 0.192338278 0.017108224 0.999847412 -0.003524086 0.074424026 -0.170117155 0.006384022 0.985403180 -0.459336222
144244100 0.521049049 0.926309388 0.500000000 0.500000000 0.000000000 0.000000000 0.984323442 -0.016491471 0.175600022 0.194512239 0.017349372 0.999843895 -0.003351348 0.075726829 -0.175517336 0.006345360 0.984455884 -0.475474092
144277467 0.521049049 0.926309388 0.500000000 0.500000000 0.000000000 0.000000000 0.983199477 -0.017262591 0.181716129 0.193711858 0.018121189 0.999831080 -0.003065598 0.076969959 -0.181632519 0.006307007 0.983346224 -0.493406362
144310833 0.521049049 0.926309388 0.500000000 0.500000000 0.000000000 0.000000000 0.982084334 -0.017585227 0.187619507 0.194504151 0.018533850 0.999822795 -0.003302922 0.079909645 -0.187528178 0.006721059 0.982236207 -0.512890239
144344200 0.521049049 0.926309388 0.500000000 0.500000000 0.000000000 0.000000000 0.980962217 -0.018982168 0.193268716 0.195092185 0.020000203 0.999794483 -0.003317545 0.083969669 -0.193166032 0.007119800 0.981140256 -0.531376174
144377567 0.521049049 0.926309388 0.500000000 0.500000000 0.000000000 0.000000000 0.979711115 -0.019970667 0.199417368 0.192735667 0.020968013 0.999775946 -0.002890426 0.086139593 -0.199314967 0.007013168 0.979910374 -0.550689521
144410933 0.521049049 0.926309388 0.500000000 0.500000000 0.000000000 0.000000000 0.978343666 -0.020739559 0.205945507 0.190501769 0.021806508 0.999757946 -0.002912030 0.089240289 -0.205835268 0.007339919 0.978559136 -0.570461192
144444300 0.521049049 0.926309388 0.500000000 0.500000000 0.000000000 0.000000000 0.976859093 -0.022082783 0.212740898 0.186801587 0.023117904 0.999729931 -0.002379019 0.091523299 -0.212630898 0.007242090 0.977105737 -0.590204759
144477667 0.521049049 0.926309388 0.500000000 0.500000000 0.000000000 0.000000000 0.975474238 -0.023017582 0.218906716 0.185094699 0.024104526 0.999706805 -0.002295553 0.094330205 -0.218789697 0.007515896 0.975743115 -0.610072045
144511033 0.521049049 0.926309388 0.500000000 0.500000000 0.000000000 0.000000000 0.974166095 -0.023620466 0.224594042 0.183748847 0.024724323 0.999692082 -0.002103372 0.095941274 -0.224475205 0.007601970 0.974450171 -0.627607346
144544400 0.521049049 0.926309388 0.500000000 0.500000000 0.000000000 0.000000000 0.972366333 -0.025051853 0.232112408 0.177506680 0.026206626 0.999654770 -0.001892344 0.099526532 -0.231984869 0.007922935 0.972687125 -0.648577322
144577767 0.521049049 0.926309388 0.500000000 0.500000000 0.000000000 0.000000000 0.970732927 -0.026105572 0.238738537 0.172312568 0.027286272 0.999626338 -0.001641404 0.101606264 -0.238606483 0.008107649 0.971082509 -0.665516442
144611133 0.521049049 0.926309388 0.500000000 0.500000000 0.000000000 0.000000000 0.969179153 -0.026632732 0.244913086 0.166863890 0.027867818 0.999610364 -0.001578332 0.103728030 -0.244775623 0.008354880 0.969543755 -0.679670345
144644500 0.521049049 0.926309388 0.500000000 0.500000000 0.000000000 0.000000000 0.967805028 -0.027226226 0.250224203 0.162248460 0.028592436 0.999589503 -0.001825777 0.107416349 -0.250071764 0.008921515 0.968186200 -0.691395374
144677867 0.521049049 0.926309388 0.500000000 0.500000000 0.000000000 0.000000000 0.966391861 -0.027501110 0.255598158 0.157301772 0.028926393 0.999579906 -0.001817992 0.109629417 -0.255440772 0.009150425 0.966781378 -0.705021125
144711233 0.521049049 0.926309388 0.500000000 0.500000000 0.000000000 0.000000000 0.964979172 -0.027936358 0.260834694 0.152670830 0.029396389 0.999566376 -0.001697086 0.110998107 -0.260674179 0.009305251 0.965381980 -0.717012757
144744600 0.521049049 0.926309388 0.500000000 0.500000000 0.000000000 0.000000000 0.963407218 -0.029185075 0.266448498 0.145329954 0.030725112 0.999526560 -0.001612078 0.114586605 -0.266275287 0.009739747 0.963847816 -0.727707244
144777967 0.521049049 0.926309388 0.500000000 0.500000000 0.000000000 0.000000000 0.962052464 -0.029050410 0.271313787 0.140519736 0.030724091 0.999526083 -0.001922296 0.117207954 -0.271129370 0.010185218 0.962489009 -0.737877941
144811333 0.521049049 0.926309388 0.500000000 0.500000000 0.000000000 0.000000000 0.960468292 -0.029062653 0.276868165 0.133785287 0.030891288 0.999520242 -0.002244367 0.120138622 -0.276670098 0.010708458 0.960905313 -0.749539102
144844700 0.521049049 0.926309388 0.500000000 0.500000000 0.000000000 0.000000000 0.959009230 -0.029114451 0.281875312 0.131141238 0.031010356 0.999516487 -0.002266400 0.122481076 -0.281673044 0.010914552 0.959448397 -0.766982648
144878067 0.521049049 0.926309388 0.500000000 0.500000000 0.000000000 0.000000000 0.957359195 -0.029845057 0.287354499 0.127286453 0.031626828 0.999498546 -0.001559552 0.123203124 -0.287163854 0.010581163 0.957823038 -0.790311924
144911433 0.521049049 0.926309388 0.500000000 0.500000000 0.000000000 0.000000000 0.955676317 -0.030214580 0.292864859 0.122958390 0.032041479 0.999485493 -0.001441791 0.126230419 -0.292670608 0.010761709 0.956152737 -0.812268304
144944800 0.521049049 0.926309388 0.500000000 0.500000000 0.000000000 0.000000000 0.954093874 -0.030625623 0.297937900 0.119606442 0.032480776 0.999471545 -0.001276338 0.128704410 -0.297741354 0.010894999 0.954584420 -0.836913410
144978167 0.521049049 0.926309388 0.500000000 0.500000000 0.000000000 0.000000000 0.952571929 -0.030907406 0.302739918 0.117110969 0.032748815 0.999463081 -0.001006776 0.130925192 -0.302546263 0.010873400 0.953072667 -0.863636501
145011533 0.521049049 0.926309388 0.500000000 0.500000000 0.000000000 0.000000000 0.951040030 -0.031032009 0.307505906 0.114355040 0.032814685 0.999461234 -0.000626939 0.132288464 -0.307320774 0.010686954 0.951545954 -0.890229985
145044900 0.521049049 0.926309388 0.500000000 0.500000000 0.000000000 0.000000000 0.949558496 -0.031403229 0.312013566 0.111795783 0.033051863 0.999453664 0.000004459 0.133478560 -0.311843246 0.010308397 0.950077653 -0.918247166
145078267 0.521049049 0.926309388 0.500000000 0.500000000 0.000000000 0.000000000 0.948172092 -0.032090880 0.316132694 0.109919452 0.033836853 0.999427378 -0.000033707 0.137584523 -0.315950602 0.010728897 0.948714972 -0.946136688
145111633 0.521049049 0.926309388 0.500000000 0.500000000 0.000000000 0.000000000 0.946750462 -0.032532759 0.320320398 0.107328555 0.034231100 0.999413908 0.000328995 0.139602921 -0.320143342 0.010653443 0.947309196 -0.973602116
145145000 0.521049049 0.926309388 0.500000000 0.500000000 0.000000000 0.000000000 0.945303023 -0.032996029 0.324520409 0.103870985 0.034685802 0.999398112 0.000578013 0.142663075 -0.324344158 0.010709854 0.945878506 -1.000951513
145178367 0.521049049 0.926309388 0.500000000 0.500000000 0.000000000 0.000000000 0.943928003 -0.033459455 0.328451455 0.101034612 0.035197567 0.999380171 0.000653808 0.146235491 -0.328269750 0.010943545 0.944520593 -1.028203734
145211733 0.521049049 0.926309388 0.500000000 0.500000000 0.000000000 0.000000000 0.942531407 -0.033849251 0.332398534 0.097871476 0.035627373 0.999364853 0.000745591 0.149467368 -0.332212657 0.011139743 0.943138719 -1.055508499
145245100 0.521049049 0.926309388 0.500000000 0.500000000 0.000000000 0.000000000 0.941143513 -0.034220062 0.336270601 0.094510142 0.036041271 0.999349952 0.000826149 0.153126159 -0.336080283 0.011342095 0.941765070 -1.083077804
145278467 0.521049049 0.926309388 0.500000000 0.500000000 0.000000000 0.000000000 0.939844966 -0.034254495 0.339879543 0.091857806 0.036153231 0.999345958 0.000746328 0.156938733 -0.339682817 0.011586311 0.940468669 -1.109066582
145311833 0.521049049 0.926309388 0.500000000 0.500000000 0.000000000 0.000000000 0.938631892 -0.034463171 0.343194544 0.089610104 0.036398698 0.999337018 0.000802299 0.160632735 -0.342994660 0.011738770 0.939263999 -1.136130508
145345200 0.521049049 0.926309388 0.500000000 0.500000000 0.000000000 0.000000000 0.937371135 -0.035249293 0.346544176 0.086642818 0.037269086 0.999304891 0.000836335 0.164699944 -0.346332788 0.012131428 0.938033283 -1.163861936
145378567 0.521049049 0.926309388 0.500000000 0.500000000 0.000000000 0.000000000 0.936061800 -0.035769071 0.350012630 0.082952480 0.037821401 0.999284029 0.000972229 0.168134521 -0.349796802 0.012327901 0.936744511 -1.189435357
145411933 0.521049049 0.926309388 0.500000000 0.500000000 0.000000000 0.000000000 0.934831262 -0.035927020 0.353270084 0.079466792 0.037946079 0.999279082 0.001211356 0.171018306 -0.353058904 0.012272800 0.935520589 -1.213155614
145445300 0.521049049 0.926309388 0.500000000 0.500000000 0.000000000 0.000000000 0.933596909 -0.036010977 0.356510878 0.075859299 0.037930403 0.999279082 0.001608113 0.173161150 -0.356311768 0.012021271 0.934289813 -1.235886978
145478667 0.521049049 0.926309388 0.500000000 0.500000000 0.000000000 0.000000000 0.932364643 -0.036377668 0.359684289 0.072106878 0.038245518 0.999266505 0.001924517 0.175582859 -0.359490484 0.011961960 0.933072090 -1.258495449
145512033 0.521049049 0.926309388 0.500000000 0.500000000 0.000000000 0.000000000 0.931042135 -0.036936868 0.363037527 0.067176980 0.038742069 0.999246597 0.002309791 0.178121163 -0.362849325 0.011914312 0.931771636 -1.280964589
145545400 0.521049049 0.926309388 0.500000000 0.500000000 0.000000000 0.000000000 0.929607809 -0.037609182 0.366626292 0.061311047 0.039319146 0.999222755 0.002805481 0.180361177 -0.366446853 0.011807436 0.930364072 -1.303434019
145578767 0.521049049 0.926309388 0.500000000 0.500000000 0.000000000 0.000000000 0.928249836 -0.038051661 0.370005846 0.055922351 0.039670348 0.999207556 0.003236479 0.182549784 -0.369835794 0.011673999 0.929023802 -1.324788692
145612133 0.521049049 0.926309388 0.500000000 0.500000000 0.000000000 0.000000000 0.926766276 -0.038595211 0.373650491 0.049102672 0.040112440 0.999188244 0.003717445 0.184081629 -0.373490661 0.011542831 0.927562118 -1.346772616
145645500 0.521049049 0.926309388 0.500000000 0.500000000 0.000000000 0.000000000 0.925265014 -0.039193902 0.377290964 0.042458743 0.040639356 0.999165356 0.004132122 0.186668754 -0.377137989 0.011509554 0.926085532 -1.368820336
145678867 0.521049049 0.926309388 0.500000000 0.500000000 0.000000000 0.000000000 0.923715293 -0.039926425 0.380993396 0.035102706 0.041296728 0.999136448 0.004581513 0.188908498 -0.380847305 0.011501767 0.924566388 -1.388383982
145712233 0.521049049 0.926309388 0.500000000 0.500000000 0.000000000 0.000000000 0.922163725 -0.040462039 0.384677619 0.027108081 0.041713499 0.999116600 0.005094188 0.190335527 -0.384543926 0.011348573 0.923036933 -1.409536232
145745600 0.521049049 0.926309388 0.500000000 0.500000000 0.000000000 0.000000000 0.920587420 -0.040743485 0.388405353 0.018921837 0.041853931 0.999108016 0.005604808 0.191719707 -0.388287276 0.011096575 0.921471596 -1.430785752
145778967 0.521049049 0.926309388 0.500000000 0.500000000 0.000000000 0.000000000 0.919013858 -0.040962286 0.392091304 0.010764139 0.041971695 0.999100804 0.006000854 0.193385557 -0.391984522 0.010941869 0.919906735 -1.450878543
145812333 0.521049049 0.926309388 0.500000000 0.500000000 0.000000000 0.000000000 0.917410791 -0.041127611 0.395810485 0.001834458 0.042050164 0.999095321 0.006349321 0.195054896 -0.395713538 0.010818961 0.918310285 -1.471218332
145845700 0.521049049 0.926309388 0.500000000 0.500000000 0.000000000 0.000000000 0.915794671 -0.041346785 0.399512887 -0.006979038 0.042171214 0.999087751 0.006730423 0.196810753 -0.399426699 0.010684257 0.916702867 -1.491845477
145879067 0.521049049 0.926309388 0.500000000 0.500000000 0.000000000 0.000000000 0.914228141 -0.042076237 0.403009266 -0.015409924 0.042774770 0.999058247 0.007272071 0.198456985 -0.402935714 0.010590297 0.915167034 -1.511825962
145912433 0.521049049 0.926309388 0.500000000 0.500000000 0.000000000 0.000000000 0.912579179 -0.043027110 0.406629890 -0.024292799 0.043498985 0.999020755 0.008087715 0.199198381 -0.406579673 0.010307306 0.913557172 -1.529992106
145945800 0.521049049 0.926309388 0.500000000 0.500000000 0.000000000 0.000000000 0.910739720 -0.043769013 0.410654932 -0.034835659 0.044108085 0.998989284 0.008653957 0.201168691 -0.410618633 0.010231700 0.911749780 -1.548870270
145979167 0.521049049 0.926309388 0.500000000 0.500000000 0.000000000 0.000000000 0.908990383 -0.044472598 0.414437741 -0.044640028 0.044585861 0.998961270 0.009406190 0.202470737 -0.414425552 0.009927928 0.910029054 -1.568115294
146012533 0.521049049 0.926309388 0.500000000 0.500000000 0.000000000 0.000000000 0.907162905 -0.045450039 0.418317795 -0.055189429 0.045414399 0.998917699 0.010046412 0.204285286 -0.418321669 0.009883919 0.908245146 -1.587378008
146045900 0.521049049 0.926309388 0.500000000 0.500000000 0.000000000 0.000000000 0.905191779 -0.046436846 0.422458887 -0.066955945 0.046224896 0.998873174 0.010751640 0.205893563 -0.422482133 0.009795822 0.906318307 -1.605791304
146079267 0.521049049 0.926309388 0.500000000 0.500000000 0.000000000 0.000000000 0.903274179 -0.047292955 0.426449478 -0.078163764 0.046910286 0.998833954 0.011408057 0.207768863 -0.426491737 0.009700263 0.904439449 -1.624180190
146112633 0.521049049 0.926309388 0.500000000 0.500000000 0.000000000 0.000000000 0.901484370 -0.048465740 0.430089504 -0.089442169 0.047878858 0.998778701 0.012193990 0.209251133 -0.430155247 0.009599504 0.902703881 -1.643496822
146146000 0.521049049 0.926309388 0.500000000 0.500000000 0.000000000 0.000000000 0.899798393 -0.049224764 0.433520228 -0.099429119 0.048572801 0.998740315 0.012587712 0.211547495 -0.433593750 0.009730889 0.901055932 -1.664293656
146179367 0.521049049 0.926309388 0.500000000 0.500000000 0.000000000 0.000000000 0.897958696 -0.050317641 0.437193632 -0.110365863 0.049490038 0.998686135 0.013292786 0.213406475 -0.437288105 0.009700357 0.899269164 -1.683758817
146212733 0.521049049 0.926309388 0.500000000 0.500000000 0.000000000 0.000000000 0.896327257 -0.051507872 0.440391213 -0.119943317 0.050546244 0.998624682 0.013921838 0.215744500 -0.440502614 0.009781598 0.897698045 -1.704876219
146246100 0.521049049 0.926309388 0.500000000 0.500000000 0.000000000 0.000000000 0.894540489 -0.053035542 0.443829358 -0.130142820 0.051788475 0.998546302 0.014941671 0.217801367 -0.443976611 0.009619317 0.895986736 -1.725625508
146279467 0.521049049 0.926309388 0.500000000 0.500000000 0.000000000 0.000000000 0.892539680 -0.053008895 0.447842598 -0.142125592 0.051584624 0.998550117 0.015386463 0.218797869 -0.448008895 0.009368763 0.893980026 -1.742397613
146312833 0.521049049 0.926309388 0.500000000 0.500000000 0.000000000 0.000000000 0.890505135 -0.052829675 0.451895654 -0.154032733 0.051338721 0.998559892 0.015570415 0.221246120 -0.452067465 0.009334209 0.891934931 -1.761259690
146346200 0.521049049 0.926309388 0.500000000 0.500000000 0.000000000 0.000000000 0.888540447 -0.052705552 0.455760866 -0.165013843 0.051025894 0.998569191 0.015998675 0.222648656 -0.455951959 0.009040136 0.889958441 -1.780758838
146379567 0.521049049 0.926309388 0.500000000 0.500000000 0.000000000 0.000000000 0.886628926 -0.052665986 0.459473044 -0.175805508 0.050892960 0.998571873 0.016252536 0.225140686 -0.459672809 0.008973974 0.888042986 -1.802552151
146412933 0.521049049 0.926309388 0.500000000 0.500000000 0.000000000 0.000000000 0.885027945 -0.053114120 0.462498009 -0.184502778 0.051392149 0.998544991 0.016331645 0.229104727 -0.462692529 0.009314804 0.886469901 -1.828780537
146446300 0.521049049 0.926309388 0.500000000 0.500000000 0.000000000 0.000000000 0.883736968 -0.053157460 0.464955151 -0.191213424 0.051672772 0.998536766 0.015946785 0.234325017 -0.465122491 0.009932758 0.885190606 -1.860266045
146479667 0.521049049 0.926309388 0.500000000 0.500000000 0.000000000 0.000000000 0.882664382 -0.053420804 0.466958076 -0.196692183 0.052114505 0.998517334 0.015722999 0.239162493 -0.467105657 0.010457157 0.884139657 -1.891938523
146513033 0.521049049 0.926309388 0.500000000 0.500000000 0.000000000 0.000000000 0.881517112 -0.052931149 0.469175696 -0.203166058 0.051704522 0.998542011 0.015507095 0.242960186 -0.469312459 0.010588737 0.882968664 -1.923076434
146546400 0.521049049 0.926309388 0.500000000 0.500000000 0.000000000 0.000000000 0.880407691 -0.052679110 0.471282512 -0.209300571 0.051483832 0.998554468 0.015439145 0.246391765 -0.471414596 0.010670689 0.881847143 -1.955911210
146579767 0.521049049 0.926309388 0.500000000 0.500000000 0.000000000 0.000000000 0.879138231 -0.052033033 0.473717779 -0.217325374 0.050730024 0.998591483 0.015538878 0.248352121 -0.473859102 0.010370893 0.880539596 -1.988699992
146613133 0.521049049 0.926309388 0.500000000 0.500000000 0.000000000 0.000000000 0.877765357 -0.051160183 0.476351321 -0.226291727 0.049663082 0.998641968 0.015740843 0.249635850 -0.476509720 0.009840308 0.879114151 -2.018633422
146646500 0.521049049 0.926309388 0.500000000 0.500000000 0.000000000 0.000000000 0.876546860 -0.049856350 0.478727460 -0.233930938 0.048177656 0.998713851 0.015796579 0.250688515 -0.478899300 0.009217525 0.877821445 -2.051466626
146679867 0.521049049 0.926309388 0.500000000 0.500000000 0.000000000 0.000000000 0.875276923 -0.048540700 0.481179923 -0.242399398 0.046612743 0.998785436 0.015966346 0.251789773 -0.481370509 0.008454142 0.876476467 -2.082773740
146713233 0.521049049 0.926309388 0.500000000 0.500000000 0.000000000 0.000000000 0.873969555 -0.046900593 0.483712256 -0.251025063 0.044888552 0.998867929 0.015745457 0.253697864 -0.483903110 0.007952091 0.875085473 -2.112823287
146746600 0.521049049 0.926309388 0.500000000 0.500000000 0.000000000 0.000000000 0.872750282 -0.045418832 0.486049473 -0.259374327 0.043379776 0.998939157 0.015453032 0.255870845 -0.486235708 0.007598079 0.873794675 -2.145124542
146779967 0.521049049 0.926309388 0.500000000 0.500000000 0.000000000 0.000000000 0.871541023 -0.043259963 0.488410503 -0.267419293 0.041216783 0.999038517 0.014938772 0.258223674 -0.488587171 0.007110958 0.872486115 -2.174456888
146813333 0.521049049 0.926309388 0.500000000 0.500000000 0.000000000 0.000000000 0.870372295 -0.042194292 0.490583062 -0.274602455 0.040316790 0.999083161 0.014401209 0.261879177 -0.490740925 0.007244322 0.871275425 -2.208060026
146846700 0.521049049 0.926309388 0.500000000 0.500000000 0.000000000 0.000000000 0.869172871 -0.040784247 0.492823660 -0.281939950 0.039233766 0.999139011 0.013490029 0.267204519 -0.492949516 0.007610162 0.870024621 -2.242084333
146880067 0.521049049 0.926309388 0.500000000 0.500000000 0.000000000 0.000000000 0.867928803 -0.039767291 0.495094091 -0.290013228 0.038435552 0.999178112 0.012876912 0.271750413 -0.495199263 0.007852973 0.868743956 -2.272206549
146913433 0.521049049 0.926309388 0.500000000 0.500000000 0.000000000 0.000000000 0.866584301 -0.039015874 0.497503221 -0.298088124 0.037794672 0.999207020 0.012527891 0.274646051 -0.497597486 0.007946497 0.867371678 -2.300897236
146946800 0.521049049 0.926309388 0.500000000 0.500000000 0.000000000 0.000000000 0.865000188 -0.038726419 0.500274897 -0.308718994 0.037627570 0.999216259 0.012289663 0.278548349 -0.500358760 0.008193569 0.865779400 -2.327406340
146980167 0.521049049 0.926309388 0.500000000 0.500000000 0.000000000 0.000000000 0.863448679 -0.038815927 0.502941012 -0.318945597 0.037942816 0.999208152 0.011976582 0.283585642 -0.503007650 0.008741835 0.864237726 -2.356928862
147013533 0.521049049 0.926309388 0.500000000 0.500000000 0.000000000 0.000000000 0.861834943 -0.039402355 0.505656004 -0.330123467 0.038835384 0.999177516 0.011668514 0.289377207 -0.505699813 0.009581012 0.862656295 -2.385390268
147046900 0.521049049 0.926309388 0.500000000 0.500000000 0.000000000 0.000000000 0.860173225 -0.039612163 0.508461297 -0.342106095 0.039341148 0.999162078 0.011286543 0.294718424 -0.508482337 0.010295069 0.861010909 -2.413938096
147080267 0.521049049 0.926309388 0.500000000 0.500000000 0.000000000 0.000000000 0.858487904 -0.040409483 0.511239290 -0.354398100 0.040330760 0.999123096 0.011248306 0.299342517 -0.511245549 0.010962135 0.859364808 -2.444791480
147113633 0.521049049 0.926309388 0.500000000 0.500000000 0.000000000 0.000000000 0.856756032 -0.041424904 0.514055490 -0.367005530 0.041443340 0.999075413 0.011438004 0.303410864 -0.514054000 0.011504599 0.857680678 -2.473884564
147147000 0.521049049 0.926309388 0.500000000 0.500000000 0.000000000 0.000000000 0.855056047 -0.042312998 0.516806304 -0.379276253 0.042354703 0.999033928 0.011719041 0.306587093 -0.516802907 0.011868742 0.856022120 -2.504120266
147180367 0.521049049 0.926309388 0.500000000 0.500000000 0.000000000 0.000000000 0.853346288 -0.042317666 0.519624233 -0.392066391 0.042543709 0.999028504 0.011492995 0.310029619 -0.519605756 0.012299236 0.854317605 -2.534423270
147213733 0.521049049 0.926309388 0.500000000 0.500000000 0.000000000 0.000000000 0.851250768 -0.043134160 0.522983313 -0.408942518 0.043566026 0.998984575 0.011481713 0.314652179 -0.522947550 0.013010489 0.852265596 -2.563313584
147247100 0.521049049 0.926309388 0.500000000 0.500000000 0.000000000 0.000000000 0.849220872 -0.044033613 0.526198566 -0.424751978 0.044434194 0.998941660 0.011882517 0.317088271 -0.526164889 0.013290328 0.850278676 -2.594262364
147280467 0.521049049 0.926309388 0.500000000 0.500000000 0.000000000 0.000000000 0.847039938 -0.045074627 0.529614568 -0.442631465 0.045486741 0.998889625 0.012264564 0.319695661 -0.529579341 0.013701866 0.848149717 -2.623204633
147313833 0.521049049 0.926309388 0.500000000 0.500000000 0.000000000 0.000000000 0.844669282 -0.046697091 0.533247769 -0.461771705 0.047140021 0.998806298 0.012796345 0.323280019 -0.533208787 0.014328632 0.845862329 -2.652973686
147347200 0.521049049 0.926309388 0.500000000 0.500000000 0.000000000 0.000000000 0.842198849 -0.048539285 0.536977708 -0.482263286 0.048880275 0.998711884 0.013612952 0.326129318 -0.536946774 0.014782805 0.843486607 -2.681732318
147380567 0.521049049 0.926309388 0.500000000 0.500000000 0.000000000 0.000000000 0.839739203 -0.050372336 0.540648401 -0.502845602 0.050436679 0.998619020 0.014702929 0.327471994 -0.540642381 0.014921882 0.841120183 -2.709795091
147413933 0.521049049 0.926309388 0.500000000 0.500000000 0.000000000 0.000000000 0.837148190 -0.052217521 0.544477940 -0.524341245 0.052097868 0.998519182 0.015660068 0.329482528 -0.544489384 0.015256341 0.838628948 -2.737606068
147447300 0.521049049 0.926309388 0.500000000 0.500000000 0.000000000 0.000000000 0.834707797 -0.053652856 0.548073173 -0.544653549 0.053331926 0.998440206 0.016517123 0.331239242 -0.548104525 0.015442828 0.836267292 -2.766372112
147480667 0.521049049 0.926309388 0.500000000 0.500000000 0.000000000 0.000000000 0.832236290 -0.054941941 0.551692069 -0.564716087 0.054514833 0.998364985 0.017188732 0.333518844 -0.551734447 0.015770314 0.833870709 -2.795111161
147514033 0.521049049 0.926309388 0.500000000 0.500000000 0.000000000 0.000000000 0.829839587 -0.056243498 0.555160284 -0.584508934 0.055631105 0.998289466 0.017981112 0.335627504 -0.555221975 0.015962740 0.831548989 -2.821195431
147547400 0.521049049 0.926309388 0.500000000 0.500000000 0.000000000 0.000000000 0.827684045 -0.057400517 0.558251143 -0.601846458 0.056704544 0.998218358 0.018566564 0.338297870 -0.558322251 0.016288128 0.829464257 -2.847460825
147580767 0.521049049 0.926309388 0.500000000 0.500000000 0.000000000 0.000000000 0.825550675 -0.058821298 0.561254084 -0.618641904 0.058064118 0.998128176 0.019200440 0.341363128 -0.561332881 0.016737785 0.827420831 -2.873273975
147614133 0.521049049 0.926309388 0.500000000 0.500000000 0.000000000 0.000000000 0.823395133 -0.060424708 0.564242303 -0.635766335 0.059535455 0.998025835 0.019998889 0.343933899 -0.564336777 0.017125433 0.825367033 -2.898149423
147647500 0.521049049 0.926309388 0.500000000 0.500000000 0.000000000 0.000000000 0.821415365 -0.061598279 0.566994190 -0.650831502 0.060632471 0.997948050 0.020577701 0.346838337 -0.567098320 0.017475419 0.823464692 -2.925013432
147680867 0.521049049 0.926309388 0.500000000 0.500000000 0.000000000 0.000000000 0.819490731 -0.062660433 0.569656610 -0.666086954 0.061657928 0.997875035 0.021063890 0.349730924 -0.569765985 0.017862182 0.821612835 -2.949196028
147714233 0.521049049 0.926309388 0.500000000 0.500000000 0.000000000 0.000000000 0.817783892 -0.063927710 0.571963966 -0.678875667 0.063002527 0.997783005 0.021441102 0.354347449 -0.572066605 0.018500987 0.819998443 -2.974884046
147747600 0.521049049 0.926309388 0.500000000 0.500000000 0.000000000 0.000000000 0.815974593 -0.065118544 0.574408412 -0.693074535 0.064109892 0.997699559 0.022034327 0.357000767 -0.574521899 0.018845810 0.818272233 -2.998601330
147780967 0.521049049 0.926309388 0.500000000 0.500000000 0.000000000 0.000000000 0.814395308 -0.065990351 0.576546252 -0.704631186 0.064927407 0.997636855 0.022474922 0.359444588 -0.576666951 0.019130183 0.816755354 -3.023830833
147814333 0.521049049 0.926309388 0.500000000 0.500000000 0.000000000 0.000000000 0.812817872 -0.066737145 0.578682363 -0.716528423 0.065754086 0.997577906 0.022688439 0.363157804 -0.578794897 0.019609161 0.815237343 -3.048146709
147847700 0.521049049 0.926309388 0.500000000 0.500000000 0.000000000 0.000000000 0.811304033 -0.067482911 0.580716670 -0.727918804 0.066464879 0.997522235 0.023061996 0.365344120 -0.580834031 0.019886969 0.813779056 -3.072409648
147881067 0.521049049 0.926309388 0.500000000 0.500000000 0.000000000 0.000000000 0.809700966 -0.068141028 0.582873225 -0.739709416 0.067219056 0.997467756 0.023231715 0.368835527 -0.582980275 0.020369444 0.812230945 -3.096641141
147914433 0.521049049 0.926309388 0.500000000 0.500000000 0.000000000 0.000000000 0.808078825 -0.068182163 0.585115254 -0.751793978 0.067555390 0.997451901 0.022932841 0.373251852 -0.585187912 0.020996144 0.810625851 -3.123943590
147947800 0.521049049 0.926309388 0.500000000 0.500000000 0.000000000 0.000000000 0.806598961 -0.068055049 0.587168336 -0.762787681 0.067770332 0.997446954 0.022511130 0.377721025 -0.587201238 0.021635137 0.809151769 -3.149938971
147981167 0.521049049 0.926309388 0.500000000 0.500000000 0.000000000 0.000000000 0.805262804 -0.067360327 0.589079261 -0.772887136 0.067613259 0.997477055 0.021633647 0.383047828 -0.589050293 0.022408795 0.807785630 -3.175358449
148014533 0.521049049 0.926309388 0.500000000 0.500000000 0.000000000 0.000000000 0.803904772 -0.067101121 0.590960741 -0.783291549 0.067747533 0.997479320 0.021100244 0.387624672 -0.590886950 0.023073545 0.806424320 -3.199967899
148047900 0.521049049 0.926309388 0.500000000 0.500000000 0.000000000 0.000000000 0.802608490 -0.066784732 0.592755795 -0.792538365 0.067763023 0.997488081 0.020632111 0.392003717 -0.592644751 0.023607414 0.805117965 -3.226188735
148081267 0.521049049 0.926309388 0.500000000 0.500000000 0.000000000 0.000000000 0.801220655 -0.066584431 0.594652772 -0.803621861 0.067847118 0.997489691 0.020275306 0.396290940 -0.594510019 0.024100486 0.803726912 -3.252291990
148114633 0.521049049 0.926309388 0.500000000 0.500000000 0.000000000 0.000000000 0.800033092 -0.066358738 0.596274793 -0.811987737 0.067953706 0.997491300 0.019834897 0.401201595 -0.596095085 0.024650509 0.802535355 -3.278085130
148148000 0.521049049 0.926309388 0.500000000 0.500000000 0.000000000 0.000000000 0.798555374 -0.066279814 0.598261058 -0.822578308 0.068066314 0.997487187 0.019654537 0.404682630 -0.598060429 0.025026189 0.801060200 -3.302689950
148181367 0.521049049 0.926309388 0.500000000 0.500000000 0.000000000 0.000000000 0.797434270 -0.066663116 0.599712133 -0.831198046 0.068462625 0.997456372 0.019841367 0.407985373 -0.599509358 0.025235683 0.799969792 -3.329106750
148214733 0.521049049 0.926309388 0.500000000 0.500000000 0.000000000 0.000000000 0.796092749 -0.066818416 0.601474524 -0.842648327 0.068856634 0.997432649 0.019669339 0.412454997 -0.601244569 0.025756890 0.798649788 -3.353961532
148248100 0.521049049 0.926309388 0.500000000 0.500000000 0.000000000 0.000000000 0.794835389 -0.066914581 0.603124440 -0.852954152 0.069263697 0.997410119 0.019379159 0.417925463 -0.602859199 0.026371386 0.797411621 -3.379697293
148281467 0.521049049 0.926309388 0.500000000 0.500000000 0.000000000 0.000000000 0.793691576 -0.067413986 0.604573369 -0.862473587 0.069812670 0.997368276 0.019562285 0.421587363 -0.604301095 0.026680462 0.796309173 -3.404800766
148314833 0.521049049 0.926309388 0.500000000 0.500000000 0.000000000 0.000000000 0.792340338 -0.067780100 0.606302381 -0.874248139 0.070297681 0.997332931 0.019626569 0.425766062 -0.606015682 0.027070731 0.794991970 -3.429431609
148348200 0.521049049 0.926309388 0.500000000 0.500000000 0.000000000 0.000000000 0.791083515 -0.068092547 0.607906461 -0.885180211 0.070948750 0.997291684 0.019380845 0.431688603 -0.607579768 0.027798336 0.793772042 -3.453798097
148381567 0.521049049 0.926309388 0.500000000 0.500000000 0.000000000 0.000000000 0.789692760 -0.068608254 0.609654188 -0.897783689 0.071672060 0.997239828 0.019387998 0.436717159 -0.609301567 0.028384609 0.792430341 -3.478867648
148414933 0.521049049 0.926309388 0.500000000 0.500000000 0.000000000 0.000000000 0.788440049 -0.068971016 0.611232579 -0.909037601 0.072170079 0.997203052 0.019430131 0.441089895 -0.610863090 0.028793210 0.791212499 -3.503073193
148448300 0.521049049 0.926309388 0.500000000 0.500000000 0.000000000 0.000000000 0.787185311 -0.069237381 0.612817645 -0.920317736 0.072537735 0.997175276 0.019485673 0.444878477 -0.612435758 0.029113568 0.789984107 -3.528485323
148481667 0.521049049 0.926309388 0.500000000 0.500000000 0.000000000 0.000000000 0.785960615 -0.069583319 0.614348531 -0.930789508 0.073158875 0.997132659 0.019343751 0.450333235 -0.613932967 0.029741621 0.788797617 -3.554191319
148515033 0.521049049 0.926309388 0.500000000 0.500000000 0.000000000 0.000000000 0.784844816 -0.069928937 0.615734160 -0.939868086 0.073650107 0.997096181 0.019362208 0.454715255 -0.615300179 0.030152561 0.787716031 -3.579520440
148548400 0.521049049 0.926309388 0.500000000 0.500000000 0.000000000 0.000000000 0.783832431 -0.070395507 0.616969347 -0.947852646 0.074162774 0.997054636 0.019542266 0.458530134 -0.616527855 0.030438296 0.786744535 -3.605543802
148581767 0.521049049 0.926309388 0.500000000 0.500000000 0.000000000 0.000000000 0.782691598 -0.070834115 0.618365884 -0.957684379 0.074663028 0.997014105 0.019704334 0.462419975 -0.617915273 0.030746654 0.785643280 -3.631113094
148615133 0.521049049 0.926309388 0.500000000 0.500000000 0.000000000 0.000000000 0.781451106 -0.071149915 0.619896650 -0.968432981 0.075040430 0.996983230 0.019833704 0.466122265 -0.619437754 0.031018244 0.784432769 -3.656921837
148648500 0.521049049 0.926309388 0.500000000 0.500000000 0.000000000 0.000000000 0.780170023 -0.071459338 0.621472716 -0.979596063 0.075365655 0.996954918 0.020022936 0.469510080 -0.621011078 0.031216402 0.783179939 -3.682890256
148681867 0.521049049 0.926309388 0.500000000 0.500000000 0.000000000 0.000000000 0.778878093 -0.071695782 0.623063922 -0.991016051 0.075663246 0.996930182 0.020131556 0.473157386 -0.622594535 0.031463008 0.781911850 -3.708033537
148715233 0.521049049 0.926309388 0.500000000 0.500000000 0.000000000 0.000000000 0.777622640 -0.071887374 0.624608099 -1.001970833 0.075985134 0.996905625 0.020136096 0.477515629 -0.624122858 0.031802647 0.780678749 -3.733859307
148748600 0.521049049 0.926309388 0.500000000 0.500000000 0.000000000 0.000000000 0.776400208 -0.072158307 0.626095772 -1.012147889 0.076374687 0.996874928 0.020181393 0.481658020 -0.625595450 0.032149028 0.779484928 -3.759714188
148781967 0.521049049 0.926309388 0.500000000 0.500000000 0.000000000 0.000000000 0.775050759 -0.072473884 0.627729118 -1.023750882 0.076746002 0.996843338 0.020332113 0.485559523 -0.627221107 0.032417279 0.778166294 -3.785576113
148815333 0.521049049 0.926309388 0.500000000 0.500000000 0.000000000 0.000000000 0.773530364 -0.073060594 0.629533887 -1.037120167 0.077104270 0.996803045 0.020943314 0.487353382 -0.629051447 0.032339461 0.776690722 -3.810810621
148848700 0.521049049 0.926309388 0.500000000 0.500000000 0.000000000 0.000000000 0.771786690 -0.073729120 0.631592691 -1.053231583 0.077568099 0.996753693 0.021570468 0.489406967 -0.631132722 0.032343645 0.775000215 -3.836206514
148882067 0.521049049 0.926309388 0.500000000 0.500000000 0.000000000 0.000000000 0.770157695 -0.074394964 0.633500159 -1.068147268 0.078189939 0.996695936 0.021989850 0.492970587 -0.633042991 0.032597687 0.773429990 -3.861497361
148915433 0.521049049 0.926309388 0.500000000 0.500000000 0.000000000 0.000000000 0.768564343 -0.074896939 0.635373294 -1.081637225 0.078814104 0.996643305 0.022147324 0.498088679 -0.634899318 0.033054732 0.771887481 -3.886032446
148948800 0.521049049 0.926309388 0.500000000 0.500000000 0.000000000 0.000000000 0.767036378 -0.075344175 0.637164414 -1.094653395 0.079474278 0.996590316 0.022172641 0.503831787 -0.636662424 0.033630956 0.770408928 -3.910582098
148982167 0.521049049 0.926309388 0.500000000 0.500000000 0.000000000 0.000000000 0.765462816 -0.076053262 0.638969958 -1.108391408 0.080209829 0.996523499 0.022522530 0.508449362 -0.638461471 0.034011513 0.768901885 -3.934143358
149015533 0.521049049 0.926309388 0.500000000 0.500000000 0.000000000 0.000000000 0.763963163 -0.076201819 0.640744507 -1.121150749 0.080244161 0.996513605 0.022836817 0.509914765 -0.640250862 0.033969518 0.767414451 -3.956744295
149048900 0.521049049 0.926309388 0.500000000 0.500000000 0.000000000 0.000000000 0.762514293 -0.076258913 0.642461300 -1.133053149 0.080349475 0.996503234 0.022919090 0.513210980 -0.641962528 0.034145296 0.765975296 -3.979294145
149082267 0.521049049 0.926309388 0.500000000 0.500000000 0.000000000 0.000000000 0.760828912 -0.076799758 0.644392073 -1.148177067 0.080868587 0.996452928 0.023278039 0.516958620 -0.643894136 0.034400474 0.764340878 -4.000624052
149115633 0.521049049 0.926309388 0.500000000 0.500000000 0.000000000 0.000000000 0.759455442 -0.076994881 0.645986974 -1.159641990 0.081155270 0.996427834 0.023353461 0.520908581 -0.645477533 0.034689337 0.762991130 -4.022659163
149149000 0.521049049 0.926309388 0.500000000 0.500000000 0.000000000 0.000000000 0.758242488 -0.077233307 0.647381902 -1.169095056 0.081509225 0.996397734 0.023404008 0.525176598 -0.646857440 0.035021685 0.761806369 -4.044776334
149182367 0.521049049 0.926309388 0.500000000 0.500000000 0.000000000 0.000000000 0.757017851 -0.077238679 0.648812890 -1.179077902 0.081771478 0.996380866 0.023206506 0.530294492 -0.648257196 0.035486646 0.760594010 -4.066141730
149215733 0.521049049 0.926309388 0.500000000 0.500000000 0.000000000 0.000000000 0.755756319 -0.077167138 0.650290430 -1.189045719 0.081916027 0.996372998 0.023033870 0.534793203 -0.649709344 0.035861216 0.759336412 -4.087527089
149249100 0.521049049 0.926309388 0.500000000 0.500000000 0.000000000 0.000000000 0.754488766 -0.077011824 0.651778996 -1.199020281 0.081996724 0.996371567 0.022809552 0.539216837 -0.651170671 0.036234193 0.758065879 -4.108309560
149282467 0.521049049 0.926309388 0.500000000 0.500000000 0.000000000 0.000000000 0.753140807 -0.076816417 0.653359175 -1.209781439 0.081989959 0.996376097 0.022633890 0.543119067 -0.652730107 0.036522385 0.756709635 -4.128981039
149315833 0.521049049 0.926309388 0.500000000 0.500000000 0.000000000 0.000000000 0.751793802 -0.076552026 0.654939592 -1.220392594 0.081839010 0.996391058 0.022520695 0.546032491 -0.654299974 0.036668688 0.755345583 -4.149910819
149349200 0.521049049 0.926309388 0.500000000 0.500000000 0.000000000 0.000000000 0.750470698 -0.076271906 0.656487823 -1.230702974 0.081806935 0.996399939 0.022245055 0.550260517 -0.655821085 0.037010998 0.754008532 -4.169962383
149382567 0.521049049 0.926309388 0.500000000 0.500000000 0.000000000 0.000000000 0.749217927 -0.076058567 0.657941937 -1.239713661 0.081755958 0.996407628 0.022087516 0.553644269 -0.657258272 0.037242312 0.752744675 -4.189789194
149415933 0.521049049 0.926309388 0.500000000 0.500000000 0.000000000 0.000000000 0.747849405 -0.075824149 0.659524024 -1.249938905 0.081643321 0.996419251 0.021979077 0.556191440 -0.658828974 0.037408695 0.751362085 -4.207989432
149449300 0.521049049 0.926309388 0.500000000 0.500000000 0.000000000 0.000000000 0.746338665 -0.075536087 0.661266148 -1.261810329 0.081621863 0.996427119 0.021698754 0.560078745 -0.660542548 0.037779152 0.749837518 -4.226216292
149482667 0.521049049 0.926309388 0.500000000 0.500000000 0.000000000 0.000000000 0.745297968 -0.075598069 0.662431777 -1.267064139 0.081815489 0.996412039 0.021662466 0.563041037 -0.661692679 0.038052186 0.748808980 -4.244000974
149516033 0.521049049 0.926309388 0.500000000 0.500000000 0.000000000 0.000000000 0.743798435 -0.075170875 0.664163530 -1.277887835 0.081609175 0.996434987 0.021383455 0.565919603 -0.663403213 0.038296856 0.747281432 -4.259343711
149549400 0.521049049 0.926309388 0.500000000 0.500000000 0.000000000 0.000000000 0.742369890 -0.074929200 0.665787220 -1.287477331 0.081519604 0.996445239 0.021245755 0.568551311 -0.665012419 0.038502499 0.745839119 -4.274510078
149582767 0.521049049 0.926309388 0.500000000 0.500000000 0.000000000 0.000000000 0.740571499 -0.074650325 0.667818189 -1.302163897 0.081653006 0.996442974 0.020836359 0.573691637 -0.666998208 0.039098546 0.744032741 -4.286173092
149616133 0.521049049 0.926309388 0.500000000 0.500000000 0.000000000 0.000000000 0.738989413 -0.073745653 0.669668794 -1.315213673 0.080910735 0.996511519 0.020452222 0.576269676 -0.668840885 0.039069418 0.742378235 -4.297142147
149649500 0.521049049 0.926309388 0.500000000 0.500000000 0.000000000 0.000000000 0.736819029 -0.073622309 0.672069550 -1.334547724 0.081279173 0.996489644 0.020051237 0.582923154 -0.671186566 0.039851125 0.740216494 -4.306683325
149682867 0.521049049 0.926309388 0.500000000 0.500000000 0.000000000 0.000000000 0.734920502 -0.073347017 0.674175084 -1.350720183 0.081161536 0.996501505 0.019940127 0.586079985 -0.673279047 0.040062681 0.738302350 -4.318101704
149716233 0.521049049 0.926309388 0.500000000 0.500000000 0.000000000 0.000000000 0.732564330 -0.072877921 0.676785231 -1.371852648 0.081277117 0.996504068 0.019330245 0.593081071 -0.675827980 0.040846508 0.735926688 -4.325008035
149749600 0.521049049 0.926309388 0.500000000 0.500000000 0.000000000 0.000000000 0.730518997 -0.073523797 0.678922832 -1.387020542 0.082014352 0.996437192 0.019661738 0.597248699 -0.677949607 0.041318141 0.733946323 -4.345241742
149782967 0.521049049 0.926309388 0.500000000 0.500000000 0.000000000 0.000000000 0.728908837 -0.074731953 0.680519700 -1.398062854 0.083021984 0.996337056 0.020488400 0.599209127 -0.679558158 0.041563917 0.732443273 -4.371193439
149816333 0.521049049 0.926309388 0.500000000 0.500000000 0.000000000 0.000000000 0.727553785 -0.075528666 0.681880414 -1.406125984 0.083758935 0.996265113 0.020982342 0.602306634 -0.680918455 0.041847799 0.731162667 -4.398616100
149849700 0.521049049 0.926309388 0.500000000 0.500000000 0.000000000 0.000000000 0.726053476 -0.076831266 0.683332503 -1.415484405 0.085035898 0.996142626 0.021650208 0.606179020 -0.682360053 0.042388581 0.729786217 -4.427800513
149883067 0.521049049 0.926309388 0.500000000 0.500000000 0.000000000 0.000000000 0.724562526 -0.078238040 0.684753954 -1.425033550 0.086405970 0.996008813 0.022371909 0.609877241 -0.683771253 0.042956978 0.728430867 -4.456823458
149916433 0.521049049 0.926309388 0.500000000 0.500000000 0.000000000 0.000000000 0.722969115 -0.079451367 0.686296701 -1.435261303 0.087656893 0.995886266 0.022951156 0.614048251 -0.685296953 0.043565657 0.726959467 -4.485582235
149949800 0.521049049 0.926309388 0.500000000 0.500000000 0.000000000 0.000000000 0.721252978 -0.080269933 0.688005030 -1.447017049 0.088485375 0.995802104 0.023419354 0.617498409 -0.686996758 0.043987103 0.725327969 -4.514811175
149983167 0.521049049 0.926309388 0.500000000 0.500000000 0.000000000 0.000000000 0.719244838 -0.081097446 0.690007269 -1.461695841 0.089419521 0.995709181 0.023818513 0.621548900 -0.688978195 0.044568777 0.723410428 -4.541187465
150016533 0.521049049 0.926309388 0.500000000 0.500000000 0.000000000 0.000000000 0.717033446 -0.082053840 0.692192316 -1.478261508 0.090333924 0.995611489 0.024445953 0.624593494 -0.691160500 0.044999883 0.721298933 -4.567126407
150049900 0.521049049 0.926309388 0.500000000 0.500000000 0.000000000 0.000000000 0.714788377 -0.082760379 0.694426596 -1.495121252 0.091049410 0.995534360 0.024926666 0.627457863 -0.693388462 0.045409840 0.719131708 -4.593504260
150083267 0.521049049 0.926309388 0.500000000 0.500000000 0.000000000 0.000000000 0.712469876 -0.083117120 0.696762681 -1.512471737 0.091568030 0.995481968 0.025119215 0.631524927 -0.695702493 0.045904502 0.716861784 -4.621731885
150116633 0.521049049 0.926309388 0.500000000 0.500000000 0.000000000 0.000000000 0.710061252 -0.083658740 0.699152529 -1.530642145 0.092296489 0.995408297 0.025371347 0.636077418 -0.698064744 0.046514113 0.714522243 -4.647104903
150150000 0.521049049 0.926309388 0.500000000 0.500000000 0.000000000 0.000000000 0.707275033 -0.084798120 0.701834261 -1.552042764 0.093614660 0.995271266 0.025911847 0.640947854 -0.700712740 0.047375172 0.711868882 -4.671211251
150183367 0.521049049 0.926309388 0.500000000 0.500000000 0.000000000 0.000000000 0.704037070 -0.085940398 0.704944015 -1.577813421 0.094839580 0.995137095 0.026600553 0.644227130 -0.703801990 0.048128814 0.708763957 -4.695020019
150216733 0.521049049 0.926309388 0.500000000 0.500000000 0.000000000 0.000000000 0.700559258 -0.087076940 0.708261490 -1.606229658 0.096072800 0.994999826 0.027301854 0.647976814 -0.707097411 0.048918098 0.705422044 -4.716707110
150250100 0.521049049 0.926309388 0.500000000 0.500000000 0.000000000 0.000000000 0.697057188 -0.088757448 0.711500823 -1.634309530 0.097595304 0.994818389 0.028486319 0.649621502 -0.710342526 0.049582545 0.702107608 -4.737579916
150283467 0.521049049 0.926309388 0.500000000 0.500000000 0.000000000 0.000000000 0.693275511 -0.089154556 0.715136707 -1.665468605 0.097889714 0.994771183 0.029118687 0.650265462 -0.713993430 0.049817253 0.698377848 -4.757653983
150316833 0.521049049 0.926309388 0.500000000 0.500000000 0.000000000 0.000000000 0.689524412 -0.089959346 0.718653858 -1.694896887 0.098718174 0.994669318 0.029793493 0.653097433 -0.717503190 0.050400853 0.694729447 -4.776865149
150350200 0.521049049 0.926309388 0.500000000 0.500000000 0.000000000 0.000000000 0.685362518 -0.090880953 0.722508788 -1.729321494 0.099726886 0.994547307 0.030499751 0.656624674 -0.721340954 0.051150162 0.690688670 -4.793598816
150383567 0.521049049 0.926309388 0.500000000 0.500000000 0.000000000 0.000000000 0.681463182 -0.091309376 0.726133943 -1.760456339 0.100208469 0.994483113 0.031009775 0.659213695 -0.724959433 0.051632751 0.686853588 -4.810284308
150416933 0.521049049 0.926309388 0.500000000 0.500000000 0.000000000 0.000000000 0.677467763 -0.092094280 0.729764402 -1.791826776 0.101189420 0.994366825 0.031548437 0.663389783 -0.728558898 0.052471384 0.682970464 -4.825711061
150450300 0.521049049 0.926309388 0.500000000 0.500000000 0.000000000 0.000000000 0.673812211 -0.092324518 0.733112097 -1.817951971 0.101488672 0.994323790 0.031940769 0.665525682 -0.731899738 0.052880488 0.679357409 -4.844302994
150483667 0.521049049 0.926309388 0.500000000 0.500000000 0.000000000 0.000000000 0.669448197 -0.092867590 0.737031043 -1.851238164 0.102154605 0.994237840 0.032488808 0.668188535 -0.735801280 0.053541537 0.675077617 -4.858755862
150517033 0.521049049 0.926309388 0.500000000 0.500000000 0.000000000 0.000000000 0.664998710 -0.093598433 0.740956187 -1.884491528 0.102822833 0.994142175 0.033298999 0.669415173 -0.739732504 0.054043423 0.670727313 -4.872486764
150550400 0.521049049 0.926309388 0.500000000 0.500000000 0.000000000 0.000000000 0.660467505 -0.093658946 0.744990349 -1.919072647 0.103283666 0.994090676 0.033409800 0.674884283 -0.743717134 0.054879252 0.666238010 -4.884995183
150583767 0.521049049 0.926309388 0.500000000 0.500000000 0.000000000 0.000000000 0.655937254 -0.093839675 0.748959541 -1.952602121 0.103725359 0.994034767 0.033703513 0.678428305 -0.747654557 0.055578712 0.661758006 -4.897683546
150617133 0.521049049 0.926309388 0.500000000 0.500000000 0.000000000 0.000000000 0.650954187 -0.093995593 0.753275156 -1.990105551 0.104316942 0.993966758 0.033882637 0.683658477 -0.751915276 0.056523316 0.656832159 -4.908403296
150650500 0.521049049 0.926309388 0.500000000 0.500000000 0.000000000 0.000000000 0.646420181 -0.094422415 0.757116437 -2.022324642 0.105018251 0.993879080 0.034286067 0.688150208 -0.755719602 0.057347842 0.652379572 -4.921162789
150683867 0.521049049 0.926309388 0.500000000 0.500000000 0.000000000 0.000000000 0.641342282 -0.094585270 0.761402428 -2.059561985 0.105340153 0.993829668 0.034728739 0.690331977 -0.759989142 0.057933241 0.647348642 -4.931446246
150717233 0.521049049 0.926309388 0.500000000 0.500000000 0.000000000 0.000000000 0.636116922 -0.095142066 0.765704393 -2.097471688 0.106012680 0.993734300 0.035404626 0.692701331 -0.764275193 0.058652893 0.642217457 -4.940919695
150750600 0.521049049 0.926309388 0.500000000 0.500000000 0.000000000 0.000000000 0.630877316 -0.095496081 0.769983292 -2.134597987 0.106434159 0.993666649 0.036032431 0.694181325 -0.768547714 0.059220482 0.637045801 -4.951084963
150783967 0.521049049 0.926309388 0.500000000 0.500000000 0.000000000 0.000000000 0.625635505 -0.096208550 0.774160266 -2.171287516 0.107053965 0.993566036 0.036959771 0.694389234 -0.772735178 0.059753586 0.631909668 -4.959556317
150817333 0.521049049 0.926309388 0.500000000 0.500000000 0.000000000 0.000000000 0.620524824 -0.096851490 0.778182983 -2.206085615 0.107320398 0.993495286 0.038071420 0.691361967 -0.776808381 0.059890646 0.626882613 -4.971016626
150850700 0.521049049 0.926309388 0.500000000 0.500000000 0.000000000 0.000000000 0.615077257 -0.097478770 0.782417953 -2.243954864 0.107941017 0.993395627 0.038908768 0.692317942 -0.781043351 0.060523093 0.621536970 -4.982849785
150884067 0.521049049 0.926309388 0.500000000 0.500000000 0.000000000 0.000000000 0.609916270 -0.098018035 0.786380708 -2.278281605 0.108660892 0.993292570 0.039531160 0.695396383 -0.784980893 0.061338134 0.616475999 -4.994698701
150917433 0.521049049 0.926309388 0.500000000 0.500000000 0.000000000 0.000000000 0.605962396 -0.099381484 0.789260983 -2.298828882 0.109007217 0.993179858 0.041367073 0.687669908 -0.787989259 0.060968257 0.612662911 -5.012751611
150950800 0.521049049 0.926309388 0.500000000 0.500000000 0.000000000 0.000000000 0.599601924 -0.100625761 0.793947101 -2.344320309 0.110239990 0.992991745 0.042597841 0.689047948 -0.792669356 0.061982971 0.606492758 -5.026179745
150984167 0.521049049 0.926309388 0.500000000 0.500000000 0.000000000 0.000000000 0.593764782 -0.101932362 0.798156083 -2.383273638 0.111230373 0.992818058 0.044046037 0.688052820 -0.796913564 0.062626213 0.600838423 -5.040841632
151017533 0.521049049 0.926309388 0.500000000 0.500000000 0.000000000 0.000000000 0.588064790 -0.103106625 0.802214980 -2.420566195 0.111940518 0.992671430 0.045527354 0.685931073 -0.801030040 0.063027322 0.595296919 -5.055009747
151050900 0.521049049 0.926309388 0.500000000 0.500000000 0.000000000 0.000000000 0.582515299 -0.103399880 0.806216121 -2.455979214 0.112232089 0.992606759 0.046214048 0.687359048 -0.805034101 0.063562930 0.589813411 -5.067794442
151084267 0.521049049 0.926309388 0.500000000 0.500000000 0.000000000 0.000000000 0.577434838 -0.104319692 0.809744656 -2.485030799 0.113292083 0.992446244 0.047067795 0.690464427 -0.808538139 0.064559072 0.584891617 -5.084673704
151117633 0.521049049 0.926309388 0.500000000 0.500000000 0.000000000 0.000000000 0.570021927 -0.105410986 0.814839542 -2.537393647 0.115038410 0.992206454 0.047880646 0.698069009 -0.813536227 0.066444829 0.577705741 -5.092671882
151151000 0.521049049 0.926309388 0.500000000 0.500000000 0.000000000 0.000000000 0.564349473 -0.106617667 0.818622231 -2.572112443 0.115696862 0.992053151 0.049445182 0.695124349 -0.817388475 0.066807665 0.572200000 -5.106133112
151184367 0.521049049 0.926309388 0.500000000 0.500000000 0.000000000 0.000000000 0.557987750 -0.107761011 0.822822750 -2.612411848 0.117160834 0.991831005 0.050443918 0.700098897 -0.821536958 0.068255506 0.566054940 -5.115809403
151217733 0.521049049 0.926309388 0.500000000 0.500000000 0.000000000 0.000000000 0.551530004 -0.108952150 0.827009082 -2.652593288 0.118280426 0.991630375 0.051758863 0.701601207 -0.825726569 0.069272421 0.559800804 -5.126981005
151251100 0.521049049 0.926309388 0.500000000 0.500000000 0.000000000 0.000000000 0.545439720 -0.110137403 0.830882192 -2.689048617 0.118624434 0.991493881 0.053555224 0.695766204 -0.829713047 0.069351785 0.553865135 -5.135704858
151284467 0.521049049 0.926309388 0.500000000 0.500000000 0.000000000 0.000000000 0.539141655 -0.111076534 0.834858239 -2.726926465 0.119253971 0.991345644 0.054884110 0.694205468 -0.833729446 0.069969848 0.547722101 -5.143533343
151317833 0.521049049 0.926309388 0.500000000 0.500000000 0.000000000 0.000000000 0.532436788 -0.111899838 0.839040816 -2.768552091 0.119996876 0.991191089 0.056044199 0.694705504 -0.837921143 0.070842281 0.541174233 -5.147940465
151351200 0.521049049 0.926309388 0.500000000 0.500000000 0.000000000 0.000000000 0.525692284 -0.113192111 0.843110383 -2.809924036 0.120611243 0.991012990 0.057845872 0.690081612 -0.842081070 0.071279466 0.534620166 -5.151012755
151384567 0.521049049 0.926309388 0.500000000 0.500000000 0.000000000 0.000000000 0.519032121 -0.114116751 0.847102702 -2.850477624 0.121245980 0.990855992 0.059193183 0.688794750 -0.846111715 0.071984634 0.528122306 -5.154381683
151417933 0.521049049 0.926309388 0.500000000 0.500000000 0.000000000 0.000000000 0.512272477 -0.114330441 0.851178885 -2.891643718 0.121553987 0.990774274 0.059925001 0.689774079 -0.850177348 0.072766259 0.521443665 -5.156635071
151451300 0.521049049 0.926309388 0.500000000 0.500000000 0.000000000 0.000000000 0.506375194 -0.115508854 0.854541898 -2.923075803 0.122808330 0.990546525 0.061120231 0.692384201 -0.853523433 0.073995091 0.515773654 -5.162136096
151484667 0.521049049 0.926309388 0.500000000 0.500000000 0.000000000 0.000000000 0.498647809 -0.116028041 0.859004021 -2.972064313 0.123122908 0.990433455 0.062308308 0.690609714 -0.858015776 0.074693173 0.508163154 -5.161355783
151518033 0.521049049 0.926309388 0.500000000 0.500000000 0.000000000 0.000000000 0.491336823 -0.115984313 0.863212466 -3.016716343 0.123554543 0.990352392 0.062740579 0.694391416 -0.862161458 0.075827062 0.500926971 -5.160904615
151551400 0.521049049 0.926309388 0.500000000 0.500000000 0.000000000 0.000000000 0.484164625 -0.116077051 0.867243171 -3.059100985 0.123495512 0.990304768 0.063603260 0.692457185 -0.866217911 0.076306187 0.493805528 -5.161163934
151584767 0.521049049 0.926309388 0.500000000 0.500000000 0.000000000 0.000000000 0.476386338 -0.116313852 0.871508539 -3.106793095 0.124107830 0.990182400 0.064312220 0.694881682 -0.870432794 0.077523567 0.486144841 -5.157887561
151618133 0.521049049 0.926309388 0.500000000 0.500000000 0.000000000 0.000000000 0.468315214 -0.116658904 0.875826240 -3.156840606 0.124754995 0.990045309 0.065164693 0.696801942 -0.874709725 0.078746073 0.478207082 -5.154433631
151651500 0.521049049 0.926309388 0.500000000 0.500000000 0.000000000 0.000000000 0.460230231 -0.117389396 0.880004466 -3.207104654 0.125352800 0.989881754 0.066488840 0.695144193 -0.878905475 0.079710849 0.470288604 -5.150922549
151684867 0.521049049 0.926309388 0.500000000 0.500000000 0.000000000 0.000000000 0.452674210 -0.118015446 0.883831680 -3.251702070 0.125819564 0.989739358 0.067715675 0.693338671 -0.882754505 0.080550171 0.462878138 -5.150269957
151718233 0.521049049 0.926309388 0.500000000 0.500000000 0.000000000 0.000000000 0.444319993 -0.118952222 0.887935877 -3.302746668 0.126708210 0.989526272 0.069157429 0.692577644 -0.886862338 0.081780732 0.454738557 -5.145209624
151751600 0.521049049 0.926309388 0.500000000 0.500000000 0.000000000 0.000000000 0.435863227 -0.120033212 0.891972661 -3.354630190 0.127582327 0.989298701 0.070787206 0.690605239 -0.890924215 0.082946412 0.446513057 -5.139220213
151784967 0.521049049 0.926309388 0.500000000 0.500000000 0.000000000 0.000000000 0.427495033 -0.120379791 0.895966887 -3.405894371 0.127807930 0.989187658 0.071923353 0.688982569 -0.894937515 0.083764799 0.438258290 -5.134233696
151818333 0.521049049 0.926309388 0.500000000 0.500000000 0.000000000 0.000000000 0.419261843 -0.120620079 0.899816811 -3.455672095 0.128291607 0.989060402 0.072806790 0.689993513 -0.898755133 0.084913835 0.430149823 -5.128599227
151851700 0.521049049 0.926309388 0.500000000 0.500000000 0.000000000 0.000000000 0.410515398 -0.121297985 0.903749883 -3.509276006 0.129293457 0.988842189 0.073989056 0.691658003 -0.902640760 0.086475305 0.421617985 -5.120489981
151885067 0.521049049 0.926309388 0.500000000 0.500000000 0.000000000 0.000000000 0.401820898 -0.122473910 0.907491088 -3.561736828 0.130364165 0.988572538 0.075693637 0.690430893 -0.906391263 0.087889031 0.413195312 -5.111958311
151918433 0.521049049 0.926309388 0.500000000 0.500000000 0.000000000 0.000000000 0.393679172 -0.123011112 0.910980225 -3.609925177 0.131235510 0.988375902 0.076748677 0.692698043 -0.909831822 0.089338601 0.405246437 -5.105428029
151951800 0.521049049 0.926309388 0.500000000 0.500000000 0.000000000 0.000000000 0.385478765 -0.123641357 0.914395392 -3.657259114 0.132047489 0.988173664 0.077950552 0.693866819 -0.913219333 0.090695336 0.397246480 -5.098180914
151985167 0.521049049 0.926309388 0.500000000 0.500000000 0.000000000 0.000000000 0.376472861 -0.124468826 0.918028176 -3.710991123 0.132663071 0.987963915 0.079547301 0.691070485 -0.916879892 0.091841035 0.388454020 -5.086513893
152018533 0.521049049 0.926309388 0.500000000 0.500000000 0.000000000 0.000000000 0.367546320 -0.125706986 0.921470284 -3.763286775 0.133594990 0.987683058 0.081452779 0.687823713 -0.920359731 0.093166143 0.379813105 -5.074502470
152051900 0.521049049 0.926309388 0.500000000 0.500000000 0.000000000 0.000000000 0.358941585 -0.126358569 0.924767256 -3.813131509 0.134351671 0.987470150 0.082778580 0.687914817 -0.923639834 0.094531357 0.371420592 -5.063360475
152085267 0.521049049 0.926309388 0.500000000 0.500000000 0.000000000 0.000000000 0.350777656 -0.127010882 0.927805603 -3.859144362 0.134697273 0.987300336 0.084230021 0.684870551 -0.926720917 0.095426880 0.363430917 -5.053602514
152118633 0.521049049 0.926309388 0.500000000 0.500000000 0.000000000 0.000000000 0.342671961 -0.127049193 0.930824578 -3.904580356 0.135048062 0.987184227 0.085025445 0.686192060 -0.929697752 0.096570216 0.355438083 -5.044369037
152152000 0.521049049 0.926309388 0.500000000 0.500000000 0.000000000 0.000000000 0.334483445 -0.127207994 0.933776736 -3.950208447 0.135331601 0.987061799 0.085990548 0.685937550 -0.932633996 0.097607076 0.347371101 -5.036030255
152185367 0.521049049 0.926309388 0.500000000 0.500000000 0.000000000 0.000000000 0.326260328 -0.127634510 0.936623514 -3.995492326 0.135868028 0.986885846 0.087155983 0.685067469 -0.935464621 0.098821655 0.339323163 -5.025868629
152218733 0.521049049 0.926309388 0.500000000 0.500000000 0.000000000 0.000000000 0.318181485 -0.127877936 0.939365625 -4.039867012 0.136215910 0.986746132 0.088188969 0.684452310 -0.938192844 0.099896446 0.331383348 -5.015636025
152252100 0.521049049 0.926309388 0.500000000 0.500000000 0.000000000 0.000000000 0.310025007 -0.128160968 0.942050576 -4.084315595 0.136345819 0.986623347 0.089354001 0.681730315 -0.940900803 0.100742683 0.323352128 -5.004984841
152285467 0.521049049 0.926309388 0.500000000 0.500000000 0.000000000 0.000000000 0.302099556 -0.128362358 0.944594622 -4.126838465 0.136810556 0.986473024 0.090298623 0.682240631 -0.943408012 0.101951338 0.315574408 -4.995072894
152318833 0.521049049 0.926309388 0.500000000 0.500000000 0.000000000 0.000000000 0.293890178 -0.128461689 0.947167456 -4.171377001 0.136829004 0.986376107 0.091323696 0.679828434 -0.945994914 0.102760844 0.307463527 -4.984393716
152352200 0.521049049 0.926309388 0.500000000 0.500000000 0.000000000 0.000000000 0.286287159 -0.128482088 0.949490368 -4.211166203 0.136799097 0.986297250 0.092215471 0.677898388 -0.948327839 0.103489324 0.299940497 -4.976020293
152385567 0.521049049 0.926309388 0.500000000 0.500000000 0.000000000 0.000000000 0.278578758 -0.128567368 0.951769054 -4.251504401 0.136652410 0.986222804 0.093223885 0.674684187 -0.950641870 0.104091339 0.292309761 -4.967920480
152418933 0.521049049 0.926309388 0.500000000 0.500000000 0.000000000 0.000000000 0.270852715 -0.128452137 0.954011977 -4.292353826 0.136651739 0.986150861 0.093982771 0.673844191 -0.952872038 0.104911901 0.284654856 -4.959219524
152452300 0.521049049 0.926309388 0.500000000 0.500000000 0.000000000 0.000000000 0.263640791 -0.128615782 0.956008136 -4.328713103 0.136660323 0.986055017 0.094970949 0.671271310 -0.954891324 0.105610162 0.277541012 -4.952705984
152485667 0.521049049 0.926309388 0.500000000 0.500000000 0.000000000 0.000000000 0.255844235 -0.128732815 0.958108366 -4.369702576 0.136946782 0.985925198 0.095901340 0.670718857 -0.956968784 0.106674053 0.269872844 -4.942579701
152519033 0.521049049 0.926309388 0.500000000 0.500000000 0.000000000 0.000000000 0.248099074 -0.128776789 0.960137188 -4.410635157 0.136794046 0.985850930 0.096878082 0.668198200 -0.959027767 0.107305691 0.262204587 -4.932289177
152552400 0.521049049 0.926309388 0.500000000 0.500000000 0.000000000 0.000000000 0.240832821 -0.128459349 0.962027907 -4.447679482 0.136635631 0.985818386 0.097430900 0.667684264 -0.960900784 0.107982732 0.254969537 -4.924017463
152585767 0.521049049 0.926309388 0.500000000 0.500000000 0.000000000 0.000000000 0.233518749 -0.128525421 0.963820636 -4.485278292 0.137030125 0.985683262 0.098240539 0.668930868 -0.962648273 0.109131455 0.247787371 -4.915626872
152619133 0.521049049 0.926309388 0.500000000 0.500000000 0.000000000 0.000000000 0.226271629 -0.128933519 0.965493321 -4.521972229 0.137463585 0.985507607 0.099390492 0.667417984 -0.964315772 0.110230915 0.240716085 -4.907580483
152652500 0.521049049 0.926309388 0.500000000 0.500000000 0.000000000 0.000000000 0.219345063 -0.129485458 0.967016697 -4.556313537 0.137999892 0.985306621 0.100632481 0.665879700 -0.965838373 0.111374959 0.233991131 -4.900420107
152685867 0.521049049 0.926309388 0.500000000 0.500000000 0.000000000 0.000000000 0.212535530 -0.129853740 0.968486786 -4.590067785 0.138689831 0.985105634 0.101646341 0.666781536 -0.967260957 0.112715811 0.227379352 -4.893609270
152719233 0.521049049 0.926309388 0.500000000 0.500000000 0.000000000 0.000000000 0.205851957 -0.130094215 0.969897151 -4.623207737 0.139644101 0.984885871 0.102466479 0.670524938 -0.968568265 0.114347488 0.220907569 -4.886905440
152752600 0.521049049 0.926309388 0.500000000 0.500000000 0.000000000 0.000000000 0.199115098 -0.130194455 0.971289158 -4.656889335 0.140369326 0.984704375 0.103216849 0.673040402 -0.969870925 0.115787171 0.214344829 -4.879402220
152785967 0.521049049 0.926309388 0.500000000 0.500000000 0.000000000 0.000000000 0.192625627 -0.130594939 0.972543240 -4.688828913 0.141158372 0.984483778 0.104239985 0.674453991 -0.971066236 0.117203325 0.208071366 -4.872174965
152819333 0.521049049 0.926309388 0.500000000 0.500000000 0.000000000 0.000000000 0.186426058 -0.130759284 0.973728597 -4.718337252 0.141838312 0.984302759 0.105023488 0.676890454 -0.972176552 0.118532903 0.202046365 -4.866131797
152852700 0.521049049 0.926309388 0.500000000 0.500000000 0.000000000 0.000000000 0.180268094 -0.130631506 0.974904537 -4.748176261 0.142269716 0.984182298 0.105567805 0.679686844 -0.973274231 0.119668886 0.196001559 -4.861638896
152886067 0.521049049 0.926309388 0.500000000 0.500000000 0.000000000 0.000000000 0.174303487 -0.131056041 0.975931644 -4.777235300 0.142645702 0.984009624 0.106663994 0.678295590 -0.974305153 0.120620549 0.190210894 -4.857532652
152919433 0.521049049 0.926309388 0.500000000 0.500000000 0.000000000 0.000000000 0.168580800 -0.130945325 0.976951301 -4.805095415 0.142902896 0.983911991 0.107219249 0.679708785 -0.975273967 0.121534064 0.184581146 -4.853387948
152952800 0.521049049 0.926309388 0.500000000 0.500000000 0.000000000 0.000000000 0.162902981 -0.131028056 0.977903008 -4.833275091 0.143326581 0.983771682 0.107938483 0.681040229 -0.976176262 0.122575983 0.179039150 -4.851345679
152986167 0.521049049 0.926309388 0.500000000 0.500000000 0.000000000 0.000000000 0.157819599 -0.131332532 0.978695452 -4.856495734 0.143690065 0.983621240 0.108822785 0.680729028 -0.976957619 0.123454437 0.174105883 -4.850907967
153019533 0.521049049 0.926309388 0.500000000 0.500000000 0.000000000 0.000000000 0.152597353 -0.131499842 0.979500830 -4.881359635 0.144318685 0.983448863 0.109546334 0.682736585 -0.977694333 0.124643780 0.169049576 -4.849235919
153052900 0.521049049 0.926309388 0.500000000 0.500000000 0.000000000 0.000000000 0.148147538 -0.131787464 0.980145097 -4.900801559 0.144657612 0.983309448 0.110348150 0.682727900 -0.978328407 0.125437632 0.164738938 -4.850272381
153086267 0.521049049 0.926309388 0.500000000 0.500000000 0.000000000 0.000000000 0.143483311 -0.132003441 0.980809689 -4.922191891 0.145175874 0.983150601 0.111080624 0.684198905 -0.978946626 0.126451686 0.160229415 -4.850595101
153119633 0.521049049 0.926309388 0.500000000 0.500000000 0.000000000 0.000000000 0.138654262 -0.132123575 0.981487811 -4.945085808 0.145564675 0.983015478 0.111765377 0.685041953 -0.979584575 0.127373219 0.155531809 -4.849765804
153153000 0.521049049 0.926309388 0.500000000 0.500000000 0.000000000 0.000000000 0.133907691 -0.132098779 0.982150018 -4.967800345 0.145848289 0.982910693 0.112315923 0.686438980 -0.980202556 0.128204927 0.150885686 -4.849528556
153186367 0.521049049 0.926309388 0.500000000 0.500000000 0.000000000 0.000000000 0.129662216 -0.132390991 0.982680202 -4.987134919 0.146388993 0.982742250 0.113083690 0.687426388 -0.980692625 0.129190877 0.146805122 -4.850486663
