https://www.youtube.com/watch?v=qyaPk6BL_lU
72972000 0.664141820 1.180696538 0.500000000 0.500000000 0.000000000 0.000000000 0.999965608 -0.007670701 0.003152759 -0.066669235 0.007665160 0.999969065 0.001765735 0.010666381 -0.003166206 -0.001741508 0.999993443 -0.058659554
73006000 0.664141820 1.180696538 0.500000000 0.500000000 0.000000000 0.000000000 0.999964654 -0.007523287 0.003759285 -0.075279378 0.007516438 0.999970078 0.001832569 0.010578651 -0.003772960 -0.001804247 0.999991238 -0.060666433
73039000 0.664141820 1.180696538 0.500000000 0.500000000 0.000000000 0.000000000 0.999961019 -0.007719189 0.004289802 -0.084249971 0.007711556 0.999968648 0.001792996 0.010956827 -0.004303508 -0.001759845 0.999989212 -0.062423059
73072000 0.664141820 1.180696538 0.500000000 0.500000000 0.000000000 0.000000000 0.999959826 -0.007661719 0.004653648 -0.092992220 0.007652564 0.999968767 0.001981964 0.011330550 -0.004668687 -0.001946272 0.999987185 -0.063621044
73106000 0.664141820 1.180696538 0.500000000 0.500000000 0.000000000 0.000000000 0.999958932 -0.007575503 0.004978467 -0.100957979 0.007566038 0.999969542 0.001917255 0.011746652 -0.004992840 -0.001879508 0.999985754 -0.066281209
73139000 0.664141820 1.180696538 0.500000000 0.500000000 0.000000000 0.000000000 0.999957919 -0.007610107 0.005121467 -0.108597081 0.007600578 0.999969363 0.001877420 0.011904391 -0.005135598 -0.001838415 0.999985099 -0.070603786
73172000 0.664141820 1.180696538 0.500000000 0.500000000 0.000000000 0.000000000 0.999957263 -0.007343351 0.005614221 -0.115959026 0.007335542 0.999972105 0.001410271 0.011929609 -0.005624421 -0.001369027 0.999983251 -0.075683035
73206000 0.664141820 1.180696538 0.500000000 0.500000000 0.000000000 0.000000000 0.999952197 -0.007501606 0.006271319 -0.124496304 0.007493815 0.999971092 0.001264779 0.012533305 -0.006280626 -0.001217723 0.999979556 -0.077682725
73239000 0.664141820 1.180696538 0.500000000 0.500000000 0.000000000 0.000000000 0.999949634 -0.007483041 0.006691115 -0.131456731 0.007475953 0.999971449 0.001083792 0.013538383 -0.006699034 -0.001033715 0.999977052 -0.083267238
73273000 0.664141820 1.180696538 0.500000000 0.500000000 0.000000000 0.000000000 0.999948144 -0.007593140 0.006783154 -0.139641376 0.007586945 0.999970794 0.000938446 0.014743285 -0.006790082 -0.000886934 0.999976575 -0.086285230
73306000 0.664141820 1.180696538 0.500000000 0.500000000 0.000000000 0.000000000 0.999943256 -0.007830728 0.007223736 -0.148789178 0.007824081 0.999968946 0.000947889 0.015691840 -0.007230934 -0.000891316 0.999973476 -0.086610668
73339000 0.664141820 1.180696538 0.500000000 0.500000000 0.000000000 0.000000000 0.999937713 -0.007681521 0.008095621 -0.157120339 0.007671954 0.999969840 0.001212129 0.015270172 -0.008104688 -0.001149944 0.999966502 -0.089787297
73373000 0.664141820 1.180696538 0.500000000 0.500000000 0.000000000 0.000000000 0.999933362 -0.007822070 0.008490628 -0.165382111 0.007809716 0.999968410 0.001487300 0.015405667 -0.008501993 -0.001420891 0.999962866 -0.092566862
73406000 0.664141820 1.180696538 0.500000000 0.500000000 0.000000000 0.000000000 0.999935031 -0.007661248 0.008437748 -0.169681075 0.007648126 0.999969482 0.001586294 0.015420641 -0.008449644 -0.001521658 0.999963164 -0.098205635
73439000 0.664141820 1.180696538 0.500000000 0.500000000 0.000000000 0.000000000 0.999933124 -0.007621391 0.008697431 -0.174474913 0.007607478 0.999969721 0.001631684 0.016134510 -0.008709603 -0.001565410 0.999960840 -0.101911193
73473000 0.664141820 1.180696538 0.500000000 0.500000000 0.000000000 0.000000000 0.999929190 -0.007625930 0.009132462 -0.182971729 0.007614988 0.999970257 0.001232306 0.020683951 -0.009141588 -0.001162676 0.999957561 -0.104343732
73506000 0.664141820 1.180696538 0.500000000 0.500000000 0.000000000 0.000000000 0.999929845 -0.007487413 0.009175482 -0.189061078 0.007472909 0.999970794 0.001614002 0.019845612 -0.009187299 -0.001545322 0.999956608 -0.108867573
73539000 0.664141820 1.180696538 0.500000000 0.500000000 0.000000000 0.000000000 0.999926388 -0.007513682 0.009525924 -0.194810573 0.007496888 0.999970257 0.001797461 0.019524482 -0.009539146 -0.001725914 0.999953032 -0.111072313
73573000 0.664141820 1.180696538 0.500000000 0.500000000 0.000000000 0.000000000 0.999923587 -0.007656005 0.009708573 -0.201155013 0.007637155 0.999968886 0.001977160 0.019612245 -0.009723408 -0.001902863 0.999950945 -0.113266688
73606000 0.664141820 1.180696538 0.500000000 0.500000000 0.000000000 0.000000000 0.999926925 -0.007384237 0.009572850 -0.206699161 0.007364934 0.999970794 0.002050098 0.019944127 -0.009587709 -0.001979445 0.999952078 -0.113520744
73640000 0.664141820 1.180696538 0.500000000 0.500000000 0.000000000 0.000000000 0.999923110 -0.007509909 0.009865377 -0.212731404 0.007492189 0.999970257 0.001831929 0.021240131 -0.009878842 -0.001757875 0.999949634 -0.114576711
73673000 0.664141820 1.180696538 0.500000000 0.500000000 0.000000000 0.000000000 0.999924779 -0.007540085 0.009675992 -0.218518265 0.007521166 0.999969721 0.001990269 0.021772667 -0.009690706 -0.001917345 0.999951184 -0.116567185
73706000 0.664141820 1.180696538 0.500000000 0.500000000 0.000000000 0.000000000 0.999922752 -0.007453628 0.009947967 -0.224654484 0.007433863 0.999970317 0.002022390 0.021683065 -0.009962745 -0.001948281 0.999948502 -0.117073436
73740000 0.664141820 1.180696538 0.500000000 0.500000000 0.000000000 0.000000000 0.999921501 -0.007493803 0.010042779 -0.229684601 0.007471057 0.999969423 0.002300573 0.022047367 -0.010059712 -0.002225362 0.999946952 -0.119333223
73773000 0.664141820 1.180696538 0.500000000 0.500000000 0.000000000 0.000000000 0.999918818 -0.007438011 0.010348446 -0.236329325 0.007411357 0.999969125 0.002611559 0.021737218 -0.010367552 -0.002534651 0.999943018 -0.118450857
73806000 0.664141820 1.180696538 0.500000000 0.500000000 0.000000000 0.000000000 0.999915123 -0.007375445 0.010737345 -0.241867641 0.007349359 0.999969959 0.002466873 0.021921960 -0.010755217 -0.002387751 0.999939322 -0.119760859
73840000 0.664141820 1.180696538 0.500000000 0.500000000 0.000000000 0.000000000 0.999910235 -0.007419623 0.011157122 -0.248739075 0.007393189 0.999969780 0.002408621 0.021955688 -0.011174656 -0.002325918 0.999934852 -0.120271606
73873000 0.664141820 1.180696538 0.500000000 0.500000000 0.000000000 0.000000000 0.999911845 -0.007395098 0.011028747 -0.254413907 0.007369446 0.999970078 0.002364792 0.021928315 -0.011045904 -0.002283308 0.999936402 -0.120956115
73907000 0.664141820 1.180696538 0.500000000 0.500000000 0.000000000 0.000000000 0.999910295 -0.007331867 0.011209683 -0.260341328 0.007306915 0.999970734 0.002265272 0.022156663 -0.011225964 -0.002183161 0.999934614 -0.121870517
73940000 0.664141820 1.180696538 0.500000000 0.500000000 0.000000000 0.000000000 0.999909341 -0.007078016 0.011454078 -0.265877557 0.007049899 0.999972045 0.002493258 0.021838237 -0.011471406 -0.002412281 0.999931276 -0.123176778
73973000 0.664141820 1.180696538 0.500000000 0.500000000 0.000000000 0.000000000 0.999904513 -0.007028972 0.011898679 -0.272274370 0.006999031 0.999972224 0.002556103 0.022249129 -0.011916315 -0.002472580 0.999925911 -0.124105799
74007000 0.664141820 1.180696538 0.500000000 0.500000000 0.000000000 0.000000000 0.999903560 -0.006786000 0.012117915 -0.278131473 0.006752144 0.999973178 0.002832609 0.022768015 -0.012136812 -0.002750514 0.999922574 -0.124600868
74040000 0.664141820 1.180696538 0.500000000 0.500000000 0.000000000 0.000000000 0.999897063 -0.006704777 0.012683254 -0.285006337 0.006666485 0.999973118 0.003058950 0.022735806 -0.012703422 -0.002974082 0.999914885 -0.124929610
74073000 0.664141820 1.180696538 0.500000000 0.500000000 0.000000000 0.000000000 0.999894500 -0.006974303 0.012743837 -0.290454031 0.006933456 0.999970675 0.003246596 0.022826320 -0.012766106 -0.003157894 0.999913514 -0.125466540
74107000 0.664141820 1.180696538 0.500000000 0.500000000 0.000000000 0.000000000 0.999891043 -0.006910383 0.013044225 -0.296909411 0.006868386 0.999971092 0.003261629 0.022977398 -0.013066387 -0.003171681 0.999909580 -0.126177418
74140000 0.664141820 1.180696538 0.500000000 0.500000000 0.000000000 0.000000000 0.999887109 -0.006768518 0.013413418 -0.303613358 0.006723389 0.999971569 0.003406675 0.022906935 -0.013436096 -0.003316106 0.999904215 -0.127010028
74173000 0.664141820 1.180696538 0.500000000 0.500000000 0.000000000 0.000000000 0.999886334 -0.006835467 0.013439059 -0.310076552 0.006790210 0.999971151 0.003410383 0.023907820 -0.013461983 -0.003318741 0.999903858 -0.127430733
74207000 0.664141820 1.180696538 0.500000000 0.500000000 0.000000000 0.000000000 0.999887943 -0.006891523 0.013289191 -0.315564364 0.006844849 0.999970257 0.003554533 0.024549842 -0.013313292 -0.003463172 0.999905348 -0.127146898
74240000 0.664141820 1.180696538 0.500000000 0.500000000 0.000000000 0.000000000 0.999885142 -0.006729009 0.013580193 -0.321098811 0.006678588 0.999970675 0.003754758 0.024353289 -0.013605060 -0.003663630 0.999900758 -0.128442384
74274000 0.664141820 1.180696538 0.500000000 0.500000000 0.000000000 0.000000000 0.999879301 -0.006627114 0.014051346 -0.328093163 0.006569162 0.999969721 0.004166461 0.023928093 -0.014078533 -0.004073652 0.999892592 -0.128546238
74307000 0.664141820 1.180696538 0.500000000 0.500000000 0.000000000 0.000000000 0.999878168 -0.006553259 0.014168674 -0.335409462 0.006496046 0.999970555 0.004080271 0.024393234 -0.014194997 -0.003987733 0.999891281 -0.129302183
74340000 0.664141820 1.180696538 0.500000000 0.500000000 0.000000000 0.000000000 0.999876201 -0.006452619 0.014349251 -0.340801199 0.006394222 0.999971092 0.004111814 0.024963595 -0.014375368 -0.004019552 0.999888599 -0.129672385
74374000 0.664141820 1.180696538 0.500000000 0.500000000 0.000000000 0.000000000 0.999868453 -0.006882844 0.014686501 -0.346652620 0.006815987 0.999966204 0.004597482 0.025053207 -0.014717649 -0.004496774 0.999881566 -0.130205370
74407000 0.664141820 1.180696538 0.500000000 0.500000000 0.000000000 0.000000000 0.999860585 -0.006730087 0.015279348 -0.353285258 0.006658751 0.999966741 0.004714884 0.024990264 -0.015310572 -0.004612486 0.999872148 -0.129707493
74440000 0.664141820 1.180696538 0.500000000 0.500000000 0.000000000 0.000000000 0.999851346 -0.006734027 0.015872816 -0.358774956 0.006658250 0.999966204 0.004822036 0.025087736 -0.015904751 -0.004715634 0.999862373 -0.130694266
74474000 0.664141820 1.180696538 0.500000000 0.500000000 0.000000000 0.000000000 0.999839246 -0.006683246 0.016638715 -0.365143525 0.006600931 0.999965727 0.004997222 0.025389829 -0.016671542 -0.004886588 0.999849081 -0.131754517
74507000 0.664141820 1.180696538 0.500000000 0.500000000 0.000000000 0.000000000 0.999830663 -0.007097403 0.016980227 -0.371467383 0.007010025 0.999961913 0.005199856 0.025122247 -0.017016485 -0.005079943 0.999842286 -0.131863922
74540000 0.664141820 1.180696538 0.500000000 0.500000000 0.000000000 0.000000000 0.999823451 -0.007018172 0.017429657 -0.377251781 0.006931160 0.999963224 0.005047598 0.025829992 -0.017464440 -0.004925899 0.999835372 -0.131868755
74574000 0.664141820 1.180696538 0.500000000 0.500000000 0.000000000 0.000000000 0.999817789 -0.007137639 0.017705459 -0.383759067 0.007048164 0.999962091 0.005110748 0.026133294 -0.017741267 -0.004985025 0.999830186 -0.132596184
74607000 0.664141820 1.180696538 0.500000000 0.500000000 0.000000000 0.000000000 0.999813378 -0.006916645 0.018037887 -0.389593326 0.006824959 0.999963522 0.005139564 0.026495027 -0.018072778 -0.005015498 0.999824107 -0.132369288
74641000 0.664141820 1.180696538 0.500000000 0.500000000 0.000000000 0.000000000 0.999803126 -0.007008366 0.018564058 -0.394922378 0.006912665 0.999962509 0.005214324 0.026673563 -0.018599907 -0.005084971 0.999814093 -0.133513249
74674000 0.664141820 1.180696538 0.500000000 0.500000000 0.000000000 0.000000000 0.999795139 -0.007021298 0.018984441 -0.400826617 0.006919920 0.999961495 0.005400500 0.027022865 -0.019021628 -0.005268022 0.999805212 -0.134265487
74707000 0.664141820 1.180696538 0.500000000 0.500000000 0.000000000 0.000000000 0.999795794 -0.007127736 0.018910056 -0.405306806 0.007019098 0.999958515 0.005805151 0.026486031 -0.018950650 -0.005671233 0.999804318 -0.134864056
74741000 0.664141820 1.180696538 0.500000000 0.500000000 0.000000000 0.000000000 0.999771178 -0.006989439 0.020216549 -0.411317739 0.006869102 0.999958336 0.006015751 0.026381467 -0.020257752 -0.005875505 0.999777555 -0.134617893
74774000 0.664141820 1.180696538 0.500000000 0.500000000 0.000000000 0.000000000 0.999744177 -0.007434077 0.021360895 -0.416757152 0.007300984 0.999953508 0.006301948 0.026376283 -0.021406751 -0.006144380 0.999751985 -0.135230354
74808000 0.664141820 1.180696538 0.500000000 0.500000000 0.000000000 0.000000000 0.999719977 -0.007471795 0.022452055 -0.423098908 0.007329597 0.999952614 0.006409051 0.026395371 -0.022498878 -0.006242692 0.999727368 -0.134974203
74841000 0.664141820 1.180696538 0.500000000 0.500000000 0.000000000 0.000000000 0.999698997 -0.007382700 0.023397805 -0.428834933 0.007234532 0.999953270 0.006410886 0.026453278 -0.023444042 -0.006239683 0.999705672 -0.134967223
74874000 0.664141820 1.180696538 0.500000000 0.500000000 0.000000000 0.000000000 0.999670029 -0.007470880 0.024576573 -0.434299992 0.007313725 0.999952257 0.006478179 0.026494387 -0.024623796 -0.006296295 0.999676943 -0.136100368
74908000 0.664141820 1.180696538 0.500000000 0.500000000 0.000000000 0.000000000 0.999648869 -0.007569558 0.025394043 -0.440184646 0.007406082 0.999951303 0.006525450 0.026614608 -0.025442202 -0.006335089 0.999656200 -0.136249895
74941000 0.664141820 1.180696538 0.500000000 0.500000000 0.000000000 0.000000000 0.999625742 -0.007625671 0.026271427 -0.446346508 0.007456750 0.999950945 0.006521817 0.026765304 -0.026319871 -0.006323477 0.999633551 -0.136620321
74975000 0.664141820 1.180696538 0.500000000 0.500000000 0.000000000 0.000000000 0.999609888 -0.007785911 0.026823640 -0.452821177 0.007612411 0.999949455 0.006564248 0.027627106 -0.026873393 -0.006357495 0.999618649 -0.137230091
75008000 0.664141820 1.180696538 0.500000000 0.500000000 0.000000000 0.000000000 0.999590993 -0.007989083 0.027458513 -0.458197823 0.007806148 0.999946654 0.006763011 0.028226130 -0.027511079 -0.006545899 0.999600053 -0.136772123
75041000 0.664141820 1.180696538 0.500000000 0.500000000 0.000000000 0.000000000 0.999564171 -0.007681672 0.028503777 -0.463770274 0.007482301 0.999946833 0.007094586 0.028500251 -0.028556760 -0.006878220 0.999568522 -0.137363467
75075000 0.664141820 1.180696538 0.500000000 0.500000000 0.000000000 0.000000000 0.999524593 -0.007746612 0.029841771 -0.471874648 0.007526288 0.999943614 0.007488328 0.027971489 -0.029898098 -0.007260170 0.999526560 -0.137553184
75108000 0.664141820 1.180696538 0.500000000 0.500000000 0.000000000 0.000000000 0.999497950 -0.007977567 0.030662615 -0.477051207 0.007743601 0.999940038 0.007741515 0.028507436 -0.030722534 -0.007500189 0.999499798 -0.137407145
75141000 0.664141820 1.180696538 0.500000000 0.500000000 0.000000000 0.000000000 0.999463201 -0.007785269 0.031822402 -0.483552135 0.007528194 0.999938130 0.008190285 0.027688719 -0.031884197 -0.007946324 0.999459982 -0.137584638
75175000 0.664141820 1.180696538 0.500000000 0.500000000 0.000000000 0.000000000 0.999425411 -0.007748701 0.032997523 -0.490178095 0.007484007 0.999938905 0.008137617 0.027930368 -0.033058561 -0.007885987 0.999422312 -0.137319751
75208000 0.664141820 1.180696538 0.500000000 0.500000000 0.000000000 0.000000000 0.999386132 -0.007762464 0.034162369 -0.496618953 0.007493274 0.999939919 0.008000717 0.029065653 -0.034222420 -0.007739817 0.999384284 -0.137097605
75242000 0.664141820 1.180696538 0.500000000 0.500000000 0.000000000 0.000000000 0.999338627 -0.007693819 0.035540599 -0.503161554 0.007411662 0.999940038 0.008063935 0.028810307 -0.035600509 -0.007795186 0.999335706 -0.137875370
75275000 0.664141820 1.180696538 0.500000000 0.500000000 0.000000000 0.000000000 0.999297500 -0.007661389 0.036685344 -0.509360788 0.007365327 0.999939263 0.008198656 0.028510078 -0.036745928 -0.007922697 0.999293208 -0.137431296
75308000 0.664141820 1.180696538 0.500000000 0.500000000 0.000000000 0.000000000 0.999257267 -0.007721570 0.037752442 -0.516367668 0.007421880 0.999939859 0.008072008 0.029189650 -0.037812501 -0.007785819 0.999254525 -0.138519517
75342000 0.664141820 1.180696538 0.500000000 0.500000000 0.000000000 0.000000000 0.999222100 -0.007636100 0.038689625 -0.522149511 0.007319447 0.999938607 0.008319483 0.028614311 -0.038750779 -0.008029824 0.999216616 -0.138565645
75375000 0.664141820 1.180696538 0.500000000 0.500000000 0.000000000 0.000000000 0.999186695 -0.008058176 0.039509844 -0.529766891 0.007742235 0.999936879 0.008143008 0.029072778 -0.039572969 -0.007830490 0.999185979 -0.138374864
75408000 0.664141820 1.180696538 0.500000000 0.500000000 0.000000000 0.000000000 0.999164104 -0.007900599 0.040108044 -0.535420401 0.007584298 0.999938965 0.008032273 0.029866549 -0.040169057 -0.007721368 0.999163091 -0.138721414
75442000 0.664141820 1.180696538 0.500000000 0.500000000 0.000000000 0.000000000 0.999125898 -0.007989909 0.041031208 -0.541048455 0.007660723 0.999937236 0.008173779 0.029363129 -0.041093942 -0.007852306 0.999124408 -0.139431297
75475000 0.664141820 1.180696538 0.500000000 0.500000000 0.000000000 0.000000000 0.999077141 -0.008223190 0.042157777 -0.549030155 0.007881065 0.999934733 0.008275137 0.029676483 -0.042223070 -0.007935252 0.999076724 -0.140154848
75508000 0.664141820 1.180696538 0.500000000 0.500000000 0.000000000 0.000000000 0.999047518 -0.008337550 0.042830873 -0.556122756 0.007986146 0.999933064 0.008369031 0.029522078 -0.042897783 -0.008019007 0.999047279 -0.140380739
75542000 0.664141820 1.180696538 0.500000000 0.500000000 0.000000000 0.000000000 0.999028265 -0.008155619 0.043313563 -0.562796830 0.007794327 0.999933481 0.008503636 0.030257405 -0.043380037 -0.008157773 0.999025345 -0.141738203
75575000 0.664141820 1.180696538 0.500000000 0.500000000 0.000000000 0.000000000 0.998992503 -0.008034571 0.044152420 -0.569599437 0.007645435 0.999930501 0.008975290 0.029651714 -0.044221465 -0.008628682 0.998984516 -0.141332390
75609000 0.664141820 1.180696538 0.500000000 0.500000000 0.000000000 0.000000000 0.998965263 -0.008253378 0.044724938 -0.576849086 0.007845321 0.999926031 0.009291565 0.029646334 -0.044798318 -0.008931070 0.998956144 -0.142046855
75642000 0.664141820 1.180696538 0.500000000 0.500000000 0.000000000 0.000000000 0.998938501 -0.008400397 0.045291666 -0.584017811 0.007959937 0.999919355 0.009896569 0.030456626 -0.045371149 -0.009525545 0.998924792 -0.142182518
75675000 0.664141820 1.180696538 0.500000000 0.500000000 0.000000000 0.000000000 0.998904526 -0.008468083 0.046021745 -0.590864067 0.008003647 0.999915242 0.010266565 0.029843807 -0.046104785 -0.009886976 0.998887658 -0.141295633
75709000 0.664141820 1.180696538 0.500000000 0.500000000 0.000000000 0.000000000 0.998874068 -0.008571752 0.046660200 -0.598282314 0.008095297 0.999913275 0.010390582 0.029808599 -0.046745215 -0.010001155 0.998856783 -0.141980713
75742000 0.664141820 1.180696538 0.500000000 0.500000000 0.000000000 0.000000000 0.998835385 -0.008592677 0.047476649 -0.604653155 0.008093075 0.999909937 0.010705328 0.030045255 -0.047564361 -0.010308628 0.998815000 -0.142176915
75775000 0.664141820 1.180696538 0.500000000 0.500000000 0.000000000 0.000000000 0.998789549 -0.008836767 0.048387170 -0.609442913 0.008306511 0.999903321 0.011148750 0.029827188 -0.048481014 -0.010733326 0.998766422 -0.141719639
75809000 0.664141820 1.180696538 0.500000000 0.500000000 0.000000000 0.000000000 0.998713672 -0.008735355 0.049947463 -0.618107043 0.008182210 0.999903023 0.011268305 0.030513575 -0.050041053 -0.010845129 0.998688281 -0.141346875
75842000 0.664141820 1.180696538 0.500000000 0.500000000 0.000000000 0.000000000 0.998650908 -0.008723399 0.051188022 -0.624934419 0.008154284 0.999902725 0.011316447 0.031305381 -0.051281761 -0.010883778 0.998624921 -0.141767408
75875000 0.664141820 1.180696538 0.500000000 0.500000000 0.000000000 0.000000000 0.998604238 -0.008791761 0.052079275 -0.630395778 0.008177158 0.999894559 0.012002640 0.031222709 -0.052179307 -0.011560027 0.998570800 -0.141421865
75909000 0.664141820 1.180696538 0.500000000 0.500000000 0.000000000 0.000000000 0.998510540 -0.009118346 0.053792316 -0.638780568 0.008455613 0.999885678 0.012534988 0.030712307 -0.053900465 -0.012061470 0.998473465 -0.140732757
75942000 0.664141820 1.180696538 0.500000000 0.500000000 0.000000000 0.000000000 0.998446524 -0.009158310 0.054960061 -0.645847649 0.008476028 0.999884248 0.012634414 0.031089372 -0.055069409 -0.012148944 0.998408616 -0.141013893
75976000 0.664141820 1.180696538 0.500000000 0.500000000 0.000000000 0.000000000 0.998395145 -0.009186538 0.055881064 -0.653220269 0.008475065 0.999880135 0.012955601 0.031649234 -0.055993386 -0.012461214 0.998353362 -0.140981610
76009000 0.664141820 1.180696538 0.500000000 0.500000000 0.000000000 0.000000000 0.998322427 -0.009635829 0.057091929 -0.660227559 0.008876989 0.999869049 0.013530307 0.031162722 -0.057214830 -0.013000805 0.998277247 -0.139622167
76042000 0.664141820 1.180696538 0.500000000 0.500000000 0.000000000 0.000000000 0.998202801 -0.010061205 0.059075244 -0.668492616 0.009273814 0.999864697 0.013587700 0.030989808 -0.059203960 -0.013015429 0.998161077 -0.139271829
76076000 0.664141820 1.180696538 0.500000000 0.500000000 0.000000000 0.000000000 0.998127043 -0.010303661 0.060301274 -0.675601850 0.009498144 0.999862015 0.013629634 0.030971149 -0.060433388 -0.013031355 0.998087168 -0.139007609
76109000 0.664141820 1.180696538 0.500000000 0.500000000 0.000000000 0.000000000 0.998053670 -0.010682321 0.061438795 -0.681868776 0.009867611 0.999859512 0.013548678 0.031769360 -0.061574895 -0.012916054 0.998018920 -0.139257725
76142000 0.664141820 1.180696538 0.500000000 0.500000000 0.000000000 0.000000000 0.997955441 -0.010841189 0.062987447 -0.691076839 0.009996944 0.999856114 0.013703117 0.032507045 -0.063126944 -0.013045418 0.997920215 -0.139688039
76176000 0.664141820 1.180696538 0.500000000 0.500000000 0.000000000 0.000000000 0.997909665 -0.010979313 0.063685060 -0.698100280 0.010077436 0.999844611 0.014465505 0.033413678 -0.063833982 -0.013793485 0.997865200 -0.139624845
76209000 0.664141820 1.180696538 0.500000000 0.500000000 0.000000000 0.000000000 0.997855127 -0.011217408 0.064492851 -0.707267547 0.010260101 0.999832511 0.015155704 0.033888462 -0.064652056 -0.014461493 0.997803092 -0.139330132
76243000 0.664141820 1.180696538 0.500000000 0.500000000 0.000000000 0.000000000 0.997816920 -0.011249999 0.065075576 -0.714445113 0.010239794 0.999822140 0.015836345 0.033169504 -0.065242156 -0.015135412 0.997754693 -0.139013245
76276000 0.664141820 1.180696538 0.500000000 0.500000000 0.000000000 0.000000000 0.997784317 -0.011418562 0.065544859 -0.720176342 0.010354070 0.999809325 0.016557459 0.032914811 -0.065721422 -0.015842116 0.997712255 -0.138493061
76309000 0.664141820 1.180696538 0.500000000 0.500000000 0.000000000 0.000000000 0.997721493 -0.011325310 0.066509917 -0.727776293 0.010216927 0.999803603 0.016981499 0.033412117 -0.066689171 -0.016263278 0.997641265 -0.138357982
76343000 0.664141820 1.180696538 0.500000000 0.500000000 0.000000000 0.000000000 0.997633278 -0.011123798 0.067853577 -0.735430624 0.009956837 0.999797046 0.017512256 0.032547988 -0.068034604 -0.016795201 0.997541606 -0.137325442
76376000 0.664141820 1.180696538 0.500000000 0.500000000 0.000000000 0.000000000 0.997541726 -0.011268386 0.069163173 -0.744190711 0.010069978 0.999793470 0.017651509 0.032723426 -0.069347799 -0.016911644 0.997449160 -0.136984978
