https://www.youtube.com/watch?v=7iQRQSfhWC0
54788067 0.563157542 1.001168934 0.500000000 0.500000000 0.000000000 0.000000000 0.998392940 0.007279330 -0.056201473 0.188583151 -0.008092500 0.999865651 -0.014254835 0.029293081 0.056090157 0.014686737 0.998317659 -0.102304084
54821433 0.563157542 1.001168934 0.500000000 0.500000000 0.000000000 0.000000000 0.998266876 0.007341016 -0.058389317 0.194162209 -0.008214054 0.999857843 -0.014726089 0.030022913 0.058272909 0.015180181 0.998185277 -0.110039710
54854800 0.563157542 1.001168934 0.500000000 0.500000000 0.000000000 0.000000000 0.998149157 0.007199283 -0.060385745 0.199203033 -0.008127480 0.999852359 -0.015139618 0.030636565 0.060267836 0.015602381 0.998060286 -0.118179464
54888167 0.563157542 1.001168934 0.500000000 0.500000000 0.000000000 0.000000000 0.998018801 0.006908825 -0.062536053 0.204888385 -0.007882644 0.999851286 -0.015338839 0.030844117 0.062420778 0.015801398 0.997924805 -0.126039287
54921533 0.563157542 1.001168934 0.500000000 0.500000000 0.000000000 0.000000000 0.997890711 0.006942642 -0.064543881 0.209587926 -0.007960524 0.999847770 -0.015526612 0.031067270 0.064426266 0.016007666 0.997794092 -0.133565566
54954900 0.563157542 1.001168934 0.500000000 0.500000000 0.000000000 0.000000000 0.997746766 0.006667157 -0.066760220 0.215125566 -0.007738166 0.999845266 -0.015796902 0.031718506 0.066644572 0.016277909 0.997644007 -0.141336134
54988267 0.563157542 1.001168934 0.500000000 0.500000000 0.000000000 0.000000000 0.997599542 0.006211623 -0.068968251 0.220620714 -0.007339055 0.999843359 -0.016105786 0.032246073 0.068857409 0.016573288 0.997488856 -0.149220397
55021633 0.563157542 1.001168934 0.500000000 0.500000000 0.000000000 0.000000000 0.997456014 0.006018409 -0.071029812 0.225734547 -0.007188664 0.999842405 -0.016231440 0.032449561 0.070920929 0.016700758 0.997342110 -0.157360446
55055000 0.563157542 1.001168934 0.500000000 0.500000000 0.000000000 0.000000000 0.997284949 0.005869335 -0.073404685 0.231544929 -0.007097459 0.999839008 -0.016481232 0.033188764 0.073296130 0.016957471 0.997166038 -0.164808903
55088367 0.563157542 1.001168934 0.500000000 0.500000000 0.000000000 0.000000000 0.997127891 0.005297887 -0.075550459 0.237044534 -0.006575333 0.999839425 -0.016669817 0.033817629 0.075450011 0.017118709 0.997002602 -0.172596591
55121733 0.563157542 1.001168934 0.500000000 0.500000000 0.000000000 0.000000000 0.996968806 0.005109827 -0.077634573 0.242202132 -0.006435749 0.999837518 -0.016838426 0.034423322 0.077535912 0.017287022 0.996839702 -0.180407783
55155100 0.563157542 1.001168934 0.500000000 0.500000000 0.000000000 0.000000000 0.996816337 0.004744261 -0.079590395 0.247146127 -0.006124799 0.999834836 -0.017110398 0.035463250 0.079496071 0.017543400 0.996680796 -0.188377600
55188467 0.563157542 1.001168934 0.500000000 0.500000000 0.000000000 0.000000000 0.996651828 0.004347501 -0.081646994 0.252438108 -0.005778390 0.999833703 -0.017297199 0.036269543 0.081558220 0.017711073 0.996511221 -0.196606305
55221833 0.563157542 1.001168934 0.500000000 0.500000000 0.000000000 0.000000000 0.996490836 0.003847728 -0.083613791 0.257636500 -0.005323685 0.999833822 -0.017436292 0.036956914 0.083532803 0.017820237 0.996345699 -0.204926115
55255200 0.563157542 1.001168934 0.500000000 0.500000000 0.000000000 0.000000000 0.996313155 0.003437730 -0.085721977 0.262997051 -0.004981619 0.999829113 -0.017803019 0.038521079 0.085646123 0.018164417 0.996160030 -0.212574808
55288567 0.563157542 1.001168934 0.500000000 0.500000000 0.000000000 0.000000000 0.996141076 0.002963769 -0.087716542 0.268067840 -0.004558912 0.999827743 -0.017990459 0.039461865 0.087648116 0.018320927 0.995983005 -0.220720410
55321933 0.563157542 1.001168934 0.500000000 0.500000000 0.000000000 0.000000000 0.995964766 0.002559450 -0.089708440 0.273385197 -0.004209074 0.999825418 -0.018204378 0.040540413 0.089646183 0.018508509 0.995801687 -0.229180559
55355300 0.563157542 1.001168934 0.500000000 0.500000000 0.000000000 0.000000000 0.995788157 0.001908520 -0.091664031 0.278479711 -0.003593397 0.999827564 -0.018219488 0.041409436 0.091613449 0.018472135 0.995623291 -0.237287053
55388667 0.563157542 1.001168934 0.500000000 0.500000000 0.000000000 0.000000000 0.995608747 0.001406024 -0.093601443 0.283782516 -0.003130625 0.999827981 -0.018280659 0.042599621 0.093559638 0.018493414 0.995441914 -0.245302833
55422033 0.563157542 1.001168934 0.500000000 0.500000000 0.000000000 0.000000000 0.995445311 0.000760418 -0.095331393 0.288680441 -0.002521939 0.999828279 -0.018358754 0.043920234 0.095301069 0.018515555 0.995276272 -0.253527804
55455400 0.563157542 1.001168934 0.500000000 0.500000000 0.000000000 0.000000000 0.995267332 -0.000105609 -0.097174518 0.294057465 -0.001666046 0.999833882 -0.018150369 0.044321036 0.097160287 0.018226366 0.995101869 -0.262049241
55488767 0.563157542 1.001168934 0.500000000 0.500000000 0.000000000 0.000000000 0.995106518 -0.000473453 -0.098807059 0.298655152 -0.001349136 0.999830186 -0.018378315 0.046130249 0.098798975 0.018421685 0.994936883 -0.270002687
55522133 0.563157542 1.001168934 0.500000000 0.500000000 0.000000000 0.000000000 0.994940460 -0.000985452 -0.100461215 0.303438402 -0.000870950 0.999829710 -0.018433260 0.047446856 0.100462273 0.018427493 0.994770229 -0.278627742
55555500 0.563157542 1.001168934 0.500000000 0.500000000 0.000000000 0.000000000 0.994769335 -0.001545515 -0.102134898 0.308460151 -0.000348615 0.999828339 -0.018524924 0.048779866 0.102146000 0.018463634 0.994598031 -0.286767200
55588867 0.563157542 1.001168934 0.500000000 0.500000000 0.000000000 0.000000000 0.994584382 -0.002249990 -0.103907824 0.313738004 0.000324499 0.999827981 -0.018543947 0.049725609 0.103931673 0.018409802 0.994414032 -0.295501683
55622233 0.563157542 1.001168934 0.500000000 0.500000000 0.000000000 0.000000000 0.994397759 -0.002896938 -0.105662920 0.318911293 0.000919113 0.999823570 -0.018762147 0.051431372 0.105698623 0.018559922 0.994224966 -0.303150224
55655600 0.563157542 1.001168934 0.500000000 0.500000000 0.000000000 0.000000000 0.994211435 -0.003652179 -0.107379362 0.323941226 0.001645537 0.999822497 -0.018770076 0.052501105 0.107428849 0.018484727 0.994040906 -0.311477814
55688967 0.563157542 1.001168934 0.500000000 0.500000000 0.000000000 0.000000000 0.994021058 -0.004137803 -0.109109916 0.328916724 0.002088177 0.999819338 -0.018892545 0.053624620 0.109168373 0.018551748 0.993850112 -0.319728317
55722333 0.563157542 1.001168934 0.500000000 0.500000000 0.000000000 0.000000000 0.993834376 -0.004936864 -0.110765137 0.333815435 0.002874073 0.999819577 -0.018775048 0.054579484 0.110837847 0.018340942 0.993669271 -0.327625746
55755700 0.563157542 1.001168934 0.500000000 0.500000000 0.000000000 0.000000000 0.993635058 -0.005559170 -0.112509690 0.338829710 0.003474052 0.999818742 -0.018720362 0.055565363 0.112593368 0.018210344 0.993474245 -0.335266115
55789067 0.563157542 1.001168934 0.500000000 0.500000000 0.000000000 0.000000000 0.993450403 -0.006044660 -0.114103906 0.343416940 0.003903175 0.999812186 -0.018981945 0.057413628 0.114197217 0.018412255 0.993287444 -0.343060827
55822433 0.563157542 1.001168934 0.500000000 0.500000000 0.000000000 0.000000000 0.993259072 -0.006838996 -0.115713410 0.348429149 0.004670498 0.999808550 -0.019001016 0.058386134 0.115821205 0.018332494 0.993100882 -0.351116770
55855800 0.563157542 1.001168934 0.500000000 0.500000000 0.000000000 0.000000000 0.993081570 -0.007362214 -0.117195308 0.352935567 0.005157838 0.999804258 -0.019101609 0.059570888 0.117312998 0.018364981 0.992925167 -0.359031468
55889167 0.563157542 1.001168934 0.500000000 0.500000000 0.000000000 0.000000000 0.992887080 -0.008024826 -0.118789159 0.357841306 0.005791823 0.999800205 -0.019131338 0.060753618 0.118918955 0.018307252 0.992735147 -0.366732568
55922533 0.563157542 1.001168934 0.500000000 0.500000000 0.000000000 0.000000000 0.992706537 -0.008593644 -0.120249271 0.362256263 0.006348257 0.999798477 -0.019043408 0.061765332 0.120388694 0.018141143 0.992561042 -0.374982477
55955900 0.563157542 1.001168934 0.500000000 0.500000000 0.000000000 0.000000000 0.992513180 -0.009171132 -0.121792652 0.367064628 0.006928445 0.999798775 -0.018824726 0.062433703 0.121940792 0.017839955 0.992377043 -0.382544206
55989267 0.563157542 1.001168934 0.500000000 0.500000000 0.000000000 0.000000000 0.992330313 -0.009696232 -0.123233825 0.371513751 0.007427821 0.999794662 -0.018853502 0.063937905 0.123391330 0.017793544 0.992198527 -0.390136720
56022633 0.563157542 1.001168934 0.500000000 0.500000000 0.000000000 0.000000000 0.992124677 -0.010255899 -0.124833569 0.376332660 0.007994081 0.999794960 -0.018606141 0.064338071 0.124998793 0.017461684 0.992003202 -0.397850798
56056000 0.563157542 1.001168934 0.500000000 0.500000000 0.000000000 0.000000000 0.991922677 -0.010771528 -0.126386061 0.381296611 0.008483466 0.999790490 -0.018628074 0.065586114 0.126560226 0.017405417 0.991806209 -0.405266161
56089367 0.563157542 1.001168934 0.500000000 0.500000000 0.000000000 0.000000000 0.991723776 -0.011446839 -0.127878457 0.385857781 0.009118799 0.999782145 -0.018775761 0.067149053 0.128065526 0.017454270 0.991612077 -0.412657254
56122733 0.563157542 1.001168934 0.500000000 0.500000000 0.000000000 0.000000000 0.991519272 -0.011817772 -0.129421338 0.390685918 0.009468159 0.999779284 -0.018755034 0.068332180 0.129614413 0.017370595 0.991412282 -0.420011272
56156100 0.563157542 1.001168934 0.500000000 0.500000000 0.000000000 0.000000000 0.991302192 -0.012466173 -0.131013602 0.395523740 0.010102539 0.999774277 -0.018690348 0.069519715 0.131217018 0.017204214 0.991204381 -0.427003447
56189467 0.563157542 1.001168934 0.500000000 0.500000000 0.000000000 0.000000000 0.991115808 -0.012849411 -0.132379428 0.399493576 0.010469530 0.999771118 -0.018658129 0.070734601 0.132588863 0.017106418 0.991023481 -0.434943142
56222833 0.563157542 1.001168934 0.500000000 0.500000000 0.000000000 0.000000000 0.990905106 -0.013284931 -0.133905083 0.403983283 0.010889065 0.999767542 -0.018608795 0.071854755 0.134121180 0.016981449 0.990819454 -0.441951916
56256200 0.563157542 1.001168934 0.500000000 0.500000000 0.000000000 0.000000000 0.990698099 -0.013690595 -0.135387659 0.408200659 0.011259917 0.999761701 -0.018702980 0.073523793 0.135611445 0.017004553 0.990616143 -0.449228947
56289567 0.563157542 1.001168934 0.500000000 0.500000000 0.000000000 0.000000000 0.990476668 -0.014226000 -0.136943758 0.412599074 0.011791951 0.999758065 -0.018568978 0.074341292 0.137174785 0.016777305 0.990404785 -0.456292326
56322933 0.563157542 1.001168934 0.500000000 0.500000000 0.000000000 0.000000000 0.990245402 -0.014909006 -0.138534337 0.417224054 0.012491238 0.999754429 -0.018305590 0.074937709 0.138773233 0.016396562 0.990188420 -0.463530034
56356300 0.563157542 1.001168934 0.500000000 0.500000000 0.000000000 0.000000000 0.990026474 -0.015374704 -0.140039966 0.421403522 0.012924583 0.999747396 -0.018388618 0.076507334 0.140287310 0.016395260 0.989975095 -0.470567114
56389667 0.563157542 1.001168934 0.500000000 0.500000000 0.000000000 0.000000000 0.989792883 -0.015679304 -0.141648024 0.425934322 0.013235993 0.999747217 -0.018174969 0.077580405 0.141897187 0.016114604 0.989750206 -0.477479492
56423033 0.563157542 1.001168934 0.500000000 0.500000000 0.000000000 0.000000000 0.989562929 -0.016154598 -0.143193170 0.430311641 0.013722378 0.999744594 -0.017956974 0.078770743 0.143446699 0.015804604 0.989531815 -0.484355813
56456400 0.563157542 1.001168934 0.500000000 0.500000000 0.000000000 0.000000000 0.989347935 -0.016641408 -0.144615948 0.434375833 0.014222058 0.999741375 -0.017747281 0.079757786 0.144873872 0.015501498 0.989328682 -0.491583166
56489767 0.563157542 1.001168934 0.500000000 0.500000000 0.000000000 0.000000000 0.989100814 -0.017242813 -0.146226779 0.438944746 0.014805013 0.999732971 -0.017743394 0.081406397 0.146493673 0.015385115 0.989091933 -0.498443073
56523133 0.563157542 1.001168934 0.500000000 0.500000000 0.000000000 0.000000000 0.988850296 -0.017685032 -0.147859007 0.443391946 0.015249561 0.999728978 -0.017589090 0.082769281 0.148130000 0.015138192 0.988852024 -0.505470778
56556500 0.563157542 1.001168934 0.500000000 0.500000000 0.000000000 0.000000000 0.988595188 -0.017910227 -0.149528414 0.447794832 0.015496458 0.999730408 -0.017292198 0.083928072 0.149797812 0.014777824 0.988606215 -0.512151687
56589867 0.563157542 1.001168934 0.500000000 0.500000000 0.000000000 0.000000000 0.988337040 -0.018316332 -0.151176855 0.451993949 0.015914379 0.999727428 -0.017083097 0.085369661 0.151448548 0.014477973 0.988359094 -0.518936286
56623233 0.563157542 1.001168934 0.500000000 0.500000000 0.000000000 0.000000000 0.988070667 -0.018675385 -0.152864575 0.456358391 0.016277043 0.999724269 -0.016925866 0.086955504 0.153138518 0.014235768 0.988102198 -0.525693979
56656600 0.563157542 1.001168934 0.500000000 0.500000000 0.000000000 0.000000000 0.987785637 -0.019011298 -0.154654697 0.460828413 0.016607903 0.999720633 -0.016817724 0.088511328 0.154931217 0.014043817 0.987825453 -0.532433847
56689967 0.563157542 1.001168934 0.500000000 0.500000000 0.000000000 0.000000000 0.987495244 -0.019359358 -0.156455800 0.465106217 0.016978553 0.999719024 -0.016539361 0.089529874 0.156732038 0.013676147 0.987546444 -0.539344061
56723333 0.563157542 1.001168934 0.500000000 0.500000000 0.000000000 0.000000000 0.987188101 -0.019696267 -0.158340558 0.469813128 0.017336197 0.999717295 -0.016272590 0.090725939 0.158616304 0.013319083 0.987250447 -0.545858803
56756700 0.563157542 1.001168934 0.500000000 0.500000000 0.000000000 0.000000000 0.986905873 -0.019810334 -0.160075933 0.473900626 0.017452644 0.999717712 -0.016121248 0.092396815 0.160350114 0.013116407 0.986973047 -0.552450280
56790067 0.563157542 1.001168934 0.500000000 0.500000000 0.000000000 0.000000000 0.986601353 -0.020145334 -0.161901146 0.478196248 0.017825523 0.999716759 -0.015768530 0.093767576 0.162172943 0.012671281 0.986680984 -0.558830731
56823433 0.563157542 1.001168934 0.500000000 0.500000000 0.000000000 0.000000000 0.986273348 -0.020397510 -0.163856149 0.482874050 0.018114073 0.999717057 -0.015417865 0.095066517 0.164124265 0.012238127 0.986363769 -0.564947865
56856800 0.563157542 1.001168934 0.500000000 0.500000000 0.000000000 0.000000000 0.985955894 -0.020607946 -0.165729716 0.487209565 0.018340183 0.999716222 -0.015202376 0.096583971 0.165995970 0.011949358 0.986054003 -0.571501039
56890167 0.563157542 1.001168934 0.500000000 0.500000000 0.000000000 0.000000000 0.985634625 -0.020806883 -0.167605162 0.491490065 0.018564364 0.999716103 -0.014935672 0.098021536 0.167868346 0.011609633 0.985741079 -0.578066512
56923533 0.563157542 1.001168934 0.500000000 0.500000000 0.000000000 0.000000000 0.985277176 -0.021000238 -0.169670030 0.496162234 0.018773556 0.999715447 -0.014717428 0.099828927 0.169930816 0.011315436 0.985391021 -0.584124645
56956900 0.563157542 1.001168934 0.500000000 0.500000000 0.000000000 0.000000000 0.984927833 -0.021123201 -0.171671003 0.500580107 0.018932002 0.999717176 -0.014391312 0.101377552 0.171926439 0.010924329 0.985049188 -0.589996896
56990267 0.563157542 1.001168934 0.500000000 0.500000000 0.000000000 0.000000000 0.984576762 -0.021207182 -0.173663050 0.505002475 0.019050710 0.999719441 -0.014075223 0.102904581 0.173912823 0.010549733 0.984704554 -0.596327863
57023633 0.563157542 1.001168934 0.500000000 0.500000000 0.000000000 0.000000000 0.984207690 -0.021428978 -0.175715774 0.509541248 0.019294409 0.999717951 -0.013847522 0.104501281 0.175962955 0.010238506 0.984343529 -0.602448427
57057000 0.563157542 1.001168934 0.500000000 0.500000000 0.000000000 0.000000000 0.983828485 -0.021571564 -0.177809462 0.514305786 0.019487912 0.999719501 -0.013456821 0.105620000 0.178049877 0.009774067 0.983972907 -0.608313765
57090367 0.563157542 1.001168934 0.500000000 0.500000000 0.000000000 0.000000000 0.983449996 -0.021600896 -0.179887578 0.518852826 0.019508546 0.999719977 -0.013392637 0.107433901 0.180126503 0.009661643 0.983596027 -0.613951024
57123733 0.563157542 1.001168934 0.500000000 0.500000000 0.000000000 0.000000000 0.983059764 -0.021647435 -0.182002410 0.523255054 0.019572785 0.999721467 -0.013187671 0.109137053 0.182237193 0.009401975 0.983209670 -0.619734633
57157100 0.563157542 1.001168934 0.500000000 0.500000000 0.000000000 0.000000000 0.982650936 -0.021603536 -0.184202254 0.527990152 0.019560410 0.999725401 -0.012901851 0.110524475 0.184430405 0.009074944 0.982803702 -0.624927203
57190467 0.563157542 1.001168934 0.500000000 0.500000000 0.000000000 0.000000000 0.982242525 -0.021626018 -0.186365083 0.532613453 0.019590296 0.999726713 -0.012758210 0.112108609 0.186590061 0.008880709 0.982397735 -0.630254320
57223833 0.563157542 1.001168934 0.500000000 0.500000000 0.000000000 0.000000000 0.981846035 -0.021664223 -0.188438341 0.536819826 0.019626161 0.999727070 -0.012674921 0.113884238 0.188661501 0.008746499 0.982003212 -0.635739300
57257200 0.563157542 1.001168934 0.500000000 0.500000000 0.000000000 0.000000000 0.981400073 -0.021647153 -0.190749273 0.541750295 0.019680114 0.999731898 -0.012200743 0.114391834 0.190962240 0.008219843 0.981562972 -0.641169893
57290567 0.563157542 1.001168934 0.500000000 0.500000000 0.000000000 0.000000000 0.980989158 -0.021626376 -0.192853779 0.545918483 0.019619428 0.999731719 -0.012310501 0.116419108 0.193068281 0.008292787 0.981150270 -0.646413165
57323933 0.563157542 1.001168934 0.500000000 0.500000000 0.000000000 0.000000000 0.980543733 -0.021669578 -0.195101023 0.550450244 0.019665649 0.999732137 -0.012202625 0.117949655 0.195313185 0.008128420 0.980707228 -0.651971978
57357300 0.563157542 1.001168934 0.500000000 0.500000000 0.000000000 0.000000000 0.980117857 -0.021515328 -0.197246209 0.554598457 0.019480199 0.999735177 -0.012252406 0.119714157 0.197457582 0.008166407 0.980277419 -0.657154179
57390667 0.563157542 1.001168934 0.500000000 0.500000000 0.000000000 0.000000000 0.979663670 -0.021345343 -0.199508086 0.559098926 0.019330241 0.999740601 -0.012042980 0.120821330 0.199713394 0.007941530 0.979822159 -0.662137913
57424033 0.563157542 1.001168934 0.500000000 0.500000000 0.000000000 0.000000000 0.979193091 -0.021446601 -0.201794326 0.563696738 0.019435219 0.999739766 -0.011943775 0.122161961 0.201997966 0.007773345 0.979355097 -0.667174966
57457400 0.563157542 1.001168934 0.500000000 0.500000000 0.000000000 0.000000000 0.978751421 -0.021382755 -0.203932494 0.567689477 0.019382587 0.999742508 -0.011800543 0.123399297 0.204132318 0.007597059 0.978913844 -0.672212142
57490767 0.563157542 1.001168934 0.500000000 0.500000000 0.000000000 0.000000000 0.978260994 -0.021378029 -0.206272662 0.572412294 0.019402863 0.999744534 -0.011593893 0.124370296 0.206467822 0.007339573 0.978425860 -0.676766467
57524133 0.563157542 1.001168934 0.500000000 0.500000000 0.000000000 0.000000000 0.977793455 -0.021392286 -0.208476245 0.576567527 0.019410510 0.999744892 -0.011547412 0.125721988 0.208670095 0.007244353 0.977959275 -0.681580669
57557500 0.563157542 1.001168934 0.500000000 0.500000000 0.000000000 0.000000000 0.977293491 -0.021298841 -0.210816830 0.581457197 0.019337380 0.999748468 -0.011361457 0.126437067 0.211005792 0.007026833 0.977459550 -0.686116323
57590867 0.563157542 1.001168934 0.500000000 0.500000000 0.000000000 0.000000000 0.976856232 -0.021103669 -0.212853298 0.585237354 0.019129921 0.999752820 -0.011328325 0.127410797 0.213039756 0.006994278 0.977018476 -0.691109149
57624233 0.563157542 1.001168934 0.500000000 0.500000000 0.000000000 0.000000000 0.976390481 -0.021007864 -0.214989021 0.589481554 0.019043138 0.999755859 -0.011206136 0.128312200 0.215171948 0.006847499 0.976552188 -0.695644281
57657600 0.563157542 1.001168934 0.500000000 0.500000000 0.000000000 0.000000000 0.975927472 -0.020961426 -0.217085674 0.593666547 0.018972719 0.999756813 -0.011241319 0.129436462 0.217268512 0.006852007 0.976087809 -0.700129214
57690967 0.563157542 1.001168934 0.500000000 0.500000000 0.000000000 0.000000000 0.975504816 -0.020721201 -0.218999833 0.597395250 0.018706059 0.999761522 -0.011271275 0.130776788 0.219181165 0.006898559 0.975659788 -0.704961506
57724333 0.563157542 1.001168934 0.500000000 0.500000000 0.000000000 0.000000000 0.975086570 -0.020549960 -0.220870629 0.600840467 0.018572468 0.999766707 -0.011026371 0.130880041 0.221045703 0.006649554 0.975240767 -0.709994135
57757700 0.563157542 1.001168934 0.500000000 0.500000000 0.000000000 0.000000000 0.974656582 -0.020387243 -0.222775444 0.604663780 0.018426245 0.999771059 -0.010877837 0.131735645 0.222946197 0.006497241 0.974809110 -0.714486486
