https://www.youtube.com/watch?v=DajsFjbmqe8
126359567 0.516228909 0.917740196 0.500000000 0.500000000 0.000000000 0.000000000 0.999999225 0.001173544 -0.000454392 0.032011175 -0.001174960 0.999994397 -0.003127688 -0.010365023 0.000450719 0.003128219 0.999994993 0.147859186
126392933 0.516228909 0.917740196 0.500000000 0.500000000 0.000000000 0.000000000 0.999999523 0.000950394 -0.000181716 0.032349992 -0.000950939 0.999994993 -0.003024774 -0.011066071 0.000178841 0.003024945 0.999995410 0.156921351
126426300 0.516228909 0.917740196 0.500000000 0.500000000 0.000000000 0.000000000 0.999999583 0.000925414 -0.000103675 0.032903388 -0.000925731 0.999994755 -0.003102075 -0.011604766 0.000100804 0.003102169 0.999995172 0.166088844
126459667 0.516228909 0.917740196 0.500000000 0.500000000 0.000000000 0.000000000 0.999999642 0.000838403 -0.000021606 0.033060320 -0.000838464 0.999995053 -0.003030504 -0.012222373 0.000019065 0.003030521 0.999995410 0.175664148
126493033 0.516228909 0.917740196 0.500000000 0.500000000 0.000000000 0.000000000 0.999999404 0.001069371 -0.000169964 0.034120211 -0.001069866 0.999995112 -0.002940777 -0.012864030 0.000166818 0.002940957 0.999995649 0.185293886
126526400 0.516228909 0.917740196 0.500000000 0.500000000 0.000000000 0.000000000 0.999999583 0.000940666 0.000071959 0.034356767 -0.000940460 0.999995589 -0.002812354 -0.013814524 -0.000074604 0.002812285 0.999996066 0.195417554
126559767 0.516228909 0.917740196 0.500000000 0.500000000 0.000000000 0.000000000 0.999999642 0.000807281 0.000215226 0.034483137 -0.000806700 0.999996066 -0.002688658 -0.014637124 -0.000217395 0.002688483 0.999996364 0.205685931
126593133 0.516228909 0.917740196 0.500000000 0.500000000 0.000000000 0.000000000 0.999999583 0.000853608 0.000309131 0.034939129 -0.000852811 0.999996364 -0.002569638 -0.015895433 -0.000311324 0.002569374 0.999996662 0.216250626
126626500 0.516228909 0.917740196 0.500000000 0.500000000 0.000000000 0.000000000 0.999999583 0.000744903 0.000477702 0.035069710 -0.000743705 0.999996603 -0.002502508 -0.017364768 -0.000479565 0.002502152 0.999996781 0.227121031
126659867 0.516228909 0.917740196 0.500000000 0.500000000 0.000000000 0.000000000 0.999999464 0.000943922 0.000389856 0.035956330 -0.000942881 0.999996006 -0.002663050 -0.018664628 -0.000392368 0.002662682 0.999996364 0.238032777
126693233 0.516228909 0.917740196 0.500000000 0.500000000 0.000000000 0.000000000 0.999999523 0.000595057 0.000787626 0.035486555 -0.000593194 0.999997020 -0.002364144 -0.020526413 -0.000789031 0.002363676 0.999996901 0.249581974
126726600 0.516228909 0.917740196 0.500000000 0.500000000 0.000000000 0.000000000 0.999999464 0.000908823 0.000488705 0.036430690 -0.000907707 0.999997020 -0.002279260 -0.022613265 -0.000490775 0.002278815 0.999997258 0.261176638
126759967 0.516228909 0.917740196 0.500000000 0.500000000 0.000000000 0.000000000 0.999999464 0.000680688 0.000787483 0.036440126 -0.000678791 0.999996901 -0.002407436 -0.024293630 -0.000789119 0.002406900 0.999996781 0.273038893
126793333 0.516228909 0.917740196 0.500000000 0.500000000 0.000000000 0.000000000 0.999999702 0.000473232 0.000615458 0.036457176 -0.000471918 0.999997616 -0.002133268 -0.026835321 -0.000616466 0.002132977 0.999997556 0.285338551
126826700 0.516228909 0.917740196 0.500000000 0.500000000 0.000000000 0.000000000 0.999999642 0.000651435 0.000518631 0.037243935 -0.000650206 0.999996960 -0.002366713 -0.028866424 -0.000520171 0.002366375 0.999997079 0.297700701
126860067 0.516228909 0.917740196 0.500000000 0.500000000 0.000000000 0.000000000 0.999999523 0.000439585 0.000854596 0.037241995 -0.000437625 0.999997258 -0.002292882 -0.031132403 -0.000855602 0.002292507 0.999997020 0.310713595
126893433 0.516228909 0.917740196 0.500000000 0.500000000 0.000000000 0.000000000 0.999999523 0.000478831 0.000828169 0.037483411 -0.000476931 0.999997258 -0.002293010 -0.033361963 -0.000829265 0.002292614 0.999997020 0.323786398
126926800 0.516228909 0.917740196 0.500000000 0.500000000 0.000000000 0.000000000 0.999999523 0.000403491 0.000887386 0.037640087 -0.000401478 0.999997377 -0.002267932 -0.035691279 -0.000888299 0.002267575 0.999997020 0.337257968
126960167 0.516228909 0.917740196 0.500000000 0.500000000 0.000000000 0.000000000 0.999999642 0.000284722 0.000771734 0.037647505 -0.000282955 0.999997318 -0.002288079 -0.037909443 -0.000772384 0.002287859 0.999997079 0.350902822
126993533 0.516228909 0.917740196 0.500000000 0.500000000 0.000000000 0.000000000 0.999999583 0.000475366 0.000789776 0.038122269 -0.000473691 0.999997616 -0.002119150 -0.040499330 -0.000790782 0.002118775 0.999997437 0.364839530
127026900 0.516228909 0.917740196 0.500000000 0.500000000 0.000000000 0.000000000 0.999999523 0.000176934 0.000964400 0.037962230 -0.000174765 0.999997437 -0.002247972 -0.042662099 -0.000964795 0.002247802 0.999997020 0.379048907
127060267 0.516228909 0.917740196 0.500000000 0.500000000 0.000000000 0.000000000 0.999999523 0.000162180 0.000979098 0.038175377 -0.000160056 0.999997616 -0.002169398 -0.045217678 -0.000979448 0.002169241 0.999997139 0.393457243
127093633 0.516228909 0.917740196 0.500000000 0.500000000 0.000000000 0.000000000 0.999999464 0.000131225 0.001053087 0.038012796 -0.000129010 0.999997795 -0.002103099 -0.047970745 -0.001053360 0.002102962 0.999997258 0.408171975
127127000 0.516228909 0.917740196 0.500000000 0.500000000 0.000000000 0.000000000 0.999999404 0.000180839 0.001051278 0.038099491 -0.000178647 0.999997795 -0.002084127 -0.050695004 -0.001051653 0.002083938 0.999997258 0.423291782
127160367 0.516228909 0.917740196 0.500000000 0.500000000 0.000000000 0.000000000 0.999999225 0.000049728 0.001245106 0.037871917 -0.000047164 0.999997854 -0.002059358 -0.053233009 -0.001245205 0.002059298 0.999997079 0.438436048
127193733 0.516228909 0.917740196 0.500000000 0.500000000 0.000000000 0.000000000 0.999999285 0.000046567 0.001209573 0.037612045 -0.000043965 0.999997675 -0.002151530 -0.055913492 -0.001209671 0.002151475 0.999996960 0.453943293
127227100 0.516228909 0.917740196 0.500000000 0.500000000 0.000000000 0.000000000 0.999999225 0.000015819 0.001245007 0.037387320 -0.000013044 0.999997497 -0.002229074 -0.058542682 -0.001245039 0.002229056 0.999996722 0.469732448
127260467 0.516228909 0.917740196 0.500000000 0.500000000 0.000000000 0.000000000 0.999999106 -0.000113804 0.001344273 0.036951473 0.000116808 0.999997497 -0.002235425 -0.061003999 -0.001344015 0.002235580 0.999996603 0.485617010
127293833 0.516228909 0.917740196 0.500000000 0.500000000 0.000000000 0.000000000 0.999999046 -0.000063953 0.001374863 0.036735823 0.000067098 0.999997377 -0.002287451 -0.063445682 -0.001374713 0.002287541 0.999996424 0.501716651
127327200 0.516228909 0.917740196 0.500000000 0.500000000 0.000000000 0.000000000 0.999998689 -0.000363134 0.001576643 0.036070006 0.000366701 0.999997377 -0.002262114 -0.066023132 -0.001575818 0.002262689 0.999996185 0.517971998
127360567 0.516228909 0.917740196 0.500000000 0.500000000 0.000000000 0.000000000 0.999999166 -0.000213399 0.001275279 0.035546471 0.000216207 0.999997556 -0.002201716 -0.068928406 -0.001274806 0.002201990 0.999996781 0.534716817
127393933 0.516228909 0.917740196 0.500000000 0.500000000 0.000000000 0.000000000 0.999998808 -0.000204571 0.001512814 0.034911383 0.000207935 0.999997497 -0.002224205 -0.071720801 -0.001512355 0.002224517 0.999996364 0.551400893
127427300 0.516228909 0.917740196 0.500000000 0.500000000 0.000000000 0.000000000 0.999998987 -0.000208461 0.001421958 0.034226365 0.000211455 0.999997735 -0.002105401 -0.074823703 -0.001421515 0.002105700 0.999996781 0.568560265
127460667 0.516228909 0.917740196 0.500000000 0.500000000 0.000000000 0.000000000 0.999998689 -0.000125706 0.001598264 0.033470792 0.000128941 0.999997973 -0.002023838 -0.078021900 -0.001598006 0.002024041 0.999996662 0.585657529
127494033 0.516228909 0.917740196 0.500000000 0.500000000 0.000000000 0.000000000 0.999998510 -0.000273676 0.001696952 0.032500935 0.000277062 0.999997973 -0.001995397 -0.081357141 -0.001696402 0.001995864 0.999996543 0.603195401
127527400 0.516228909 0.917740196 0.500000000 0.500000000 0.000000000 0.000000000 0.999998450 -0.000189427 0.001753730 0.031424025 0.000192740 0.999998212 -0.001889111 -0.085011092 -0.001753369 0.001889446 0.999996662 0.620913358
127560767 0.516228909 0.917740196 0.500000000 0.500000000 0.000000000 0.000000000 0.999998391 -0.000270561 0.001757872 0.030318960 0.000273919 0.999998152 -0.001910562 -0.088759345 -0.001757352 0.001911041 0.999996603 0.638674948
127594133 0.516228909 0.917740196 0.500000000 0.500000000 0.000000000 0.000000000 0.999998510 -0.000243786 0.001702260 0.029154375 0.000247033 0.999998152 -0.001907549 -0.092611984 -0.001701792 0.001907966 0.999996722 0.656724654
127627500 0.516228909 0.917740196 0.500000000 0.500000000 0.000000000 0.000000000 0.999998391 -0.000165223 0.001775371 0.028055243 0.000168377 0.999998391 -0.001776480 -0.096600834 -0.001775075 0.001776776 0.999996841 0.674956970
127660867 0.516228909 0.917740196 0.500000000 0.500000000 0.000000000 0.000000000 0.999998093 -0.000364079 0.001914205 0.026791518 0.000367424 0.999998391 -0.001747617 -0.100702548 -0.001913566 0.001748317 0.999996662 0.693247038
127694233 0.516228909 0.917740196 0.500000000 0.500000000 0.000000000 0.000000000 0.999998093 -0.000272998 0.001938395 0.025530432 0.000276143 0.999998629 -0.001622096 -0.105167355 -0.001937950 0.001622628 0.999996781 0.711976203
127760967 0.516228909 0.917740196 0.500000000 0.500000000 0.000000000 0.000000000 0.999997616 -0.000429400 0.002134989 0.022690983 0.000433195 0.999998331 -0.001777302 -0.113692229 -0.002134222 0.001778223 0.999996126 0.749639956
127794333 0.516228909 0.917740196 0.500000000 0.500000000 0.000000000 0.000000000 0.999997795 -0.000397795 0.002073175 0.021450823 0.000401646 0.999998212 -0.001857247 -0.117465111 -0.002072432 0.001858075 0.999996126 0.768689316
127827700 0.516228909 0.917740196 0.500000000 0.500000000 0.000000000 0.000000000 0.999996960 -0.000581317 0.002397700 0.019640479 0.000585775 0.999998093 -0.001858857 -0.120464575 -0.002396615 0.001860256 0.999995410 0.787972216
127861067 0.516228909 0.917740196 0.500000000 0.500000000 0.000000000 0.000000000 0.999997437 -0.000473138 0.002211626 0.018397002 0.000477378 0.999998033 -0.001916980 -0.123417960 -0.002210715 0.001918031 0.999995708 0.807762742
127894433 0.516228909 0.917740196 0.500000000 0.500000000 0.000000000 0.000000000 0.999996483 -0.000694210 0.002558138 0.016479824 0.000699246 0.999997795 -0.001968371 -0.125841345 -0.002556766 0.001970153 0.999994814 0.827568329
127961167 0.516228909 0.917740196 0.500000000 0.500000000 0.000000000 0.000000000 0.999996662 -0.000624174 0.002506719 0.013274715 0.000628611 0.999998212 -0.001769891 -0.131532002 -0.002505609 0.001771461 0.999995291 0.867583367
127994533 0.516228909 0.917740196 0.500000000 0.500000000 0.000000000 0.000000000 0.999996245 -0.000846592 0.002610691 0.011290128 0.000850966 0.999998212 -0.001674528 -0.134543797 -0.002609269 0.001676743 0.999995172 0.887968660
128027900 0.516228909 0.917740196 0.500000000 0.500000000 0.000000000 0.000000000 0.999996364 -0.000738511 0.002601829 0.009707600 0.000742892 0.999998331 -0.001683397 -0.138027564 -0.002600581 0.001685323 0.999995172 0.908683406
128061267 0.516228909 0.917740196 0.500000000 0.500000000 0.000000000 0.000000000 0.999995530 -0.000893844 0.002853218 0.007727472 0.000898780 0.999998093 -0.001729110 -0.141135970 -0.002851667 0.001731666 0.999994457 0.929309720
128094633 0.516228909 0.917740196 0.500000000 0.500000000 0.000000000 0.000000000 0.999996424 -0.000773621 0.002553143 0.006059752 0.000777690 0.999998450 -0.001592794 -0.144308447 -0.002551906 0.001594774 0.999995470 0.950232224
128128000 0.516228909 0.917740196 0.500000000 0.500000000 0.000000000 0.000000000 0.999995351 -0.000731960 0.002959790 0.004396773 0.000736351 0.999998629 -0.001482821 -0.148054435 -0.002958700 0.001484993 0.999994516 0.971362690
128161367 0.516228909 0.917740196 0.500000000 0.500000000 0.000000000 0.000000000 0.999994636 -0.000985648 0.003117756 0.002210739 0.000990546 0.999998271 -0.001569977 -0.151370035 -0.003116203 0.001573057 0.999993920 0.992419956
128194733 0.516228909 0.917740196 0.500000000 0.500000000 0.000000000 0.000000000 0.999995947 -0.000717202 0.002757594 0.000655012 0.000721482 0.999998510 -0.001551347 -0.154977137 -0.002756477 0.001553331 0.999994993 1.014043641
128228100 0.516228909 0.917740196 0.500000000 0.500000000 0.000000000 0.000000000 0.999994636 -0.000832356 0.003177055 -0.001124010 0.000837082 0.999998569 -0.001486723 -0.158560069 -0.003175813 0.001489375 0.999993861 1.036050921
128261467 0.516228909 0.917740196 0.500000000 0.500000000 0.000000000 0.000000000 0.999994814 -0.000886264 0.003102463 -0.003109098 0.000890784 0.999998569 -0.001455763 -0.161992883 -0.003101168 0.001458519 0.999994099 1.057701055
128294833 0.516228909 0.917740196 0.500000000 0.500000000 0.000000000 0.000000000 0.999994934 -0.000687704 0.003115706 -0.004542319 0.000691995 0.999998808 -0.001376050 -0.165535165 -0.003114756 0.001378199 0.999994218 1.079995232
128328200 0.516228909 0.917740196 0.500000000 0.500000000 0.000000000 0.000000000 0.999994457 -0.000848762 0.003223169 -0.006527092 0.000853332 0.999998629 -0.001416640 -0.168767817 -0.003221962 0.001419383 0.999993801 1.102296615
128361567 0.516228909 0.917740196 0.500000000 0.500000000 0.000000000 0.000000000 0.999994338 -0.000910037 0.003241616 -0.008542465 0.000914798 0.999998510 -0.001467374 -0.172158126 -0.003240275 0.001470331 0.999993682 1.124705792
128394933 0.516228909 0.917740196 0.500000000 0.500000000 0.000000000 0.000000000 0.999992669 -0.001030830 0.003683943 -0.010753776 0.001036159 0.999998391 -0.001445189 -0.175615246 -0.003682447 0.001448995 0.999992192 1.147541512
128428300 0.516228909 0.917740196 0.500000000 0.500000000 0.000000000 0.000000000 0.999993861 -0.001001322 0.003350651 -0.012869428 0.001006185 0.999998450 -0.001450120 -0.179012708 -0.003349193 0.001453482 0.999993324 1.170074873
128461667 0.516228909 0.917740196 0.500000000 0.500000000 0.000000000 0.000000000 0.999994040 -0.001006335 0.003304398 -0.014662930 0.001011126 0.999998450 -0.001448407 -0.182578194 -0.003302935 0.001451739 0.999993503 1.193155808
128495033 0.516228909 0.917740196 0.500000000 0.500000000 0.000000000 0.000000000 0.999992728 -0.001098934 0.003656362 -0.016676835 0.001104533 0.999998212 -0.001529637 -0.185572008 -0.003654675 0.001533665 0.999992132 1.216164867
128528400 0.516228909 0.917740196 0.500000000 0.500000000 0.000000000 0.000000000 0.999992728 -0.001095046 0.003650707 -0.018529754 0.001100897 0.999998093 -0.001600979 -0.188468229 -0.003648947 0.001604986 0.999992073 1.239131822
128561767 0.516228909 0.917740196 0.500000000 0.500000000 0.000000000 0.000000000 0.999992728 -0.001128069 0.003635323 -0.020583611 0.001134260 0.999997914 -0.001701447 -0.191269339 -0.003633396 0.001705558 0.999991953 1.262671134
128595133 0.516228909 0.917740196 0.500000000 0.500000000 0.000000000 0.000000000 0.999991536 -0.001213156 0.003927429 -0.022632512 0.001219894 0.999997795 -0.001713751 -0.193861040 -0.003925341 0.001718527 0.999990821 1.285951347
128628500 0.516228909 0.917740196 0.500000000 0.500000000 0.000000000 0.000000000 0.999992549 -0.001020865 0.003720040 -0.024090492 0.001026843 0.999998212 -0.001605471 -0.196394404 -0.003718395 0.001609279 0.999991775 1.309330196
128661867 0.516228909 0.917740196 0.500000000 0.500000000 0.000000000 0.000000000 0.999990523 -0.001178398 0.004190938 -0.026156104 0.001185201 0.999997973 -0.001620994 -0.199006692 -0.004189019 0.001625946 0.999989927 1.332834793
128695233 0.516228909 0.917740196 0.500000000 0.500000000 0.000000000 0.000000000 0.999991298 -0.001224237 0.003987667 -0.028438742 0.001230961 0.999997795 -0.001684145 -0.201363110 -0.003985597 0.001689039 0.999990642 1.356821928
128728600 0.516228909 0.917740196 0.500000000 0.500000000 0.000000000 0.000000000 0.999992013 -0.001154818 0.003827478 -0.030210883 0.001161203 0.999997914 -0.001666335 -0.203597978 -0.003825546 0.001670766 0.999991298 1.380462298
128761967 0.516228909 0.917740196 0.500000000 0.500000000 0.000000000 0.000000000 0.999991775 -0.001128821 0.003894327 -0.032107713 0.001135525 0.999997854 -0.001719643 -0.205896611 -0.003892377 0.001724051 0.999990940 1.404326739
128795333 0.516228909 0.917740196 0.500000000 0.500000000 0.000000000 0.000000000 0.999991238 -0.001149602 0.004027390 -0.033931309 0.001156511 0.999997854 -0.001713726 -0.208194822 -0.004025411 0.001718368 0.999990404 1.428483599
128828700 0.516228909 0.917740196 0.500000000 0.500000000 0.000000000 0.000000000 0.999991536 -0.001224982 0.003922467 -0.035786308 0.001232179 0.999997556 -0.001832988 -0.210401130 -0.003920212 0.001837805 0.999990642 1.452810854
128862067 0.516228909 0.917740196 0.500000000 0.500000000 0.000000000 0.000000000 0.999991119 -0.001230915 0.004033132 -0.037681188 0.001238891 0.999997258 -0.001975598 -0.212444799 -0.004030689 0.001980577 0.999989927 1.476809522
128895433 0.516228909 0.917740196 0.500000000 0.500000000 0.000000000 0.000000000 0.999991596 -0.001048743 0.003967218 -0.038601582 0.001055903 0.999997795 -0.001803016 -0.214696392 -0.003965318 0.001807190 0.999990523 1.501140736
128928800 0.516228909 0.917740196 0.500000000 0.500000000 0.000000000 0.000000000 0.999990106 -0.001300197 0.004251704 -0.040562693 0.001308297 0.999997318 -0.001902916 -0.216968244 -0.004249218 0.001908460 0.999989152 1.525708573
128962167 0.516228909 0.917740196 0.500000000 0.500000000 0.000000000 0.000000000 0.999991417 -0.001209252 0.003958161 -0.042201319 0.001216750 0.999997497 -0.001892357 -0.219082558 -0.003955863 0.001897157 0.999990404 1.550144549
128995533 0.516228909 0.917740196 0.500000000 0.500000000 0.000000000 0.000000000 0.999990821 -0.001138188 0.004130031 -0.043610007 0.001145497 0.999997795 -0.001767908 -0.221391737 -0.004128010 0.001772622 0.999989927 1.575032609
129028900 0.516228909 0.917740196 0.500000000 0.500000000 0.000000000 0.000000000 0.999990284 -0.001229180 0.004236210 -0.045296625 0.001236223 0.999997854 -0.001660328 -0.223707700 -0.004234160 0.001665549 0.999989629 1.599624934
129062267 0.516228909 0.917740196 0.500000000 0.500000000 0.000000000 0.000000000 0.999990404 -0.001182719 0.004223093 -0.046781208 0.001189635 0.999997973 -0.001635629 -0.226308542 -0.004221150 0.001640638 0.999989748 1.624556179
129095633 0.516228909 0.917740196 0.500000000 0.500000000 0.000000000 0.000000000 0.999989271 -0.001364003 0.004420992 -0.048662468 0.001370898 0.999997854 -0.001556949 -0.229043446 -0.004418858 0.001562993 0.999989033 1.650011960
129129000 0.516228909 0.917740196 0.500000000 0.500000000 0.000000000 0.000000000 0.999990225 -0.001359622 0.004214139 -0.050593665 0.001365939 0.999997973 -0.001496433 -0.231998443 -0.004212096 0.001502175 0.999989986 1.675047702
129162367 0.516228909 0.917740196 0.500000000 0.500000000 0.000000000 0.000000000 0.999990344 -0.001391531 0.004161906 -0.051907751 0.001398353 0.999997675 -0.001636699 -0.234849519 -0.004159620 0.001642503 0.999989986 1.700549996
129195733 0.516228909 0.917740196 0.500000000 0.500000000 0.000000000 0.000000000 0.999989986 -0.001466361 0.004222256 -0.053654930 0.001473090 0.999997675 -0.001590923 -0.237389618 -0.004219913 0.001597127 0.999989808 1.725904401
129229100 0.516228909 0.917740196 0.500000000 0.500000000 0.000000000 0.000000000 0.999990404 -0.001426938 0.004148449 -0.055199405 0.001433377 0.999997795 -0.001549541 -0.240311824 -0.004146229 0.001555473 0.999990165 1.751645908
129262467 0.516228909 0.917740196 0.500000000 0.500000000 0.000000000 0.000000000 0.999989986 -0.001503314 0.004209423 -0.056528932 0.001509879 0.999997675 -0.001556799 -0.243147730 -0.004207073 0.001563140 0.999989927 1.777676095
129295833 0.516228909 0.917740196 0.500000000 0.500000000 0.000000000 0.000000000 0.999989212 -0.001539146 0.004383073 -0.057884181 0.001546011 0.999997556 -0.001563391 -0.246067673 -0.004380656 0.001570151 0.999989152 1.803746546
129329200 0.516228909 0.917740196 0.500000000 0.500000000 0.000000000 0.000000000 0.999988973 -0.001632528 0.004397083 -0.059527531 0.001639992 0.999997199 -0.001694420 -0.248798417 -0.004394304 0.001701613 0.999988914 1.829777955
129362567 0.516228909 0.917740196 0.500000000 0.500000000 0.000000000 0.000000000 0.999989867 -0.001580661 0.004215159 -0.061412313 0.001587804 0.999997318 -0.001691788 -0.251534634 -0.004212474 0.001698464 0.999989688 1.856483039
129395933 0.516228909 0.917740196 0.500000000 0.500000000 0.000000000 0.000000000 0.999990284 -0.001472767 0.004160948 -0.062372250 0.001479006 0.999997795 -0.001496659 -0.254403762 -0.004158735 0.001502799 0.999990225 1.883002582
129429300 0.516228909 0.917740196 0.500000000 0.500000000 0.000000000 0.000000000 0.999989569 -0.001498484 0.004316032 -0.063619871 0.001504840 0.999997795 -0.001469761 -0.257450597 -0.004313820 0.001476241 0.999989629 1.909833802
129462667 0.516228909 0.917740196 0.500000000 0.500000000 0.000000000 0.000000000 0.999988854 -0.001616621 0.004429499 -0.065111369 0.001623436 0.999997497 -0.001535313 -0.260406785 -0.004427006 0.001542487 0.999989033 1.936868840
129496033 0.516228909 0.917740196 0.500000000 0.500000000 0.000000000 0.000000000 0.999989748 -0.001577980 0.004246628 -0.066823902 0.001584552 0.999997556 -0.001544773 -0.263516832 -0.004244180 0.001551486 0.999989808 1.963949467
129529400 0.516228909 0.917740196 0.500000000 0.500000000 0.000000000 0.000000000 0.999990761 -0.001390087 0.004067075 -0.067732499 0.001396537 0.999997795 -0.001583680 -0.266948312 -0.004064864 0.001589345 0.999990463 1.991493866
129562767 0.516228909 0.917740196 0.500000000 0.500000000 0.000000000 0.000000000 0.999989390 -0.001502711 0.004360416 -0.068495448 0.001509637 0.999997616 -0.001585361 -0.270017912 -0.004358022 0.001591927 0.999989212 2.018865384
129596133 0.516228909 0.917740196 0.500000000 0.500000000 0.000000000 0.000000000 0.999988675 -0.001635102 0.004464519 -0.069829999 0.001642686 0.999997199 -0.001695550 -0.273273409 -0.004461735 0.001702865 0.999988616 2.046642359
129629500 0.516228909 0.917740196 0.500000000 0.500000000 0.000000000 0.000000000 0.999988914 -0.001569211 0.004444351 -0.070482349 0.001576531 0.999997377 -0.001643818 -0.276275355 -0.004441760 0.001650807 0.999988794 2.074882728
129662867 0.516228909 0.917740196 0.500000000 0.500000000 0.000000000 0.000000000 0.999988675 -0.001644558 0.004461956 -0.072171555 0.001651559 0.999997437 -0.001565836 -0.279670793 -0.004459369 0.001573187 0.999988794 2.102820945
129696233 0.516228909 0.917740196 0.500000000 0.500000000 0.000000000 0.000000000 0.999990046 -0.001574452 0.004181100 -0.073071935 0.001581734 0.999997258 -0.001738957 -0.283043768 -0.004178350 0.001745553 0.999989748 2.130968727
129729600 0.516228909 0.917740196 0.500000000 0.500000000 0.000000000 0.000000000 0.999988854 -0.001665995 0.004421813 -0.074081383 0.001673454 0.999997199 -0.001683690 -0.285852493 -0.004418996 0.001691071 0.999988794 2.159628288
129762967 0.516228909 0.917740196 0.500000000 0.500000000 0.000000000 0.000000000 0.999989986 -0.001678529 0.004142388 -0.075338390 0.001685147 0.999997318 -0.001594653 -0.289041727 -0.004139700 0.001601617 0.999990165 2.188157626
129796333 0.516228909 0.917740196 0.500000000 0.500000000 0.000000000 0.000000000 0.999990225 -0.001584154 0.004129032 -0.075611175 0.001590951 0.999997377 -0.001643358 -0.292243789 -0.004126418 0.001649911 0.999990106 2.217061937
129829700 0.516228909 0.917740196 0.500000000 0.500000000 0.000000000 0.000000000 0.999989092 -0.001689852 0.004358995 -0.075958559 0.001695952 0.999997616 -0.001396243 -0.295632589 -0.004356625 0.001403620 0.999989510 2.246297358
129863067 0.516228909 0.917740196 0.500000000 0.500000000 0.000000000 0.000000000 0.999989092 -0.001774696 0.004317340 -0.077460662 0.001780880 0.999997377 -0.001429091 -0.299465731 -0.004314792 0.001436764 0.999989688 2.275653517
129896433 0.516228909 0.917740196 0.500000000 0.500000000 0.000000000 0.000000000 0.999989331 -0.001733517 0.004277174 -0.078192942 0.001740189 0.999997258 -0.001556817 -0.302835276 -0.004274464 0.001564244 0.999989629 2.305469363
129929800 0.516228909 0.917740196 0.500000000 0.500000000 0.000000000 0.000000000 0.999988496 -0.001783462 0.004448747 -0.079094067 0.001789590 0.999997437 -0.001374045 -0.306436468 -0.004446285 0.001381990 0.999989152 2.334848852
129963167 0.516228909 0.917740196 0.500000000 0.500000000 0.000000000 0.000000000 0.999989808 -0.001689296 0.004187546 -0.079586952 0.001695198 0.999997556 -0.001406382 -0.310328159 -0.004185160 0.001413466 0.999990225 2.364797326
129996533 0.516228909 0.917740196 0.500000000 0.500000000 0.000000000 0.000000000 0.999988616 -0.001750477 0.004441509 -0.080050392 0.001756735 0.999997497 -0.001405585 -0.313982207 -0.004439037 0.001413372 0.999989152 2.395046291
130029900 0.516228909 0.917740196 0.500000000 0.500000000 0.000000000 0.000000000 0.999989092 -0.001833296 0.004298278 -0.081044392 0.001839021 0.999997437 -0.001328361 -0.317663517 -0.004295832 0.001336251 0.999989867 2.425398119
130063267 0.516228909 0.917740196 0.500000000 0.500000000 0.000000000 0.000000000 0.999989033 -0.001790135 0.004330853 -0.081383391 0.001796149 0.999997437 -0.001385002 -0.321546747 -0.004328363 0.001392766 0.999989688 2.455952685
130096633 0.516228909 0.917740196 0.500000000 0.500000000 0.000000000 0.000000000 0.999988377 -0.001910736 0.004424053 -0.082174234 0.001916867 0.999997199 -0.001381877 -0.325403341 -0.004421400 0.001390341 0.999989271 2.486713391
130130000 0.516228909 0.917740196 0.500000000 0.500000000 0.000000000 0.000000000 0.999988735 -0.001831610 0.004380280 -0.082251409 0.001837516 0.999997437 -0.001344688 -0.329374991 -0.004377806 0.001352722 0.999989510 2.518134929
130163367 0.516228909 0.917740196 0.500000000 0.500000000 0.000000000 0.000000000 0.999988019 -0.001969537 0.004482729 -0.082878088 0.001975866 0.999997079 -0.001407939 -0.333160829 -0.004479943 0.001416780 0.999988973 2.549726968
130196733 0.516228909 0.917740196 0.500000000 0.500000000 0.000000000 0.000000000 0.999987960 -0.001992991 0.004483399 -0.083516653 0.001998773 0.999997199 -0.001285654 -0.336580711 -0.004480824 0.001294600 0.999989152 2.581111095
130230100 0.516228909 0.917740196 0.500000000 0.500000000 0.000000000 0.000000000 0.999988198 -0.001969089 0.004446038 -0.084082625 0.001974552 0.999997318 -0.001224656 -0.340487118 -0.004443614 0.001233420 0.999989390 2.612778385
130263467 0.516228909 0.917740196 0.500000000 0.500000000 0.000000000 0.000000000 0.999988675 -0.001954901 0.004333375 -0.084338434 0.001960404 0.999997258 -0.001265977 -0.344558095 -0.004330888 0.001274458 0.999989808 2.644874895
130296833 0.516228909 0.917740196 0.500000000 0.500000000 0.000000000 0.000000000 0.999988019 -0.002027983 0.004457337 -0.085253102 0.002032985 0.999997318 -0.001117932 -0.348275689 -0.004455058 0.001126980 0.999989450 2.677234283
130330200 0.516228909 0.917740196 0.500000000 0.500000000 0.000000000 0.000000000 0.999989033 -0.001880195 0.004291174 -0.085357494 0.001885117 0.999997556 -0.001143148 -0.352738610 -0.004289014 0.001151225 0.999990165 2.709850882
130363567 0.516228909 0.917740196 0.500000000 0.500000000 0.000000000 0.000000000 0.999988019 -0.001947811 0.004487911 -0.084996761 0.001953657 0.999997258 -0.001298413 -0.356595160 -0.004485370 0.001307166 0.999989092 2.742350949
130396933 0.516228909 0.917740196 0.500000000 0.500000000 0.000000000 0.000000000 0.999987364 -0.001981100 0.004626114 -0.085766952 0.001986196 0.999997437 -0.001097377 -0.361183118 -0.004623928 0.001106551 0.999988675 2.775398028
130430300 0.516228909 0.917740196 0.500000000 0.500000000 0.000000000 0.000000000 0.999988616 -0.001878749 0.004381611 -0.086169808 0.001883925 0.999997556 -0.001177474 -0.366141900 -0.004379388 0.001185715 0.999989688 2.808970545
130463667 0.516228909 0.917740196 0.500000000 0.500000000 0.000000000 0.000000000 0.999987960 -0.001921248 0.004518430 -0.086106916 0.001926307 0.999997497 -0.001115649 -0.370460874 -0.004516276 0.001124339 0.999989152 2.842206776
130497033 0.516228909 0.917740196 0.500000000 0.500000000 0.000000000 0.000000000 0.999988735 -0.001877291 0.004357012 -0.086444103 0.001882295 0.999997556 -0.001144598 -0.375174647 -0.004354853 0.001152786 0.999989867 2.875658787
130530400 0.516228909 0.917740196 0.500000000 0.500000000 0.000000000 0.000000000 0.999987900 -0.001974911 0.004504165 -0.087016177 0.001980177 0.999997377 -0.001164896 -0.380389891 -0.004501852 0.001173801 0.999989152 2.909889009
130563767 0.516228909 0.917740196 0.500000000 0.500000000 0.000000000 0.000000000 0.999988317 -0.001997384 0.004405681 -0.087427750 0.002002729 0.999997258 -0.001209195 -0.385246957 -0.004403254 0.001218004 0.999989569 2.944034009
130597133 0.516228909 0.917740196 0.500000000 0.500000000 0.000000000 0.000000000 0.999988079 -0.002009576 0.004446881 -0.087478816 0.002015000 0.999997258 -0.001215710 -0.389722028 -0.004444425 0.001224656 0.999989390 2.978416052
130630500 0.516228909 0.917740196 0.500000000 0.500000000 0.000000000 0.000000000 0.999988437 -0.002007056 0.004369076 -0.088179808 0.002012110 0.999997318 -0.001152832 -0.394246955 -0.004366750 0.001161610 0.999989808 3.013186654
130663867 0.516228909 0.917740196 0.500000000 0.500000000 0.000000000 0.000000000 0.999988556 -0.001918323 0.004382325 -0.088210678 0.001922547 0.999997675 -0.000959791 -0.399180356 -0.004380474 0.000968205 0.999989927 3.048439731
130697233 0.516228909 0.917740196 0.500000000 0.500000000 0.000000000 0.000000000 0.999988496 -0.001982758 0.004370328 -0.088500240 0.001987465 0.999997437 -0.001072899 -0.404356704 -0.004368190 0.001081572 0.999989867 3.084221247
130730600 0.516228909 0.917740196 0.500000000 0.500000000 0.000000000 0.000000000 0.999988377 -0.001955948 0.004400627 -0.088586359 0.001960668 0.999997497 -0.001068414 -0.409097711 -0.004398526 0.001077030 0.999989748 3.119480132
130763967 0.516228909 0.917740196 0.500000000 0.500000000 0.000000000 0.000000000 0.999988079 -0.002012366 0.004444978 -0.088841084 0.002016783 0.999997497 -0.000989365 -0.414013054 -0.004442976 0.000998317 0.999989629 3.155494566
130797333 0.516228909 0.917740196 0.500000000 0.500000000 0.000000000 0.000000000 0.999988675 -0.002027397 0.004310252 -0.089146536 0.002032009 0.999997377 -0.001065996 -0.419148304 -0.004308079 0.001074743 0.999990165 3.191458900
130830700 0.516228909 0.917740196 0.500000000 0.500000000 0.000000000 0.000000000 0.999987543 -0.002101672 0.004532277 -0.089586382 0.002106326 0.999997258 -0.001022445 -0.423784859 -0.004530116 0.001031979 0.999989212 3.227889022
130864067 0.516228909 0.917740196 0.500000000 0.500000000 0.000000000 0.000000000 0.999988854 -0.002098583 0.004233922 -0.090462721 0.002102464 0.999997377 -0.000912331 -0.428695831 -0.004231996 0.000921223 0.999990642 3.264496264
130897433 0.516228909 0.917740196 0.500000000 0.500000000 0.000000000 0.000000000 0.999989450 -0.002015594 0.004129943 -0.091362044 0.002019256 0.999997556 -0.000882707 -0.434013973 -0.004128153 0.000891037 0.999991059 3.301403736
130930800 0.516228909 0.917740196 0.500000000 0.500000000 0.000000000 0.000000000 0.999989510 -0.002029839 0.004109136 -0.091349960 0.002033553 0.999997556 -0.000900013 -0.438602061 -0.004107299 0.000908360 0.999991179 3.338452095
130964167 0.516228909 0.917740196 0.500000000 0.500000000 0.000000000 0.000000000 0.999989629 -0.002080654 0.004046129 -0.092058833 0.002083828 0.999997497 -0.000780324 -0.443813453 -0.004044495 0.000788747 0.999991536 3.376327596
130997533 0.516228909 0.917740196 0.500000000 0.500000000 0.000000000 0.000000000 0.999989927 -0.002102382 0.003961772 -0.092437960 0.002105905 0.999997377 -0.000885178 -0.449123275 -0.003959901 0.000893513 0.999991775 3.413670956
131030900 0.516228909 0.917740196 0.500000000 0.500000000 0.000000000 0.000000000 0.999989510 -0.002158505 0.004039351 -0.092120640 0.002162017 0.999997318 -0.000865315 -0.454265828 -0.004037473 0.000874039 0.999991477 3.451424521
131064267 0.516228909 0.917740196 0.500000000 0.500000000 0.000000000 0.000000000 0.999989808 -0.002195514 0.003940975 -0.092985752 0.002198485 0.999997318 -0.000749699 -0.459605859 -0.003939318 0.000758355 0.999991953 3.489659449
131097633 0.516228909 0.917740196 0.500000000 0.500000000 0.000000000 0.000000000 0.999989867 -0.002197839 0.003927512 -0.093421872 0.002200472 0.999997377 -0.000666284 -0.465553373 -0.003926037 0.000674919 0.999992073 3.527992592
131131000 0.516228909 0.917740196 0.500000000 0.500000000 0.000000000 0.000000000 0.999990165 -0.002163050 0.003879112 -0.093806079 0.002166041 0.999997377 -0.000767165 -0.471161986 -0.003877442 0.000775560 0.999992192 3.566834278
131164367 0.516228909 0.917740196 0.500000000 0.500000000 0.000000000 0.000000000 0.999990165 -0.002163365 0.003872277 -0.094252590 0.002166138 0.999997377 -0.000712029 -0.477304983 -0.003870727 0.000720410 0.999992251 3.605330846
131197733 0.516228909 0.917740196 0.500000000 0.500000000 0.000000000 0.000000000 0.999990344 -0.002207891 0.003804302 -0.094677061 0.002210960 0.999997258 -0.000802631 -0.483146509 -0.003802519 0.000811034 0.999992430 3.644155874
131231100 0.516228909 0.917740196 0.500000000 0.500000000 0.000000000 0.000000000 0.999990940 -0.002154207 0.003676426 -0.094956842 0.002157012 0.999997377 -0.000759371 -0.489451709 -0.003674780 0.000767294 0.999992967 3.684070445
131264467 0.516228909 0.917740196 0.500000000 0.500000000 0.000000000 0.000000000 0.999990106 -0.002189991 0.003878978 -0.095503279 0.002192607 0.999997377 -0.000670296 -0.495428762 -0.003877500 0.000678794 0.999992251 3.723386986
131297833 0.516228909 0.917740196 0.500000000 0.500000000 0.000000000 0.000000000 0.999990821 -0.002292620 0.003614967 -0.095876213 0.002294945 0.999997139 -0.000639068 -0.501550023 -0.003613492 0.000647358 0.999993265 3.763156348
131331200 0.516228909 0.917740196 0.500000000 0.500000000 0.000000000 0.000000000 0.999991417 -0.002293162 0.003442117 -0.096132268 0.002295496 0.999997139 -0.000674253 -0.507649090 -0.003440561 0.000682148 0.999993861 3.802996054
131364567 0.516228909 0.917740196 0.500000000 0.500000000 0.000000000 0.000000000 0.999990940 -0.002344945 0.003555118 -0.096656312 0.002346990 0.999997079 -0.000571171 -0.513986622 -0.003553768 0.000579510 0.999993503 3.843413400
131397933 0.516228909 0.917740196 0.500000000 0.500000000 0.000000000 0.000000000 0.999991477 -0.002327567 0.003409975 -0.096479699 0.002329794 0.999997079 -0.000649366 -0.520072469 -0.003408454 0.000657305 0.999993980 3.883753450
131431300 0.516228909 0.917740196 0.500000000 0.500000000 0.000000000 0.000000000 0.999991000 -0.002408858 0.003495211 -0.096432255 0.002410850 0.999996960 -0.000565676 -0.526188060 -0.003493838 0.000574097 0.999993742 3.924438140
131464667 0.516228909 0.917740196 0.500000000 0.500000000 0.000000000 0.000000000 0.999991119 -0.002389023 0.003478362 -0.097123559 0.002390796 0.999997020 -0.000505651 -0.532640247 -0.003477144 0.000513962 0.999993801 3.965497899
131498033 0.516228909 0.917740196 0.500000000 0.500000000 0.000000000 0.000000000 0.999991655 -0.002362855 0.003339376 -0.096686986 0.002364706 0.999997079 -0.000550388 -0.539013088 -0.003338065 0.000558280 0.999994278 4.007118289
131531400 0.516228909 0.917740196 0.500000000 0.500000000 0.000000000 0.000000000 0.999991417 -0.002350009 0.003412300 -0.096912346 0.002351649 0.999997139 -0.000476707 -0.545112892 -0.003411170 0.000484728 0.999994040 4.048179021
131564767 0.516228909 0.917740196 0.500000000 0.500000000 0.000000000 0.000000000 0.999991536 -0.002382793 0.003355764 -0.097022241 0.002384194 0.999997079 -0.000413449 -0.551634430 -0.003354769 0.000421446 0.999994278 4.089723811
131598133 0.516228909 0.917740196 0.500000000 0.500000000 0.000000000 0.000000000 0.999991775 -0.002333387 0.003323252 -0.096971267 0.002335117 0.999997139 -0.000516715 -0.557846217 -0.003322037 0.000524470 0.999994338 4.131365428
131631500 0.516228909 0.917740196 0.500000000 0.500000000 0.000000000 0.000000000 0.999991894 -0.002368918 0.003263056 -0.096244831 0.002370059 0.999997139 -0.000345882 -0.564121882 -0.003262227 0.000353612 0.999994636 4.173579554
131664867 0.516228909 0.917740196 0.500000000 0.500000000 0.000000000 0.000000000 0.999991715 -0.002375262 0.003314527 -0.096971539 0.002376425 0.999997139 -0.000347072 -0.570727022 -0.003313693 0.000354946 0.999994457 4.215676227
131698233 0.516228909 0.917740196 0.500000000 0.500000000 0.000000000 0.000000000 0.999992549 -0.002324848 0.003077297 -0.096845602 0.002326004 0.999997199 -0.000372021 -0.577194549 -0.003076424 0.000379176 0.999995172 4.258037265
131731600 0.516228909 0.917740196 0.500000000 0.500000000 0.000000000 0.000000000 0.999992430 -0.002380079 0.003078253 -0.096459531 0.002381129 0.999997079 -0.000337396 -0.583630542 -0.003077441 0.000344723 0.999995232 4.300498591
131764967 0.516228909 0.917740196 0.500000000 0.500000000 0.000000000 0.000000000 0.999993086 -0.002324758 0.002893307 -0.096277277 0.002325893 0.999997199 -0.000388964 -0.590254971 -0.002892395 0.000395691 0.999995768 4.343353168
131798333 0.516228909 0.917740196 0.500000000 0.500000000 0.000000000 0.000000000 0.999992788 -0.002425240 0.002916016 -0.095856998 0.002426361 0.999996960 -0.000380872 -0.596918214 -0.002915083 0.000387944 0.999995649 4.385802715
131831700 0.516228909 0.917740196 0.500000000 0.500000000 0.000000000 0.000000000 0.999993145 -0.002428309 0.002799721 -0.095600724 0.002429175 0.999997020 -0.000306133 -0.602869939 -0.002798969 0.000312931 0.999996006 4.429023195
131865067 0.516228909 0.917740196 0.500000000 0.500000000 0.000000000 0.000000000 0.999992549 -0.002421615 0.003008019 -0.094463459 0.002422593 0.999997020 -0.000321270 -0.609080970 -0.003007232 0.000328554 0.999995410 4.472159537
131898433 0.516228909 0.917740196 0.500000000 0.500000000 0.000000000 0.000000000 0.999992251 -0.002565484 0.002987990 -0.094268507 0.002566212 0.999996662 -0.000239831 -0.615390341 -0.002987365 0.000247497 0.999995530 4.515817621
131931800 0.516228909 0.917740196 0.500000000 0.500000000 0.000000000 0.000000000 0.999993205 -0.002550044 0.002669788 -0.093322843 0.002550802 0.999996722 -0.000280402 -0.621618737 -0.002669064 0.000287210 0.999996424 4.559167232
131965167 0.516228909 0.917740196 0.500000000 0.500000000 0.000000000 0.000000000 0.999992669 -0.002585872 0.002818985 -0.093046464 0.002586386 0.999996662 -0.000178700 -0.627627339 -0.002818513 0.000185989 0.999996006 4.602996986
131998533 0.516228909 0.917740196 0.500000000 0.500000000 0.000000000 0.000000000 0.999993026 -0.002579706 0.002699563 -0.092992775 0.002580285 0.999996662 -0.000210814 -0.633920338 -0.002699010 0.000217779 0.999996305 4.646747420
132031900 0.516228909 0.917740196 0.500000000 0.500000000 0.000000000 0.000000000 0.999993324 -0.002546325 0.002611237 -0.091531910 0.002547149 0.999996722 -0.000312440 -0.639621537 -0.002610433 0.000319089 0.999996543 4.691187941
132065267 0.516228909 0.917740196 0.500000000 0.500000000 0.000000000 0.000000000 0.999993086 -0.002598576 0.002659860 -0.090820450 0.002599027 0.999996603 -0.000166280 -0.644839427 -0.002659419 0.000173192 0.999996424 4.734954242
132098633 0.516228909 0.917740196 0.500000000 0.500000000 0.000000000 0.000000000 0.999993503 -0.002555818 0.002535779 -0.089910070 0.002555849 0.999996722 -0.000009326 -0.650053876 -0.002535747 0.000015807 0.999996781 4.779443078
132132000 0.516228909 0.917740196 0.500000000 0.500000000 0.000000000 0.000000000 0.999993145 -0.002672694 0.002557567 -0.089159626 0.002672445 0.999996424 0.000101062 -0.655358095 -0.002557828 -0.000094226 0.999996722 4.824576965
132165367 0.516228909 0.917740196 0.500000000 0.500000000 0.000000000 0.000000000 0.999993742 -0.002708277 0.002277236 -0.089092655 0.002708034 0.999996305 0.000109673 -0.661492951 -0.002277525 -0.000103506 0.999997377 4.868595562
132198733 0.516228909 0.917740196 0.500000000 0.500000000 0.000000000 0.000000000 0.999994040 -0.002646668 0.002229451 -0.087051801 0.002646449 0.999996483 0.000101132 -0.667483241 -0.002229710 -0.000095231 0.999997497 4.913323928
132232100 0.516228909 0.917740196 0.500000000 0.500000000 0.000000000 0.000000000 0.999993742 -0.002709688 0.002262697 -0.087319221 0.002709406 0.999996305 0.000127533 -0.672575291 -0.002263034 -0.000121402 0.999997437 4.958313937
132265467 0.516228909 0.917740196 0.500000000 0.500000000 0.000000000 0.000000000 0.999994159 -0.002714672 0.002071478 -0.086823275 0.002714004 0.999996245 0.000324958 -0.678642849 -0.002072353 -0.000319334 0.999997795 5.004160719
132298833 0.516228909 0.917740196 0.500000000 0.500000000 0.000000000 0.000000000 0.999994040 -0.002752590 0.002097415 -0.085390681 0.002752244 0.999996185 0.000167579 -0.684084029 -0.002097868 -0.000161805 0.999997795 5.049065847
132332200 0.516228909 0.917740196 0.500000000 0.500000000 0.000000000 0.000000000 0.999994934 -0.002701194 0.001680201 -0.084981827 0.002700850 0.999996305 0.000207050 -0.690538914 -0.001680754 -0.000202511 0.999998569 5.094204723
132365567 0.516228909 0.917740196 0.500000000 0.500000000 0.000000000 0.000000000 0.999994457 -0.002794332 0.001805284 -0.082039345 0.002793815 0.999996066 0.000289260 -0.696487856 -0.001806085 -0.000284215 0.999998331 5.139547893
132398933 0.516228909 0.917740196 0.500000000 0.500000000 0.000000000 0.000000000 0.999994457 -0.002831172 0.001742617 -0.081752541 0.002830598 0.999995947 0.000331840 -0.702459424 -0.001743549 -0.000326905 0.999998450 5.185403342
