https://www.youtube.com/watch?v=VDSwp6vD9oA
84951533 0.477489179 0.848869620 0.500000000 0.500000000 0.000000000 0.000000000 0.999178112 -0.029114945 0.028203506 -0.055500207 0.029431453 0.999507666 -0.010872859 0.103464987 -0.027873058 0.011693993 0.999543071 -0.565207831
84984900 0.477489179 0.848869620 0.500000000 0.500000000 0.000000000 0.000000000 0.999179959 -0.028948130 0.028309565 -0.058906235 0.029276270 0.999508083 -0.011246098 0.107208697 -0.027970087 0.012065674 0.999535918 -0.580475591
85018267 0.477489179 0.848869620 0.500000000 0.500000000 0.000000000 0.000000000 0.999190867 -0.028510472 0.028367383 -0.062454635 0.028849043 0.999516487 -0.011598359 0.110694125 -0.028022991 0.012407347 0.999530256 -0.596618237
85051633 0.477489179 0.848869620 0.500000000 0.500000000 0.000000000 0.000000000 0.999209285 -0.028332407 0.027894130 -0.064414901 0.028666284 0.999521255 -0.011643155 0.113836548 -0.027550895 0.012433569 0.999543071 -0.612567236
85085000 0.477489179 0.848869620 0.500000000 0.500000000 0.000000000 0.000000000 0.999231100 -0.027976718 0.027467312 -0.066642539 0.028298877 0.999534369 -0.011410965 0.116117806 -0.027135283 0.012179486 0.999557555 -0.627293970
85118367 0.477489179 0.848869620 0.500000000 0.500000000 0.000000000 0.000000000 0.999243975 -0.027809426 0.027168673 -0.069632742 0.028130090 0.999538183 -0.011492594 0.119563324 -0.026836524 0.012248163 0.999564826 -0.642412890
85151733 0.477489179 0.848869620 0.500000000 0.500000000 0.000000000 0.000000000 0.999273837 -0.027386190 0.026490547 -0.071362533 0.027700486 0.999549270 -0.011571101 0.122715864 -0.026161719 0.012296500 0.999582112 -0.658141167
85185100 0.477489179 0.848869620 0.500000000 0.500000000 0.000000000 0.000000000 0.999301732 -0.026968973 0.025860135 -0.073957869 0.027278675 0.999559402 -0.011698917 0.126064391 -0.025533233 0.012396177 0.999597132 -0.674257516
85218467 0.477489179 0.848869620 0.500000000 0.500000000 0.000000000 0.000000000 0.999343157 -0.026440248 0.024782689 -0.074994244 0.026736431 0.999574065 -0.011696962 0.129071519 -0.024462864 0.012351879 0.999624431 -0.689889746
85251833 0.477489179 0.848869620 0.500000000 0.500000000 0.000000000 0.000000000 0.999381065 -0.025937853 0.023763981 -0.076685371 0.026226094 0.999585211 -0.011898980 0.132541203 -0.023445491 0.012514851 0.999646783 -0.705971493
85285200 0.477489179 0.848869620 0.500000000 0.500000000 0.000000000 0.000000000 0.999428093 -0.025330674 0.022402475 -0.077290634 0.025597915 0.999603570 -0.011723850 0.134907067 -0.022096621 0.012290602 0.999680281 -0.721575272
85318567 0.477489179 0.848869620 0.500000000 0.500000000 0.000000000 0.000000000 0.999473512 -0.024511576 0.021258436 -0.079308743 0.024766339 0.999623597 -0.011804779 0.138028766 -0.020961080 0.012325058 0.999704301 -0.737440179
85351933 0.477489179 0.848869620 0.500000000 0.500000000 0.000000000 0.000000000 0.999520302 -0.023823656 0.019788587 -0.080117486 0.024059400 0.999641359 -0.011761677 0.140921496 -0.019501284 0.012232138 0.999734998 -0.753864049
85385300 0.477489179 0.848869620 0.500000000 0.500000000 0.000000000 0.000000000 0.999572158 -0.023126794 0.017907634 -0.079685945 0.023334164 0.999662042 -0.011458888 0.143034636 -0.017636575 0.011871845 0.999773979 -0.770412944
85418667 0.477489179 0.848869620 0.500000000 0.500000000 0.000000000 0.000000000 0.999620020 -0.022572596 0.015819462 -0.078201888 0.022751803 0.999677956 -0.011241384 0.145697063 -0.015560620 0.011597034 0.999811649 -0.787319407
85452033 0.477489179 0.848869620 0.500000000 0.500000000 0.000000000 0.000000000 0.999669433 -0.021714404 0.013764412 -0.077486079 0.021867711 0.999699414 -0.011086955 0.148245478 -0.013519528 0.011384286 0.999843776 -0.803489073
85485400 0.477489179 0.848869620 0.500000000 0.500000000 0.000000000 0.000000000 0.999709606 -0.021096798 0.011644983 -0.076748285 0.021222670 0.999716520 -0.010793494 0.150860825 -0.011413974 0.011037497 0.999873936 -0.819756732
85518767 0.477489179 0.848869620 0.500000000 0.500000000 0.000000000 0.000000000 0.999749780 -0.020295780 0.009403811 -0.075546253 0.020395102 0.999735892 -0.010589289 0.153527565 -0.009186409 0.010778431 0.999899685 -0.836691913
85552133 0.477489179 0.848869620 0.500000000 0.500000000 0.000000000 0.000000000 0.999779403 -0.019645585 0.007429791 -0.075699511 0.019726232 0.999745548 -0.010941725 0.158174042 -0.007212944 0.011085873 0.999912560 -0.853083008
85585500 0.477489179 0.848869620 0.500000000 0.500000000 0.000000000 0.000000000 0.999810159 -0.018820828 0.005038393 -0.074468484 0.018874645 0.999762893 -0.010856281 0.161259293 -0.004832875 0.010949318 0.999928355 -0.869120406
85618867 0.477489179 0.848869620 0.500000000 0.500000000 0.000000000 0.000000000 0.999832213 -0.018149134 0.002472216 -0.072579928 0.018174686 0.999777138 -0.010738123 0.164500975 -0.002276778 0.010781254 0.999939263 -0.885926890
85652233 0.477489179 0.848869620 0.500000000 0.500000000 0.000000000 0.000000000 0.999844968 -0.017609071 -0.000131998 -0.070758165 0.017606569 0.999785006 -0.010951833 0.169054040 0.000324822 0.010947810 0.999940038 -0.902674030
85685600 0.477489179 0.848869620 0.500000000 0.500000000 0.000000000 0.000000000 0.999859095 -0.016559277 -0.002764085 -0.068771325 0.016528241 0.999804020 -0.010896903 0.172700060 0.002943988 0.010849682 0.999936819 -0.919945403
85718967 0.477489179 0.848869620 0.500000000 0.500000000 0.000000000 0.000000000 0.999858797 -0.015888292 -0.005474731 -0.066623299 0.015825897 0.999811411 -0.011257920 0.177906753 0.005652568 0.011169688 0.999921620 -0.937327321
85752333 0.477489179 0.848869620 0.500000000 0.500000000 0.000000000 0.000000000 0.999848723 -0.015199644 -0.008455105 -0.063459768 0.015106646 0.999825835 -0.010956272 0.181219287 0.008620164 0.010826887 0.999904215 -0.954803102
85785700 0.477489179 0.848869620 0.500000000 0.500000000 0.000000000 0.000000000 0.999823987 -0.014502873 -0.011901950 -0.058387377 0.014374606 0.999838412 -0.010792639 0.184802584 0.012056551 0.010619653 0.999870896 -0.972219799
85819067 0.477489179 0.848869620 0.500000000 0.500000000 0.000000000 0.000000000 0.999784112 -0.013735977 -0.015591818 -0.052480634 0.013574268 0.999853492 -0.010430302 0.187821683 0.015732804 0.010216402 0.999824047 -0.989840117
85852433 0.477489179 0.848869620 0.500000000 0.500000000 0.000000000 0.000000000 0.999738514 -0.013030428 -0.018790461 -0.048366416 0.012836757 0.999863625 -0.010390926 0.192065565 0.018923296 0.010147001 0.999769449 -1.007634178
85885800 0.477489179 0.848869620 0.500000000 0.500000000 0.000000000 0.000000000 0.999671698 -0.012441907 -0.022399832 -0.042575512 0.012212344 0.999871790 -0.010356189 0.196411055 0.022525810 0.010079234 0.999695480 -1.025353171
85919167 0.477489179 0.848869620 0.500000000 0.500000000 0.000000000 0.000000000 0.999582589 -0.011980313 -0.026289575 -0.036164474 0.011714960 0.999879122 -0.010224403 0.200534638 0.026408888 0.009912154 0.999602079 -1.043444263
85952533 0.477489179 0.848869620 0.500000000 0.500000000 0.000000000 0.000000000 0.999470472 -0.011478119 -0.030447641 -0.028642525 0.011171363 0.999885321 -0.010225901 0.205138915 0.030561524 0.009880344 0.999484062 -1.062505285
85985900 0.477489179 0.848869620 0.500000000 0.500000000 0.000000000 0.000000000 0.999346852 -0.010886963 -0.034457888 -0.021541309 0.010548458 0.999894440 -0.009990337 0.208641806 0.034563016 0.009620334 0.999356210 -1.081688036
86019267 0.477489179 0.848869620 0.500000000 0.500000000 0.000000000 0.000000000 0.999197900 -0.010559295 -0.038626794 -0.014021297 0.010169698 0.999895573 -0.010268821 0.214392699 0.038731191 0.009867762 0.999200940 -1.100191328
86052633 0.477489179 0.848869620 0.500000000 0.500000000 0.000000000 0.000000000 0.999034047 -0.010195486 -0.042743649 -0.006267053 0.009772495 0.999901295 -0.010093304 0.218217112 0.042842340 0.009665842 0.999035060 -1.117778455
86086000 0.477489179 0.848869620 0.500000000 0.500000000 0.000000000 0.000000000 0.998859286 -0.009709837 -0.046752986 0.001038291 0.009249737 0.999906719 -0.010047407 0.222711811 0.046846185 0.009603493 0.998855948 -1.136178217
86119367 0.477489179 0.848869620 0.500000000 0.500000000 0.000000000 0.000000000 0.998699129 -0.009281121 -0.050139256 0.006450566 0.008801354 0.999913454 -0.009781023 0.226265472 0.050225694 0.009327007 0.998694360 -1.153591047
86152733 0.477489179 0.848869620 0.500000000 0.500000000 0.000000000 0.000000000 0.998546243 -0.008695767 -0.053195726 0.010367996 0.008183307 0.999918044 -0.009843728 0.230918260 0.053276964 0.009394100 0.998535573 -1.170877540
86186100 0.477489179 0.848869620 0.500000000 0.500000000 0.000000000 0.000000000 0.998383403 -0.008405804 -0.056213345 0.014073395 0.007882741 0.999923587 -0.009520231 0.234068166 0.056289077 0.009061725 0.998373389 -1.186887229
86219467 0.477489179 0.848869620 0.500000000 0.500000000 0.000000000 0.000000000 0.998236358 -0.007845254 -0.058844518 0.016332309 0.007316398 0.999930918 -0.009197408 0.237467684 0.058912609 0.008750658 0.998224795 -1.203333268
86252833 0.477489179 0.848869620 0.500000000 0.500000000 0.000000000 0.000000000 0.998084128 -0.007231927 -0.061447140 0.018624913 0.006686358 0.999936402 -0.009079657 0.241202587 0.061508898 0.008651404 0.998069048 -1.219731174
86286200 0.477489179 0.848869620 0.500000000 0.500000000 0.000000000 0.000000000 0.997939825 -0.006835729 -0.063791811 0.020164981 0.006260318 0.999937952 -0.009215668 0.245873557 0.063850850 0.008797325 0.997920692 -1.236250065
86319567 0.477489179 0.848869620 0.500000000 0.500000000 0.000000000 0.000000000 0.997807384 -0.006185425 -0.065895334 0.020862369 0.005593592 0.999942362 -0.009162129 0.249910268 0.065948203 0.008773449 0.997784495 -1.252483276
86352933 0.477489179 0.848869620 0.500000000 0.500000000 0.000000000 0.000000000 0.997670650 -0.005788047 -0.067969143 0.021816369 0.005168840 0.999943554 -0.009282455 0.254298196 0.068019032 0.008909511 0.997644246 -1.269855616
86386300 0.477489179 0.848869620 0.500000000 0.500000000 0.000000000 0.000000000 0.997533262 -0.005374059 -0.069988944 0.022507609 0.004730405 0.999944985 -0.009359009 0.258776031 0.070035391 0.009004847 0.997503877 -1.288011464
86419667 0.477489179 0.848869620 0.500000000 0.500000000 0.000000000 0.000000000 0.997386992 -0.004954686 -0.072074123 0.023555990 0.004290420 0.999946892 -0.009368340 0.262786665 0.072116718 0.009034633 0.997355282 -1.306048356
86453033 0.477489179 0.848869620 0.500000000 0.500000000 0.000000000 0.000000000 0.997260869 -0.004504890 -0.073827609 0.023445192 0.003805703 0.999946594 -0.009608471 0.267714948 0.073866948 0.009301186 0.997224748 -1.324647991
86486400 0.477489179 0.848869620 0.500000000 0.500000000 0.000000000 0.000000000 0.997133195 -0.004082751 -0.075556040 0.023193187 0.003370608 0.999948740 -0.009550481 0.271612796 0.075591162 0.009268432 0.997095823 -1.342910490
86519767 0.477489179 0.848869620 0.500000000 0.500000000 0.000000000 0.000000000 0.997025311 -0.003448534 -0.076998025 0.022097259 0.002717913 0.999950290 -0.009591603 0.275638590 0.077027276 0.009353796 0.996985137 -1.360396635
86553133 0.477489179 0.848869620 0.500000000 0.500000000 0.000000000 0.000000000 0.996904075 -0.002907671 -0.078573741 0.021607922 0.002161537 0.999951780 -0.009579359 0.279380378 0.078597806 0.009379862 0.996862292 -1.378144842
86586500 0.477489179 0.848869620 0.500000000 0.500000000 0.000000000 0.000000000 0.996807516 -0.002473672 -0.079804093 0.020286327 0.001711613 0.999952316 -0.009616108 0.283165011 0.079824075 0.009448814 0.996764183 -1.396099856
86619867 0.477489179 0.848869620 0.500000000 0.500000000 0.000000000 0.000000000 0.996747613 -0.002178143 -0.080556877 0.017244702 0.001409792 0.999952972 -0.009593642 0.286810449 0.080573983 0.009448872 0.996703863 -1.413022820
86653233 0.477489179 0.848869620 0.500000000 0.500000000 0.000000000 0.000000000 0.996696353 -0.002003647 -0.081193350 0.014039966 0.001226066 0.999952912 -0.009625627 0.290548577 0.081208810 0.009494279 0.996651888 -1.429793480
86686600 0.477489179 0.848869620 0.500000000 0.500000000 0.000000000 0.000000000 0.996653557 -0.001687029 -0.081724048 0.010621091 0.000880970 0.999950647 -0.009898232 0.295164413 0.081736714 0.009793112 0.996605814 -1.446127135
86719967 0.477489179 0.848869620 0.500000000 0.500000000 0.000000000 0.000000000 0.996630132 -0.001639928 -0.082010105 0.005994624 0.000783894 0.999944866 -0.010469263 0.300708960 0.082022756 0.010369696 0.996576488 -1.461858494
86753333 0.477489179 0.848869620 0.500000000 0.500000000 0.000000000 0.000000000 0.996601164 -0.001514448 -0.082364239 0.002195569 0.000640444 0.999943197 -0.010636836 0.304926837 0.082375668 0.010547933 0.996545553 -1.478452463
86786700 0.477489179 0.848869620 0.500000000 0.500000000 0.000000000 0.000000000 0.996573448 -0.001613040 -0.082697019 -0.001887556 0.000655712 0.999932468 -0.011602181 0.311903219 0.082710147 0.011508200 0.996507168 -1.495481727
86820067 0.477489179 0.848869620 0.500000000 0.500000000 0.000000000 0.000000000 0.996565700 -0.001708511 -0.082788177 -0.006549958 0.000674303 0.999921441 -0.012518566 0.318430044 0.082803063 0.012419749 0.996488512 -1.513580029
86853433 0.477489179 0.848869620 0.500000000 0.500000000 0.000000000 0.000000000 0.996565223 -0.001861049 -0.082790419 -0.011846153 0.000758954 0.999910712 -0.013341349 0.324506942 0.082807854 0.013232689 0.996477664 -1.531234346
86886800 0.477489179 0.848869620 0.500000000 0.500000000 0.000000000 0.000000000 0.996540010 -0.001935701 -0.083091997 -0.016019922 0.000780058 0.999902546 -0.013938211 0.330040936 0.083110884 0.013825168 0.996444404 -1.549226793
86920167 0.477489179 0.848869620 0.500000000 0.500000000 0.000000000 0.000000000 0.996560395 -0.001661676 -0.082852960 -0.022231792 0.000488470 0.999899387 -0.014178360 0.334287288 0.082868181 0.014089121 0.996460915 -1.567322507
86953533 0.477489179 0.848869620 0.500000000 0.500000000 0.000000000 0.000000000 0.996602654 -0.001734392 -0.082341745 -0.028976136 0.000521049 0.999890983 -0.014754658 0.339396253 0.082358360 0.014661626 0.996494949 -1.584413010
86986900 0.477489179 0.848869620 0.500000000 0.500000000 0.000000000 0.000000000 0.996624827 -0.001701517 -0.082073398 -0.034704169 0.000446503 0.999882758 -0.015307292 0.344909425 0.082089819 0.015218982 0.996508718 -1.601729156
87020267 0.477489179 0.848869620 0.500000000 0.500000000 0.000000000 0.000000000 0.996645212 -0.001657069 -0.081826389 -0.040957858 0.000364552 0.999874949 -0.015808254 0.349683444 0.081842348 0.015725391 0.996521235 -1.619371473
87053633 0.477489179 0.848869620 0.500000000 0.500000000 0.000000000 0.000000000 0.996699691 -0.001595901 -0.081161797 -0.048467049 0.000280008 0.999868393 -0.016222008 0.354419397 0.081176996 0.016145745 0.996568918 -1.636090464
87087000 0.477489179 0.848869620 0.500000000 0.500000000 0.000000000 0.000000000 0.996723771 -0.001545378 -0.080865853 -0.054349095 0.000203500 0.999862194 -0.016599478 0.359269856 0.080880366 0.016528638 0.996586740 -1.654049726
87120367 0.477489179 0.848869620 0.500000000 0.500000000 0.000000000 0.000000000 0.996729314 -0.001451010 -0.080799446 -0.059415380 0.000065956 0.999853075 -0.017141905 0.364671585 0.080812447 0.017080510 0.996582985 -1.671988884
87153733 0.477489179 0.848869620 0.500000000 0.500000000 0.000000000 0.000000000 0.996773958 -0.001356280 -0.080248408 -0.066264438 -0.000061975 0.999843895 -0.017668184 0.370015016 0.080259845 0.017616158 0.996618271 -1.689441716
87187100 0.477489179 0.848869620 0.500000000 0.500000000 0.000000000 0.000000000 0.996834636 -0.000960029 -0.079497285 -0.073270552 -0.000469441 0.999838591 -0.017960725 0.374258321 0.079501696 0.017941192 0.996673286 -1.705754820
87220467 0.477489179 0.848869620 0.500000000 0.500000000 0.000000000 0.000000000 0.996886611 -0.000796865 -0.078844257 -0.079533914 -0.000637966 0.999834657 -0.018171426 0.378287253 0.078845702 0.018165151 0.996721327 -1.722071658
87253833 0.477489179 0.848869620 0.500000000 0.500000000 0.000000000 0.000000000 0.996933281 -0.000686161 -0.078253008 -0.085344107 -0.000770625 0.999826968 -0.018584644 0.382924463 0.078252226 0.018587954 0.996760309 -1.738266543
87287200 0.477489179 0.848869620 0.500000000 0.500000000 0.000000000 0.000000000 0.996957541 -0.000543281 -0.077944994 -0.090382388 -0.000925879 0.999822617 -0.018811293 0.387181983 0.077941388 0.018826228 0.996780157 -1.755617948
87320567 0.477489179 0.848869620 0.500000000 0.500000000 0.000000000 0.000000000 0.996967852 -0.000551546 -0.077812821 -0.094620740 -0.000925309 0.999820173 -0.018942250 0.391095248 0.077809274 0.018956814 0.996788025 -1.772744795
87353933 0.477489179 0.848869620 0.500000000 0.500000000 0.000000000 0.000000000 0.996989667 -0.000557288 -0.077532597 -0.099001812 -0.000937846 0.999814332 -0.019246202 0.395543285 0.077528931 0.019260976 0.996804059 -1.789664582
87387300 0.477489179 0.848869620 0.500000000 0.500000000 0.000000000 0.000000000 0.996989548 -0.000658821 -0.077532977 -0.102261599 -0.000884351 0.999802232 -0.019867409 0.401134160 0.077530727 0.019876165 0.996791840 -1.807178238
87420667 0.477489179 0.848869620 0.500000000 0.500000000 0.000000000 0.000000000 0.997015417 -0.001242121 -0.077192336 -0.107505064 -0.000316805 0.999796331 -0.020179825 0.405949197 0.077201679 0.020144053 0.996811986 -1.824822017
