https://www.youtube.com/watch?v=iuMEdvXR8Kw
90882456 0.499590307 0.888160474 0.500000000 0.500000000 0.000000000 0.000000000 0.999873161 -0.004636114 0.015235732 -0.268521191 0.004464383 0.999926329 0.011286314 -0.040060949 -0.015286935 -0.011216865 0.999820232 0.002776716
90924167 0.499590307 0.888160474 0.500000000 0.500000000 0.000000000 0.000000000 0.999871612 -0.004578338 0.015353857 -0.277247004 0.004405280 0.999926627 0.011286300 -0.040519562 -0.015404402 -0.011217213 0.999818444 0.003214675
90965878 0.499590307 0.888160474 0.500000000 0.500000000 0.000000000 0.000000000 0.999865353 -0.004695079 0.015722468 -0.286622402 0.004516256 0.999924958 0.011390021 -0.041487631 -0.015774764 -0.011317481 0.999811530 0.004295496
91007589 0.499590307 0.888160474 0.500000000 0.500000000 0.000000000 0.000000000 0.999862015 -0.004706267 0.015931126 -0.295426641 0.004522657 0.999923170 0.011541726 -0.042445803 -0.015984220 -0.011468083 0.999806464 0.004053987
91049289 0.499590307 0.888160474 0.500000000 0.500000000 0.000000000 0.000000000 0.999858975 -0.004651764 0.016135657 -0.304245322 0.004464787 0.999922693 0.011604542 -0.043166730 -0.016188392 -0.011530863 0.999802470 0.003888977
91091000 0.499590307 0.888160474 0.500000000 0.500000000 0.000000000 0.000000000 0.999851525 -0.004742603 0.016564570 -0.313169755 0.004549413 0.999921441 0.011681166 -0.044233214 -0.016618667 -0.011604072 0.999794543 0.003246047
91132711 0.499590307 0.888160474 0.500000000 0.500000000 0.000000000 0.000000000 0.999847949 -0.004661311 0.016801916 -0.322452270 0.004466034 0.999922276 0.011641180 -0.044875954 -0.016854873 -0.011564372 0.999791086 0.003028845
91174422 0.499590307 0.888160474 0.500000000 0.500000000 0.000000000 0.000000000 0.999843121 -0.004704427 0.017075699 -0.331453800 0.004505635 0.999921858 0.011661709 -0.045496105 -0.017129226 -0.011582943 0.999786198 0.002803339
91216122 0.499590307 0.888160474 0.500000000 0.500000000 0.000000000 0.000000000 0.999842465 -0.004716017 0.017111611 -0.340706290 0.004514536 0.999920249 0.011794105 -0.046572753 -0.017165868 -0.011714996 0.999784052 0.003243080
91257833 0.499590307 0.888160474 0.500000000 0.500000000 0.000000000 0.000000000 0.999838769 -0.004506032 0.017381260 -0.349821111 0.004304047 0.999922991 0.011640788 -0.046780536 -0.017432377 -0.011564102 0.999781191 0.003594490
91299544 0.499590307 0.888160474 0.500000000 0.500000000 0.000000000 0.000000000 0.999836147 -0.004579455 0.017513536 -0.358866780 0.004371232 0.999919534 0.011909102 -0.047710761 -0.017566664 -0.011830595 0.999775708 0.004487858
91341256 0.499590307 0.888160474 0.500000000 0.500000000 0.000000000 0.000000000 0.999835789 -0.004472560 0.017560907 -0.367710527 0.004265953 0.999921441 0.011785069 -0.047836562 -0.017612236 -0.011708220 0.999776363 0.004823873
91382956 0.499590307 0.888160474 0.500000000 0.500000000 0.000000000 0.000000000 0.999831915 -0.004559276 0.017757624 -0.377070680 0.004348563 0.999919891 0.011886622 -0.048457860 -0.017810395 -0.011807404 0.999771655 0.004585307
91424667 0.499590307 0.888160474 0.500000000 0.500000000 0.000000000 0.000000000 0.999833405 -0.004657915 0.017647332 -0.385625799 0.004444061 0.999916434 0.012138099 -0.049491430 -0.017702395 -0.012057652 0.999770582 0.003164092
91466378 0.499590307 0.888160474 0.500000000 0.500000000 0.000000000 0.000000000 0.999832153 -0.004529259 0.017752068 -0.394135554 0.004314512 0.999917269 0.012116706 -0.049837071 -0.017805479 -0.012038081 0.999768972 0.001938146
91508089 0.499590307 0.888160474 0.500000000 0.500000000 0.000000000 0.000000000 0.999826670 -0.004520083 0.018059993 -0.403185692 0.004299827 0.999916136 0.012216081 -0.050508189 -0.018113697 -0.012136308 0.999762297 0.000398697
91549789 0.499590307 0.888160474 0.500000000 0.500000000 0.000000000 0.000000000 0.999825835 -0.004561062 0.018095672 -0.412204014 0.004339722 0.999915540 0.012252053 -0.050782806 -0.018150026 -0.012171390 0.999761164 -0.000694680
91591500 0.499590307 0.888160474 0.500000000 0.500000000 0.000000000 0.000000000 0.999822080 -0.004659067 0.018278418 -0.421807091 0.004432996 0.999913394 0.012389266 -0.051416325 -0.018334558 -0.012306034 0.999756157 -0.001695652
91633211 0.499590307 0.888160474 0.500000000 0.500000000 0.000000000 0.000000000 0.999824762 -0.004721865 0.018115213 -0.431015971 0.004499249 0.999914110 0.012309997 -0.051584698 -0.018171784 -0.012226335 0.999760151 -0.002206273
91674922 0.499590307 0.888160474 0.500000000 0.500000000 0.000000000 0.000000000 0.999821424 -0.004671617 0.018312218 -0.441060092 0.004448612 0.999915659 0.012199812 -0.051325181 -0.018367667 -0.012116169 0.999757886 -0.003077572
91716622 0.499590307 0.888160474 0.500000000 0.500000000 0.000000000 0.000000000 0.999826193 -0.004664038 0.018049520 -0.450254697 0.004442068 0.999914229 0.012318422 -0.051752703 -0.018105427 -0.012236104 0.999761224 -0.004047973
91758333 0.499590307 0.888160474 0.500000000 0.500000000 0.000000000 0.000000000 0.999820650 -0.004709365 0.018343717 -0.460700083 0.004481197 0.999912322 0.012459786 -0.052656144 -0.018400786 -0.012375349 0.999754071 -0.005444659
91800044 0.499590307 0.888160474 0.500000000 0.500000000 0.000000000 0.000000000 0.999827564 -0.004635570 0.017982354 -0.469203066 0.004413670 0.999913871 0.012359983 -0.052903598 -0.018038101 -0.012278483 0.999761879 -0.007009081
91841756 0.499590307 0.888160474 0.500000000 0.500000000 0.000000000 0.000000000 0.999828875 -0.004503314 0.017942436 -0.478510877 0.004282285 0.999914706 0.012338223 -0.053187371 -0.017996468 -0.012259277 0.999762893 -0.008822755
91883456 0.499590307 0.888160474 0.500000000 0.500000000 0.000000000 0.000000000 0.999825776 -0.004451562 0.018128883 -0.487616494 0.004231256 0.999916971 0.012172473 -0.052873213 -0.018181564 -0.012093644 0.999761581 -0.009339539
91925167 0.499590307 0.888160474 0.500000000 0.500000000 0.000000000 0.000000000 0.999829650 -0.004377482 0.017931100 -0.496421467 0.004159111 0.999916971 0.012197555 -0.052737245 -0.017983004 -0.012120900 0.999764800 -0.010822487
91966878 0.499590307 0.888160474 0.500000000 0.500000000 0.000000000 0.000000000 0.999824107 -0.004275070 0.018260648 -0.506316560 0.004054403 0.999918520 0.012104215 -0.051939145 -0.018310906 -0.012028051 0.999759972 -0.011446297
92008589 0.499590307 0.888160474 0.500000000 0.500000000 0.000000000 0.000000000 0.999829829 -0.004389924 0.017916081 -0.515994676 0.004167605 0.999914110 0.012427477 -0.052562181 -0.017969098 -0.012350695 0.999762237 -0.012749637
92050289 0.499590307 0.888160474 0.500000000 0.500000000 0.000000000 0.000000000 0.999828577 -0.004344512 0.017999100 -0.525493686 0.004123141 0.999915659 0.012317915 -0.051862025 -0.018051097 -0.012241591 0.999762118 -0.013310597
92092000 0.499590307 0.888160474 0.500000000 0.500000000 0.000000000 0.000000000 0.999832630 -0.004454933 0.017746035 -0.535291099 0.004235266 0.999914169 0.012396763 -0.051772110 -0.017799739 -0.012319529 0.999765694 -0.014718911
92133711 0.499590307 0.888160474 0.500000000 0.500000000 0.000000000 0.000000000 0.999828935 -0.004454306 0.017952349 -0.545156581 0.004232565 0.999914527 0.012370742 -0.051593614 -0.018005917 -0.012292641 0.999762297 -0.014610143
92175422 0.499590307 0.888160474 0.500000000 0.500000000 0.000000000 0.000000000 0.999828637 -0.004437485 0.017971320 -0.555683022 0.004219552 0.999917328 0.012146501 -0.050505944 -0.018023733 -0.012068589 0.999764740 -0.015401655
92217122 0.499590307 0.888160474 0.500000000 0.500000000 0.000000000 0.000000000 0.999830544 -0.004551823 0.017838603 -0.566475585 0.004330830 0.999913633 0.012407559 -0.050454684 -0.017893540 -0.012328201 0.999763906 -0.015503684
92258833 0.499590307 0.888160474 0.500000000 0.500000000 0.000000000 0.000000000 0.999830365 -0.004554776 0.017845573 -0.578674926 0.004332782 0.999912977 0.012458696 -0.049906475 -0.017900767 -0.012379262 0.999763131 -0.015870881
92342256 0.499590307 0.888160474 0.500000000 0.500000000 0.000000000 0.000000000 0.999833107 -0.004752922 0.017641095 -0.603423505 0.004531795 0.999910951 0.012553682 -0.048866186 -0.017699191 -0.012471640 0.999765575 -0.017854714
92383956 0.499590307 0.888160474 0.500000000 0.500000000 0.000000000 0.000000000 0.999837160 -0.004670979 0.017429430 -0.615662163 0.004451152 0.999910355 0.012629899 -0.048367708 -0.017486861 -0.012550262 0.999768317 -0.018657055
92425667 0.499590307 0.888160474 0.500000000 0.500000000 0.000000000 0.000000000 0.999839604 -0.004686729 0.017285742 -0.628548630 0.004469577 0.999910891 0.012579806 -0.047608230 -0.017343160 -0.012500528 0.999771476 -0.020221177
92467378 0.499590307 0.888160474 0.500000000 0.500000000 0.000000000 0.000000000 0.999841571 -0.004502377 0.017221242 -0.642037755 0.004290832 0.999915123 0.012301249 -0.046153398 -0.017275166 -0.012225407 0.999776006 -0.020684431
92509089 0.499590307 0.888160474 0.500000000 0.500000000 0.000000000 0.000000000 0.999847412 -0.004630270 0.016845375 -0.654670503 0.004420208 0.999912262 0.012485943 -0.046485243 -0.016901711 -0.012409577 0.999780118 -0.021523125
92550789 0.499590307 0.888160474 0.500000000 0.500000000 0.000000000 0.000000000 0.999850869 -0.004577130 0.016653491 -0.667705288 0.004374610 0.999916315 0.012176982 -0.045401455 -0.016707834 -0.012102313 0.999787152 -0.021514912
92592500 0.499590307 0.888160474 0.500000000 0.500000000 0.000000000 0.000000000 0.999855995 -0.004622397 0.016328700 -0.680280537 0.004422081 0.999914765 0.012282620 -0.045325646 -0.016384084 -0.012208644 0.999791205 -0.022044645
92634211 0.499590307 0.888160474 0.500000000 0.500000000 0.000000000 0.000000000 0.999859452 -0.004610292 0.016119199 -0.693033061 0.004412499 0.999914825 0.012284753 -0.044658510 -0.016174462 -0.012211900 0.999794602 -0.021890051
92675922 0.499590307 0.888160474 0.500000000 0.500000000 0.000000000 0.000000000 0.999863982 -0.004474333 0.015875023 -0.704672352 0.004281042 0.999916553 0.012188946 -0.043833413 -0.015928235 -0.012119326 0.999799669 -0.021847230
92717622 0.499590307 0.888160474 0.500000000 0.500000000 0.000000000 0.000000000 0.999866486 -0.004482437 0.015714753 -0.716915071 0.004291422 0.999916732 0.012167918 -0.043292870 -0.015767986 -0.012098855 0.999802470 -0.021110716
92759333 0.499590307 0.888160474 0.500000000 0.500000000 0.000000000 0.000000000 0.999868929 -0.004398970 0.015581213 -0.729145897 0.004209319 0.999916911 0.012183782 -0.042782226 -0.015633514 -0.012116598 0.999804378 -0.020844038
92842756 0.499590307 0.888160474 0.500000000 0.500000000 0.000000000 0.000000000 0.999877393 -0.004308322 0.015056001 -0.752628230 0.004126106 0.999918103 0.012112684 -0.041663831 -0.015106954 -0.012049075 0.999813259 -0.019703109
92884456 0.499590307 0.888160474 0.500000000 0.500000000 0.000000000 0.000000000 0.999878347 -0.004188955 0.015023950 -0.764312875 0.004008222 0.999919474 0.012039703 -0.041227933 -0.015073174 -0.011978020 0.999814630 -0.019024382
92926167 0.499590307 0.888160474 0.500000000 0.500000000 0.000000000 0.000000000 0.999883831 -0.004145806 0.014669246 -0.774871438 0.003971724 0.999921560 0.011876426 -0.040961733 -0.014717333 -0.011816784 0.999821842 -0.018901547
92967878 0.499590307 0.888160474 0.500000000 0.500000000 0.000000000 0.000000000 0.999886453 -0.004068729 0.014510345 -0.785584470 0.003898405 0.999923408 0.011747135 -0.040784956 -0.014557029 -0.011689234 0.999825716 -0.017741732
93009589 0.499590307 0.888160474 0.500000000 0.500000000 0.000000000 0.000000000 0.999889433 -0.004038957 0.014312021 -0.796128110 0.003869588 0.999922395 0.011842105 -0.041409285 -0.014358739 -0.011785413 0.999827445 -0.016996374
93051289 0.499590307 0.888160474 0.500000000 0.500000000 0.000000000 0.000000000 0.999891162 -0.003994854 0.014201201 -0.806057449 0.003829299 0.999924600 0.011665892 -0.041391145 -0.014246735 -0.011610242 0.999831080 -0.015746192
93093000 0.499590307 0.888160474 0.500000000 0.500000000 0.000000000 0.000000000 0.999893904 -0.004111367 0.013974462 -0.815839855 0.003947800 0.999923646 0.011712201 -0.042057385 -0.014021548 -0.011655791 0.999833763 -0.015463902
93134711 0.499590307 0.888160474 0.500000000 0.500000000 0.000000000 0.000000000 0.999893844 -0.004095724 0.013983984 -0.825839807 0.003932022 0.999923646 0.011713909 -0.042430803 -0.014030894 -0.011657679 0.999833584 -0.014416894
93176422 0.499590307 0.888160474 0.500000000 0.500000000 0.000000000 0.000000000 0.999896944 -0.004112363 0.013753724 -0.835186335 0.003949385 0.999921918 0.011855943 -0.043354585 -0.013801406 -0.011800403 0.999835134 -0.014448434
93218122 0.499590307 0.888160474 0.500000000 0.500000000 0.000000000 0.000000000 0.999898851 -0.004242897 0.013574703 -0.844484148 0.004081276 0.999920726 0.011911694 -0.044594860 -0.013624167 -0.011855087 0.999836922 -0.013871051
93259833 0.499590307 0.888160474 0.500000000 0.500000000 0.000000000 0.000000000 0.999900162 -0.004190834 0.013493356 -0.853667303 0.004033084 0.999923468 0.011696999 -0.045811018 -0.013541344 -0.011641412 0.999840558 -0.013852314
93301544 0.499590307 0.888160474 0.500000000 0.500000000 0.000000000 0.000000000 0.999903083 -0.004227120 0.013264387 -0.862379096 0.004071941 0.999923229 0.011704210 -0.047028054 -0.013312844 -0.011649064 0.999843538 -0.013145501
93343256 0.499590307 0.888160474 0.500000000 0.500000000 0.000000000 0.000000000 0.999905348 -0.004294448 0.013072897 -0.870574364 0.004141568 0.999922991 0.011699156 -0.048400663 -0.013122131 -0.011643906 0.999846101 -0.012187235
93384956 0.499590307 0.888160474 0.500000000 0.500000000 0.000000000 0.000000000 0.999905884 -0.004285361 0.013034794 -0.879032596 0.004135902 0.999925673 0.011471568 -0.049001078 -0.013082985 -0.011416577 0.999849260 -0.010916704
93426667 0.499590307 0.888160474 0.500000000 0.500000000 0.000000000 0.000000000 0.999907672 -0.004280778 0.012898713 -0.886788167 0.004133054 0.999925792 0.011457560 -0.049491241 -0.012946804 -0.011403191 0.999851167 -0.010362971
93468378 0.499590307 0.888160474 0.500000000 0.500000000 0.000000000 0.000000000 0.999907434 -0.004365275 0.012885265 -0.894731391 0.004217427 0.999925196 0.011479105 -0.050184421 -0.012934411 -0.011423700 0.999851108 -0.009593140
93510089 0.499590307 0.888160474 0.500000000 0.500000000 0.000000000 0.000000000 0.999909818 -0.004348030 0.012708094 -0.902234110 0.004201911 0.999925017 0.011502253 -0.050973528 -0.012757153 -0.011447817 0.999853075 -0.009752013
93551789 0.499590307 0.888160474 0.500000000 0.500000000 0.000000000 0.000000000 0.999910235 -0.004415989 0.012651352 -0.909674392 0.004271927 0.999925971 0.011391607 -0.051652535 -0.012700721 -0.011336538 0.999855101 -0.009105527
93593500 0.499590307 0.888160474 0.500000000 0.500000000 0.000000000 0.000000000 0.999912679 -0.004351602 0.012476459 -0.917149151 0.004209530 0.999926269 0.011390942 -0.052504984 -0.012525109 -0.011337427 0.999857306 -0.009029664
93635211 0.499590307 0.888160474 0.500000000 0.500000000 0.000000000 0.000000000 0.999911308 -0.004395684 0.012569931 -0.925139427 0.004252259 0.999925792 0.011414181 -0.053662015 -0.012619172 -0.011359718 0.999855876 -0.007833521
93676922 0.499590307 0.888160474 0.500000000 0.500000000 0.000000000 0.000000000 0.999914229 -0.004500527 0.012301488 -0.932845496 0.004362050 0.999927104 0.011260669 -0.054336500 -0.012351270 -0.011206043 0.999860942 -0.007208785
93718622 0.499590307 0.888160474 0.500000000 0.500000000 0.000000000 0.000000000 0.999915540 -0.004474684 0.012202495 -0.940321785 0.004336573 0.999926507 0.011321289 -0.055588410 -0.012252257 -0.011267416 0.999861479 -0.005927509
93760333 0.499590307 0.888160474 0.500000000 0.500000000 0.000000000 0.000000000 0.999914646 -0.004556959 0.012244388 -0.948213836 0.004419986 0.999927640 0.011190465 -0.056324103 -0.012294495 -0.011135389 0.999862432 -0.004689881
93843756 0.499590307 0.888160474 0.500000000 0.500000000 0.000000000 0.000000000 0.999918699 -0.004396824 0.011969171 -0.962857752 0.004265085 0.999930322 0.011009886 -0.057338192 -0.012016744 -0.010957941 0.999867737 -0.001969592
93885456 0.499590307 0.888160474 0.500000000 0.500000000 0.000000000 0.000000000 0.999919534 -0.004309908 0.011930371 -0.970273345 0.004180864 0.999932706 0.010820294 -0.057557755 -0.011976203 -0.010769544 0.999870300 -0.000229869
93927167 0.499590307 0.888160474 0.500000000 0.500000000 0.000000000 0.000000000 0.999919116 -0.004405200 0.011932922 -0.977821465 0.004274059 0.999930441 0.010993161 -0.059084271 -0.011980519 -0.010941270 0.999868393 0.000317814
93968878 0.499590307 0.888160474 0.500000000 0.500000000 0.000000000 0.000000000 0.999917865 -0.004557440 0.011980541 -0.985764619 0.004424070 0.999928236 0.011135193 -0.060611138 -0.012030429 -0.011081275 0.999866247 0.001478118
94010589 0.499590307 0.888160474 0.500000000 0.500000000 0.000000000 0.000000000 0.999918401 -0.004454139 0.011975359 -0.993795440 0.004321948 0.999929667 0.011041917 -0.061512715 -0.012023699 -0.010989259 0.999867320 0.002148551
