https://www.youtube.com/watch?v=Yad_o2rsCQA
321354000 0.524632567 0.932680168 0.500000000 0.500000000 0.000000000 0.000000000 0.999999762 0.000073203 0.000693505 0.084873658 -0.000073227 1.000000000 0.000033690 0.001616390 -0.000693503 -0.000033741 0.999999762 0.005166248
321388000 0.524632567 0.932680168 0.500000000 0.500000000 0.000000000 0.000000000 0.999999821 0.000082242 0.000613035 0.087654942 -0.000082294 1.000000000 0.000083480 0.001252221 -0.000613028 -0.000083531 0.999999821 0.005067129
321421000 0.524632567 0.932680168 0.500000000 0.500000000 0.000000000 0.000000000 0.999999881 -0.000075337 0.000521404 0.090538642 0.000075395 1.000000000 -0.000110882 0.001326172 -0.000521396 0.000110922 0.999999881 0.005306509
321454000 0.524632567 0.932680168 0.500000000 0.500000000 0.000000000 0.000000000 0.999999940 0.000052069 0.000371492 0.093337861 -0.000051949 0.999999940 -0.000322936 0.001479547 -0.000371509 0.000322917 0.999999881 0.005402231
321488000 0.524632567 0.932680168 0.500000000 0.500000000 0.000000000 0.000000000 0.999999940 -0.000065063 0.000341124 0.096048005 0.000065189 0.999999940 -0.000369577 0.001509889 -0.000341100 0.000369599 0.999999881 0.005471577
321521000 0.524632567 0.932680168 0.500000000 0.500000000 0.000000000 0.000000000 0.999999940 0.000025269 0.000337946 0.098685391 -0.000025087 0.999999881 -0.000538789 0.001797224 -0.000337959 0.000538780 0.999999821 0.005758205
321555000 0.524632567 0.932680168 0.500000000 0.500000000 0.000000000 0.000000000 0.999999881 0.000115861 0.000417412 0.101145904 -0.000115621 0.999999821 -0.000573893 0.001778376 -0.000417478 0.000573845 0.999999762 0.005567601
321588000 0.524632567 0.932680168 0.500000000 0.500000000 0.000000000 0.000000000 0.999999821 0.000158604 0.000536518 0.103642869 -0.000158287 0.999999821 -0.000590044 0.001861425 -0.000536612 0.000589959 0.999999702 0.005428350
321621000 0.524632567 0.932680168 0.500000000 0.500000000 0.000000000 0.000000000 0.999999940 0.000108266 0.000369283 0.106602842 -0.000108073 0.999999881 -0.000521696 0.001757441 -0.000369339 0.000521656 0.999999821 0.005820573
321655000 0.524632567 0.932680168 0.500000000 0.500000000 0.000000000 0.000000000 0.999999940 0.000032933 0.000399036 0.109336662 -0.000032793 0.999999940 -0.000350854 0.001378490 -0.000399047 0.000350841 0.999999881 0.005952015
321688000 0.524632567 0.932680168 0.500000000 0.500000000 0.000000000 0.000000000 0.999999940 0.000192244 0.000266402 0.112370095 -0.000192102 0.999999821 -0.000533236 0.001684635 -0.000266504 0.000533185 0.999999821 0.006000623
321721000 0.524632567 0.932680168 0.500000000 0.500000000 0.000000000 0.000000000 0.999999881 -0.000033556 0.000423446 0.114566407 0.000033681 0.999999940 -0.000294833 0.001238099 -0.000423436 0.000294847 0.999999881 0.006115550
321755000 0.524632567 0.932680168 0.500000000 0.500000000 0.000000000 0.000000000 0.999999940 0.000037797 0.000342676 0.117591780 -0.000037675 0.999999940 -0.000356207 0.001448262 -0.000342689 0.000356194 0.999999881 0.006290794
321788000 0.524632567 0.932680168 0.500000000 0.500000000 0.000000000 0.000000000 0.999999881 -0.000132861 0.000498495 0.119643372 0.000132991 0.999999940 -0.000261343 0.001239440 -0.000498461 0.000261409 0.999999821 0.005999051
321822000 0.524632567 0.932680168 0.500000000 0.500000000 0.000000000 0.000000000 0.999999881 -0.000211577 0.000437768 0.122861267 0.000211593 1.000000000 -0.000036475 0.001172663 -0.000437760 0.000036567 0.999999881 0.006372728
321855000 0.524632567 0.932680168 0.500000000 0.500000000 0.000000000 0.000000000 0.999999881 -0.000171923 0.000515520 0.125358872 0.000171957 1.000000000 -0.000064352 0.001205437 -0.000515509 0.000064441 0.999999881 0.006299062
321888000 0.524632567 0.932680168 0.500000000 0.500000000 0.000000000 0.000000000 0.999999940 -0.000148578 0.000312037 0.128366407 0.000148632 1.000000000 -0.000174039 0.001301148 -0.000312011 0.000174085 0.999999940 0.006457320
321922000 0.524632567 0.932680168 0.500000000 0.500000000 0.000000000 0.000000000 0.999999940 -0.000292559 0.000231984 0.131295037 0.000292591 0.999999940 -0.000138124 0.001298683 -0.000231943 0.000138192 0.999999940 0.006846916
321955000 0.524632567 0.932680168 0.500000000 0.500000000 0.000000000 0.000000000 0.999999940 -0.000340193 0.000026753 0.134306576 0.000340197 0.999999940 -0.000150515 0.001443834 -0.000026702 0.000150524 1.000000000 0.006818200
321988000 0.524632567 0.932680168 0.500000000 0.500000000 0.000000000 0.000000000 0.999999940 -0.000364827 0.000116764 0.136735764 0.000364849 0.999999940 -0.000191111 0.001310118 -0.000116694 0.000191153 1.000000000 0.006774216
322022000 0.524632567 0.932680168 0.500000000 0.500000000 0.000000000 0.000000000 0.999999940 -0.000399557 -0.000010105 0.139403834 0.000399554 0.999999881 -0.000217302 0.001392497 0.000010192 0.000217298 1.000000000 0.006826954
322055000 0.524632567 0.932680168 0.500000000 0.500000000 0.000000000 0.000000000 0.999999881 -0.000476049 0.000111757 0.141897810 0.000476075 0.999999881 -0.000233241 0.001525778 -0.000111646 0.000233294 0.999999940 0.006865849
322088000 0.524632567 0.932680168 0.500000000 0.500000000 0.000000000 0.000000000 0.999999881 -0.000346448 0.000279479 0.144434895 0.000346544 0.999999881 -0.000346260 0.001690884 -0.000279359 0.000346356 0.999999881 0.006948144
322122000 0.524632567 0.932680168 0.500000000 0.500000000 0.000000000 0.000000000 0.999999881 -0.000523009 -0.000034810 0.147534409 0.000523001 0.999999821 -0.000221383 0.001107573 0.000034926 0.000221364 1.000000000 0.007285820
322155000 0.524632567 0.932680168 0.500000000 0.500000000 0.000000000 0.000000000 0.999999821 -0.000593973 0.000104420 0.149809135 0.000594018 0.999999702 -0.000433664 0.001397907 -0.000104163 0.000433725 0.999999881 0.007114698
322189000 0.524632567 0.932680168 0.500000000 0.500000000 0.000000000 0.000000000 0.999999762 -0.000728278 -0.000034698 0.152492865 0.000728264 0.999999642 -0.000413891 0.001333249 0.000035000 0.000413866 0.999999940 0.007191440
322222000 0.524632567 0.932680168 0.500000000 0.500000000 0.000000000 0.000000000 0.999999702 -0.000732694 -0.000121796 0.155414526 0.000732624 0.999999583 -0.000571748 0.001432847 0.000122215 0.000571659 0.999999821 0.007423340
322255000 0.524632567 0.932680168 0.500000000 0.500000000 0.000000000 0.000000000 0.999999702 -0.000738912 -0.000084268 0.158033263 0.000738851 0.999999464 -0.000722687 0.001517542 0.000084802 0.000722624 0.999999762 0.007329261
322289000 0.524632567 0.932680168 0.500000000 0.500000000 0.000000000 0.000000000 0.999999821 -0.000613489 0.000128909 0.159911652 0.000613589 0.999999523 -0.000771222 0.001489436 -0.000128436 0.000771301 0.999999702 0.007003127
322322000 0.524632567 0.932680168 0.500000000 0.500000000 0.000000000 0.000000000 0.999999642 -0.000790421 0.000239979 0.162680501 0.000790566 0.999999523 -0.000605008 0.001402086 -0.000239501 0.000605197 0.999999762 0.007370018
322355000 0.524632567 0.932680168 0.500000000 0.500000000 0.000000000 0.000000000 0.999999762 -0.000717408 0.000063557 0.165879006 0.000717453 0.999999464 -0.000707010 0.001413019 -0.000063050 0.000707056 0.999999762 0.007703660
322389000 0.524632567 0.932680168 0.500000000 0.500000000 0.000000000 0.000000000 0.999999762 -0.000629071 0.000313860 0.167955698 0.000629301 0.999999523 -0.000733496 0.001380843 -0.000313399 0.000733693 0.999999702 0.007536535
322422000 0.524632567 0.932680168 0.500000000 0.500000000 0.000000000 0.000000000 0.999999702 -0.000727762 0.000290531 0.170867694 0.000727980 0.999999464 -0.000748913 0.001362173 -0.000289986 0.000749125 0.999999702 0.007694407
322455000 0.524632567 0.932680168 0.500000000 0.500000000 0.000000000 0.000000000 0.999999642 -0.000786114 0.000349244 0.173670979 0.000786420 0.999999285 -0.000876179 0.001545181 -0.000348555 0.000876454 0.999999583 0.007959291
322489000 0.524632567 0.932680168 0.500000000 0.500000000 0.000000000 0.000000000 0.999999702 -0.000621507 0.000433493 0.176074643 0.000621991 0.999999166 -0.001117098 0.001887804 -0.000432798 0.001117368 0.999999285 0.007774308
322522000 0.524632567 0.932680168 0.500000000 0.500000000 0.000000000 0.000000000 0.999999583 -0.000711822 0.000519656 0.178559861 0.000712369 0.999999166 -0.001054722 0.001781388 -0.000518905 0.001055092 0.999999285 0.007876622
322556000 0.524632567 0.932680168 0.500000000 0.500000000 0.000000000 0.000000000 0.999999642 -0.000680048 0.000480656 0.181475738 0.000680512 0.999999285 -0.000965133 0.001691411 -0.000479999 0.000965460 0.999999404 0.008251118
322589000 0.524632567 0.932680168 0.500000000 0.500000000 0.000000000 0.000000000 0.999999523 -0.000666171 0.000726073 0.183377062 0.000666919 0.999999225 -0.001030660 0.001811243 -0.000725386 0.001031144 0.999999225 0.008017383
322622000 0.524632567 0.932680168 0.500000000 0.500000000 0.000000000 0.000000000 0.999999523 -0.000622961 0.000764030 0.186241334 0.000623782 0.999999225 -0.001074187 0.001833546 -0.000763360 0.001074664 0.999999106 0.008138987
322656000 0.524632567 0.932680168 0.500000000 0.500000000 0.000000000 0.000000000 0.999999464 -0.000758235 0.000728450 0.189041877 0.000758967 0.999999225 -0.001005928 0.001761598 -0.000727687 0.001006481 0.999999225 0.008398036
322689000 0.524632567 0.932680168 0.500000000 0.500000000 0.000000000 0.000000000 0.999999464 -0.000579915 0.000833373 0.191183184 0.000580793 0.999999285 -0.001053872 0.001792411 -0.000832761 0.001054356 0.999999106 0.008263304
322722000 0.524632567 0.932680168 0.500000000 0.500000000 0.000000000 0.000000000 0.999999285 -0.000572652 0.001068341 0.193419022 0.000573814 0.999999225 -0.001087679 0.001935554 -0.001067717 0.001088291 0.999998868 0.008088674
322756000 0.524632567 0.932680168 0.500000000 0.500000000 0.000000000 0.000000000 0.999999285 -0.000664089 0.001018796 0.196140579 0.000665147 0.999999225 -0.001038944 0.001967872 -0.001018105 0.001039621 0.999998927 0.008257761
322789000 0.524632567 0.932680168 0.500000000 0.500000000 0.000000000 0.000000000 0.999999225 -0.000594362 0.001099549 0.198733517 0.000595501 0.999999285 -0.001036301 0.002135661 -0.001098932 0.001036955 0.999998868 0.008358013
322823000 0.524632567 0.932680168 0.500000000 0.500000000 0.000000000 0.000000000 0.999999106 -0.000799655 0.001081564 0.201595060 0.000800606 0.999999285 -0.000879523 0.001934568 -0.001080860 0.000880388 0.999999046 0.008437872
322856000 0.524632567 0.932680168 0.500000000 0.500000000 0.000000000 0.000000000 0.999999166 -0.000738135 0.001039637 0.204494321 0.000739189 0.999999225 -0.001014475 0.002316626 -0.001038888 0.001015243 0.999998927 0.008472139
322889000 0.524632567 0.932680168 0.500000000 0.500000000 0.000000000 0.000000000 0.999998987 -0.000719640 0.001207615 0.206646429 0.000720614 0.999999404 -0.000805639 0.001955000 -0.001207035 0.000806508 0.999998927 0.008274713
322923000 0.524632567 0.932680168 0.500000000 0.500000000 0.000000000 0.000000000 0.999999046 -0.000832862 0.001095641 0.209474446 0.000833495 0.999999464 -0.000577111 0.001699296 -0.001095159 0.000578023 0.999999225 0.008435379
322956000 0.524632567 0.932680168 0.500000000 0.500000000 0.000000000 0.000000000 0.999998987 -0.000797445 0.001175326 0.211985173 0.000798135 0.999999523 -0.000587383 0.001769801 -0.001174857 0.000588320 0.999999166 0.008354105
322989000 0.524632567 0.932680168 0.500000000 0.500000000 0.000000000 0.000000000 0.999998927 -0.000779054 0.001244295 0.214939689 0.000779912 0.999999464 -0.000688942 0.001964513 -0.001243758 0.000689912 0.999998987 0.008441579
323023000 0.524632567 0.932680168 0.500000000 0.500000000 0.000000000 0.000000000 0.999999046 -0.000775199 0.001123432 0.218132942 0.000776014 0.999999464 -0.000724882 0.002038745 -0.001122869 0.000725753 0.999999106 0.008649678
323056000 0.524632567 0.932680168 0.500000000 0.500000000 0.000000000 0.000000000 0.999999046 -0.000667246 0.001187909 0.220931025 0.000668013 0.999999583 -0.000645182 0.001844481 -0.001187478 0.000645975 0.999999106 0.008726669
323089000 0.524632567 0.932680168 0.500000000 0.500000000 0.000000000 0.000000000 0.999999046 -0.000710319 0.001208808 0.223728625 0.000711181 0.999999464 -0.000713252 0.001993278 -0.001208301 0.000714111 0.999998987 0.008889005
323123000 0.524632567 0.932680168 0.500000000 0.500000000 0.000000000 0.000000000 0.999998927 -0.000764246 0.001252408 0.226674615 0.000765170 0.999999464 -0.000737103 0.002075194 -0.001251844 0.000738060 0.999998927 0.008928412
323156000 0.524632567 0.932680168 0.500000000 0.500000000 0.000000000 0.000000000 0.999999046 -0.000721711 0.001192801 0.229954340 0.000722610 0.999999464 -0.000753408 0.002222172 -0.001192257 0.000754269 0.999998987 0.009273706
323190000 0.524632567 0.932680168 0.500000000 0.500000000 0.000000000 0.000000000 0.999999166 -0.000653361 0.001104064 0.233048162 0.000654290 0.999999404 -0.000841393 0.002330359 -0.001103514 0.000842115 0.999999046 0.009480391
323223000 0.524632567 0.932680168 0.500000000 0.500000000 0.000000000 0.000000000 0.999998868 -0.000747206 0.001305981 0.235552256 0.000748106 0.999999464 -0.000689345 0.001931853 -0.001305465 0.000690322 0.999998927 0.009148040
323256000 0.524632567 0.932680168 0.500000000 0.500000000 0.000000000 0.000000000 0.999998927 -0.000821104 0.001217304 0.238752525 0.000821922 0.999999464 -0.000671865 0.001990805 -0.001216752 0.000672865 0.999999046 0.009725803
323290000 0.524632567 0.932680168 0.500000000 0.500000000 0.000000000 0.000000000 0.999998868 -0.000786303 0.001259978 0.241444897 0.000787384 0.999999344 -0.000857278 0.002389704 -0.001259303 0.000858269 0.999998868 0.009745836
323323000 0.524632567 0.932680168 0.500000000 0.500000000 0.000000000 0.000000000 0.999998868 -0.000960181 0.001165211 0.244684810 0.000960735 0.999999404 -0.000474905 0.001621278 -0.001164754 0.000476024 0.999999225 0.009573345
323356000 0.524632567 0.932680168 0.500000000 0.500000000 0.000000000 0.000000000 0.999999225 -0.000803921 0.000944521 0.248128631 0.000804522 0.999999464 -0.000636261 0.001995296 -0.000944009 0.000637020 0.999999344 0.010032456
323390000 0.524632567 0.932680168 0.500000000 0.500000000 0.000000000 0.000000000 0.999999166 -0.000750918 0.001049999 0.250579828 0.000751555 0.999999523 -0.000605796 0.001930065 -0.001049544 0.000606585 0.999999285 0.009810127
323423000 0.524632567 0.932680168 0.500000000 0.500000000 0.000000000 0.000000000 0.999999225 -0.000733339 0.001017197 0.253764905 0.000733927 0.999999583 -0.000577647 0.001819559 -0.001016773 0.000578393 0.999999344 0.010179072
323456000 0.524632567 0.932680168 0.500000000 0.500000000 0.000000000 0.000000000 0.999999523 -0.000482608 0.000881885 0.257093018 0.000483334 0.999999523 -0.000822900 0.001999995 -0.000881487 0.000823326 0.999999285 0.010244616
323490000 0.524632567 0.932680168 0.500000000 0.500000000 0.000000000 0.000000000 0.999999464 -0.000554762 0.000873162 0.260229911 0.000555495 0.999999464 -0.000840148 0.002092275 -0.000872696 0.000840633 0.999999285 0.010353595
323523000 0.524632567 0.932680168 0.500000000 0.500000000 0.000000000 0.000000000 0.999999404 -0.000569745 0.000960562 0.263119321 0.000570567 0.999999464 -0.000856215 0.002061255 -0.000960073 0.000856762 0.999999166 0.010276703
323557000 0.524632567 0.932680168 0.500000000 0.500000000 0.000000000 0.000000000 0.999999404 -0.000536154 0.000974308 0.266443197 0.000536982 0.999999523 -0.000849808 0.001972300 -0.000973851 0.000850331 0.999999166 0.010464151
323590000 0.524632567 0.932680168 0.500000000 0.500000000 0.000000000 0.000000000 0.999999344 -0.000547412 0.000980803 0.269642405 0.000548283 0.999999464 -0.000888246 0.001979761 -0.000980317 0.000888784 0.999999106 0.010296615
323623000 0.524632567 0.932680168 0.500000000 0.500000000 0.000000000 0.000000000 0.999999285 -0.000459468 0.001086224 0.272310396 0.000460504 0.999999464 -0.000953481 0.002032572 -0.001085785 0.000953981 0.999998927 0.010098370
323657000 0.524632567 0.932680168 0.500000000 0.500000000 0.000000000 0.000000000 0.999999285 -0.000611657 0.001047070 0.275639621 0.000612507 0.999999464 -0.000812369 0.001872750 -0.001046572 0.000813010 0.999999106 0.010377459
323690000 0.524632567 0.932680168 0.500000000 0.500000000 0.000000000 0.000000000 0.999999225 -0.000481837 0.001148648 0.278391992 0.000482943 0.999999404 -0.000962194 0.001996259 -0.001148184 0.000962748 0.999998868 0.010310959
323723000 0.524632567 0.932680168 0.500000000 0.500000000 0.000000000 0.000000000 0.999999464 -0.000403640 0.000948944 0.282308737 0.000404694 0.999999285 -0.001110860 0.002462229 -0.000948495 0.001111244 0.999998927 0.010581165
323757000 0.524632567 0.932680168 0.500000000 0.500000000 0.000000000 0.000000000 0.999999285 -0.000535810 0.001091151 0.285398282 0.000536904 0.999999344 -0.001002458 0.002063569 -0.001090613 0.001003043 0.999998927 0.010715500
323790000 0.524632567 0.932680168 0.500000000 0.500000000 0.000000000 0.000000000 0.999999404 -0.000446496 0.001006186 0.288770329 0.000447555 0.999999344 -0.001052702 0.001774227 -0.001005715 0.001053152 0.999998927 0.010876482
323824000 0.524632567 0.932680168 0.500000000 0.500000000 0.000000000 0.000000000 0.999998927 -0.000403783 0.001403358 0.290991236 0.000405420 0.999999225 -0.001165802 0.001875574 -0.001402886 0.001166369 0.999998331 0.010426334
323857000 0.524632567 0.932680168 0.500000000 0.500000000 0.000000000 0.000000000 0.999998808 -0.000507045 0.001438341 0.294318997 0.000508431 0.999999404 -0.000963748 0.001499846 -0.001437851 0.000964478 0.999998510 0.010532411
323890000 0.524632567 0.932680168 0.500000000 0.500000000 0.000000000 0.000000000 0.999998927 -0.000485664 0.001369036 0.297934390 0.000487195 0.999999285 -0.001118247 0.001565740 -0.001368492 0.001118913 0.999998450 0.010942051
323924000 0.524632567 0.932680168 0.500000000 0.500000000 0.000000000 0.000000000 0.999998987 -0.000492317 0.001356083 0.300980214 0.000494042 0.999999046 -0.001271923 0.001734362 -0.001355456 0.001272592 0.999998271 0.010973099
323957000 0.524632567 0.932680168 0.500000000 0.500000000 0.000000000 0.000000000 0.999998868 -0.000454726 0.001429543 0.303930100 0.000456726 0.999998927 -0.001399332 0.001930713 -0.001428905 0.001399983 0.999997973 0.011013329
323990000 0.524632567 0.932680168 0.500000000 0.500000000 0.000000000 0.000000000 0.999998569 -0.000504333 0.001600619 0.306730345 0.000506504 0.999998927 -0.001355730 0.001787651 -0.001599933 0.001356539 0.999997795 0.011206336
324024000 0.524632567 0.932680168 0.500000000 0.500000000 0.000000000 0.000000000 0.999998748 -0.000438865 0.001502636 0.309997806 0.000441135 0.999998748 -0.001510908 0.002140114 -0.001501971 0.001511569 0.999997735 0.011478962
324057000 0.524632567 0.932680168 0.500000000 0.500000000 0.000000000 0.000000000 0.999998569 -0.000384777 0.001629785 0.312958293 0.000387253 0.999998748 -0.001519099 0.002003756 -0.001629199 0.001519728 0.999997497 0.011458296
324090000 0.524632567 0.932680168 0.500000000 0.500000000 0.000000000 0.000000000 0.999998271 -0.000480623 0.001807245 0.315618683 0.000483435 0.999998689 -0.001555497 0.002019205 -0.001806495 0.001556368 0.999997139 0.011344519
324124000 0.524632567 0.932680168 0.500000000 0.500000000 0.000000000 0.000000000 0.999998391 -0.000373003 0.001747389 0.318968080 0.000375955 0.999998510 -0.001689534 0.002140965 -0.001746757 0.001690189 0.999997020 0.011701108
324157000 0.524632567 0.932680168 0.500000000 0.500000000 0.000000000 0.000000000 0.999998331 -0.000367897 0.001799718 0.321775125 0.000370851 0.999998569 -0.001640940 0.001998577 -0.001799111 0.001641605 0.999997020 0.011595541
324191000 0.524632567 0.932680168 0.500000000 0.500000000 0.000000000 0.000000000 0.999997914 -0.000404762 0.002006544 0.324696687 0.000408093 0.999998510 -0.001659895 0.001964153 -0.002005869 0.001660711 0.999996603 0.011869219
324224000 0.524632567 0.932680168 0.500000000 0.500000000 0.000000000 0.000000000 0.999997497 -0.000448827 0.002196920 0.327418304 0.000452370 0.999998569 -0.001612496 0.001880289 -0.002196193 0.001613486 0.999996305 0.011846845
324257000 0.524632567 0.932680168 0.500000000 0.500000000 0.000000000 0.000000000 0.999997258 -0.000422234 0.002313730 0.330163037 0.000426055 0.999998569 -0.001651205 0.001866205 -0.002313029 0.001652186 0.999995947 0.012059199
324291000 0.524632567 0.932680168 0.500000000 0.500000000 0.000000000 0.000000000 0.999996722 -0.000446231 0.002526517 0.332866052 0.000450428 0.999998510 -0.001661134 0.001472403 -0.002525772 0.001662266 0.999995410 0.011948529
324324000 0.524632567 0.932680168 0.500000000 0.500000000 0.000000000 0.000000000 0.999995649 -0.000349152 0.002921868 0.335115532 0.000355014 0.999997914 -0.002005863 0.001926092 -0.002921162 0.002006892 0.999993742 0.011587831
324357000 0.524632567 0.932680168 0.500000000 0.500000000 0.000000000 0.000000000 0.999994993 -0.000315457 0.003153973 0.338138472 0.000322091 0.999997735 -0.002103034 0.002032626 -0.003153303 0.002104040 0.999992788 0.011787007
324391000 0.524632567 0.932680168 0.500000000 0.500000000 0.000000000 0.000000000 0.999993622 -0.000381874 0.003550570 0.340711185 0.000388961 0.999997914 -0.001995392 0.001728969 -0.003549800 0.001996760 0.999991715 0.011778671
324424000 0.524632567 0.932680168 0.500000000 0.500000000 0.000000000 0.000000000 0.999993026 -0.000352590 0.003718466 0.343408843 0.000360534 0.999997675 -0.002135935 0.002011116 -0.003717704 0.002137261 0.999990821 0.011884997
324457000 0.524632567 0.932680168 0.500000000 0.500000000 0.000000000 0.000000000 0.999990940 -0.000529634 0.004228404 0.345410425 0.000537275 0.999998212 -0.001806012 0.001639527 -0.004227440 0.001808268 0.999989450 0.011644058
324491000 0.524632567 0.932680168 0.500000000 0.500000000 0.000000000 0.000000000 0.999990642 -0.000496035 0.004292351 0.348524502 0.000503863 0.999998212 -0.001822880 0.001817922 -0.004291439 0.001825026 0.999989152 0.011996933
324524000 0.524632567 0.932680168 0.500000000 0.500000000 0.000000000 0.000000000 0.999989629 -0.000545859 0.004527781 0.351184860 0.000554007 0.999998212 -0.001798374 0.001653786 -0.004526791 0.001800864 0.999988139 0.012386109
