https://www.youtube.com/watch?v=GVPo3vzp6h0
97597500 0.479167933 0.851854124 0.500000000 0.500000000 0.000000000 0.000000000 0.456038922 -0.079011984 0.886445463 0.083059867 0.066152528 0.996305168 0.054771464 -0.310950797 -0.887497783 0.033662692 0.459580779 0.101675012
97630867 0.479167933 0.851854124 0.500000000 0.500000000 0.000000000 0.000000000 0.454997182 -0.079078682 0.886974692 0.082268806 0.066114031 0.996300042 0.054910693 -0.310925258 -0.888035178 0.033657268 0.458541900 0.099863759
97664233 0.479167933 0.851854124 0.500000000 0.500000000 0.000000000 0.000000000 0.454140961 -0.079217978 0.887400985 0.081864880 0.066116311 0.996289313 0.055102371 -0.310713064 -0.888473213 0.033647437 0.457693398 0.097731048
97697600 0.479167933 0.851854124 0.500000000 0.500000000 0.000000000 0.000000000 0.453296930 -0.079135835 0.887839735 0.080995564 0.065970846 0.996297896 0.055120856 -0.310756254 -0.888914943 0.033585422 0.456839442 0.095526378
97730967 0.479167933 0.851854124 0.500000000 0.500000000 0.000000000 0.000000000 0.452377111 -0.079049692 0.888316453 0.079874583 0.065897793 0.996303856 0.055100705 -0.310841117 -0.889388800 0.033611793 0.455914259 0.093126107
97764333 0.479167933 0.851854124 0.500000000 0.500000000 0.000000000 0.000000000 0.451604962 -0.079123743 0.888702631 0.079035463 0.066215664 0.996285379 0.055053852 -0.310234326 -0.889757514 0.033983447 0.455166638 0.090092268
97797700 0.479167933 0.851854124 0.500000000 0.500000000 0.000000000 0.000000000 0.450887889 -0.079275355 0.889053166 0.077793456 0.066398636 0.996267259 0.055161048 -0.309744481 -0.890107512 0.034160465 0.454468608 0.086918135
97831067 0.479167933 0.851854124 0.500000000 0.500000000 0.000000000 0.000000000 0.450235456 -0.079365604 0.889375687 0.076702422 0.066459253 0.996257782 0.055259313 -0.309148462 -0.890433133 0.034227546 0.453825176 0.083348638
97864433 0.479167933 0.851854124 0.500000000 0.500000000 0.000000000 0.000000000 0.449452817 -0.079385065 0.889769733 0.075170788 0.066376828 0.996257901 0.055356726 -0.308321740 -0.890834570 0.034179855 0.453040242 0.079382934
97897800 0.479167933 0.851854124 0.500000000 0.500000000 0.000000000 0.000000000 0.448911786 -0.079523936 0.890030444 0.073478889 0.066141896 0.996256888 0.055654719 -0.307425948 -0.891124845 0.033884238 0.452491313 0.075371420
97931167 0.479167933 0.851854124 0.500000000 0.500000000 0.000000000 0.000000000 0.448408335 -0.079482712 0.890287876 0.071822758 0.065607585 0.996278465 0.055900935 -0.306722700 -0.891417742 0.033343188 0.451954216 0.071005556
97964533 0.479167933 0.851854124 0.500000000 0.500000000 0.000000000 0.000000000 0.447876275 -0.079475299 0.890556276 0.070035422 0.065245956 0.996291101 0.056097984 -0.306110544 -0.891711712 0.032980241 0.451400578 0.066456574
97997900 0.479167933 0.851854124 0.500000000 0.500000000 0.000000000 0.000000000 0.447366476 -0.079404607 0.890818775 0.067964275 0.065342106 0.996290803 0.055991419 -0.305450096 -0.891960561 0.033159297 0.450895578 0.061525336
98031267 0.479167933 0.851854124 0.500000000 0.500000000 0.000000000 0.000000000 0.446835607 -0.079422250 0.891083658 0.065946218 0.065742910 0.996273458 0.055830907 -0.304970231 -0.892197192 0.033635195 0.450391889 0.056253416
98064633 0.479167933 0.851854124 0.500000000 0.500000000 0.000000000 0.000000000 0.446430594 -0.079553522 0.891274929 0.063873617 0.066375516 0.996240199 0.055675704 -0.304057878 -0.892353058 0.034303490 0.450032502 0.050532224
98098000 0.479167933 0.851854124 0.500000000 0.500000000 0.000000000 0.000000000 0.446193963 -0.079589456 0.891390204 0.061895169 0.066619270 0.996227980 0.055603180 -0.303259640 -0.892453253 0.034573957 0.449813098 0.044492048
98131367 0.479167933 0.851854124 0.500000000 0.500000000 0.000000000 0.000000000 0.445837706 -0.079608433 0.891566753 0.059785868 0.066670150 0.996223927 0.055614188 -0.302256992 -0.892627478 0.034645986 0.449461699 0.038374954
98164733 0.479167933 0.851854124 0.500000000 0.500000000 0.000000000 0.000000000 0.445518404 -0.079721890 0.891716182 0.057389075 0.066584960 0.996219397 0.055797651 -0.300988660 -0.892793238 0.034516007 0.449142337 0.032387603
98198100 0.479167933 0.851854124 0.500000000 0.500000000 0.000000000 0.000000000 0.445378900 -0.079759181 0.891782522 0.055153108 0.066445827 0.996222079 0.055915296 -0.299955070 -0.892873228 0.034351740 0.448995948 0.026063128
98231467 0.479167933 0.851854124 0.500000000 0.500000000 0.000000000 0.000000000 0.445033491 -0.079688415 0.891961277 0.052527730 0.066440083 0.996225893 0.055853996 -0.299044652 -0.893045843 0.034405086 0.448648393 0.019730769
98264833 0.479167933 0.851854124 0.500000000 0.500000000 0.000000000 0.000000000 0.444666207 -0.079729661 0.892140746 0.050061060 0.066707730 0.996212065 0.055781532 -0.298082211 -0.893208861 0.034708522 0.448300421 0.012944232
98298200 0.479167933 0.851854124 0.500000000 0.500000000 0.000000000 0.000000000 0.444399893 -0.079925947 0.892255902 0.047447522 0.067146771 0.996181965 0.055792037 -0.296841358 -0.893308461 0.035118125 0.448069930 0.006205900
98331567 0.479167933 0.851854124 0.500000000 0.500000000 0.000000000 0.000000000 0.444405317 -0.080093756 0.892238140 0.045241056 0.067365922 0.996162891 0.055869225 -0.295883405 -0.893289268 0.035277866 0.448095679 -0.000783163
98364933 0.479167933 0.851854124 0.500000000 0.500000000 0.000000000 0.000000000 0.444346666 -0.080200858 0.892257750 0.042973610 0.067414165 0.996154130 0.055967189 -0.294857081 -0.893314838 0.035281975 0.448044449 -0.007663599
98398300 0.479167933 0.851854124 0.500000000 0.500000000 0.000000000 0.000000000 0.444210410 -0.080086224 0.892335892 0.040565616 0.067260064 0.996167064 0.055922478 -0.293928649 -0.893394172 0.035177220 0.447894394 -0.014691896
98431667 0.479167933 0.851854124 0.500000000 0.500000000 0.000000000 0.000000000 0.444074422 -0.079969145 0.892414033 0.038044051 0.067180544 0.996177137 0.055837616 -0.293205349 -0.893467784 0.035156809 0.447749168 -0.021644990
98465033 0.479167933 0.851854124 0.500000000 0.500000000 0.000000000 0.000000000 0.443817586 -0.079974756 0.892541289 0.034948532 0.067274541 0.996172488 0.055808086 -0.292679825 -0.893588305 0.035276696 0.447499126 -0.028622595
98498400 0.479167933 0.851854124 0.500000000 0.500000000 0.000000000 0.000000000 0.443697363 -0.080218673 0.892579198 0.032196939 0.067706943 0.996139765 0.055869121 -0.291838121 -0.893615365 0.035644826 0.447415948 -0.036164090
98531767 0.479167933 0.851854124 0.500000000 0.500000000 0.000000000 0.000000000 0.443804085 -0.080432840 0.892506838 0.029397331 0.067993626 0.996115148 0.055959813 -0.291069969 -0.893540621 0.035849582 0.447548896 -0.043523590
98565133 0.479167933 0.851854124 0.500000000 0.500000000 0.000000000 0.000000000 0.443897605 -0.080522962 0.892452240 0.026684048 0.068126924 0.996104360 0.055989433 -0.289913052 -0.893483996 0.035946447 0.447654128 -0.051128020
98598500 0.479167933 0.851854124 0.500000000 0.500000000 0.000000000 0.000000000 0.443943471 -0.080512442 0.892430365 0.023929599 0.067826696 0.996117175 0.056126066 -0.289060878 -0.893484056 0.035613801 0.447680593 -0.058688863
98631867 0.479167933 0.851854124 0.500000000 0.500000000 0.000000000 0.000000000 0.443933576 -0.080438331 0.892441988 0.021306728 0.067492180 0.996135056 0.056211386 -0.288341541 -0.893514276 0.035278726 0.447646767 -0.066349454
98665233 0.479167933 0.851854124 0.500000000 0.500000000 0.000000000 0.000000000 0.443826199 -0.080325350 0.892505527 0.018384390 0.067336224 0.996148050 0.056168120 -0.287650024 -0.893579423 0.035169072 0.447525412 -0.073853009
98698600 0.479167933 0.851854124 0.500000000 0.500000000 0.000000000 0.000000000 0.443827838 -0.080352865 0.892502248 0.015308757 0.067648843 0.996133983 0.056042187 -0.286611339 -0.893554986 0.035503659 0.447547764 -0.081562459
98731967 0.479167933 0.851854124 0.500000000 0.500000000 0.000000000 0.000000000 0.443832785 -0.080467172 0.892489493 0.012254634 0.068115205 0.996108174 0.055935949 -0.285283694 -0.893517077 0.035965893 0.447586507 -0.089200485
98765333 0.479167933 0.851854124 0.500000000 0.500000000 0.000000000 0.000000000 0.443723708 -0.080580421 0.892533481 0.009225213 0.068353772 0.996091187 0.055947766 -0.283726808 -0.893553019 0.036182683 0.447497249 -0.097028412
98798700 0.479167933 0.851854124 0.500000000 0.500000000 0.000000000 0.000000000 0.443749964 -0.080718271 0.892507970 0.006176338 0.068418466 0.996079981 0.056068026 -0.281857793 -0.893535018 0.036183845 0.447533071 -0.104696318
98832067 0.479167933 0.851854124 0.500000000 0.500000000 0.000000000 0.000000000 0.443787724 -0.080776632 0.892483950 0.003103658 0.068231814 0.996083915 0.056224946 -0.280047740 -0.893530548 0.035943862 0.447561324 -0.112381576
98865433 0.479167933 0.851854124 0.500000000 0.500000000 0.000000000 0.000000000 0.443727463 -0.080755919 0.892515779 -0.000170163 0.067977764 0.996095240 0.056331761 -0.278566105 -0.893579841 0.035675276 0.447484434 -0.120233098
98898800 0.479167933 0.851854124 0.500000000 0.500000000 0.000000000 0.000000000 0.443645537 -0.080721155 0.892559648 -0.003407004 0.068013556 0.996095836 0.056278698 -0.277132866 -0.893617809 0.035738364 0.447403580 -0.128278925
98932167 0.479167933 0.851854124 0.500000000 0.500000000 0.000000000 0.000000000 0.443558663 -0.080746606 0.892600536 -0.006884606 0.068304308 0.996082306 0.056165431 -0.275615002 -0.893638730 0.036055796 0.447336286 -0.136316088
98965533 0.479167933 0.851854124 0.500000000 0.500000000 0.000000000 0.000000000 0.443665504 -0.080826528 0.892540216 -0.009797362 0.068525061 0.996068597 0.056139279 -0.274033376 -0.893568814 0.036254309 0.447459936 -0.144519535
98998900 0.479167933 0.851854124 0.500000000 0.500000000 0.000000000 0.000000000 0.443635494 -0.080929674 0.892545760 -0.012863654 0.068576939 0.996059954 0.056229774 -0.272250983 -0.893579721 0.036262531 0.447437465 -0.152608431
99032267 0.479167933 0.851854124 0.500000000 0.500000000 0.000000000 0.000000000 0.443580598 -0.081010677 0.892565668 -0.016064802 0.068414487 0.996061265 0.056403980 -0.270607674 -0.893619418 0.036044713 0.447375745 -0.160755767
99065633 0.479167933 0.851854124 0.500000000 0.500000000 0.000000000 0.000000000 0.443558306 -0.081046768 0.892573476 -0.019877716 0.068234384 0.996066153 0.056535415 -0.269018639 -0.893644273 0.035827447 0.447343618 -0.168465411
99099000 0.479167933 0.851854124 0.500000000 0.500000000 0.000000000 0.000000000 0.443588972 -0.081017390 0.892560899 -0.023461235 0.068218738 0.996068716 0.056509092 -0.267237682 -0.893630266 0.035822567 0.447372019 -0.176312837
99132367 0.479167933 0.851854124 0.500000000 0.500000000 0.000000000 0.000000000 0.443620294 -0.081011385 0.892545879 -0.027179626 0.068353929 0.996063769 0.056433309 -0.265319770 -0.893604398 0.035974056 0.447411537 -0.184099054
99165733 0.479167933 0.851854124 0.500000000 0.500000000 0.000000000 0.000000000 0.443719834 -0.081071675 0.892490923 -0.030974803 0.068533860 0.996052921 0.056406006 -0.263233573 -0.893541157 0.036137391 0.447524607 -0.191733271
99199100 0.479167933 0.851854124 0.500000000 0.500000000 0.000000000 0.000000000 0.444060653 -0.081129283 0.892316163 -0.034724992 0.068622977 0.996046543 0.056410249 -0.260843844 -0.893364966 0.036183819 0.447872430 -0.199324190
99232467 0.479167933 0.851854124 0.500000000 0.500000000 0.000000000 0.000000000 0.444505692 -0.081151791 0.892092526 -0.038668268 0.068492122 0.996051550 0.056480944 -0.258596164 -0.893153727 0.035995211 0.448308825 -0.206598076
99265833 0.479167933 0.851854124 0.500000000 0.500000000 0.000000000 0.000000000 0.445220739 -0.081111751 0.891739547 -0.042735238 0.068282098 0.996064365 0.056509681 -0.256318281 -0.892813563 0.035730563 0.449007004 -0.213696172
99299200 0.479167933 0.851854124 0.500000000 0.500000000 0.000000000 0.000000000 0.445908755 -0.080902919 0.891414642 -0.047357709 0.068021648 0.996089697 0.056376807 -0.254268688 -0.892490029 0.035496581 0.449668288 -0.220605545
99332567 0.479167933 0.851854124 0.500000000 0.500000000 0.000000000 0.000000000 0.446795553 -0.080829330 0.890977204 -0.052042306 0.068047918 0.996095538 0.056241877 -0.251814986 -0.892044425 0.035500523 0.450551301 -0.227454776
99365933 0.479167933 0.851854124 0.500000000 0.500000000 0.000000000 0.000000000 0.448121578 -0.080675043 0.890325010 -0.056881474 0.068110310 0.996106088 0.055978667 -0.249253197 -0.891374230 0.035555061 0.451871425 -0.234040751
99399300 0.479167933 0.851854124 0.500000000 0.500000000 0.000000000 0.000000000 0.449533761 -0.080594756 0.889620066 -0.061549521 0.068033457 0.996117771 0.055864893 -0.246697835 -0.890668750 0.035410773 0.453271687 -0.240459836
99432667 0.479167933 0.851854124 0.500000000 0.500000000 0.000000000 0.000000000 0.451321363 -0.080603004 0.888713777 -0.066562071 0.067802563 0.996130824 0.055912700 -0.244278543 -0.889781892 0.035022475 0.455040216 -0.246388047
99466033 0.479167933 0.851854124 0.500000000 0.500000000 0.000000000 0.000000000 0.453598320 -0.080636300 0.887550771 -0.071420032 0.067465290 0.996147513 0.056023281 -0.241886829 -0.888648987 0.034466807 0.457291007 -0.252162931
99499400 0.479167933 0.851854124 0.500000000 0.500000000 0.000000000 0.000000000 0.455992609 -0.080617897 0.886324704 -0.076388976 0.067157172 0.996166348 0.056058079 -0.239904541 -0.887446165 0.033960994 0.459658563 -0.257641304
99532767 0.479167933 0.851854124 0.500000000 0.500000000 0.000000000 0.000000000 0.458806932 -0.080496214 0.884882212 -0.081227547 0.067097135 0.996183097 0.055831544 -0.237625587 -0.885998964 0.033757161 0.462456793 -0.262829555
99566133 0.479167933 0.851854124 0.500000000 0.500000000 0.000000000 0.000000000 0.461980224 -0.080373161 0.883240879 -0.085970291 0.067203984 0.996194422 0.055500582 -0.235303988 -0.884340346 0.033717137 0.465623528 -0.267663928
99599500 0.479167933 0.851854124 0.500000000 0.500000000 0.000000000 0.000000000 0.465797871 -0.080245800 0.881245136 -0.090355057 0.067148052 0.996213615 0.055222481 -0.233644488 -0.882339776 0.033451382 0.469422549 -0.272231678
99632867 0.479167933 0.851854124 0.500000000 0.500000000 0.000000000 0.000000000 0.469925314 -0.079997540 0.879073679 -0.094118175 0.067080885 0.996241450 0.054800708 -0.231571399 -0.880153596 0.033216801 0.473525405 -0.276508498
99666233 0.479167933 0.851854124 0.500000000 0.500000000 0.000000000 0.000000000 0.474140942 -0.079709642 0.876833379 -0.097882539 0.067024000 0.996271372 0.054324586 -0.229219608 -0.877894163 0.033011369 0.477715492 -0.280348078
99699600 0.479167933 0.851854124 0.500000000 0.500000000 0.000000000 0.000000000 0.478831023 -0.079388924 0.874310136 -0.101697869 0.066781521 0.996311069 0.053892780 -0.227392468 -0.875363410 0.032582227 0.482366383 -0.284204030
99732967 0.479167933 0.851854124 0.500000000 0.500000000 0.000000000 0.000000000 0.483704627 -0.079130530 0.871646821 -0.105496526 0.066647165 0.996343076 0.053466171 -0.225236626 -0.872690082 0.032230958 0.487209558 -0.287857681
99766333 0.479167933 0.851854124 0.500000000 0.500000000 0.000000000 0.000000000 0.488890111 -0.079008088 0.868760169 -0.109090213 0.066765815 0.996357918 0.053040169 -0.222166069 -0.869786620 0.032072663 0.492384553 -0.291190954
99799700 0.479167933 0.851854124 0.500000000 0.500000000 0.000000000 0.000000000 0.494302869 -0.078811452 0.865709782 -0.112405206 0.066239633 0.996401131 0.052887674 -0.220342477 -0.866762340 0.031201767 0.497744381 -0.294893602
99833067 0.479167933 0.851854124 0.500000000 0.500000000 0.000000000 0.000000000 0.499662519 -0.078555122 0.862650812 -0.116037472 0.065552741 0.996452808 0.052770156 -0.217920259 -0.863736153 0.030181859 0.503039598 -0.297993094
99866433 0.479167933 0.851854124 0.500000000 0.500000000 0.000000000 0.000000000 0.505147815 -0.078464851 0.859458506 -0.119483534 0.064610727 0.996502042 0.053001300 -0.215964442 -0.860610902 0.028756747 0.508450508 -0.300305810
99899800 0.479167933 0.851854124 0.500000000 0.500000000 0.000000000 0.000000000 0.510814369 -0.078365564 0.856111884 -0.122583929 0.063673541 0.996550262 0.053228863 -0.214404632 -0.857329786 0.027321609 0.514041960 -0.302274356
99933167 0.479167933 0.851854124 0.500000000 0.500000000 0.000000000 0.000000000 0.516403854 -0.078123845 0.852774143 -0.125833954 0.063298576 0.996588051 0.052967910 -0.212610469 -0.854002535 0.026626550 0.519587040 -0.303428760
99966533 0.479167933 0.851854124 0.500000000 0.500000000 0.000000000 0.000000000 0.521800816 -0.077786148 0.849513531 -0.128999274 0.063348167 0.996617794 0.052345175 -0.210994680 -0.850712001 0.026501367 0.524963617 -0.304579322
99999900 0.479167933 0.851854124 0.500000000 0.500000000 0.000000000 0.000000000 0.527130365 -0.077662900 0.846228123 -0.132707270 0.063841447 0.996620119 0.051697224 -0.208929640 -0.847382963 0.026773255 0.530306816 -0.305254963
100033267 0.479167933 0.851854124 0.500000000 0.500000000 0.000000000 0.000000000 0.532499850 -0.077534579 0.842871487 -0.136612215 0.064021401 0.996632576 0.051232126 -0.208022345 -0.844005466 0.026680715 0.535670578 -0.305941158
100066633 0.479167933 0.851854124 0.500000000 0.500000000 0.000000000 0.000000000 0.538176119 -0.077505566 0.839261174 -0.139830932 0.064559758 0.996628165 0.050639436 -0.204424550 -0.840356171 0.026929568 0.541365206 -0.305727328
100100000 0.479167933 0.851854124 0.500000000 0.500000000 0.000000000 0.000000000 0.543840945 -0.077259220 0.835624337 -0.143317155 0.063917436 0.996674061 0.050550636 -0.202340302 -0.836750627 0.025919460 0.546970367 -0.305610728
100133367 0.479167933 0.851854124 0.500000000 0.500000000 0.000000000 0.000000000 0.549324512 -0.076903485 0.832062781 -0.146719362 0.062872306 0.996737242 0.050615493 -0.200399465 -0.833240449 0.024509374 0.552367270 -0.304827723
100166733 0.479167933 0.851854124 0.500000000 0.500000000 0.000000000 0.000000000 0.554852426 -0.076509699 0.828423262 -0.150399509 0.062055808 0.996794462 0.050496690 -0.197818929 -0.829631150 0.023390263 0.557821691 -0.303778862
100200100 0.479167933 0.851854124 0.500000000 0.500000000 0.000000000 0.000000000 0.560279429 -0.076122716 0.824798346 -0.154049579 0.061445527 0.996844113 0.050261762 -0.195245559 -0.826021433 0.022519542 0.563188612 -0.302932826
100233467 0.479167933 0.851854124 0.500000000 0.500000000 0.000000000 0.000000000 0.565500915 -0.075810313 0.821256042 -0.158368808 0.061326176 0.996874988 0.049793724 -0.192053945 -0.822464466 0.022206100 0.568382859 -0.302037276
100266833 0.479167933 0.851854124 0.500000000 0.500000000 0.000000000 0.000000000 0.571001649 -0.075485997 0.817471087 -0.162643228 0.061383590 0.996901989 0.049178503 -0.189228719 -0.818650842 0.022098305 0.573866248 -0.301864285
100300200 0.479167933 0.851854124 0.500000000 0.500000000 0.000000000 0.000000000 0.576565087 -0.075208351 0.813582420 -0.166750447 0.061608978 0.996921539 0.048495688 -0.185942156 -0.814725101 0.022163060 0.579423666 -0.302016789
100333567 0.479167933 0.851854124 0.500000000 0.500000000 0.000000000 0.000000000 0.582302511 -0.075049512 0.809500694 -0.170605040 0.061662562 0.996938765 0.048070993 -0.182265193 -0.810630322 0.021924026 0.585147679 -0.302535067
100366933 0.479167933 0.851854124 0.500000000 0.500000000 0.000000000 0.000000000 0.587944746 -0.074726686 0.805442035 -0.174504608 0.060943041 0.996985912 0.048011288 -0.179228667 -0.806602061 0.020858103 0.590726674 -0.302952578
100400300 0.479167933 0.851854124 0.500000000 0.500000000 0.000000000 0.000000000 0.593690157 -0.074434504 0.801243722 -0.178733305 0.060260467 0.997029245 0.047972087 -0.176073188 -0.802434206 0.019802762 0.596411943 -0.303328648
100433667 0.479167933 0.851854124 0.500000000 0.500000000 0.000000000 0.000000000 0.599508345 -0.073981337 0.796941996 -0.183441974 0.059647899 0.997079670 0.047689639 -0.173252101 -0.798142791 0.018945578 0.602170408 -0.304231666
100467033 0.479167933 0.851854124 0.500000000 0.500000000 0.000000000 0.000000000 0.605271518 -0.073587425 0.792610407 -0.188129176 0.059298541 0.997119427 0.047291499 -0.170338980 -0.793807328 0.018376445 0.607891619 -0.305448414
100500400 0.479167933 0.851854124 0.500000000 0.500000000 0.000000000 0.000000000 0.611109912 -0.073240995 0.788150012 -0.192901792 0.059167847 0.997151077 0.046785865 -0.167872891 -0.789331257 0.018041831 0.613702416 -0.307203602
100533767 0.479167933 0.851854124 0.500000000 0.500000000 0.000000000 0.000000000 0.616910577 -0.072888650 0.783650815 -0.198000681 0.059314873 0.997176349 0.046054780 -0.165087681 -0.784794927 0.018070467 0.619491994 -0.309523801
100567133 0.479167933 0.851854124 0.500000000 0.500000000 0.000000000 0.000000000 0.622908056 -0.072617881 0.778917313 -0.203082464 0.059456419 0.997197032 0.045420036 -0.162318296 -0.780032396 0.018019130 0.625479698 -0.311922703
100600500 0.479167933 0.851854124 0.500000000 0.500000000 0.000000000 0.000000000 0.628978312 -0.072181404 0.774064660 -0.208078384 0.059257876 0.997235060 0.044841100 -0.159149776 -0.775161147 0.017665349 0.631516576 -0.314898807
100633867 0.479167933 0.851854124 0.500000000 0.500000000 0.000000000 0.000000000 0.634968996 -0.071831807 0.769190848 -0.213633757 0.058783229 0.997273684 0.044605896 -0.155842013 -0.770297945 0.016892165 0.637460351 -0.317955210
100667233 0.479167933 0.851854124 0.500000000 0.500000000 0.000000000 0.000000000 0.641201317 -0.071386270 0.764045060 -0.219270906 0.058099780 0.997321904 0.044423338 -0.152978600 -0.765170097 0.015906546 0.643631637 -0.321166101
100700600 0.479167933 0.851854124 0.500000000 0.500000000 0.000000000 0.000000000 0.647585452 -0.070867471 0.758690238 -0.225167828 0.057524722 0.997371316 0.044061471 -0.150112887 -0.759818375 0.015109876 0.649959803 -0.324887827
100733967 0.479167933 0.851854124 0.500000000 0.500000000 0.000000000 0.000000000 0.654163063 -0.070273176 0.753081918 -0.231326059 0.057059508 0.997422278 0.043508958 -0.147362203 -0.754198194 0.014508530 0.656486511 -0.328903126
100767333 0.479167933 0.851854124 0.500000000 0.500000000 0.000000000 0.000000000 0.660981476 -0.069659092 0.747162044 -0.237694249 0.056846153 0.997469127 0.042706318 -0.144487547 -0.748245955 0.014245201 0.663268447 -0.333331807
100800700 0.479167933 0.851854124 0.500000000 0.500000000 0.000000000 0.000000000 0.667997539 -0.069099262 0.740948439 -0.244070204 0.056749575 0.997510374 0.041863441 -0.141766073 -0.741996467 0.014083831 0.670255840 -0.338228188
100834067 0.479167933 0.851854124 0.500000000 0.500000000 0.000000000 0.000000000 0.675404370 -0.068568252 0.734252930 -0.249487130 0.056448955 0.997553706 0.041231904 -0.139020268 -0.735283911 0.013599602 0.677622736 -0.344041025
100867433 0.479167933 0.851854124 0.500000000 0.500000000 0.000000000 0.000000000 0.682784498 -0.067912608 0.727456689 -0.255590671 0.055889674 0.997608066 0.040675364 -0.136403170 -0.728479028 0.012884808 0.684946954 -0.349790820
100900800 0.479167933 0.851854124 0.500000000 0.500000000 0.000000000 0.000000000 0.690431058 -0.067261778 0.720264375 -0.262117277 0.055298995 0.997661948 0.040157992 -0.133678520 -0.721281469 0.012103573 0.692536294 -0.355568206
100934167 0.479167933 0.851854124 0.500000000 0.500000000 0.000000000 0.000000000 0.698396325 -0.066490985 0.712615967 -0.267932890 0.054581806 0.997723699 0.039600428 -0.131470409 -0.713626981 0.011239077 0.700435758 -0.362532726
100967533 0.479167933 0.851854124 0.500000000 0.500000000 0.000000000 0.000000000 0.706385076 -0.065768532 0.704765677 -0.274242002 0.054336742 0.997774363 0.038650427 -0.127296235 -0.705739081 0.010992583 0.708386540 -0.369276187
101000900 0.479167933 0.851854124 0.500000000 0.500000000 0.000000000 0.000000000 0.714581013 -0.065153681 0.696512043 -0.279782713 0.054302748 0.997815311 0.037626959 -0.122966525 -0.697441936 0.010935007 0.716557860 -0.376876183
101034267 0.479167933 0.851854124 0.500000000 0.500000000 0.000000000 0.000000000 0.723034024 -0.064314999 0.687812030 -0.285697361 0.053741105 0.997876048 0.036814921 -0.120233771 -0.688718855 0.010345337 0.724954665 -0.385385788
101067633 0.479167933 0.851854124 0.500000000 0.500000000 0.000000000 0.000000000 0.731545687 -0.063547783 0.678824425 -0.290824009 0.053207766 0.997931421 0.036080636 -0.116351220 -0.679713070 0.009724097 0.733413696 -0.394282890
101101000 0.479167933 0.851854124 0.500000000 0.500000000 0.000000000 0.000000000 0.739963174 -0.062677234 0.669720888 -0.295961519 0.052448578 0.997994244 0.035449848 -0.112280915 -0.670599520 0.008894328 0.741766274 -0.403749804
101134367 0.479167933 0.851854124 0.500000000 0.500000000 0.000000000 0.000000000 0.748420477 -0.061812673 0.660337806 -0.300596018 0.051613364 0.998056173 0.034927610 -0.108542288 -0.661213219 0.007941717 0.750155985 -0.413773953
101167733 0.479167933 0.851854124 0.500000000 0.500000000 0.000000000 0.000000000 0.756740689 -0.060869686 0.650875151 -0.305700542 0.050997801 0.998118103 0.034051117 -0.104073564 -0.651722968 0.007425336 0.758420765 -0.424581121
101201100 0.479167933 0.851854124 0.500000000 0.500000000 0.000000000 0.000000000 0.765092254 -0.059852663 0.641132951 -0.309566404 0.050304554 0.998183489 0.033154301 -0.099998913 -0.641952693 0.006885809 0.766713321 -0.435485229
101234467 0.479167933 0.851854124 0.500000000 0.500000000 0.000000000 0.000000000 0.773142695 -0.058967236 0.631484926 -0.313856515 0.049738493 0.998239279 0.032318201 -0.095452807 -0.632278800 0.006422530 0.774714351 -0.446529714
101267833 0.479167933 0.851854124 0.500000000 0.500000000 0.000000000 0.000000000 0.780941129 -0.058133535 0.621893406 -0.317286975 0.049127020 0.998291671 0.031627461 -0.090869171 -0.622669637 0.005852584 0.782462955 -0.458439288
101301200 0.479167933 0.851854124 0.500000000 0.500000000 0.000000000 0.000000000 0.788501620 -0.057337631 0.612354159 -0.321525911 0.048465427 0.998341441 0.031072646 -0.086232126 -0.613120139 0.005177174 0.789972723 -0.470885892
101334567 0.479167933 0.851854124 0.500000000 0.500000000 0.000000000 0.000000000 0.796250165 -0.056768931 0.602298081 -0.324058770 0.047909632 0.998377800 0.030763486 -0.082229183 -0.603067458 0.004360450 0.797678292 -0.483719171
101367933 0.479167933 0.851854124 0.500000000 0.500000000 0.000000000 0.000000000 0.803608656 -0.056148674 0.592503548 -0.326136208 0.047603350 0.998414159 0.030050738 -0.077416869 -0.593251228 0.004056120 0.805007160 -0.497259036
101401300 0.479167933 0.851854124 0.500000000 0.500000000 0.000000000 0.000000000 0.810622275 -0.055356707 0.582946956 -0.328429170 0.046944093 0.998460770 0.029535402 -0.073673907 -0.583684683 0.003423864 0.811973214 -0.510872635
101434667 0.479167933 0.851854124 0.500000000 0.500000000 0.000000000 0.000000000 0.817413330 -0.054535709 0.573464334 -0.329777092 0.046208803 0.998508096 0.029091014 -0.069498824 -0.574195325 0.002719719 0.818713844 -0.524659497
101468033 0.479167933 0.851854124 0.500000000 0.500000000 0.000000000 0.000000000 0.823870540 -0.053777568 0.564221025 -0.331251264 0.045592200 0.998550594 0.028601475 -0.065083284 -0.564941347 0.002160166 0.825128257 -0.538729840
101501400 0.479167933 0.851854124 0.500000000 0.500000000 0.000000000 0.000000000 0.830072284 -0.053326964 0.555100203 -0.332087237 0.045156978 0.998575985 0.028404726 -0.061311923 -0.555824518 0.001488674 0.831298351 -0.552985388
101534767 0.479167933 0.851854124 0.500000000 0.500000000 0.000000000 0.000000000 0.835891068 -0.052589111 0.546370268 -0.332609649 0.044670168 0.998615503 0.027777694 -0.056735252 -0.547074616 0.001187325 0.837082982 -0.567248245
101568133 0.479167933 0.851854124 0.500000000 0.500000000 0.000000000 0.000000000 0.841368437 -0.052017882 0.537952840 -0.332783637 0.044389281 0.998645604 0.027139347 -0.051668918 -0.538635969 0.001045150 0.842537940 -0.581708108
101601500 0.479167933 0.851854124 0.500000000 0.500000000 0.000000000 0.000000000 0.846482813 -0.051606610 0.529909074 -0.332895672 0.044063013 0.998667300 0.026871124 -0.046500946 -0.530589581 0.000603445 0.847628653 -0.596090442
101634867 0.479167933 0.851854124 0.500000000 0.500000000 0.000000000 0.000000000 0.851301312 -0.051283114 0.522164822 -0.332758184 0.043792471 0.998684168 0.026687063 -0.040653897 -0.522846341 0.000148156 0.852426946 -0.610819571
101668233 0.479167933 0.851854124 0.500000000 0.500000000 0.000000000 0.000000000 0.855748057 -0.051031891 0.514869928 -0.332710737 0.043458380 0.998696864 0.026756216 -0.034932770 -0.515564382 -0.000521168 0.856850684 -0.625550469
101701600 0.479167933 0.851854124 0.500000000 0.500000000 0.000000000 0.000000000 0.859910011 -0.050807770 0.507910788 -0.332018556 0.043109924 0.998707652 0.026917042 -0.029256889 -0.508621991 -0.001250238 0.860989034 -0.640263291
101734967 0.479167933 0.851854124 0.500000000 0.500000000 0.000000000 0.000000000 0.863761663 -0.050551571 0.501358449 -0.330793487 0.042647298 0.998719156 0.027225470 -0.023967289 -0.502092600 -0.002134734 0.864811242 -0.654921340
101768333 0.479167933 0.851854124 0.500000000 0.500000000 0.000000000 0.000000000 0.867376387 -0.050211415 0.495113164 -0.329729519 0.042148270 0.998734295 0.027447158 -0.019187078 -0.495864660 -0.002938854 0.868394852 -0.669780125
101801700 0.479167933 0.851854124 0.500000000 0.500000000 0.000000000 0.000000000 0.870756269 -0.049937621 0.489172548 -0.328375709 0.041923195 0.998746932 0.027332194 -0.014254319 -0.489924461 -0.003292003 0.871758699 -0.684474186
101835067 0.479167933 0.851854124 0.500000000 0.500000000 0.000000000 0.000000000 0.873894572 -0.049773861 0.483560592 -0.326498984 0.041996818 0.998755395 0.026906909 -0.009194685 -0.484297991 -0.003205797 0.874897242 -0.699116203
101868433 0.479167933 0.851854124 0.500000000 0.500000000 0.000000000 0.000000000 0.876770854 -0.049603477 0.478343397 -0.324874643 0.042146046 0.998764753 0.026319541 -0.003684383 -0.479058057 -0.002915923 0.877778411 -0.713726683
101901800 0.479167933 0.851854124 0.500000000 0.500000000 0.000000000 0.000000000 0.879470229 -0.049525321 0.473370224 -0.322432781 0.042265166 0.998768866 0.025969934 0.001494390 -0.474073619 -0.002832712 0.880480647 -0.728288304
101935167 0.479167933 0.851854124 0.500000000 0.500000000 0.000000000 0.000000000 0.881930470 -0.049393155 0.468784511 -0.320667163 0.042138033 0.998774469 0.025960341 0.005742852 -0.469492257 -0.003141559 0.882930994 -0.742910231
101968533 0.479167933 0.851854124 0.500000000 0.500000000 0.000000000 0.000000000 0.884175658 -0.049195934 0.464557022 -0.318969708 0.041868951 0.998782635 0.026081914 0.009770794 -0.465274602 -0.003610477 0.885159016 -0.757866851
102001900 0.479167933 0.851854124 0.500000000 0.500000000 0.000000000 0.000000000 0.886200905 -0.049076758 0.460694462 -0.316865474 0.041664567 0.998786747 0.026251752 0.013104165 -0.461423844 -0.004069692 0.887170494 -0.772877089
102035267 0.479167933 0.851854124 0.500000000 0.500000000 0.000000000 0.000000000 0.887967706 -0.048978850 0.457290322 -0.315266555 0.041633785 0.998791099 0.026132600 0.016465983 -0.458017439 -0.004166179 0.888933420 -0.788252178
102068633 0.479167933 0.851854124 0.500000000 0.500000000 0.000000000 0.000000000 0.889584482 -0.048889570 0.454146773 -0.313555421 0.041729271 0.998796225 0.025782429 0.020014272 -0.454860568 -0.003984434 0.890553772 -0.803957426
102102000 0.479167933 0.851854124 0.500000000 0.500000000 0.000000000 0.000000000 0.891068935 -0.048732016 0.451244205 -0.312005853 0.041723095 0.998804390 0.025475336 0.023190491 -0.451946169 -0.003872975 0.892036796 -0.820328080
102135367 0.479167933 0.851854124 0.500000000 0.500000000 0.000000000 0.000000000 0.892392576 -0.048641447 0.448630720 -0.309597449 0.041595764 0.998807728 0.025552645 0.025142472 -0.449338734 -0.004141854 0.893351853 -0.837245552
102168733 0.479167933 0.851854124 0.500000000 0.500000000 0.000000000 0.000000000 0.893695056 -0.048586160 0.446036458 -0.306240167 0.041483857 0.998809099 0.025680367 0.026683873 -0.446752965 -0.004447106 0.894646287 -0.854218725
102202100 0.479167933 0.851854124 0.500000000 0.500000000 0.000000000 0.000000000 0.894701183 -0.048437219 0.444031149 -0.303939957 0.041330688 0.998815536 0.025676651 0.027783918 -0.444748908 -0.004620816 0.895643353 -0.872001376
102235467 0.479167933 0.851854124 0.500000000 0.500000000 0.000000000 0.000000000 0.895548344 -0.048261307 0.442339301 -0.302014722 0.041271903 0.998824596 0.025418485 0.028885505 -0.443046093 -0.004507296 0.896487534 -0.890062829
102268833 0.479167933 0.851854124 0.500000000 0.500000000 0.000000000 0.000000000 0.896349788 -0.048158742 0.440724134 -0.299734092 0.041370809 0.998830974 0.025003687 0.029554944 -0.441413045 -0.004178936 0.897294283 -0.908676816
102302200 0.479167933 0.851854124 0.500000000 0.500000000 0.000000000 0.000000000 0.897000432 -0.048117425 0.439402968 -0.297817857 0.041640896 0.998835325 0.024372803 0.030892417 -0.440063953 -0.003565282 0.897959352 -0.927850105
102335567 0.479167933 0.851854124 0.500000000 0.500000000 0.000000000 0.000000000 0.897434711 -0.048194673 0.438506752 -0.296780178 0.042031780 0.998833776 0.023757190 0.032521359 -0.439140320 -0.002889308 0.898413837 -0.947951003
102368933 0.479167933 0.851854124 0.500000000 0.500000000 0.000000000 0.000000000 0.897951365 -0.048374217 0.437427998 -0.295346631 0.042420767 0.998826325 0.023376767 0.034042097 -0.438045442 -0.002435169 0.898949564 -0.968185784
102402300 0.479167933 0.851854124 0.500000000 0.500000000 0.000000000 0.000000000 0.898364007 -0.048615348 0.436553121 -0.293454644 0.042757541 0.998815119 0.023240950 0.037121735 -0.437165737 -0.002212896 0.899378240 -0.989015396
102435667 0.479167933 0.851854124 0.500000000 0.500000000 0.000000000 0.000000000 0.898680329 -0.048692353 0.435893059 -0.292530267 0.042672601 0.998810410 0.023596169 0.039800342 -0.436523497 -0.002604723 0.899689078 -1.010816200
102469033 0.479167933 0.851854124 0.500000000 0.500000000 0.000000000 0.000000000 0.899100065 -0.048711415 0.435024440 -0.291136899 0.042383928 0.998807251 0.024242142 0.042513822 -0.435686409 -0.003358069 0.900092244 -1.032899881
102502400 0.479167933 0.851854124 0.500000000 0.500000000 0.000000000 0.000000000 0.899378419 -0.048740655 0.434445381 -0.289511156 0.042132046 0.998803318 0.024835512 0.045939814 -0.435135990 -0.004032451 0.900355697 -1.055455900
102535767 0.479167933 0.851854124 0.500000000 0.500000000 0.000000000 0.000000000 0.899691284 -0.048665438 0.433805555 -0.287729435 0.042068690 0.998806894 0.024800377 0.050222806 -0.434494883 -0.004063053 0.900665164 -1.078068676
102569133 0.479167933 0.851854124 0.500000000 0.500000000 0.000000000 0.000000000 0.899879456 -0.048546318 0.433428377 -0.286020842 0.042318814 0.998815596 0.024010854 0.056326675 -0.434080660 -0.003264699 0.900868058 -1.100835877
102602500 0.479167933 0.851854124 0.500000000 0.500000000 0.000000000 0.000000000 0.900039852 -0.048318520 0.433120698 -0.284567232 0.042462599 0.998828888 0.023189615 0.062529795 -0.433733940 -0.002480148 0.901037574 -1.124049561
102635867 0.479167933 0.851854124 0.500000000 0.500000000 0.000000000 0.000000000 0.900261581 -0.048184019 0.432674706 -0.282308870 0.042510230 0.998836219 0.022782978 0.068312286 -0.433268934 -0.002117539 0.901262164 -1.147092722
102669233 0.479167933 0.851854124 0.500000000 0.500000000 0.000000000 0.000000000 0.900417328 -0.048018105 0.432368934 -0.279930328 0.042443369 0.998844564 0.022540657 0.074871168 -0.432951719 -0.001944804 0.901414990 -1.170553032
102702600 0.479167933 0.851854124 0.500000000 0.500000000 0.000000000 0.000000000 0.900537729 -0.047966916 0.432123840 -0.277924796 0.042223021 0.998846114 0.022882670 0.079890708 -0.432722837 -0.002361133 0.901523948 -1.193692489
102735967 0.479167933 0.851854124 0.500000000 0.500000000 0.000000000 0.000000000 0.900683761 -0.047931705 0.431823283 -0.275924860 0.042115260 0.998847365 0.023027766 0.085975812 -0.432429284 -0.002554386 0.901664257 -1.216944840
102769333 0.479167933 0.851854124 0.500000000 0.500000000 0.000000000 0.000000000 0.900755703 -0.047788844 0.431689054 -0.274609866 0.041988868 0.998854160 0.022961838 0.092207908 -0.432291746 -0.002556871 0.901730180 -1.239971672
102802700 0.479167933 0.851854124 0.500000000 0.500000000 0.000000000 0.000000000 0.900869012 -0.047811575 0.431449950 -0.272911000 0.042157929 0.998853862 0.022663131 0.098952989 -0.432039022 -0.002227477 0.901852190 -1.262611954
102836067 0.479167933 0.851854124 0.500000000 0.500000000 0.000000000 0.000000000 0.900871098 -0.047945980 0.431430638 -0.272206290 0.042380448 0.998847961 0.022509802 0.105448534 -0.432012856 -0.001994205 0.901865244 -1.285054160
102869433 0.479167933 0.851854124 0.500000000 0.500000000 0.000000000 0.000000000 0.900938928 -0.047904015 0.431293637 -0.272076003 0.042414840 0.998850286 0.022341516 0.112231108 -0.431868017 -0.001835091 0.901934922 -1.307445546
102902800 0.479167933 0.851854124 0.500000000 0.500000000 0.000000000 0.000000000 0.901106060 -0.047782607 0.430957824 -0.270835562 0.042231709 0.998855710 0.022444606 0.118236019 -0.431537151 -0.002024886 0.902092874 -1.329181852
102936167 0.479167933 0.851854124 0.500000000 0.500000000 0.000000000 0.000000000 0.901210308 -0.047743000 0.430744171 -0.270019234 0.042021617 0.998856664 0.022793341 0.123002118 -0.431339890 -0.002441029 0.902186215 -1.350846302
102969533 0.479167933 0.851854124 0.500000000 0.500000000 0.000000000 0.000000000 0.901231766 -0.047708593 0.430703104 -0.270337626 0.041924901 0.998857915 0.022916142 0.127856127 -0.431304485 -0.002595571 0.902202666 -1.372391395
103002900 0.479167933 0.851854124 0.500000000 0.500000000 0.000000000 0.000000000 0.901348948 -0.047582921 0.430471778 -0.270005675 0.041906573 0.998864412 0.022664528 0.132635763 -0.431061417 -0.002389050 0.902319431 -1.393714017
103036267 0.479167933 0.851854124 0.500000000 0.500000000 0.000000000 0.000000000 0.901326299 -0.047536831 0.430524230 -0.271308422 0.042009838 0.998867393 0.022341169 0.137121609 -0.431098640 -0.002050430 0.902302504 -1.415419332
103069633 0.479167933 0.851854124 0.500000000 0.500000000 0.000000000 0.000000000 0.901204467 -0.047352798 0.430799454 -0.274237094 0.041983385 0.998876750 0.021968450 0.141824836 -0.431355834 -0.001711648 0.902180254 -1.437356042
103103000 0.479167933 0.851854124 0.500000000 0.500000000 0.000000000 0.000000000 0.901215911 -0.047296103 0.430781782 -0.276046632 0.041863810 0.998879135 0.022087192 0.145017271 -0.431343585 -0.001871162 0.902185798 -1.459356803
103136367 0.479167933 0.851854124 0.500000000 0.500000000 0.000000000 0.000000000 0.901161134 -0.047171034 0.430910110 -0.279488042 0.041681267 0.998884797 0.022178384 0.147805500 -0.431475729 -0.002025417 0.902122259 -1.481813369
103169733 0.479167933 0.851854124 0.500000000 0.500000000 0.000000000 0.000000000 0.901364923 -0.047012616 0.430500925 -0.280537124 0.041647613 0.998892665 0.021883482 0.151257802 -0.431053013 -0.001795669 0.902324796 -1.504228042
