https://www.youtube.com/watch?v=ZXvkLmJJ63U
41007633 0.473603316 0.841961480 0.500000000 0.500000000 0.000000000 0.000000000 0.993544877 -0.012319545 0.112769060 -0.220188199 0.012605095 0.999918878 -0.001819479 -0.003561784 -0.112737499 0.003229198 0.993619561 -0.246188461
41041000 0.473603316 0.841961480 0.500000000 0.500000000 0.000000000 0.000000000 0.992415488 -0.013491969 0.122186005 -0.238662399 0.013831771 0.999902487 -0.001933216 -0.002084442 -0.122148007 0.003608603 0.992505312 -0.262663474
41074367 0.473603316 0.841961480 0.500000000 0.500000000 0.000000000 0.000000000 0.991183698 -0.014628907 0.131684735 -0.257211652 0.014977730 0.999886453 -0.001658778 -0.001779544 -0.131645516 0.003616492 0.991290271 -0.279724379
41107733 0.473603316 0.841961480 0.500000000 0.500000000 0.000000000 0.000000000 0.989840984 -0.015983887 0.141277641 -0.276580226 0.016403763 0.999863803 -0.001807827 -0.000125946 -0.141229510 0.004106947 0.989968359 -0.294801938
41141100 0.473603316 0.841961480 0.500000000 0.500000000 0.000000000 0.000000000 0.988421142 -0.017222472 0.150754854 -0.295234197 0.017702036 0.999841630 -0.001839552 0.000265684 -0.150699303 0.004486920 0.988569438 -0.311854578
41174467 0.473603316 0.841961480 0.500000000 0.500000000 0.000000000 0.000000000 0.986904860 -0.018483596 0.160241067 -0.314976957 0.019000744 0.999818027 -0.001695539 0.000587019 -0.160180569 0.004718035 0.987076461 -0.327077806
41207833 0.473603316 0.841961480 0.500000000 0.500000000 0.000000000 0.000000000 0.985306263 -0.020036943 0.169617444 -0.334024228 0.020621881 0.999785900 -0.001687420 0.001492964 -0.169547319 0.005160457 0.985508561 -0.343436286
41241200 0.473603316 0.841961480 0.500000000 0.500000000 0.000000000 0.000000000 0.983592331 -0.021157797 0.179160506 -0.354444034 0.021784939 0.999761522 -0.001533518 0.001792307 -0.179085329 0.005411357 0.983818650 -0.358784243
41274567 0.473603316 0.841961480 0.500000000 0.500000000 0.000000000 0.000000000 0.981786609 -0.022431578 0.188657954 -0.374760479 0.023187073 0.999729514 -0.001798210 0.003337317 -0.188566595 0.006139884 0.982041240 -0.374976650
41307933 0.473603316 0.841961480 0.500000000 0.500000000 0.000000000 0.000000000 0.979887784 -0.023577705 0.198151395 -0.395695212 0.024462353 0.999698699 -0.002017445 0.004411996 -0.198044121 0.006824119 0.980169356 -0.390957076
41341300 0.473603316 0.841961480 0.500000000 0.500000000 0.000000000 0.000000000 0.977898657 -0.024775144 0.207606316 -0.416126725 0.025781708 0.999665320 -0.002143708 0.005801373 -0.207483709 0.007448775 0.978210092 -0.407221831
41374667 0.473603316 0.841961480 0.500000000 0.500000000 0.000000000 0.000000000 0.975763857 -0.025709003 0.217310771 -0.437788714 0.026830493 0.999637544 -0.002211293 0.006631482 -0.217175171 0.007988255 0.976099968 -0.423399899
41408033 0.473603316 0.841961480 0.500000000 0.500000000 0.000000000 0.000000000 0.973520517 -0.026803242 0.227022946 -0.460354927 0.028080381 0.999602795 -0.002397249 0.008645494 -0.226868510 0.008708661 0.973886430 -0.438221856
41441400 0.473603316 0.841961480 0.500000000 0.500000000 0.000000000 0.000000000 0.971182168 -0.027928066 0.236696571 -0.482253109 0.029299250 0.999568105 -0.002276777 0.009382874 -0.236530751 0.009146198 0.971580982 -0.453267241
41474767 0.473603316 0.841961480 0.500000000 0.500000000 0.000000000 0.000000000 0.968700588 -0.028586913 0.246580422 -0.505979991 0.030089064 0.999544501 -0.002325418 0.010639950 -0.246401638 0.009672008 0.969119549 -0.467666015
41508133 0.473603316 0.841961480 0.500000000 0.500000000 0.000000000 0.000000000 0.966103792 -0.029097283 0.256508827 -0.530012105 0.030790035 0.999522507 -0.002584626 0.013212746 -0.256311148 0.010394933 0.966538429 -0.480784988
41541500 0.473603316 0.841961480 0.500000000 0.500000000 0.000000000 0.000000000 0.963394761 -0.029843030 0.266420573 -0.555028461 0.031644635 0.999496102 -0.002470838 0.014903016 -0.266212583 0.010811174 0.963853717 -0.493326897
41574867 0.473603316 0.841961480 0.500000000 0.500000000 0.000000000 0.000000000 0.960653186 -0.030331269 0.276089698 -0.580016561 0.032274768 0.999475896 -0.002497328 0.017830131 -0.275869250 0.011309798 0.961128652 -0.505230782
41608233 0.473603316 0.841961480 0.500000000 0.500000000 0.000000000 0.000000000 0.957872748 -0.030686086 0.285548896 -0.603765488 0.032676540 0.999463558 -0.002207485 0.020263014 -0.285327971 0.011445240 0.958361626 -0.517387627
41641600 0.473603316 0.841961480 0.500000000 0.500000000 0.000000000 0.000000000 0.955049038 -0.031326130 0.294788092 -0.628324447 0.033341721 0.999442339 -0.001812535 0.023037529 -0.294566929 0.011559801 0.955560923 -0.527429193
41674967 0.473603316 0.841961480 0.500000000 0.500000000 0.000000000 0.000000000 0.952114701 -0.032079775 0.304053515 -0.652311494 0.034141045 0.999415934 -0.001464062 0.026141914 -0.303828955 0.011774660 0.952653825 -0.537976492
41708333 0.473603316 0.841961480 0.500000000 0.500000000 0.000000000 0.000000000 0.949161649 -0.032372642 0.313120067 -0.675168744 0.034495741 0.999404073 -0.001241327 0.029209920 -0.312893271 0.011979529 0.949712753 -0.548906259
41741700 0.473603316 0.841961480 0.500000000 0.500000000 0.000000000 0.000000000 0.946047246 -0.032949477 0.322349161 -0.699186800 0.035121772 0.999382615 -0.000923596 0.031496242 -0.322119743 0.012195240 0.946620405 -0.557780339
41775067 0.473603316 0.841961480 0.500000000 0.500000000 0.000000000 0.000000000 0.942856193 -0.033556916 0.331505865 -0.723017555 0.035751034 0.999360621 -0.000520731 0.033818118 -0.331276417 0.012342651 0.943453014 -0.566825439
41808433 0.473603316 0.841961480 0.500000000 0.500000000 0.000000000 0.000000000 0.939686239 -0.034074768 0.340336174 -0.744602238 0.036258589 0.999342442 -0.000056814 0.034902606 -0.340110451 0.012393497 0.940303802 -0.576938853
41841800 0.473603316 0.841961480 0.500000000 0.500000000 0.000000000 0.000000000 0.936231732 -0.034788005 0.349656940 -0.769585771 0.037136614 0.999310195 -0.000012782 0.038705120 -0.349415302 0.012997041 0.936877787 -0.584036073
41875167 0.473603316 0.841961480 0.500000000 0.500000000 0.000000000 0.000000000 0.932776988 -0.035624459 0.358689308 -0.791537682 0.037957732 0.999279201 0.000537188 0.039448179 -0.358449906 0.013113956 0.933456838 -0.592633219
41908533 0.473603316 0.841961480 0.500000000 0.500000000 0.000000000 0.000000000 0.929226995 -0.036212578 0.367730618 -0.814018436 0.038586881 0.999254823 0.000896367 0.040665215 -0.367489070 0.013356650 0.929931939 -0.601049618
41941900 0.473603316 0.841961480 0.500000000 0.500000000 0.000000000 0.000000000 0.925620615 -0.037019696 0.376637846 -0.835516664 0.039416563 0.999221981 0.001343760 0.041316461 -0.376394570 0.013601957 0.926359594 -0.610001325
41975267 0.473603316 0.841961480 0.500000000 0.500000000 0.000000000 0.000000000 0.921857595 -0.037698008 0.385690838 -0.857494834 0.040175416 0.999191284 0.001637341 0.042616969 -0.385440677 0.013985896 0.922626615 -0.618126182
42008633 0.473603316 0.841961480 0.500000000 0.500000000 0.000000000 0.000000000 0.918043911 -0.038552485 0.394599855 -0.879835851 0.041052781 0.999154747 0.002107566 0.043822697 -0.394347578 0.014264584 0.918850660 -0.625682703
42042000 0.473603316 0.841961480 0.500000000 0.500000000 0.000000000 0.000000000 0.914169848 -0.039513346 0.403400779 -0.900098809 0.041861717 0.999118924 0.002999034 0.043085377 -0.403163850 0.014145424 0.915018499 -0.634830297
42075367 0.473603316 0.841961480 0.500000000 0.500000000 0.000000000 0.000000000 0.910134733 -0.040280733 0.412349612 -0.923332410 0.042663153 0.999083638 0.003430586 0.043629131 -0.412109941 0.014469841 0.911019206 -0.641699915
42108733 0.473603316 0.841961480 0.500000000 0.500000000 0.000000000 0.000000000 0.906042516 -0.040973034 0.421198547 -0.945972104 0.043412287 0.999050021 0.003800430 0.044591322 -0.420954138 0.014841841 0.906960487 -0.649469411
42142100 0.473603316 0.841961480 0.500000000 0.500000000 0.000000000 0.000000000 0.901914358 -0.041885745 0.429879189 -0.966916274 0.044239774 0.999010682 0.004521791 0.044613103 -0.429643303 0.014939489 0.902875125 -0.658801580
42175467 0.473603316 0.841961480 0.500000000 0.500000000 0.000000000 0.000000000 0.897660077 -0.042410884 0.438642979 -0.989218746 0.044573039 0.998991668 0.005372663 0.044191563 -0.438428551 0.014728826 0.898645341 -0.667028838
42208833 0.473603316 0.841961480 0.500000000 0.500000000 0.000000000 0.000000000 0.893284142 -0.043207139 0.447410971 -1.012180181 0.045312002 0.998954833 0.006002284 0.046019661 -0.447202682 0.014911341 0.894308329 -0.674195338
42242200 0.473603316 0.841961480 0.500000000 0.500000000 0.000000000 0.000000000 0.888957262 -0.043902345 0.455881059 -1.034758137 0.045856617 0.998925030 0.006779352 0.047548253 -0.455688626 0.014878608 0.890014887 -0.680790210
42275567 0.473603316 0.841961480 0.500000000 0.500000000 0.000000000 0.000000000 0.884579897 -0.045029465 0.464209795 -1.055931063 0.046668440 0.998878658 0.007964090 0.048223210 -0.464047909 0.014619074 0.885689437 -0.688972819
42308933 0.473603316 0.841961480 0.500000000 0.500000000 0.000000000 0.000000000 0.880160093 -0.045729153 0.472469091 -1.078228648 0.047245219 0.998845756 0.008663028 0.051027753 -0.472319901 0.014697054 0.881304681 -0.695796608
42342300 0.473603316 0.841961480 0.500000000 0.500000000 0.000000000 0.000000000 0.875718117 -0.046508886 0.480577499 -1.100010538 0.047873624 0.998808920 0.009425515 0.054626198 -0.480443448 0.014752892 0.876901627 -0.701986870
42375667 0.473603316 0.841961480 0.500000000 0.500000000 0.000000000 0.000000000 0.871226490 -0.047179095 0.488608778 -1.120806058 0.048144497 0.998784184 0.010595331 0.054763277 -0.488514602 0.014292891 0.872438669 -0.709780271
42409033 0.473603316 0.841961480 0.500000000 0.500000000 0.000000000 0.000000000 0.866677403 -0.048054449 0.496549159 -1.141882438 0.048745882 0.998744130 0.011574171 0.057491177 -0.496481746 0.014173655 0.867931426 -0.715895669
42442400 0.473603316 0.841961480 0.500000000 0.500000000 0.000000000 0.000000000 0.862023056 -0.048626244 0.504531205 -1.164250268 0.049048323 0.998718739 0.012453461 0.059340076 -0.504490376 0.014011241 0.863303602 -0.721141540
42475767 0.473603316 0.841961480 0.500000000 0.500000000 0.000000000 0.000000000 0.857283235 -0.049518008 0.512458265 -1.186343270 0.049627297 0.998676836 0.013479804 0.060892288 -0.512447655 0.013875908 0.858606339 -0.725990858
42509133 0.473603316 0.841961480 0.500000000 0.500000000 0.000000000 0.000000000 0.852535546 -0.050400902 0.520233512 -1.207472754 0.050176259 0.998634815 0.014522419 0.062653049 -0.520255208 0.013722493 0.853900552 -0.731968713
42542500 0.473603316 0.841961480 0.500000000 0.500000000 0.000000000 0.000000000 0.847791851 -0.051318511 0.527840376 -1.228801209 0.050785240 0.998589039 0.015517558 0.063430667 -0.527891934 0.013650839 0.849201858 -0.737348689
42575867 0.473603316 0.841961480 0.500000000 0.500000000 0.000000000 0.000000000 0.843044996 -0.052193835 0.535304546 -1.249817606 0.051266275 0.998546660 0.016622692 0.064298169 -0.535394192 0.013429396 0.844495535 -0.742485063
42609233 0.473603316 0.841961480 0.500000000 0.500000000 0.000000000 0.000000000 0.838165998 -0.053196874 0.542814732 -1.271052178 0.051772919 0.998498261 0.017911606 0.064080809 -0.542952359 0.013090204 0.839661479 -0.747997689
42642600 0.473603316 0.841961480 0.500000000 0.500000000 0.000000000 0.000000000 0.833211243 -0.053950280 0.550316632 -1.293812034 0.052411832 0.998453617 0.018528838 0.066393607 -0.550465286 0.013404666 0.834750414 -0.752181858
42675967 0.473603316 0.841961480 0.500000000 0.500000000 0.000000000 0.000000000 0.828287363 -0.055204581 0.557577372 -1.314822910 0.053171281 0.998387873 0.019861791 0.066398414 -0.557774901 0.013195829 0.829887331 -0.757641469
42709333 0.473603316 0.841961480 0.500000000 0.500000000 0.000000000 0.000000000 0.823332667 -0.055930186 0.564796507 -1.336033002 0.053568386 0.998348057 0.020774191 0.066797186 -0.565025389 0.013151166 0.824968696 -0.763164922
42742700 0.473603316 0.841961480 0.500000000 0.500000000 0.000000000 0.000000000 0.818306088 -0.056881409 0.571961284 -1.357856195 0.054180339 0.998293936 0.021764180 0.067541017 -0.572223425 0.013179295 0.819991827 -0.767634335
42776067 0.473603316 0.841961480 0.500000000 0.500000000 0.000000000 0.000000000 0.813131094 -0.057637952 0.579219937 -1.380746945 0.054673504 0.998248875 0.022582607 0.068016132 -0.579507291 0.013305364 0.814858437 -0.771983035
42809433 0.473603316 0.841961480 0.500000000 0.500000000 0.000000000 0.000000000 0.807872593 -0.058806762 0.586415946 -1.402974822 0.055371981 0.998181701 0.023816423 0.068231079 -0.586750269 0.013230379 0.809659839 -0.775762382
42842800 0.473603316 0.841961480 0.500000000 0.500000000 0.000000000 0.000000000 0.802568853 -0.059476908 0.593587160 -1.425767050 0.055808283 0.998139501 0.024556223 0.068629013 -0.593943298 0.013419021 0.804394960 -0.779296810
42876167 0.473603316 0.841961480 0.500000000 0.500000000 0.000000000 0.000000000 0.797088623 -0.060215987 0.600852549 -1.448882536 0.056158047 0.998095512 0.025527667 0.068391212 -0.601245403 0.013394895 0.798952162 -0.782383231
42909533 0.473603316 0.841961480 0.500000000 0.500000000 0.000000000 0.000000000 0.791493893 -0.060910989 0.608134270 -1.472375436 0.056518175 0.998052299 0.026406279 0.068544708 -0.608558238 0.013470232 0.793394864 -0.784840849
42942900 0.473603316 0.841961480 0.500000000 0.500000000 0.000000000 0.000000000 0.785779357 -0.061243251 0.615467370 -1.497494478 0.056706008 0.998028100 0.026913004 0.069917086 -0.615901947 0.013753016 0.787702739 -0.785056179
42976267 0.473603316 0.841961480 0.500000000 0.500000000 0.000000000 0.000000000 0.780056834 -0.062427141 0.622586727 -1.518861343 0.057381760 0.997954786 0.028170260 0.068533083 -0.623071969 0.013750718 0.782043636 -0.788729374
43009633 0.473603316 0.841961480 0.500000000 0.500000000 0.000000000 0.000000000 0.774158537 -0.063014530 0.629847407 -1.542788958 0.057671383 0.997915685 0.028953670 0.068962628 -0.630359113 0.013909441 0.776179075 -0.787244422
43043000 0.473603316 0.841961480 0.500000000 0.500000000 0.000000000 0.000000000 0.768271625 -0.063714765 0.636945128 -1.565691129 0.058153078 0.997866511 0.029675188 0.070835718 -0.637476981 0.014241716 0.770337760 -0.785558191
43076367 0.473603316 0.841961480 0.500000000 0.500000000 0.000000000 0.000000000 0.762105584 -0.064223550 0.644259632 -1.588889711 0.058203701 0.997835040 0.030619871 0.068803140 -0.644831359 0.014162722 0.764193654 -0.785887782
43109733 0.473603316 0.841961480 0.500000000 0.500000000 0.000000000 0.000000000 0.755960822 -0.064742155 0.651407480 -1.611644101 0.058753792 0.997791529 0.030984614 0.072608468 -0.651974857 0.014849503 0.758095145 -0.782640674
43143100 0.473603316 0.841961480 0.500000000 0.500000000 0.000000000 0.000000000 0.749793112 -0.065129854 0.658459067 -1.632525789 0.059058797 0.997759283 0.031440128 0.073849073 -0.659031332 0.015314209 0.751959562 -0.783352237
43176467 0.473603316 0.841961480 0.500000000 0.500000000 0.000000000 0.000000000 0.743531644 -0.066094279 0.665426373 -1.655745953 0.059571948 0.997693717 0.032532852 0.073575683 -0.666041970 0.015451538 0.745754242 -0.778410260
43209833 0.473603316 0.841961480 0.500000000 0.500000000 0.000000000 0.000000000 0.737140775 -0.067566879 0.672352731 -1.677673722 0.060423791 0.997593403 0.034005124 0.073800249 -0.673032284 0.015559536 0.739449441 -0.774469493
43243200 0.473603316 0.841961480 0.500000000 0.500000000 0.000000000 0.000000000 0.730848193 -0.068412766 0.679102838 -1.697906663 0.060750123 0.997535229 0.035112541 0.072060371 -0.679831147 0.015593644 0.733202875 -0.773623594
43276567 0.473603316 0.841961480 0.500000000 0.500000000 0.000000000 0.000000000 0.724515200 -0.069209017 0.685775340 -1.718121188 0.061293095 0.997473598 0.035910282 0.072544821 -0.686528146 0.016015749 0.726926863 -0.772042389
43309933 0.473603316 0.841961480 0.500000000 0.500000000 0.000000000 0.000000000 0.718058765 -0.069422930 0.692511380 -1.741853320 0.061629485 0.997446418 0.036089022 0.075002942 -0.693248451 0.016765080 0.720503688 -0.767898319
43343300 0.473603316 0.841961480 0.500000000 0.500000000 0.000000000 0.000000000 0.711943746 -0.070438623 0.698694825 -1.759907164 0.062086277 0.997374058 0.037286263 0.072083386 -0.699486494 0.016833637 0.714447498 -0.768526955
43376667 0.473603316 0.841961480 0.500000000 0.500000000 0.000000000 0.000000000 0.705505013 -0.071538642 0.705085039 -1.782531990 0.062855512 0.997287750 0.038292874 0.071850555 -0.705912054 0.017302668 0.708088100 -0.765485425
43410033 0.473603316 0.841961480 0.500000000 0.500000000 0.000000000 0.000000000 0.699585080 -0.072544619 0.710857213 -1.798498248 0.063063979 0.997219384 0.039704572 0.066704874 -0.711760938 0.017052758 0.702214718 -0.768843219
43443400 0.473603316 0.841961480 0.500000000 0.500000000 0.000000000 0.000000000 0.693224728 -0.073098890 0.717004955 -1.822438447 0.063512243 0.997168839 0.040255904 0.067717477 -0.717917621 0.017632201 0.695904732 -0.765887014
43476767 0.473603316 0.841961480 0.500000000 0.500000000 0.000000000 0.000000000 0.687272608 -0.073580801 0.722663283 -1.841582520 0.063661218 0.997129679 0.040983111 0.065202181 -0.723604560 0.017839052 0.689984202 -0.767364014
43510133 0.473603316 0.841961480 0.500000000 0.500000000 0.000000000 0.000000000 0.681158662 -0.074470490 0.728338540 -1.861797358 0.064120024 0.997058809 0.041979861 0.063199941 -0.729322612 0.018106136 0.683930337 -0.768034013
43543500 0.473603316 0.841961480 0.500000000 0.500000000 0.000000000 0.000000000 0.675072074 -0.075088128 0.733920574 -1.882521610 0.064392269 0.997007430 0.042775746 0.062406375 -0.734936237 0.018382102 0.677887022 -0.769657630
43576867 0.473603316 0.841961480 0.500000000 0.500000000 0.000000000 0.000000000 0.668929219 -0.075682826 0.739463210 -1.904362462 0.064778835 0.996953845 0.043436684 0.062024526 -0.740498126 0.018845499 0.671794176 -0.770113790
43610233 0.473603316 0.841961480 0.500000000 0.500000000 0.000000000 0.000000000 0.662891924 -0.076185837 0.744828820 -1.925067375 0.065009132 0.996909142 0.044112593 0.061577199 -0.745887458 0.019178793 0.665795863 -0.771648801
43643600 0.473603316 0.841961480 0.500000000 0.500000000 0.000000000 0.000000000 0.656728804 -0.076282099 0.750258863 -1.947497033 0.065031067 0.996893466 0.044434458 0.061963707 -0.751317680 0.019608747 0.659649312 -0.772089338
43676967 0.473603316 0.841961480 0.500000000 0.500000000 0.000000000 0.000000000 0.650638342 -0.076813303 0.755492866 -1.968513159 0.065394424 0.996842802 0.045033742 0.062115595 -0.756566763 0.020104341 0.653607309 -0.775292876
43710333 0.473603316 0.841961480 0.500000000 0.500000000 0.000000000 0.000000000 0.644552529 -0.077461213 0.760625958 -1.989801441 0.065829813 0.996782541 0.045727100 0.061935672 -0.761720717 0.020598346 0.647577941 -0.776711977
43743700 0.473603316 0.841961480 0.500000000 0.500000000 0.000000000 0.000000000 0.638575435 -0.077844739 0.765611887 -2.009635783 0.066000909 0.996744990 0.046296034 0.060914307 -0.766723692 0.020967573 0.641634703 -0.778976298
43777067 0.473603316 0.841961480 0.500000000 0.500000000 0.000000000 0.000000000 0.632561624 -0.078498550 0.770521760 -2.029223220 0.066277213 0.996687591 0.047129244 0.060320547 -0.771669030 0.021255882 0.635668993 -0.780320654
43810433 0.473603316 0.841961480 0.500000000 0.500000000 0.000000000 0.000000000 0.626426518 -0.079337619 0.775432348 -2.049159546 0.066776037 0.996611655 0.048022900 0.060374977 -0.776614964 0.021697480 0.629601836 -0.781288623
43843800 0.473603316 0.841961480 0.500000000 0.500000000 0.000000000 0.000000000 0.620318472 -0.079787254 0.780281365 -2.069492487 0.067082450 0.996564388 0.048573062 0.061743747 -0.781476140 0.022212414 0.623539627 -0.781770942
43877167 0.473603316 0.841961480 0.500000000 0.500000000 0.000000000 0.000000000 0.614154994 -0.080352634 0.785084128 -2.089517027 0.067285426 0.996512234 0.049356110 0.061023395 -0.786311805 0.022512417 0.617419541 -0.783022245
43910533 0.473603316 0.841961480 0.500000000 0.500000000 0.000000000 0.000000000 0.608052611 -0.081343807 0.789718449 -2.108805759 0.067890078 0.996420860 0.050362166 0.061455864 -0.790988564 0.022991197 0.611398757 -0.783263913
43943900 0.473603316 0.841961480 0.500000000 0.500000000 0.000000000 0.000000000 0.602158308 -0.081643604 0.794191182 -2.126780769 0.068415180 0.996375144 0.050555702 0.064609913 -0.795439959 0.023892196 0.605561256 -0.783271455
43977267 0.473603316 0.841961480 0.500000000 0.500000000 0.000000000 0.000000000 0.596162379 -0.082316689 0.798632801 -2.145338946 0.068905979 0.996305645 0.051254384 0.066193624 -0.799901485 0.024474641 0.599632084 -0.782838014
44010633 0.473603316 0.841961480 0.500000000 0.500000000 0.000000000 0.000000000 0.590063274 -0.083058760 0.803073168 -2.163504811 0.069330171 0.996232569 0.052095696 0.066674684 -0.804374695 0.024937440 0.593598783 -0.784771011
44044000 0.473603316 0.841961480 0.500000000 0.500000000 0.000000000 0.000000000 0.584023356 -0.083919428 0.807387292 -2.181191143 0.070083879 0.996140480 0.052843187 0.067798404 -0.808705747 0.025723176 0.587650716 -0.786520557
44077367 0.473603316 0.841961480 0.500000000 0.500000000 0.000000000 0.000000000 0.577850103 -0.084211439 0.811786771 -2.200725986 0.070638150 0.996090412 0.053048354 0.070799947 -0.813080251 0.026689116 0.581539452 -0.786578475
44110733 0.473603316 0.841961480 0.500000000 0.500000000 0.000000000 0.000000000 0.571810663 -0.084879391 0.815982878 -2.219916382 0.071678601 0.995998621 0.053375099 0.075287326 -0.817248285 0.027968055 0.575606704 -0.786555096
44144100 0.473603316 0.841961480 0.500000000 0.500000000 0.000000000 0.000000000 0.565818369 -0.085511498 0.820083737 -2.237205992 0.072286233 0.995922506 0.053972479 0.074619603 -0.821355164 0.028742146 0.569692552 -0.789328153
44177467 0.473603316 0.841961480 0.500000000 0.500000000 0.000000000 0.000000000 0.559660971 -0.086212255 0.824225128 -2.256772983 0.072936997 0.995838821 0.054637410 0.075335696 -0.825505793 0.029538075 0.563620210 -0.790559810
44210833 0.473603316 0.841961480 0.500000000 0.500000000 0.000000000 0.000000000 0.553754985 -0.086411908 0.828183830 -2.274863639 0.073181704 0.995802641 0.054969050 0.075284726 -0.829457581 0.030168515 0.557754397 -0.792992889
44244200 0.473603316 0.841961480 0.500000000 0.500000000 0.000000000 0.000000000 0.547817767 -0.086615443 0.832101822 -2.293369669 0.073612399 0.995758772 0.055187847 0.075933587 -0.833352804 0.031020133 0.551870286 -0.795525977
44277567 0.473603316 0.841961480 0.500000000 0.500000000 0.000000000 0.000000000 0.541818202 -0.087324657 0.835947037 -2.311809638 0.074345551 0.995668888 0.055822521 0.076070862 -0.837201178 0.031903286 0.545963764 -0.797008171
44310933 0.473603316 0.841961480 0.500000000 0.500000000 0.000000000 0.000000000 0.535640419 -0.087176710 0.839934230 -2.331914779 0.074677840 0.995650053 0.055715103 0.077586084 -0.841137648 0.032881211 0.539820611 -0.798974628
44344300 0.473603316 0.841961480 0.500000000 0.500000000 0.000000000 0.000000000 0.529380560 -0.087274283 0.843883514 -2.353136382 0.075103506 0.995610356 0.055852309 0.078813117 -0.845053613 0.033811480 0.533611417 -0.799423847
44377667 0.473603316 0.841961480 0.500000000 0.500000000 0.000000000 0.000000000 0.522965848 -0.087363526 0.847864568 -2.373152951 0.075501420 0.995571196 0.056013603 0.079326968 -0.849003077 0.034721777 0.527245820 -0.800357632
44411033 0.473603316 0.841961480 0.500000000 0.500000000 0.000000000 0.000000000 0.516349554 -0.087296747 0.851916909 -2.395608306 0.075780004 0.995546043 0.056084059 0.080141676 -0.853018463 0.035599288 0.520665109 -0.800080054
44444400 0.473603316 0.841961480 0.500000000 0.500000000 0.000000000 0.000000000 0.509915113 -0.087413825 0.855771780 -2.415648566 0.076119848 0.995506227 0.056330841 0.080384393 -0.856850207 0.036417272 0.514277637 -0.800218112
44477767 0.473603316 0.841961480 0.500000000 0.500000000 0.000000000 0.000000000 0.503198266 -0.087138578 0.859766483 -2.437828052 0.076491922 0.995489299 0.056125611 0.081765350 -0.860779047 0.037522882 0.507593870 -0.799699719
44511133 0.473603316 0.841961480 0.500000000 0.500000000 0.000000000 0.000000000 0.496326417 -0.086947650 0.863770902 -2.460538123 0.077020548 0.995458543 0.055947065 0.084481368 -0.864712656 0.038760103 0.500769138 -0.799038444
44544500 0.473603316 0.841961480 0.500000000 0.500000000 0.000000000 0.000000000 0.489742547 -0.086832151 0.867532372 -2.479679955 0.077448979 0.995427310 0.055911504 0.085682716 -0.868420362 0.039807253 0.494228154 -0.797779464
44577867 0.473603316 0.841961480 0.500000000 0.500000000 0.000000000 0.000000000 0.482735217 -0.086437173 0.871490300 -2.501660491 0.077936083 0.995409131 0.055557542 0.088112352 -0.872291625 0.041100960 0.487255633 -0.796346055
44611233 0.473603316 0.841961480 0.500000000 0.500000000 0.000000000 0.000000000 0.475856394 -0.086388819 0.875270069 -2.522495068 0.078196891 0.995379031 0.055730376 0.086747612 -0.876039922 0.041923739 0.480412811 -0.793454158
44644600 0.473603316 0.841961480 0.500000000 0.500000000 0.000000000 0.000000000 0.469260842 -0.086574659 0.878805518 -2.540167461 0.078787439 0.995318294 0.055982225 0.086328928 -0.879537821 0.042968571 0.473884910 -0.791135225
44677967 0.473603316 0.841961480 0.500000000 0.500000000 0.000000000 0.000000000 0.462390006 -0.086552478 0.882442176 -2.558751101 0.079425462 0.995266557 0.056000553 0.085449024 -0.883112192 0.044194277 0.467075765 -0.789931085
44711333 0.473603316 0.841961480 0.500000000 0.500000000 0.000000000 0.000000000 0.455404490 -0.086301886 0.886091828 -2.578314013 0.079822950 0.995239973 0.055907700 0.084679106 -0.886698961 0.045269847 0.460125655 -0.787194762
44744700 0.473603316 0.841961480 0.500000000 0.500000000 0.000000000 0.000000000 0.448364913 -0.086536154 0.889651835 -2.596854110 0.080511659 0.995166719 0.056223448 0.083282931 -0.890217245 0.046418723 0.453164995 -0.783542561
44778067 0.473603316 0.841961480 0.500000000 0.500000000 0.000000000 0.000000000 0.441355973 -0.086631186 0.893140495 -2.613804942 0.081025891 0.995110333 0.056481961 0.081187141 -0.893666446 0.047438849 0.446217269 -0.780017812
44811433 0.473603316 0.841961480 0.500000000 0.500000000 0.000000000 0.000000000 0.434154391 -0.086614400 0.896664858 -2.632263870 0.081325404 0.995071054 0.056743275 0.079158789 -0.897160053 0.048286289 0.439058393 -0.776735716
44844800 0.473603316 0.841961480 0.500000000 0.500000000 0.000000000 0.000000000 0.427016258 -0.086378165 0.900108814 -2.650933356 0.081301555 0.995062888 0.056920473 0.076262610 -0.900581539 0.048874278 0.431930721 -0.773296380
44878167 0.473603316 0.841961480 0.500000000 0.500000000 0.000000000 0.000000000 0.419857919 -0.086315706 0.903476000 -2.669883826 0.081744604 0.995017827 0.057073511 0.075333102 -0.903901100 0.049891528 0.424821943 -0.771227788
44911533 0.473603316 0.841961480 0.500000000 0.500000000 0.000000000 0.000000000 0.412730008 -0.086105607 0.906774342 -2.688340191 0.081497200 0.995019853 0.057390738 0.071621865 -0.907200158 0.050212692 0.417691946 -0.770283222
44944900 0.473603316 0.841961480 0.500000000 0.500000000 0.000000000 0.000000000 0.406110376 -0.085980989 0.909770072 -2.703520061 0.081618808 0.994997680 0.057602074 0.069654366 -0.910171807 0.050861552 0.411096543 -0.768466386
44978267 0.473603316 0.841961480 0.500000000 0.500000000 0.000000000 0.000000000 0.398837656 -0.085355379 0.913040519 -2.723497923 0.081649289 0.995009601 0.057351902 0.069368687 -0.913379371 0.051675010 0.403816521 -0.766798650
45011633 0.473603316 0.841961480 0.500000000 0.500000000 0.000000000 0.000000000 0.392184228 -0.085270077 0.915926039 -2.737434607 0.081906199 0.994976580 0.057558585 0.068498200 -0.916233003 0.052446451 0.397198290 -0.768443964
45045000 0.473603316 0.841961480 0.500000000 0.500000000 0.000000000 0.000000000 0.384755880 -0.085312568 0.919067264 -2.757083555 0.082218289 0.994929016 0.057934795 0.067260234 -0.919349253 0.053273387 0.389819026 -0.767656729
45078367 0.473603316 0.841961480 0.500000000 0.500000000 0.000000000 0.000000000 0.377647370 -0.084896557 0.922049344 -2.774626632 0.082362153 0.994920731 0.057872705 0.067013515 -0.922279179 0.054086499 0.382721454 -0.767621896
45111733 0.473603316 0.841961480 0.500000000 0.500000000 0.000000000 0.000000000 0.370677710 -0.084659114 0.924895048 -2.791280678 0.082862377 0.994880140 0.057855684 0.068999551 -0.925057769 0.055193190 0.375794977 -0.767794614
45145100 0.473603316 0.841961480 0.500000000 0.500000000 0.000000000 0.000000000 0.363700449 -0.084395625 0.927684963 -2.807818658 0.083265506 0.994846165 0.057861201 0.070156518 -0.927787066 0.056200009 0.368853241 -0.769515690
45178467 0.473603316 0.841961480 0.500000000 0.500000000 0.000000000 0.000000000 0.356541157 -0.084087536 0.930487871 -2.825390848 0.083497219 0.994824052 0.057907376 0.070818029 -0.930541039 0.057046786 0.361716807 -0.770581517
45211833 0.473603316 0.841961480 0.500000000 0.500000000 0.000000000 0.000000000 0.349510014 -0.083938457 0.933165073 -2.842332168 0.084065542 0.994771183 0.057993822 0.072436771 -0.933153629 0.058177609 0.354738802 -0.772076276
45245200 0.473603316 0.841961480 0.500000000 0.500000000 0.000000000 0.000000000 0.342244595 -0.083630413 0.935881734 -2.860481808 0.084581822 0.994729519 0.057958145 0.075425102 -0.935796201 0.059322722 0.347514391 -0.773998165
45278567 0.473603316 0.841961480 0.500000000 0.500000000 0.000000000 0.000000000 0.335430264 -0.083428927 0.938363552 -2.875793730 0.084992409 0.994688869 0.058055110 0.076913164 -0.938223243 0.060280338 0.340739548 -0.774300329
45311933 0.473603316 0.841961480 0.500000000 0.500000000 0.000000000 0.000000000 0.328519851 -0.083144791 0.940830290 -2.891826299 0.085396983 0.994652629 0.058082294 0.079131796 -0.940628529 0.061262880 0.333863437 -0.774774573
45345300 0.473603316 0.841961480 0.500000000 0.500000000 0.000000000 0.000000000 0.321513057 -0.082847916 0.943273842 -2.909138321 0.085906550 0.994609118 0.058075622 0.083207357 -0.943000197 0.062361334 0.326896995 -0.776164341
45378667 0.473603316 0.841961480 0.500000000 0.500000000 0.000000000 0.000000000 0.314724088 -0.082901627 0.945555925 -2.926001844 0.086169668 0.994560480 0.058516912 0.084551513 -0.945263743 0.063061558 0.320155770 -0.777436417
45412033 0.473603316 0.841961480 0.500000000 0.500000000 0.000000000 0.000000000 0.308469325 -0.082213350 0.947674870 -2.941396716 0.086351015 0.994564891 0.058173824 0.089445644 -0.947306812 0.063887842 0.313891977 -0.778698424
45445400 0.473603316 0.841961480 0.500000000 0.500000000 0.000000000 0.000000000 0.302035183 -0.081975982 0.949765623 -2.958302100 0.086447634 0.994546175 0.058349844 0.091710761 -0.949369013 0.064481281 0.307474583 -0.781337490
45478767 0.473603316 0.841961480 0.500000000 0.500000000 0.000000000 0.000000000 0.295953423 -0.081697680 0.951702178 -2.973245681 0.086693347 0.994521022 0.058414143 0.095507072 -0.951260149 0.065218382 0.301414549 -0.783182088
45512133 0.473603316 0.841961480 0.500000000 0.500000000 0.000000000 0.000000000 0.289757073 -0.080867864 0.953677714 -2.989706870 0.086512491 0.994558156 0.058049157 0.100369261 -0.953182280 0.065684877 0.295176327 -0.785809535
45545500 0.473603316 0.841961480 0.500000000 0.500000000 0.000000000 0.000000000 0.283721179 -0.080329940 0.955536187 -3.004152534 0.086534970 0.994563878 0.057916652 0.103804430 -0.954994261 0.066255115 0.289130181 -0.788194128
45578867 0.473603316 0.841961480 0.500000000 0.500000000 0.000000000 0.000000000 0.277459949 -0.079553567 0.957437813 -3.018895990 0.086608417 0.994579315 0.057541039 0.108892110 -0.956825435 0.066956840 0.282845944 -0.790294179
45612233 0.473603316 0.841961480 0.500000000 0.500000000 0.000000000 0.000000000 0.270980656 -0.078984708 0.959338784 -3.034569536 0.086573012 0.994588614 0.057432976 0.112030513 -0.958683789 0.067489624 0.276352227 -0.792061168
45645600 0.473603316 0.841961480 0.500000000 0.500000000 0.000000000 0.000000000 0.264569044 -0.078106038 0.961198568 -3.050374687 0.086410277 0.994625509 0.057037927 0.116115948 -0.960487604 0.067966968 0.269896299 -0.793933924
45678967 0.473603316 0.841961480 0.500000000 0.500000000 0.000000000 0.000000000 0.258327752 -0.077045433 0.962980151 -3.065316763 0.086875089 0.994628608 0.056272548 0.124032841 -0.962143183 0.069122225 0.263633519 -0.794783256
45712333 0.473603316 0.841961480 0.500000000 0.500000000 0.000000000 0.000000000 0.251965165 -0.076271422 0.964725971 -3.080872633 0.086746871 0.994656265 0.055981342 0.126911651 -0.963840485 0.069581613 0.257235050 -0.796334355
45745700 0.473603316 0.841961480 0.500000000 0.500000000 0.000000000 0.000000000 0.245513394 -0.075613782 0.966439724 -3.096848662 0.086892322 0.994656682 0.055747423 0.130664456 -0.965490997 0.070289455 0.250771791 -0.797963181
45779067 0.473603316 0.841961480 0.500000000 0.500000000 0.000000000 0.000000000 0.239256158 -0.074707448 0.968078136 -3.111870023 0.087192334 0.994660437 0.055209637 0.135343040 -0.967033625 0.071199745 0.244492561 -0.798923684
45812433 0.473603316 0.841961480 0.500000000 0.500000000 0.000000000 0.000000000 0.232689098 -0.074041642 0.969728649 -3.127487337 0.087259516 0.994665742 0.055007499 0.137035692 -0.968628705 0.071818404 0.237908721 -0.799563808
45845800 0.473603316 0.841961480 0.500000000 0.500000000 0.000000000 0.000000000 0.226063445 -0.072937936 0.971378088 -3.143281961 0.087297253 0.994697332 0.054372706 0.139174357 -0.970193028 0.072506957 0.231231987 -0.798951010
45879167 0.473603316 0.841961480 0.500000000 0.500000000 0.000000000 0.000000000 0.218871236 -0.071795538 0.973108828 -3.160732706 0.087834619 0.994690239 0.053632081 0.143357582 -0.971792400 0.073734127 0.224015206 -0.797416258
45912533 0.473603316 0.841961480 0.500000000 0.500000000 0.000000000 0.000000000 0.211531341 -0.070589349 0.974818766 -3.176185767 0.088522732 0.994672775 0.052818000 0.147877984 -0.973354101 0.075120956 0.216653228 -0.793872942
45945900 0.473603316 0.841961480 0.500000000 0.500000000 0.000000000 0.000000000 0.203882903 -0.069481894 0.976526499 -3.192649102 0.088805176 0.994678557 0.052232366 0.150105736 -0.974959195 0.076071329 0.208968297 -0.789774580
45979267 0.473603316 0.841961480 0.500000000 0.500000000 0.000000000 0.000000000 0.196513638 -0.068558492 0.978101313 -3.206539220 0.089112036 0.994672894 0.051816255 0.152435851 -0.976443231 0.076977998 0.201576158 -0.784905747
46012633 0.473603316 0.841961480 0.500000000 0.500000000 0.000000000 0.000000000 0.188404351 -0.067546353 0.979765952 -3.225101408 0.089524046 0.994659662 0.051358093 0.156082466 -0.978002667 0.078036524 0.193445221 -0.780075911
46046000 0.473603316 0.841961480 0.500000000 0.500000000 0.000000000 0.000000000 0.180278465 -0.066296123 0.981378853 -3.244320103 0.089854300 0.994664252 0.050687447 0.161028911 -0.979502857 0.079043254 0.185273543 -0.776200550
46079367 0.473603316 0.841961480 0.500000000 0.500000000 0.000000000 0.000000000 0.172731340 -0.065275326 0.982803643 -3.258871315 0.089948535 0.994677663 0.050255187 0.164261462 -0.980853260 0.079721101 0.177683428 -0.772310106
46112733 0.473603316 0.841961480 0.500000000 0.500000000 0.000000000 0.000000000 0.165058538 -0.064324692 0.984183908 -3.274443500 0.089932874 0.994695544 0.049928971 0.167998220 -0.982174993 0.080269292 0.169967890 -0.766640829
46146100 0.473603316 0.841961480 0.500000000 0.500000000 0.000000000 0.000000000 0.157124311 -0.063237093 0.985552132 -3.291348815 0.090129167 0.994701445 0.049455065 0.172971614 -0.983457506 0.081056401 0.161991283 -0.762792600
46179467 0.473603316 0.841961480 0.500000000 0.500000000 0.000000000 0.000000000 0.149558991 -0.062373359 0.986783504 -3.305354819 0.089896783 0.994732559 0.049250863 0.175514118 -0.984657645 0.081342757 0.154378369 -0.757807494
46212833 0.473603316 0.841961480 0.500000000 0.500000000 0.000000000 0.000000000 0.142054483 -0.061374344 0.987954319 -3.318947381 0.090215303 0.994724810 0.048823204 0.180492806 -0.985739172 0.082193039 0.146842033 -0.753778500
46246200 0.473603316 0.841961480 0.500000000 0.500000000 0.000000000 0.000000000 0.134252131 -0.060576592 0.989093959 -3.333134812 0.090384871 0.994717777 0.048652861 0.183491846 -0.986816585 0.082867384 0.139018178 -0.748481896
46279567 0.473603316 0.841961480 0.500000000 0.500000000 0.000000000 0.000000000 0.126569152 -0.059579495 0.990166903 -3.346428049 0.090582408 0.994718254 0.048274562 0.187248330 -0.987813294 0.083581634 0.131297499 -0.743653760
46312933 0.473603316 0.841961480 0.500000000 0.500000000 0.000000000 0.000000000 0.118827350 -0.058967315 0.991162419 -3.358612584 0.090757929 0.994701147 0.048297159 0.188260983 -0.988758326 0.084216826 0.123549454 -0.737638341
46346300 0.473603316 0.841961480 0.500000000 0.500000000 0.000000000 0.000000000 0.110698342 -0.058081541 0.992155433 -3.371691512 0.090684958 0.994716704 0.048113436 0.188497579 -0.989708126 0.084647492 0.115380615 -0.730780726
46379667 0.473603316 0.841961480 0.500000000 0.500000000 0.000000000 0.000000000 0.102702983 -0.056849781 0.993086219 -3.382444795 0.090994105 0.994716406 0.047532674 0.191554969 -0.990541339 0.085483246 0.107333332 -0.723368478
46413033 0.473603316 0.841961480 0.500000000 0.500000000 0.000000000 0.000000000 0.094831154 -0.055816963 0.993927300 -3.393117503 0.091601245 0.994680345 0.047119528 0.194009359 -0.991270006 0.086576581 0.099439591 -0.717721345
46446400 0.473603316 0.841961480 0.500000000 0.500000000 0.000000000 0.000000000 0.086950727 -0.054789804 0.994704783 -3.403551917 0.091661796 0.994690955 0.046776552 0.194993475 -0.991986752 0.087109171 0.091511235 -0.711420836
46479767 0.473603316 0.841961480 0.500000000 0.500000000 0.000000000 0.000000000 0.079429410 -0.054067530 0.995373130 -3.413594574 0.091441855 0.994713128 0.046734747 0.194033615 -0.992637575 0.087306656 0.083953515 -0.708097444
46513133 0.473603316 0.841961480 0.500000000 0.500000000 0.000000000 0.000000000 0.072029822 -0.053217400 0.995981753 -3.424182657 0.091087215 0.994753659 0.046564318 0.193918806 -0.993234515 0.087367177 0.076499350 -0.704862125
46546500 0.473603316 0.841961480 0.500000000 0.500000000 0.000000000 0.000000000 0.064963073 -0.052674174 0.996496499 -3.433851785 0.090722360 0.994782090 0.046669226 0.192979263 -0.993755102 0.087372735 0.069402829 -0.703696481
46579867 0.473603316 0.841961480 0.500000000 0.500000000 0.000000000 0.000000000 0.058205318 -0.052014761 0.996948659 -3.442850679 0.090245642 0.994827032 0.046635214 0.192422248 -0.994217217 0.087255850 0.062598333 -0.703961700
46613233 0.473603316 0.841961480 0.500000000 0.500000000 0.000000000 0.000000000 0.051293924 -0.051398762 0.997360051 -3.452116487 0.089744322 0.994871497 0.046654988 0.191621513 -0.994643092 0.087114289 0.055643611 -0.703993990
46646600 0.473603316 0.841961480 0.500000000 0.500000000 0.000000000 0.000000000 0.044853270 -0.050994828 0.997691214 -3.459633720 0.089307845 0.994902194 0.046837259 0.190188027 -0.994993627 0.087000847 0.049178854 -0.705696359
46679967 0.473603316 0.841961480 0.500000000 0.500000000 0.000000000 0.000000000 0.038164295 -0.050287638 0.998005331 -3.467852694 0.088946030 0.994939566 0.046731815 0.190612241 -0.995305002 0.086985126 0.042444054 -0.706092598
46713333 0.473603316 0.841961480 0.500000000 0.500000000 0.000000000 0.000000000 0.031729657 -0.050078813 0.998241127 -3.475045217 0.088493757 0.994962454 0.047101509 0.188647714 -0.995571256 0.086843595 0.036001481 -0.708598422
46746700 0.473603316 0.841961480 0.500000000 0.500000000 0.000000000 0.000000000 0.025284635 -0.050029054 0.998427629 -3.482457134 0.088196486 0.994964063 0.047621973 0.187276823 -0.995782137 0.086853705 0.029569691 -0.711079024
46780067 0.473603316 0.841961480 0.500000000 0.500000000 0.000000000 0.000000000 0.019057093 -0.049841113 0.998575330 -3.488739534 0.087889880 0.994973838 0.047984041 0.186933608 -0.995947897 0.086850233 0.023341838 -0.714075376
46813433 0.473603316 0.841961480 0.500000000 0.500000000 0.000000000 0.000000000 0.012925469 -0.049710821 0.998679996 -3.494510374 0.087659329 0.994974434 0.048391834 0.187083594 -0.996066630 0.086918138 0.017218128 -0.716419046
46846800 0.473603316 0.841961480 0.500000000 0.500000000 0.000000000 0.000000000 0.006453168 -0.049854718 0.998735607 -3.503388018 0.087400980 0.994962335 0.049101640 0.185758054 -0.996152282 0.086973615 0.010778011 -0.720134014
46880167 0.473603316 0.841961480 0.500000000 0.500000000 0.000000000 0.000000000 0.000550723 -0.049791932 0.998759449 -3.508485036 0.087241367 0.994953930 0.049554106 0.186331499 -0.996187031 0.087105855 0.004891861 -0.722899545
46913533 0.473603316 0.841961480 0.500000000 0.500000000 0.000000000 0.000000000 -0.005579947 -0.049818899 0.998742700 -3.515739305 0.087112278 0.994937122 0.050115764 0.187258565 -0.996182859 0.087282389 -0.001211859 -0.725120369
46946900 0.473603316 0.841961480 0.500000000 0.500000000 0.000000000 0.000000000 -0.011536540 -0.050136004 0.998675764 -3.522249897 0.086690784 0.994931579 0.050949473 0.185619362 -0.996168494 0.087163761 -0.007131739 -0.727654356
46980267 0.473603316 0.841961480 0.500000000 0.500000000 0.000000000 0.000000000 -0.017282899 -0.050432488 0.998577893 -3.527508044 0.086400516 0.994915903 0.051742919 0.184370004 -0.996110559 0.087171912 -0.012837638 -0.729172195
47013633 0.473603316 0.841961480 0.500000000 0.500000000 0.000000000 0.000000000 -0.023222661 -0.050553750 0.998451293 -3.534072469 0.086231939 0.994897187 0.052379437 0.183893206 -0.996004403 0.087314785 -0.018744811 -0.730513234
47047000 0.473603316 0.841961480 0.500000000 0.500000000 0.000000000 0.000000000 -0.029161243 -0.050976094 0.998274028 -3.541490847 0.085749462 0.994889557 0.053308155 0.180522784 -0.995889902 0.087155998 -0.024641044 -0.732038339
47080367 0.473603316 0.841961480 0.500000000 0.500000000 0.000000000 0.000000000 -0.035104718 -0.050934903 0.998084784 -3.548172131 0.085667275 0.994871020 0.053783990 0.180234923 -0.995705187 0.087391280 -0.030561211 -0.731636891
47113733 0.473603316 0.841961480 0.500000000 0.500000000 0.000000000 0.000000000 -0.041135274 -0.051050987 0.997848511 -3.555276689 0.085538752 0.994847298 0.054423690 0.178876945 -0.995485306 0.087593451 -0.036556479 -0.731758545
47147100 0.473603316 0.841961480 0.500000000 0.500000000 0.000000000 0.000000000 -0.047045819 -0.051303133 0.997574389 -3.561656164 0.085378297 0.994818985 0.055187888 0.176734031 -0.995237291 0.087767564 -0.042421903 -0.731629478
47180467 0.473603316 0.841961480 0.500000000 0.500000000 0.000000000 0.000000000 -0.053058151 -0.051625311 0.997256041 -3.568242258 0.085385121 0.994770825 0.056039497 0.174582784 -0.994934261 0.088124186 -0.048372667 -0.731478850
47213833 0.473603316 0.841961480 0.500000000 0.500000000 0.000000000 0.000000000 -0.058926292 -0.052075144 0.996903121 -3.574667011 0.085332654 0.994720459 0.057005081 0.171256795 -0.994608462 0.088427484 -0.054171477 -0.732552858
47247200 0.473603316 0.841961480 0.500000000 0.500000000 0.000000000 0.000000000 -0.064835668 -0.052553024 0.996511161 -3.581431853 0.085306205 0.994664848 0.058005899 0.167810751 -0.994243026 0.088769436 -0.060006656 -0.733110862
47280567 0.473603316 0.841961480 0.500000000 0.500000000 0.000000000 0.000000000 -0.070691302 -0.052795537 0.996100068 -3.588407089 0.085526049 0.994600177 0.058785658 0.166528964 -0.993824959 0.089348137 -0.065794185 -0.734274579
47313933 0.473603316 0.841961480 0.500000000 0.500000000 0.000000000 0.000000000 -0.076598898 -0.053273905 0.995637715 -3.595444819 0.085702807 0.994524062 0.059807818 0.164063979 -0.993371844 0.089910164 -0.071613722 -0.734819192
47347300 0.473603316 0.841961480 0.500000000 0.500000000 0.000000000 0.000000000 -0.082449891 -0.053780090 0.995143056 -3.602151833 0.085843377 0.994448364 0.060854871 0.161680043 -0.992891192 0.090443924 -0.077375501 -0.735729580
47380667 0.473603316 0.841961480 0.500000000 0.500000000 0.000000000 0.000000000 -0.088334575 -0.054167792 0.994616926 -3.608956633 0.086224131 0.994356453 0.061811399 0.160205588 -0.992351949 0.091220066 -0.083165482 -0.736822652
47414033 0.473603316 0.841961480 0.500000000 0.500000000 0.000000000 0.000000000 -0.094466023 -0.054541465 0.994032919 -3.617630026 0.086450212 0.994276762 0.062770478 0.157707165 -0.991767406 0.091864035 -0.089210249 -0.737722844
47447400 0.473603316 0.841961480 0.500000000 0.500000000 0.000000000 0.000000000 -0.100571483 -0.054925282 0.993412614 -3.625437919 0.086912140 0.994173110 0.063766174 0.156560291 -0.991126478 0.092752673 -0.095211789 -0.738043200
47480767 0.473603316 0.841961480 0.500000000 0.500000000 0.000000000 0.000000000 -0.106568284 -0.055532277 0.992753446 -3.633397325 0.087168299 0.994073153 0.064963281 0.153216371 -0.990477085 0.093459651 -0.101096019 -0.739608333
47514133 0.473603316 0.841961480 0.500000000 0.500000000 0.000000000 0.000000000 -0.112797827 -0.055570960 0.992062747 -3.642605977 0.087879002 0.993964195 0.065669335 0.154182276 -0.989724159 0.094588846 -0.107233480 -0.739909019
47547500 0.473603316 0.841961480 0.500000000 0.500000000 0.000000000 0.000000000 -0.119204201 -0.055950455 0.991292059 -3.652716699 0.088209964 0.993866026 0.066703103 0.152118456 -0.988943577 0.095393129 -0.113537617 -0.739333747
47580867 0.473603316 0.841961480 0.500000000 0.500000000 0.000000000 0.000000000 -0.125366315 -0.056320764 0.990510583 -3.661243799 0.088757634 0.993747234 0.067738615 0.151233430 -0.988132238 0.096407518 -0.119583525 -0.739060391
47614233 0.473603316 0.841961480 0.500000000 0.500000000 0.000000000 0.000000000 -0.131668851 -0.056542564 0.989679873 -3.670346100 0.089182690 0.993647695 0.068634287 0.150579023 -0.987273932 0.097299308 -0.125789836 -0.737491355
47647600 0.473603316 0.841961480 0.500000000 0.500000000 0.000000000 0.000000000 -0.138098165 -0.056686711 0.988794982 -3.679989787 0.089754283 0.993536472 0.069493897 0.150716747 -0.986343265 0.098345570 -0.132117689 -0.735065917
47680967 0.473603316 0.841961480 0.500000000 0.500000000 0.000000000 0.000000000 -0.144681469 -0.056577526 0.987859428 -3.690962238 0.090482362 0.993424475 0.070148259 0.152150792 -0.985332549 0.099533014 -0.138610840 -0.732598341
47714333 0.473603316 0.841961480 0.500000000 0.500000000 0.000000000 0.000000000 -0.151010543 -0.056674991 0.986906171 -3.699245362 0.090766348 0.993342817 0.070933163 0.150944663 -0.984356284 0.100289524 -0.144861057 -0.730002433
47747700 0.473603316 0.841961480 0.500000000 0.500000000 0.000000000 0.000000000 -0.157245293 -0.056907669 0.985918581 -3.707467499 0.090807267 0.993275702 0.071815282 0.148603659 -0.983375788 0.100821182 -0.151020303 -0.727767780
47781067 0.473603316 0.841961480 0.500000000 0.500000000 0.000000000 0.000000000 -0.163569897 -0.057137560 0.984875739 -3.715828516 0.091243647 0.993166029 0.072772428 0.147745465 -0.982303143 0.101767033 -0.157238632 -0.725262207
47814433 0.473603316 0.841961480 0.500000000 0.500000000 0.000000000 0.000000000 -0.169927448 -0.056966707 0.983808637 -3.724431428 0.091691934 0.993082881 0.073341131 0.148207213 -0.981181562 0.102669992 -0.163528666 -0.722294063
47847800 0.473603316 0.841961480 0.500000000 0.500000000 0.000000000 0.000000000 -0.176062331 -0.057092555 0.982721984 -3.731433241 0.091979779 0.992994845 0.074168265 0.147141702 -0.980072320 0.103448786 -0.169577628 -0.719387555
47881167 0.473603316 0.841961480 0.500000000 0.500000000 0.000000000 0.000000000 -0.182415053 -0.057275742 0.981551945 -3.740003983 0.092233591 0.992902875 0.075079106 0.145403707 -0.978885949 0.104227617 -0.175837681 -0.716062807
47914533 0.473603316 0.841961480 0.500000000 0.500000000 0.000000000 0.000000000 -0.188537762 -0.057366259 0.980388999 -3.747390243 0.092549570 0.992811680 0.075891286 0.144207168 -0.977695286 0.105042957 -0.181873277 -0.713969916
47947900 0.473603316 0.841961480 0.500000000 0.500000000 0.000000000 0.000000000 -0.194999561 -0.057613235 0.979109764 -3.755863832 0.092963055 0.992693365 0.076927058 0.142319723 -0.976387739 0.106021777 -0.188218862 -0.711150830
47981267 0.473603316 0.841961480 0.500000000 0.500000000 0.000000000 0.000000000 -0.201085135 -0.057808511 0.977866530 -3.762276593 0.093582161 0.992557645 0.077920921 0.141656983 -0.975093424 0.107179597 -0.194178745 -0.709554273
48014633 0.473603316 0.841961480 0.500000000 0.500000000 0.000000000 0.000000000 -0.207290798 -0.058033463 0.976556540 -3.769216421 0.094041973 0.992433727 0.078939006 0.139685102 -0.973748744 0.108200632 -0.200264797 -0.708334542
48048000 0.473603316 0.841961480 0.500000000 0.500000000 0.000000000 0.000000000 -0.213397801 -0.058428992 0.975216627 -3.775343920 0.094605826 0.992282808 0.080153227 0.137096220 -0.972373962 0.109365694 -0.206223249 -0.707682669
48081367 0.473603316 0.841961480 0.500000000 0.500000000 0.000000000 0.000000000 -0.219637513 -0.058768902 0.973809838 -3.781853504 0.095099688 0.992140293 0.081324354 0.134412844 -0.970935345 0.110470891 -0.212322339 -0.706911540
48114733 0.473603316 0.841961480 0.500000000 0.500000000 0.000000000 0.000000000 -0.225981966 -0.058897354 0.972349346 -3.788847925 0.095864318 0.991980791 0.082366124 0.132761156 -0.969403028 0.111826867 -0.218523622 -0.705753664
48148100 0.473603316 0.841961480 0.500000000 0.500000000 0.000000000 0.000000000 -0.232078642 -0.059239425 0.970891416 -3.794739512 0.096524335 0.991814494 0.083588906 0.129813700 -0.967895925 0.113113850 -0.224460900 -0.706222075
48181467 0.473603316 0.841961480 0.500000000 0.500000000 0.000000000 0.000000000 -0.237959266 -0.059614819 0.969443917 -3.799272861 0.097308427 0.991629541 0.084864378 0.127339677 -0.966388345 0.114529319 -0.230166405 -0.707648126
48214833 0.473603316 0.841961480 0.500000000 0.500000000 0.000000000 0.000000000 -0.244089723 -0.059732400 0.967911303 -3.806346246 0.098104089 0.991459727 0.085925713 0.125700818 -0.964777589 0.115929641 -0.236145124 -0.708771576
48248200 0.473603316 0.841961480 0.500000000 0.500000000 0.000000000 0.000000000 -0.249981195 -0.059942763 0.966393411 -3.811895031 0.098865829 0.991285026 0.087060772 0.124148348 -0.963189960 0.117306851 -0.241876319 -0.710461152
48281567 0.473603316 0.841961480 0.500000000 0.500000000 0.000000000 0.000000000 -0.255812615 -0.060042284 0.964860022 -3.817144166 0.099607274 0.991120279 0.088085234 0.123265338 -0.961581171 0.118640393 -0.247560427 -0.712624492
48314933 0.473603316 0.841961480 0.500000000 0.500000000 0.000000000 0.000000000 -0.261641979 -0.059978165 0.963299572 -3.822307975 0.100348696 0.990967631 0.088956594 0.122996514 -0.959934175 0.119940639 -0.253259987 -0.714564183
48348300 0.473603316 0.841961480 0.500000000 0.500000000 0.000000000 0.000000000 -0.267439187 -0.060016844 0.961703837 -3.827294649 0.101076029 0.990804851 0.089941069 0.122893997 -0.958258808 0.121258967 -0.258913785 -0.716601210
48381667 0.473603316 0.841961480 0.500000000 0.500000000 0.000000000 0.000000000 -0.273097485 -0.059881646 0.960120797 -3.832159547 0.101790600 0.990658879 0.090739667 0.123570801 -0.956585824 0.122512043 -0.264451057 -0.718945999
48415033 0.473603316 0.841961480 0.500000000 0.500000000 0.000000000 0.000000000 -0.278796583 -0.059838057 0.958484173 -3.838200627 0.102499992 0.990501761 0.091651335 0.123810339 -0.954864502 0.123796701 -0.270015121 -0.720689638
48448400 0.473603316 0.841961480 0.500000000 0.500000000 0.000000000 0.000000000 -0.284288496 -0.059887093 0.956866562 -3.843091329 0.102861591 0.990381181 0.092545211 0.122714922 -0.953204870 0.124734357 -0.275393873 -0.722967681
48481767 0.473603316 0.841961480 0.500000000 0.500000000 0.000000000 0.000000000 -0.289831907 -0.059798948 0.955207586 -3.848329521 0.103258602 0.990266681 0.093324788 0.122354410 -0.951490998 0.125681907 -0.280836135 -0.723986497
48515133 0.473603316 0.841961480 0.500000000 0.500000000 0.000000000 0.000000000 -0.295289904 -0.059756428 0.953537107 -3.853963744 0.103778996 0.990130603 0.094187796 0.122994536 -0.949754596 0.126769826 -0.286174119 -0.723998398
48548500 0.473603316 0.841961480 0.500000000 0.500000000 0.000000000 0.000000000 -0.300941497 -0.059757266 0.951768517 -3.860510570 0.104244351 0.989992738 0.095118418 0.122344164 -0.947927892 0.127841577 -0.291700542 -0.724546689
48581867 0.473603316 0.841961480 0.500000000 0.500000000 0.000000000 0.000000000 -0.306607872 -0.059373613 0.949982285 -3.867707884 0.104226284 0.989956796 0.095511161 0.120600214 -0.946112335 0.128297597 -0.297340244 -0.723992084
48615233 0.473603316 0.841961480 0.500000000 0.500000000 0.000000000 0.000000000 -0.311979502 -0.059117682 0.948247790 -3.873496642 0.104666919 0.989848733 0.096147329 0.120188678 -0.944305897 0.129246175 -0.302624851 -0.724122001
48648600 0.473603316 0.841961480 0.500000000 0.500000000 0.000000000 0.000000000 -0.317463428 -0.059021872 0.946431935 -3.880082175 0.104814038 0.989761531 0.096881986 0.118515561 -0.942460060 0.129955843 -0.308026761 -0.723164472
48681967 0.473603316 0.841961480 0.500000000 0.500000000 0.000000000 0.000000000 -0.322843552 -0.058876589 0.944619298 -3.886555550 0.105347872 0.989625752 0.097686619 0.117888707 -0.940571010 0.131051123 -0.313291758 -0.722930353
48715333 0.473603316 0.841961480 0.500000000 0.500000000 0.000000000 0.000000000 -0.328491241 -0.058673892 0.942682803 -3.895141947 0.106013231 0.989471316 0.098527886 0.119137080 -0.938538611 0.132302389 -0.318812430 -0.721134311
48748700 0.473603316 0.841961480 0.500000000 0.500000000 0.000000000 0.000000000 -0.333723336 -0.058541488 0.940851569 -3.900773880 0.106339790 0.989361167 0.099278942 0.116719136 -0.936653912 0.133181661 -0.323947638 -0.721772732
48782067 0.473603316 0.841961480 0.500000000 0.500000000 0.000000000 0.000000000 -0.339424610 -0.058107547 0.938836753 -3.910340670 0.106791995 0.989256263 0.099837467 0.115365324 -0.934551477 0.134147540 -0.329572499 -0.719488419
48815433 0.473603316 0.841961480 0.500000000 0.500000000 0.000000000 0.000000000 -0.344994783 -0.057759650 0.936825693 -3.919674021 0.107233107 0.989144027 0.100474909 0.114561040 -0.932458937 0.135122046 -0.335055768 -0.718493007
48848800 0.473603316 0.841961480 0.500000000 0.500000000 0.000000000 0.000000000 -0.350738525 -0.057365317 0.934714794 -3.930141901 0.107703917 0.989027798 0.101112992 0.113682373 -0.930259287 0.136136666 -0.340711713 -0.715386237
48882167 0.473603316 0.841961480 0.500000000 0.500000000 0.000000000 0.000000000 -0.356123447 -0.056896452 0.932705164 -3.937786821 0.108216330 0.988917410 0.101644412 0.113203792 -0.928151548 0.137131885 -0.346019536 -0.715232215
48915533 0.473603316 0.841961480 0.500000000 0.500000000 0.000000000 0.000000000 -0.361699432 -0.056322940 0.930591881 -3.946951939 0.108548865 0.988840342 0.102038778 0.111351475 -0.925953925 0.137922063 -0.351549208 -0.713604698
48948900 0.473603316 0.841961480 0.500000000 0.500000000 0.000000000 0.000000000 -0.367500812 -0.055658087 0.928356230 -3.957624383 0.108893372 0.988766491 0.102386616 0.108485064 -0.923626244 0.138719007 -0.357311696 -0.711013479
48982267 0.473603316 0.841961480 0.500000000 0.500000000 0.000000000 0.000000000 -0.373523027 -0.055043053 0.925986409 -3.970819122 0.109839045 0.988590777 0.103071138 0.110038479 -0.921094954 0.140208900 -0.363215536 -0.707226158
49015633 0.473603316 0.841961480 0.500000000 0.500000000 0.000000000 0.000000000 -0.379221618 -0.054085977 0.923723817 -3.981447544 0.110188477 0.988547027 0.103117816 0.108175317 -0.918721676 0.140888229 -0.368918747 -0.705258499
49049000 0.473603316 0.841961480 0.500000000 0.500000000 0.000000000 0.000000000 -0.384683400 -0.053627513 0.921489418 -3.988956607 0.110593207 0.988441765 0.103691965 0.106696261 -0.916399360 0.141799048 -0.374306321 -0.704388958
49082367 0.473603316 0.841961480 0.500000000 0.500000000 0.000000000 0.000000000 -0.390429318 -0.052858930 0.919114172 -3.999350437 0.111030452 0.988359749 0.104005776 0.107136451 -0.913913131 0.142656565 -0.380015701 -0.700880178
49115733 0.473603316 0.841961480 0.500000000 0.500000000 0.000000000 0.000000000 -0.396185935 -0.052036818 0.916694522 -4.009578973 0.111875959 0.988217711 0.104448520 0.110342665 -0.911328971 0.143937126 -0.385696292 -0.697700794
49149100 0.473603316 0.841961480 0.500000000 0.500000000 0.000000000 0.000000000 -0.402191013 -0.051329404 0.914115787 -4.021281881 0.112157531 0.988145053 0.104833163 0.111201897 -0.908660054 0.144687921 -0.391666085 -0.692023386
49182467 0.473603316 0.841961480 0.500000000 0.500000000 0.000000000 0.000000000 -0.407546818 -0.051016077 0.911758184 -4.026732843 0.112828702 0.987974823 0.105713971 0.114508952 -0.906187236 0.145955876 -0.396889925 -0.689874422
49215833 0.473603316 0.841961480 0.500000000 0.500000000 0.000000000 0.000000000 -0.414020270 -0.049802214 0.908904254 -4.041807356 0.112351641 0.988071442 0.105318025 0.113157152 -0.903307438 0.145720690 -0.403486252 -0.679632809
49249200 0.473603316 0.841961480 0.500000000 0.500000000 0.000000000 0.000000000 -0.420246154 -0.049138464 0.906078696 -4.054254608 0.113248177 0.987885416 0.106100366 0.119265540 -0.900315523 0.147200033 -0.409590214 -0.671022287
49282567 0.473603316 0.841961480 0.500000000 0.500000000 0.000000000 0.000000000 -0.425819904 -0.048597328 0.903501928 -4.060866527 0.112928450 0.987894118 0.106359705 0.117411454 -0.897733033 0.147321150 -0.415176958 -0.665831902
49315933 0.473603316 0.841961480 0.500000000 0.500000000 0.000000000 0.000000000 -0.432305962 -0.047816109 0.900458336 -4.075118614 0.113884345 0.987701774 0.107124269 0.124073215 -0.894506514 0.148858562 -0.421543866 -0.654986398
49349300 0.473603316 0.841961480 0.500000000 0.500000000 0.000000000 0.000000000 -0.438173115 -0.047028944 0.897659540 -4.083915314 0.113442905 0.987752616 0.107123680 0.121540731 -0.891703427 0.148771822 -0.427471548 -0.647062361
49382667 0.473603316 0.841961480 0.500000000 0.500000000 0.000000000 0.000000000 -0.444287181 -0.046608850 0.894671202 -4.094554574 0.114451408 0.987510026 0.108281128 0.126218015 -0.888543606 0.150504291 -0.433403611 -0.638836375
49416033 0.473603316 0.841961480 0.500000000 0.500000000 0.000000000 0.000000000 -0.450126588 -0.046095382 0.891774237 -4.102659917 0.114474557 0.987447858 0.108822197 0.125063237 -0.885596752 0.151069224 -0.439199775 -0.630685290
49449400 0.473603316 0.841961480 0.500000000 0.500000000 0.000000000 0.000000000 -0.456239939 -0.045219738 0.888707101 -4.113668708 0.113615379 0.987574041 0.108577631 0.120012376 -0.882573903 0.150508240 -0.445433050 -0.620241728
49482767 0.473603316 0.841961480 0.500000000 0.500000000 0.000000000 0.000000000 -0.462200642 -0.044844106 0.885640800 -4.122380354 0.113785088 0.987465680 0.109382443 0.120570612 -0.879445016 0.151329353 -0.451304644 -0.610540358
49516133 0.473603316 0.841961480 0.500000000 0.500000000 0.000000000 0.000000000 -0.468638986 -0.044320501 0.882277250 -4.134919167 0.113798819 0.987390220 0.110047258 0.119718871 -0.876029313 0.151974559 -0.457685947 -0.597671578
49549500 0.473603316 0.841961480 0.500000000 0.500000000 0.000000000 0.000000000 -0.474344462 -0.043960072 0.879241049 -4.141571316 0.114433594 0.987199605 0.111093886 0.122221690 -0.872870147 0.153311476 -0.463242143 -0.590178039
49582867 0.473603316 0.841961480 0.500000000 0.500000000 0.000000000 0.000000000 -0.480504245 -0.043322619 0.875921726 -4.151835034 0.114555560 0.987121105 0.111664213 0.121913461 -0.869478405 0.153996825 -0.469353050 -0.578932294
49616233 0.473603316 0.841961480 0.500000000 0.500000000 0.000000000 0.000000000 -0.486466914 -0.042899404 0.872645140 -4.161018176 0.114440955 0.987059951 0.112320594 0.118947594 -0.866171598 0.154506594 -0.475262582 -0.569635815
49649600 0.473603316 0.841961480 0.500000000 0.500000000 0.000000000 0.000000000 -0.492476285 -0.042395636 0.869292676 -4.170512540 0.114882477 0.986906409 0.113215521 0.119343060 -0.862710357 0.155622452 -0.481157482 -0.560541368
49682967 0.473603316 0.841961480 0.500000000 0.500000000 0.000000000 0.000000000 -0.498497069 -0.041782334 0.865883887 -4.180617275 0.114899881 0.986840844 0.113767877 0.118357969 -0.859243095 0.156202912 -0.487136483 -0.550788705
49716333 0.473603316 0.841961480 0.500000000 0.500000000 0.000000000 0.000000000 -0.504588842 -0.041437771 0.862364769 -4.192261938 0.114948899 0.986730397 0.114672869 0.116116965 -0.855673313 0.156990528 -0.493129909 -0.540286496
49749700 0.473603316 0.841961480 0.500000000 0.500000000 0.000000000 0.000000000 -0.509863853 -0.041072503 0.859274089 -4.197803934 0.115029074 0.986634552 0.115414537 0.114692579 -0.852529883 0.157687202 -0.498324752 -0.534965966
49783067 0.473603316 0.841961480 0.500000000 0.500000000 0.000000000 0.000000000 -0.515587628 -0.040543366 0.855877101 -4.207395361 0.115347579 0.986503124 0.116217554 0.115143497 -0.849037290 0.158643678 -0.503952265 -0.526719798
49816433 0.473603316 0.841961480 0.500000000 0.500000000 0.000000000 0.000000000 -0.521726489 -0.039610967 0.852192760 -4.221366712 0.115052216 0.986528873 0.116291940 0.111901930 -0.845319152 0.158719242 -0.510140896 -0.514788949
49849800 0.473603316 0.841961480 0.500000000 0.500000000 0.000000000 0.000000000 -0.526993096 -0.039184604 0.848965764 -4.228229242 0.114869162 0.986485839 0.116836645 0.109240932 -0.842070878 0.159092098 -0.515370131 -0.508349779
49883167 0.473603316 0.841961480 0.500000000 0.500000000 0.000000000 0.000000000 -0.532614648 -0.039023194 0.845457733 -4.238328863 0.115709282 0.986199617 0.118412919 0.113268925 -0.838410974 0.160895765 -0.520749032 -0.500698802
49916533 0.473603316 0.841961480 0.500000000 0.500000000 0.000000000 0.000000000 -0.538395524 -0.038422931 0.841815889 -4.250194453 0.115470730 0.986173511 0.118862808 0.110002837 -0.834743559 0.161200300 -0.526514649 -0.489491321
49949900 0.473603316 0.841961480 0.500000000 0.500000000 0.000000000 0.000000000 -0.543916762 -0.037725929 0.838290691 -4.260587902 0.115245350 0.986164391 0.119156577 0.107831715 -0.831187725 0.161420360 -0.532043636 -0.480105721
49983267 0.473603316 0.841961480 0.500000000 0.500000000 0.000000000 0.000000000 -0.549570918 -0.037420619 0.834608555 -4.272081330 0.115616381 0.985977471 0.120338194 0.108994609 -0.827408373 0.162628800 -0.537538111 -0.469559040
50016633 0.473603316 0.841961480 0.500000000 0.500000000 0.000000000 0.000000000 -0.554854810 -0.037025560 0.831122875 -4.282089686 0.115587272 0.985889316 0.121085897 0.107948174 -0.823878467 0.163252324 -0.542745769 -0.461020572
50050000 0.473603316 0.841961480 0.500000000 0.500000000 0.000000000 0.000000000 -0.560383260 -0.036562547 0.827426016 -4.293247875 0.115623303 0.985788822 0.121867478 0.108198815 -0.820123076 0.163962230 -0.548192084 -0.449645749
50083367 0.473603316 0.841961480 0.500000000 0.500000000 0.000000000 0.000000000 -0.565668881 -0.035975181 0.823847353 -4.303411732 0.115458459 0.985751927 0.122321032 0.107018370 -0.816509664 0.164313346 -0.553455591 -0.438353846
50116733 0.473603316 0.841961480 0.500000000 0.500000000 0.000000000 0.000000000 -0.571258664 -0.035428725 0.820005119 -4.316702407 0.115288280 0.985699415 0.122903503 0.106625403 -0.812632859 0.164746672 -0.559004784 -0.424372980
50150100 0.473603316 0.841961480 0.500000000 0.500000000 0.000000000 0.000000000 -0.576495230 -0.035150994 0.816344082 -4.326995068 0.115037672 0.985631704 0.123678975 0.105099279 -0.808962047 0.165210664 -0.564168274 -0.412745395
50183467 0.473603316 0.841961480 0.500000000 0.500000000 0.000000000 0.000000000 -0.581670702 -0.035214745 0.812661767 -4.336704297 0.115357488 0.985393643 0.125267923 0.107524238 -0.805203021 0.166611299 -0.569112301 -0.402124359
50216833 0.473603316 0.841961480 0.500000000 0.500000000 0.000000000 0.000000000 -0.587023616 -0.034395803 0.808838785 -4.349705419 0.114448585 0.985537171 0.124972202 0.102453968 -0.801439166 0.165932089 -0.574597061 -0.386927482
50250200 0.473603316 0.841961480 0.500000000 0.500000000 0.000000000 0.000000000 -0.592359841 -0.033755582 0.804966092 -4.362588069 0.114178091 0.985520720 0.125348553 0.101027801 -0.797541976 0.166160941 -0.579928756 -0.371749810
50283567 0.473603316 0.841961480 0.500000000 0.500000000 0.000000000 0.000000000 -0.597735047 -0.033034369 0.801012814 -4.376921737 0.113424286 0.985615551 0.125287458 0.096234599 -0.793629467 0.165743008 -0.585390031 -0.356433019
