https://www.youtube.com/watch?v=A9ap4XAbwoM
70270200 0.532888110 0.947356644 0.500000000 0.500000000 0.000000000 0.000000000 0.997693002 -0.000007306 0.067886993 -0.023159727 -0.000120107 0.999998212 0.001872744 0.037095675 -0.067886889 -0.001876578 0.997691274 -1.517192561
70303567 0.532888110 0.947356644 0.500000000 0.500000000 0.000000000 0.000000000 0.997527063 -0.000379752 0.070282623 -0.025245751 0.000203418 0.999996841 0.002516068 0.033239496 -0.070283353 -0.002495549 0.997523963 -1.591817935
70370300 0.532888110 0.947356644 0.500000000 0.500000000 0.000000000 0.000000000 0.997281373 -0.000581852 0.073685355 -0.027452710 0.000358642 0.999995291 0.003042427 0.020962896 -0.073686779 -0.003007729 0.997276902 -1.691218211
70403667 0.532888110 0.947356644 0.500000000 0.500000000 0.000000000 0.000000000 0.997100711 -0.000269436 0.076092809 -0.029444945 0.000004458 0.999993920 0.003482461 0.002072548 -0.076093286 -0.003472025 0.997094631 -1.754697103
70437033 0.532888110 0.947356644 0.500000000 0.500000000 0.000000000 0.000000000 0.996973932 -0.000493842 0.077734724 -0.031600844 0.000193452 0.999992490 0.003871778 -0.017763148 -0.077736050 -0.003845024 0.996966541 -1.803091094
70470400 0.532888110 0.947356644 0.500000000 0.500000000 0.000000000 0.000000000 0.996836245 -0.000346162 0.079482086 -0.033748746 0.000018341 0.999991477 0.004125157 -0.038396837 -0.079482839 -0.004110648 0.996827781 -1.855689292
70503767 0.532888110 0.947356644 0.500000000 0.500000000 0.000000000 0.000000000 0.996705770 -0.000780064 0.081098758 -0.034224652 0.000439140 0.999991000 0.004221558 -0.056725586 -0.081101321 -0.004172037 0.996697128 -1.907421690
70537133 0.532888110 0.947356644 0.500000000 0.500000000 0.000000000 0.000000000 0.996488929 -0.000589327 0.083722360 -0.034769586 0.000191045 0.999988616 0.004765103 -0.076517186 -0.083724216 -0.004732377 0.996477723 -1.973978670
70570500 0.532888110 0.947356644 0.500000000 0.500000000 0.000000000 0.000000000 0.996345460 -0.000633681 0.085412763 -0.034244061 0.000223935 0.999988437 0.004806741 -0.085057594 -0.085414827 -0.004770048 0.996334076 -2.020379301
70603867 0.532888110 0.947356644 0.500000000 0.500000000 0.000000000 0.000000000 0.996218383 -0.000517301 0.086882964 -0.033617807 0.000083523 0.999987543 0.004996234 -0.092290899 -0.086884469 -0.004970083 0.996205986 -2.062585458
70670600 0.532888110 0.947356644 0.500000000 0.500000000 0.000000000 0.000000000 0.995929122 -0.000816474 0.090135887 -0.034673618 0.000302829 0.999983668 0.005712087 -0.116447689 -0.090139076 -0.005661538 0.995913088 -2.144592630
70703967 0.532888110 0.947356644 0.500000000 0.500000000 0.000000000 0.000000000 0.995763183 -0.000580226 0.091953099 -0.036583014 0.000040075 0.999982715 0.005875938 -0.132392548 -0.091954917 -0.005847357 0.995746017 -2.186253859
70737333 0.532888110 0.947356644 0.500000000 0.500000000 0.000000000 0.000000000 0.995581508 -0.000406692 0.093900338 -0.039012865 -0.000178965 0.999980569 0.006228501 -0.150955459 -0.093901046 -0.006217785 0.995562136 -2.228565360
70770700 0.532888110 0.947356644 0.500000000 0.500000000 0.000000000 0.000000000 0.994932473 0.000750815 0.100542776 -0.056443417 -0.001399579 0.999978662 0.006382240 -0.177163604 -0.100535840 -0.006490616 0.994912267 -2.289465182
70804067 0.532888110 0.947356644 0.500000000 0.500000000 0.000000000 0.000000000 0.994212508 0.000215969 0.107431374 -0.075053582 -0.000961713 0.999975801 0.006889828 -0.196905756 -0.107427284 -0.006953271 0.994188607 -2.333717830
70837433 0.532888110 0.947356644 0.500000000 0.500000000 0.000000000 0.000000000 0.993162751 0.001240896 0.116731331 -0.099073253 -0.002068482 0.999973595 0.006968789 -0.214367702 -0.116719604 -0.007162598 0.993139088 -2.377655899
70870800 0.532888110 0.947356644 0.500000000 0.500000000 0.000000000 0.000000000 0.991772592 0.001045281 0.128007948 -0.127041053 -0.001965239 0.999973118 0.007060633 -0.231585155 -0.127997130 -0.007254108 0.991748035 -2.419562692
70904167 0.532888110 0.947356644 0.500000000 0.500000000 0.000000000 0.000000000 0.990633965 0.001069274 0.136539921 -0.148434042 -0.002082707 0.999971330 0.007279611 -0.243513767 -0.136528224 -0.007495803 0.990607798 -2.446182959
70970900 0.532888110 0.947356644 0.500000000 0.500000000 0.000000000 0.000000000 0.986987293 0.000107047 0.160798177 -0.210937480 -0.001363761 0.999969363 0.007705134 -0.284806468 -0.160792425 -0.007824160 0.986957252 -2.532949654
71004267 0.532888110 0.947356644 0.500000000 0.500000000 0.000000000 0.000000000 0.985042334 0.000060920 0.172312602 -0.242911885 -0.001410940 0.999969244 0.007712249 -0.307228234 -0.172306836 -0.007840015 0.985012114 -2.579902399
71037633 0.532888110 0.947356644 0.500000000 0.500000000 0.000000000 0.000000000 0.983058691 -0.000448434 0.183290407 -0.274484701 -0.000988300 0.999969482 0.007747144 -0.329681071 -0.183288291 -0.007797043 0.983028293 -2.627389625
71071000 0.532888110 0.947356644 0.500000000 0.500000000 0.000000000 0.000000000 0.980896294 -0.000036168 0.194531322 -0.308147847 -0.001454131 0.999970675 0.007518168 -0.348650330 -0.194525883 -0.007657417 0.980867505 -2.671675024
71104367 0.532888110 0.947356644 0.500000000 0.500000000 0.000000000 0.000000000 0.979226708 -0.000158271 0.202768371 -0.336217856 -0.001420099 0.999969840 0.007638591 -0.360994372 -0.202763453 -0.007767864 0.979196966 -2.700482744
71137733 0.532888110 0.947356644 0.500000000 0.500000000 0.000000000 0.000000000 0.976812363 -0.000436911 0.214096650 -0.378346354 -0.001168753 0.999972165 0.007373075 -0.377039203 -0.214093909 -0.007452337 0.976784647 -2.743236329
71171100 0.532888110 0.947356644 0.500000000 0.500000000 0.000000000 0.000000000 0.974382341 -0.000946576 0.224895805 -0.422904472 -0.000754299 0.999971747 0.007476907 -0.394378327 -0.224896535 -0.007455005 0.974354148 -2.784154993
71204467 0.532888110 0.947356644 0.500000000 0.500000000 0.000000000 0.000000000 0.972705722 -0.000692020 0.232041135 -0.454702220 -0.001054025 0.999972045 0.007400659 -0.405828725 -0.232039765 -0.007443241 0.972677827 -2.812229154
71237833 0.532888110 0.947356644 0.500000000 0.500000000 0.000000000 0.000000000 0.969945967 -0.000703943 0.243319511 -0.506991945 -0.001086230 0.999973297 0.007223048 -0.423158028 -0.243318096 -0.007270267 0.969919324 -2.856751021
71304567 0.532888110 0.947356644 0.500000000 0.500000000 0.000000000 0.000000000 0.964014709 -0.000694838 0.265848070 -0.610784158 -0.001272597 0.999973059 0.007228269 -0.448875787 -0.265845925 -0.007306475 0.963987827 -2.930733443
71337933 0.532888110 0.947356644 0.500000000 0.500000000 0.000000000 0.000000000 0.959666550 -0.000821139 0.281139493 -0.677617201 -0.001306535 0.999971926 0.007380517 -0.459803415 -0.281137645 -0.007450154 0.959638536 -2.973136351
71371300 0.532888110 0.947356644 0.500000000 0.500000000 0.000000000 0.000000000 0.956410408 -0.000912175 0.292024553 -0.724749648 -0.001255735 0.999973059 0.007236202 -0.463936622 -0.292023271 -0.007287484 0.956383467 -3.000096586
71404667 0.532888110 0.947356644 0.500000000 0.500000000 0.000000000 0.000000000 0.953009427 -0.001370781 0.302937537 -0.771988533 -0.000934862 0.999971688 0.007465811 -0.468674909 -0.302939206 -0.007398193 0.952981174 -3.024522784
71438033 0.532888110 0.947356644 0.500000000 0.500000000 0.000000000 0.000000000 0.947798014 -0.002127817 0.318864197 -0.838177209 -0.000333079 0.999970555 0.007662966 -0.472214920 -0.318871140 -0.007369151 0.947769403 -3.056702693
71471400 0.532888110 0.947356644 0.500000000 0.500000000 0.000000000 0.000000000 0.944007814 -0.001953287 0.329917371 -0.883706618 -0.000525029 0.999972343 0.007422661 -0.472979112 -0.329922736 -0.007180267 0.943980634 -3.076054963
71504767 0.532888110 0.947356644 0.500000000 0.500000000 0.000000000 0.000000000 0.940082014 -0.002043081 0.340942264 -0.929626037 -0.000581223 0.999970973 0.007594892 -0.474070249 -0.340947896 -0.007337986 0.940053582 -3.094808557
71538133 0.532888110 0.947356644 0.500000000 0.500000000 0.000000000 0.000000000 0.936199188 -0.002772198 0.351458997 -0.973091501 0.000069961 0.999970317 0.007701091 -0.474155284 -0.351469934 -0.007185167 0.936171591 -3.113750933
71571500 0.532888110 0.947356644 0.500000000 0.500000000 0.000000000 0.000000000 0.930620253 -0.003849312 0.365965992 -1.034814375 0.000860560 0.999964952 0.008329525 -0.476280876 -0.365985215 -0.007436689 0.930590928 -3.142765949
71604867 0.532888110 0.947356644 0.500000000 0.500000000 0.000000000 0.000000000 0.927061319 -0.004217871 0.374886066 -1.072753852 0.001151580 0.999964058 0.008402911 -0.475371718 -0.374908030 -0.007358302 0.927032828 -3.162046768
71638233 0.532888110 0.947356644 0.500000000 0.500000000 0.000000000 0.000000000 0.923557460 -0.004775612 0.383430392 -1.109112427 0.001550944 0.999960780 0.008718763 -0.475391478 -0.383456975 -0.007457600 0.923528612 -3.179940932
71671600 0.532888110 0.947356644 0.500000000 0.500000000 0.000000000 0.000000000 0.919972181 -0.004932444 0.391952604 -1.144923881 0.001614792 0.999960005 0.008793620 -0.474579630 -0.391980290 -0.007456964 0.919943392 -3.196536600
71704967 0.532888110 0.947356644 0.500000000 0.500000000 0.000000000 0.000000000 0.916256607 -0.005559197 0.400553286 -1.182162990 0.002083352 0.999956310 0.009112569 -0.475744979 -0.400586456 -0.007514957 0.916228175 -3.212769930
71738333 0.532888110 0.947356644 0.500000000 0.500000000 0.000000000 0.000000000 0.912688196 -0.005988509 0.408612788 -1.217769335 0.002416361 0.999954224 0.009257789 -0.476466632 -0.408649534 -0.007462118 0.912660897 -3.229070089
71805067 0.532888110 0.947356644 0.500000000 0.500000000 0.000000000 0.000000000 0.905955613 -0.006147670 0.423328102 -1.281701041 0.002339446 0.999952018 0.009514939 -0.478237882 -0.423366278 -0.007629760 0.905926466 -3.260197663
71838433 0.532888110 0.947356644 0.500000000 0.500000000 0.000000000 0.000000000 0.904193401 -0.006282107 0.427077025 -1.297587097 0.002310437 0.999949157 0.009817212 -0.479790982 -0.427116990 -0.007889924 0.904161930 -3.265962463
71871800 0.532888110 0.947356644 0.500000000 0.500000000 0.000000000 0.000000000 0.900455773 -0.006495151 0.434899122 -1.330736120 0.002383490 0.999947190 0.009999056 -0.480905689 -0.434941083 -0.007967130 0.900423646 -3.277144175
71905167 0.532888110 0.947356644 0.500000000 0.500000000 0.000000000 0.000000000 0.896539390 -0.006626069 0.442914456 -1.363753505 0.002388003 0.999945879 0.010125592 -0.481991392 -0.442957580 -0.008020312 0.896506727 -3.286357107
71938533 0.532888110 0.947356644 0.500000000 0.500000000 0.000000000 0.000000000 0.892497182 -0.007023776 0.450998247 -1.396613499 0.002551652 0.999941349 0.010523372 -0.484624797 -0.451045722 -0.008241290 0.892462790 -3.294798468
71971900 0.532888110 0.947356644 0.500000000 0.500000000 0.000000000 0.000000000 0.890602171 -0.007264445 0.454725146 -1.410595656 0.002680143 0.999938905 0.010725291 -0.486124585 -0.454775274 -0.008333240 0.890567243 -3.299045652
72005267 0.532888110 0.947356644 0.500000000 0.500000000 0.000000000 0.000000000 0.886439741 -0.007525194 0.462782860 -1.442885651 0.002687847 0.999934673 0.011111233 -0.488374556 -0.462836206 -0.008605549 0.886402071 -3.304996334
72038633 0.532888110 0.947356644 0.500000000 0.500000000 0.000000000 0.000000000 0.882241130 -0.007759118 0.470733911 -1.473669959 0.002803922 0.999933064 0.011226859 -0.489010927 -0.470789522 -0.008584895 0.882203817 -3.310121698
72072000 0.532888110 0.947356644 0.500000000 0.500000000 0.000000000 0.000000000 0.880129337 -0.007883962 0.474668503 -1.488665471 0.002845391 0.999931753 0.011332355 -0.489107132 -0.474725455 -0.008623321 0.880091667 -3.311550371
72105367 0.532888110 0.947356644 0.500000000 0.500000000 0.000000000 0.000000000 0.875447333 -0.007720252 0.483251870 -1.523660652 0.002491761 0.999931216 0.011460516 -0.488953229 -0.483307123 -0.008828930 0.875406384 -3.313796514
72138733 0.532888110 0.947356644 0.500000000 0.500000000 0.000000000 0.000000000 0.872842968 -0.007736040 0.487939835 -1.543134114 0.002445366 0.999931097 0.011479051 -0.488558148 -0.487995028 -0.008826217 0.872801781 -3.314240310
72172100 0.532888110 0.947356644 0.500000000 0.500000000 0.000000000 0.000000000 0.867408395 -0.007815829 0.497535527 -1.582793788 0.002303817 0.999929011 0.011691472 -0.488064894 -0.497591555 -0.008995051 0.867364824 -3.314104734
72205467 0.532888110 0.947356644 0.500000000 0.500000000 0.000000000 0.000000000 0.864386261 -0.007938228 0.502765715 -1.606520745 0.002232833 0.999926090 0.011949127 -0.488484941 -0.502823412 -0.009206070 0.864340127 -3.312752144
72238833 0.532888110 0.947356644 0.500000000 0.500000000 0.000000000 0.000000000 0.861597478 -0.008236316 0.507525325 -1.626192783 0.002442842 0.999924064 0.012080075 -0.488132016 -0.507586300 -0.009168358 0.861552119 -3.312757840
72272200 0.532888110 0.947356644 0.500000000 0.500000000 0.000000000 0.000000000 0.855696917 -0.008201652 0.517412305 -1.669861361 0.002176211 0.999922574 0.012251043 -0.487945830 -0.517472744 -0.009357182 0.855648518 -3.311777410
72305567 0.532888110 0.947356644 0.500000000 0.500000000 0.000000000 0.000000000 0.852654278 -0.008147500 0.522412062 -1.692566696 0.002001795 0.999922037 0.012327484 -0.487961145 -0.522471726 -0.009465320 0.852604091 -3.309992055
72338933 0.532888110 0.947356644 0.500000000 0.500000000 0.000000000 0.000000000 0.849617660 -0.008488422 0.527330816 -1.715216919 0.002197245 0.999918759 0.012555524 -0.488426444 -0.527394593 -0.009508720 0.849567294 -3.309914585
72372300 0.532888110 0.947356644 0.500000000 0.500000000 0.000000000 0.000000000 0.843304515 -0.008594857 0.537367344 -1.761131205 0.002021290 0.999915779 0.012820968 -0.489246273 -0.537432253 -0.009725805 0.843250811 -3.307579766
72405667 0.532888110 0.947356644 0.500000000 0.500000000 0.000000000 0.000000000 0.840199530 -0.008508421 0.542210639 -1.781641855 0.001753104 0.999914289 0.012974171 -0.489907096 -0.542274594 -0.009950341 0.840142429 -3.306373283
72439033 0.532888110 0.947356644 0.500000000 0.500000000 0.000000000 0.000000000 0.836446345 -0.008536121 0.547982335 -1.810062195 0.001777618 0.999915719 0.012862677 -0.488494382 -0.548045933 -0.009784836 0.836391032 -3.304905298
72472400 0.532888110 0.947356644 0.500000000 0.500000000 0.000000000 0.000000000 0.833006799 -0.008849779 0.553191960 -1.833414718 0.001752392 0.999909222 0.013357428 -0.490110225 -0.553259969 -0.010157419 0.832946718 -3.302519619
72505767 0.532888110 0.947356644 0.500000000 0.500000000 0.000000000 0.000000000 0.829316616 -0.008951174 0.558707297 -1.859022222 0.001754457 0.999908447 0.013415530 -0.489604214 -0.558776259 -0.010145495 0.829256415 -3.300534348
72539133 0.532888110 0.947356644 0.500000000 0.500000000 0.000000000 0.000000000 0.821816623 -0.009300980 0.569676161 -1.910744141 0.001787715 0.999903917 0.013746251 -0.489865286 -0.569749296 -0.010278479 0.821754277 -3.294547692
72572500 0.532888110 0.947356644 0.500000000 0.500000000 0.000000000 0.000000000 0.818068802 -0.009267914 0.575045645 -1.935197995 0.001662641 0.999904096 0.013749987 -0.489597272 -0.575117946 -0.010292341 0.818005741 -3.291059120
72605867 0.532888110 0.947356644 0.500000000 0.500000000 0.000000000 0.000000000 0.814072669 -0.009118446 0.580691457 -1.961594164 0.001469838 0.999905884 0.013640692 -0.489237849 -0.580761135 -0.010250992 0.814009428 -3.288201360
72639233 0.532888110 0.947356644 0.500000000 0.500000000 0.000000000 0.000000000 0.809937656 -0.009105965 0.586445272 -1.989497737 0.001345836 0.999905705 0.013667196 -0.489494260 -0.586514413 -0.010280318 0.809873521 -3.283640990
72672600 0.532888110 0.947356644 0.500000000 0.500000000 0.000000000 0.000000000 0.805738032 -0.009283687 0.592199326 -2.017564455 0.001352483 0.999903381 0.013834941 -0.491284984 -0.592270553 -0.010346399 0.805672705 -3.280031776
72705967 0.532888110 0.947356644 0.500000000 0.500000000 0.000000000 0.000000000 0.801540196 -0.009767937 0.597861111 -2.045084027 0.001840899 0.999902129 0.013868482 -0.491059918 -0.597938061 -0.010015544 0.801479757 -3.275445255
72739333 0.532888110 0.947356644 0.500000000 0.500000000 0.000000000 0.000000000 0.797489166 -0.010046933 0.603249550 -2.070347339 0.001793286 0.999896407 0.014282256 -0.494099918 -0.603330553 -0.010308146 0.797424555 -3.271939635
72772700 0.532888110 0.947356644 0.500000000 0.500000000 0.000000000 0.000000000 0.793221533 -0.010416804 0.608844101 -2.097165568 0.001990970 0.999892712 0.014513414 -0.496911637 -0.608929932 -0.010300162 0.793157101 -3.266228201
72806067 0.532888110 0.947356644 0.500000000 0.500000000 0.000000000 0.000000000 0.789021015 -0.010181036 0.614281833 -2.122451217 0.001732654 0.999895573 0.014346627 -0.498569686 -0.614363790 -0.010255451 0.788956225 -3.262030449
72839433 0.532888110 0.947356644 0.500000000 0.500000000 0.000000000 0.000000000 0.784473836 -0.010311240 0.620076180 -2.150542675 0.001882361 0.999896765 0.014245850 -0.499032015 -0.620159090 -0.010008289 0.784412265 -3.256227068
72872800 0.532888110 0.947356644 0.500000000 0.500000000 0.000000000 0.000000000 0.780075312 -0.010451060 0.625598311 -2.176491742 0.001824581 0.999894261 0.014428819 -0.501023851 -0.625682950 -0.010114111 0.780011892 -3.251250550
72906167 0.532888110 0.947356644 0.500000000 0.500000000 0.000000000 0.000000000 0.775504351 -0.010806271 0.631249726 -2.203739358 0.001993686 0.999890447 0.014667689 -0.503037223 -0.631339073 -0.010116342 0.775440931 -3.243834862
72939533 0.532888110 0.947356644 0.500000000 0.500000000 0.000000000 0.000000000 0.771079779 -0.011053571 0.636642635 -2.228737524 0.002078721 0.999887705 0.014842659 -0.505449933 -0.636735201 -0.010121471 0.771016121 -3.238525052
72972900 0.532888110 0.947356644 0.500000000 0.500000000 0.000000000 0.000000000 0.766584218 -0.011258994 0.642045021 -2.254203035 0.002256277 0.999887347 0.014840235 -0.505682404 -0.642139792 -0.009927658 0.766523302 -3.231448922
73006267 0.532888110 0.947356644 0.500000000 0.500000000 0.000000000 0.000000000 0.762223482 -0.011496358 0.647211850 -2.277340352 0.002286576 0.999883831 0.015067927 -0.507309737 -0.647309899 -0.010005229 0.762161255 -3.225573761
73039633 0.532888110 0.947356644 0.500000000 0.500000000 0.000000000 0.000000000 0.757520735 -0.011429572 0.652711034 -2.303072776 0.002154812 0.999885023 0.015008086 -0.507684484 -0.652807534 -0.009962467 0.757458270 -3.217509186
73073000 0.532888110 0.947356644 0.500000000 0.500000000 0.000000000 0.000000000 0.752954423 -0.011783116 0.657967150 -2.327941832 0.002379575 0.999881923 0.015183148 -0.508457114 -0.658068359 -0.009866537 0.752893567 -3.210675513
73106367 0.532888110 0.947356644 0.500000000 0.500000000 0.000000000 0.000000000 0.748526990 -0.012088660 0.662994146 -2.349430634 0.002498176 0.999878109 0.015410746 -0.509410222 -0.663099647 -0.009879083 0.748465955 -3.203442483
73139733 0.532888110 0.947356644 0.500000000 0.500000000 0.000000000 0.000000000 0.743816078 -0.012080321 0.668275177 -2.374718351 0.002401961 0.999878526 0.015401195 -0.509163643 -0.668380022 -0.009850485 0.743754745 -3.195419725
73173100 0.532888110 0.947356644 0.500000000 0.500000000 0.000000000 0.000000000 0.739208698 -0.012472961 0.673360884 -2.397808252 0.002673028 0.999874949 0.015586701 -0.509668036 -0.673471093 -0.009721912 0.739149630 -3.187027505
73206467 0.532888110 0.947356644 0.500000000 0.500000000 0.000000000 0.000000000 0.734622359 -0.012693337 0.678357482 -2.419525707 0.002815877 0.999873400 0.015660068 -0.509355684 -0.678470373 -0.009594066 0.734565139 -3.179533912
73239833 0.532888110 0.947356644 0.500000000 0.500000000 0.000000000 0.000000000 0.730003893 -0.012681100 0.683325291 -2.441774747 0.002656659 0.999872923 0.015717428 -0.509597488 -0.683437824 -0.009658421 0.729944825 -3.170761713
73273200 0.532888110 0.947356644 0.500000000 0.500000000 0.000000000 0.000000000 0.725277007 -0.012878204 0.688336670 -2.464396830 0.002741325 0.999871135 0.015818311 -0.509512813 -0.688451707 -0.009585702 0.725218832 -3.162083398
73306567 0.532888110 0.947356644 0.500000000 0.500000000 0.000000000 0.000000000 0.720581830 -0.012735297 0.693252921 -2.486097724 0.002577273 0.999873579 0.015689153 -0.508973047 -0.693365097 -0.009518617 0.720523596 -3.152612788
73339933 0.532888110 0.947356644 0.500000000 0.500000000 0.000000000 0.000000000 0.715627074 -0.012908413 0.698363304 -2.510264147 0.002705289 0.999872923 0.015709296 -0.507792418 -0.698477328 -0.009352722 0.715571046 -3.143221915
73373300 0.532888110 0.947356644 0.500000000 0.500000000 0.000000000 0.000000000 0.710822284 -0.013130346 0.703249097 -2.533052361 0.002632826 0.999868393 0.016007340 -0.508872175 -0.703366697 -0.009526841 0.710763335 -3.132651466
73406667 0.532888110 0.947356644 0.500000000 0.500000000 0.000000000 0.000000000 0.706025004 -0.013578433 0.708056688 -2.555395528 0.002930494 0.999863625 0.016252341 -0.508759015 -0.708180845 -0.009399604 0.705968559 -3.123048052
73440033 0.532888110 0.947356644 0.500000000 0.500000000 0.000000000 0.000000000 0.701301515 -0.013721042 0.712732673 -2.576661071 0.002905665 0.999861479 0.016389586 -0.509541326 -0.712858856 -0.009423079 0.701244235 -3.112633709
73473400 0.532888110 0.947356644 0.500000000 0.500000000 0.000000000 0.000000000 0.696595490 -0.013884166 0.717329741 -2.598461791 0.003071328 0.999861300 0.016370110 -0.508584626 -0.717457533 -0.009200189 0.696541488 -3.102952358
73506767 0.532888110 0.947356644 0.500000000 0.500000000 0.000000000 0.000000000 0.691958845 -0.014074419 0.721799731 -2.618619647 0.003013192 0.999857545 0.016607666 -0.509888573 -0.721930623 -0.009316900 0.691902697 -3.092706276
73540133 0.532888110 0.947356644 0.500000000 0.500000000 0.000000000 0.000000000 0.687107384 -0.014154280 0.726417959 -2.641118015 0.003075151 0.999857903 0.016573530 -0.509763993 -0.726549387 -0.009153949 0.687053323 -3.081785949
73573500 0.532888110 0.947356644 0.500000000 0.500000000 0.000000000 0.000000000 0.682458937 -0.014140539 0.730787158 -2.661612376 0.003137100 0.999860287 0.016417395 -0.508801312 -0.730917215 -0.008911646 0.682407975 -3.071231116
73606867 0.532888110 0.947356644 0.500000000 0.500000000 0.000000000 0.000000000 0.677673161 -0.014331951 0.735223591 -2.683337552 0.003105873 0.999856949 0.016627777 -0.510265717 -0.735356688 -0.008984688 0.677620709 -3.060650761
73640233 0.532888110 0.947356644 0.500000000 0.500000000 0.000000000 0.000000000 0.672888815 -0.014533238 0.739600837 -2.704245178 0.003062949 0.999853134 0.016860552 -0.511960204 -0.739737272 -0.009079917 0.672834516 -3.049190395
73673600 0.532888110 0.947356644 0.500000000 0.500000000 0.000000000 0.000000000 0.668041170 -0.014645241 0.743980169 -2.726610690 0.003102257 0.999852419 0.016896479 -0.512778341 -0.744117856 -0.008979524 0.667988002 -3.037869084
73706967 0.532888110 0.947356644 0.500000000 0.500000000 0.000000000 0.000000000 0.663403809 -0.014787384 0.748115480 -2.746026375 0.003077127 0.999850154 0.017034523 -0.514187898 -0.748255253 -0.008998722 0.663349867 -3.027145366
73740333 0.532888110 0.947356644 0.500000000 0.500000000 0.000000000 0.000000000 0.658558786 -0.014917938 0.752381384 -2.768162438 0.003120514 0.999849021 0.017093251 -0.514708833 -0.752522826 -0.008909094 0.658505917 -3.015819352
73773700 0.532888110 0.947356644 0.500000000 0.500000000 0.000000000 0.000000000 0.653995275 -0.014923478 0.756351411 -2.787787137 0.003061365 0.999849439 0.017080832 -0.515181861 -0.756492436 -0.008855316 0.653942466 -3.004359009
73807067 0.532888110 0.947356644 0.500000000 0.500000000 0.000000000 0.000000000 0.649278045 -0.015069813 0.760401845 -2.809674468 0.003169527 0.999848604 0.017108886 -0.515153756 -0.760544538 -0.008698310 0.649227500 -2.992760720
73840433 0.532888110 0.947356644 0.500000000 0.500000000 0.000000000 0.000000000 0.644884527 -0.015221838 0.764128387 -2.828795254 0.003184083 0.999846458 0.017230265 -0.515933669 -0.764273345 -0.008678483 0.644833982 -2.981624977
73873800 0.532888110 0.947356644 0.500000000 0.500000000 0.000000000 0.000000000 0.640542805 -0.015619754 0.767763555 -2.848446410 0.003430441 0.999841332 0.017479248 -0.516601309 -0.767914772 -0.008562440 0.640494764 -2.970902937
73907167 0.532888110 0.947356644 0.500000000 0.500000000 0.000000000 0.000000000 0.636341989 -0.015652135 0.771248281 -2.867468614 0.003463078 0.999842048 0.017434023 -0.516257592 -0.771399319 -0.008423108 0.636295617 -2.960093518
73940533 0.532888110 0.947356644 0.500000000 0.500000000 0.000000000 0.000000000 0.632300735 -0.015916331 0.774559498 -2.887279737 0.003673094 0.999839306 0.017547099 -0.516757811 -0.774714351 -0.008250013 0.632257581 -2.950264079
73973900 0.532888110 0.947356644 0.500000000 0.500000000 0.000000000 0.000000000 0.628732622 -0.016141070 0.777454019 -2.902315391 0.004053029 0.999839008 0.017480390 -0.515502855 -0.777611017 -0.007839448 0.628696799 -2.941671013
74007267 0.532888110 0.947356644 0.500000000 0.500000000 0.000000000 0.000000000 0.624858677 -0.016076729 0.780572295 -2.920569341 0.003770938 0.999838471 0.017574064 -0.516733876 -0.780728757 -0.008037818 0.624818385 -2.932771582
74040633 0.532888110 0.947356644 0.500000000 0.500000000 0.000000000 0.000000000 0.621306181 -0.016149916 0.783401430 -2.936501435 0.003666027 0.999836564 0.017704271 -0.518002862 -0.783559263 -0.008127803 0.621263862 -2.922967254
74074000 0.532888110 0.947356644 0.500000000 0.500000000 0.000000000 0.000000000 0.617537558 -0.016029457 0.786378026 -2.953932247 0.003682450 0.999840260 0.017488847 -0.517318987 -0.786532760 -0.007904222 0.617497921 -2.914032314
74107367 0.532888110 0.947356644 0.500000000 0.500000000 0.000000000 0.000000000 0.613940001 -0.016138323 0.789187729 -2.970378256 0.003845783 0.999840260 0.017454231 -0.516817937 -0.789343357 -0.007680806 0.613903999 -2.904786339
74140733 0.532888110 0.947356644 0.500000000 0.500000000 0.000000000 0.000000000 0.610374451 -0.016115570 0.791949034 -2.985455389 0.003654915 0.999839664 0.017529057 -0.517840323 -0.792104542 -0.007804783 0.610335529 -2.896288863
74174100 0.532888110 0.947356644 0.500000000 0.500000000 0.000000000 0.000000000 0.606508911 -0.016240174 0.794910848 -3.004437925 0.003725349 0.999838412 0.017584478 -0.517857096 -0.795067966 -0.007703823 0.606471419 -2.884892562
74207467 0.532888110 0.947356644 0.500000000 0.500000000 0.000000000 0.000000000 0.603217483 -0.016412359 0.797407866 -3.018577688 0.003878113 0.999836802 0.017645091 -0.518663394 -0.797567308 -0.007551390 0.603182673 -2.876480538
74240833 0.532888110 0.947356644 0.500000000 0.500000000 0.000000000 0.000000000 0.599680901 -0.016459569 0.800069928 -3.034782549 0.004036400 0.999837935 0.017543904 -0.517923409 -0.800229073 -0.007291343 0.599650145 -2.866749984
