https://www.youtube.com/watch?v=-gBsVzAuqIs
220920700 0.495702272 0.881248527 0.500000000 0.500000000 0.000000000 0.000000000 0.986106992 -0.056176502 0.156323880 -0.132918946 0.057373777 0.998347759 -0.003153694 0.041434723 -0.155888423 0.012078770 0.987700820 -0.092791608
220954067 0.495702272 0.881248527 0.500000000 0.500000000 0.000000000 0.000000000 0.984304845 -0.058394916 0.166535124 -0.143698949 0.059693702 0.998212814 -0.002799680 0.044300252 -0.166074008 0.012696836 0.986031532 -0.097184743
220987433 0.495702272 0.881248527 0.500000000 0.500000000 0.000000000 0.000000000 0.982504547 -0.060063638 0.176287234 -0.152678061 0.061469465 0.998105764 -0.002519555 0.047981288 -0.175801978 0.013311757 0.984335542 -0.100517881
221020800 0.495702272 0.881248527 0.500000000 0.500000000 0.000000000 0.000000000 0.980538189 -0.063783966 0.185678512 -0.161429188 0.065178342 0.997872651 -0.001408792 0.047947416 -0.185193658 0.013483593 0.982609510 -0.103762835
221054167 0.495702272 0.881248527 0.500000000 0.500000000 0.000000000 0.000000000 0.978522599 -0.065393418 0.195492148 -0.170242828 0.066886969 0.997759998 -0.001040818 0.051694930 -0.194986194 0.014094342 0.980704725 -0.105283452
221087533 0.495702272 0.881248527 0.500000000 0.500000000 0.000000000 0.000000000 0.976335227 -0.067797899 0.205360502 -0.179673685 0.069388412 0.997589588 -0.000544752 0.055127664 -0.204828560 0.014781499 0.978686273 -0.107426568
221120900 0.495702272 0.881248527 0.500000000 0.500000000 0.000000000 0.000000000 0.973996639 -0.070339382 0.215367019 -0.190848628 0.071933158 0.997409344 0.000438806 0.056341825 -0.214839950 0.015064634 0.976533055 -0.109069171
221154267 0.495702272 0.881248527 0.500000000 0.500000000 0.000000000 0.000000000 0.971686363 -0.073154576 0.224664271 -0.198726288 0.074652001 0.997207940 0.001833805 0.057372099 -0.224171147 0.014989755 0.974434495 -0.110710918
221187633 0.495702272 0.881248527 0.500000000 0.500000000 0.000000000 0.000000000 0.969227493 -0.076241381 0.234062597 -0.208782945 0.077664800 0.996974587 0.003143861 0.058869428 -0.233594149 0.015131307 0.972216427 -0.113897027
221221000 0.495702272 0.881248527 0.500000000 0.500000000 0.000000000 0.000000000 0.966552913 -0.078731686 0.244083598 -0.217540147 0.080123805 0.996775925 0.004236085 0.060793758 -0.243630156 0.015462505 0.969744921 -0.112458833
221254367 0.495702272 0.881248527 0.500000000 0.500000000 0.000000000 0.000000000 0.963957191 -0.081602886 0.253234088 -0.226337091 0.082780167 0.996549666 0.006021264 0.061002462 -0.252851695 0.015158519 0.967386305 -0.114629021
221287733 0.495702272 0.881248527 0.500000000 0.500000000 0.000000000 0.000000000 0.961147904 -0.084609017 0.262747139 -0.234343792 0.085514694 0.996304750 0.008008063 0.061448364 -0.262453765 0.014771809 0.964831471 -0.112856196
221321100 0.495702272 0.881248527 0.500000000 0.500000000 0.000000000 0.000000000 0.958231211 -0.087544881 0.272266120 -0.242524314 0.088150993 0.996056616 0.010029237 0.062584389 -0.272070467 0.014390201 0.962169707 -0.110393090
221354467 0.495702272 0.881248527 0.500000000 0.500000000 0.000000000 0.000000000 0.955255330 -0.090409368 0.281626433 -0.251811171 0.090613984 0.995809793 0.012325015 0.063358976 -0.281560659 0.013745756 0.959445000 -0.109667358
221387833 0.495702272 0.881248527 0.500000000 0.500000000 0.000000000 0.000000000 0.952328324 -0.092862576 0.290598214 -0.258544943 0.092649922 0.995592833 0.014522345 0.063824410 -0.290666074 0.013093861 0.956734955 -0.105912281
221421200 0.495702272 0.881248527 0.500000000 0.500000000 0.000000000 0.000000000 0.949251413 -0.096053123 0.299492091 -0.266165297 0.095329389 0.995299518 0.017062465 0.063830967 -0.299723238 0.012353829 0.953946233 -0.103923209
221454567 0.495702272 0.881248527 0.500000000 0.500000000 0.000000000 0.000000000 0.945912659 -0.098784223 0.309016079 -0.275746589 0.097517647 0.995041132 0.019582123 0.064262834 -0.309418112 0.011611543 0.950855196 -0.100356018
221487933 0.495702272 0.881248527 0.500000000 0.500000000 0.000000000 0.000000000 0.942594171 -0.101829797 0.318036079 -0.284153291 0.100019604 0.994740844 0.022061542 0.065690217 -0.318610013 0.011014761 0.947821915 -0.097890101
221521300 0.495702272 0.881248527 0.500000000 0.500000000 0.000000000 0.000000000 0.939168215 -0.104850486 0.327061802 -0.292993312 0.102451414 0.994433641 0.024606176 0.066511426 -0.327821225 0.010398606 0.944682539 -0.097066791
221554667 0.495702272 0.881248527 0.500000000 0.500000000 0.000000000 0.000000000 0.935695767 -0.107541397 0.336018234 -0.301055316 0.104405157 0.994156122 0.027443370 0.066631921 -0.337005883 0.009403394 0.941455603 -0.093002370
221588033 0.495702272 0.881248527 0.500000000 0.500000000 0.000000000 0.000000000 0.932350993 -0.111050487 0.344077647 -0.307705483 0.107014112 0.993781447 0.030763986 0.066095793 -0.345354319 0.008138333 0.938437104 -0.091130752
221621400 0.495702272 0.881248527 0.500000000 0.500000000 0.000000000 0.000000000 0.928739429 -0.114821069 0.352504224 -0.315405984 0.109864801 0.993361175 0.034107435 0.064923180 -0.354080260 0.007050886 0.935188472 -0.087997205
221654767 0.495702272 0.881248527 0.500000000 0.500000000 0.000000000 0.000000000 0.925114453 -0.117182113 0.361153126 -0.323018029 0.111161955 0.993095338 0.037478492 0.064244955 -0.363051295 0.005474595 0.931753039 -0.083369905
221688133 0.495702272 0.881248527 0.500000000 0.500000000 0.000000000 0.000000000 0.921516955 -0.120311722 0.369231135 -0.331307431 0.113431394 0.992725134 0.040374491 0.065080281 -0.371402562 0.004676627 0.928460181 -0.082900249
221721500 0.495702272 0.881248527 0.500000000 0.500000000 0.000000000 0.000000000 0.917950511 -0.123658985 0.376928836 -0.337682548 0.115680330 0.992319047 0.043828841 0.063881911 -0.379453480 0.003370544 0.925204694 -0.078930673
221754867 0.495702272 0.881248527 0.500000000 0.500000000 0.000000000 0.000000000 0.914184809 -0.127581730 0.384693414 -0.343817428 0.118632972 0.991824508 0.047014643 0.063858712 -0.387546569 0.002657252 0.921846271 -0.076074627
221788233 0.495702272 0.881248527 0.500000000 0.500000000 0.000000000 0.000000000 0.910181403 -0.129086748 0.393581599 -0.353976886 0.119172215 0.991631806 0.049642053 0.065146401 -0.396696150 0.001720719 0.917948365 -0.073869342
221821600 0.495702272 0.881248527 0.500000000 0.500000000 0.000000000 0.000000000 0.906101346 -0.132687330 0.401714414 -0.362203166 0.121806800 0.991157174 0.052636150 0.064019247 -0.405146271 0.001237865 0.914251029 -0.071330332
221854967 0.495702272 0.881248527 0.500000000 0.500000000 0.000000000 0.000000000 0.901969194 -0.134462133 0.410330981 -0.373090068 0.122387961 0.990918756 0.055688895 0.064203460 -0.414092720 -0.000010092 0.910234690 -0.071176475
221888333 0.495702272 0.881248527 0.500000000 0.500000000 0.000000000 0.000000000 0.898097992 -0.136896431 0.417946607 -0.382004671 0.123800240 0.990585089 0.058435261 0.064669992 -0.422011256 -0.000738701 0.906590283 -0.069152658
221921700 0.495702272 0.881248527 0.500000000 0.500000000 0.000000000 0.000000000 0.893907666 -0.140621975 0.425622463 -0.388061917 0.126456663 0.990062654 0.061519258 0.063717176 -0.430043876 -0.001169739 0.902807236 -0.065631202
221955067 0.495702272 0.881248527 0.500000000 0.500000000 0.000000000 0.000000000 0.889673829 -0.142598316 0.433758259 -0.397148809 0.127243966 0.989778399 0.064402498 0.062825165 -0.438508242 -0.002104094 0.898724675 -0.061824086
221988433 0.495702272 0.881248527 0.500000000 0.500000000 0.000000000 0.000000000 0.885564029 -0.146080554 0.440949947 -0.404933676 0.129442289 0.989268363 0.067770578 0.061621681 -0.446117789 -0.002937613 0.894969404 -0.062063954
222021800 0.495702272 0.881248527 0.500000000 0.500000000 0.000000000 0.000000000 0.881390154 -0.148138255 0.448560447 -0.412102937 0.130341321 0.988959849 0.070494920 0.060754752 -0.454051286 -0.003667564 0.890968025 -0.058042218
222055167 0.495702272 0.881248527 0.500000000 0.500000000 0.000000000 0.000000000 0.877342045 -0.151632845 0.455278397 -0.417971333 0.132576704 0.988427460 0.073719606 0.059311025 -0.461187989 -0.004317999 0.887291968 -0.054668286
222088533 0.495702272 0.881248527 0.500000000 0.500000000 0.000000000 0.000000000 0.873335600 -0.153833926 0.462190539 -0.424496449 0.133775651 0.988085866 0.076094374 0.060834868 -0.468389839 -0.004626083 0.883509815 -0.050870808
222121900 0.495702272 0.881248527 0.500000000 0.500000000 0.000000000 0.000000000 0.869381607 -0.156685591 0.468641877 -0.430577709 0.135401845 0.987634599 0.079020329 0.060389260 -0.475228280 -0.005243846 0.879846931 -0.049588720
