https://www.youtube.com/watch?v=8ObNGRtJ6Xk
52952953 0.503705973 0.895477295 0.500000000 0.500000000 0.000000000 0.000000000 0.959185123 -0.006398345 -0.282706589 3.091039456 -0.018894674 0.996059597 -0.086650342 1.830814749 0.282147020 0.088455364 0.955284595 3.529811519
52986320 0.503705973 0.895477295 0.500000000 0.500000000 0.000000000 0.000000000 0.958878398 -0.006591748 -0.283740759 3.088132192 -0.018924715 0.996020377 -0.087093644 1.833486531 0.283185661 0.088881925 0.954937637 3.548925294
53019686 0.503705973 0.895477295 0.500000000 0.500000000 0.000000000 0.000000000 0.958681822 -0.006381948 -0.284408897 3.086543858 -0.019231681 0.996007323 -0.087175637 1.834470300 0.283829689 0.089043364 0.954731345 3.565182270
53053053 0.503705973 0.895477295 0.500000000 0.500000000 0.000000000 0.000000000 0.958492875 -0.006120232 -0.285050780 3.084431835 -0.019587904 0.995993912 -0.087249644 1.834959258 0.284442842 0.089211710 0.954533160 3.581163984
53086420 0.503705973 0.895477295 0.500000000 0.500000000 0.000000000 0.000000000 0.958352864 -0.005964410 -0.285524368 3.081510555 -0.019777823 0.995995402 -0.087189257 1.836958600 0.284900993 0.089205131 0.954397142 3.596685497
53119786 0.503705973 0.895477295 0.500000000 0.500000000 0.000000000 0.000000000 0.958279312 -0.006295441 -0.285764039 3.078771603 -0.019422157 0.996012628 -0.087072499 1.841221087 0.285172760 0.088989928 0.954336047 3.609878136
53153153 0.503705973 0.895477295 0.500000000 0.500000000 0.000000000 0.000000000 0.958078384 -0.005741870 -0.286448717 3.075836903 -0.019913822 0.996046603 -0.086571075 1.841663288 0.285813361 0.088646166 0.954176366 3.622571896
53186520 0.503705973 0.895477295 0.500000000 0.500000000 0.000000000 0.000000000 0.957911372 -0.005716027 -0.287007213 3.070124716 -0.019879745 0.996080518 -0.086188272 1.844503249 0.286374956 0.088266358 0.954043210 3.636869496
53219887 0.503705973 0.895477295 0.500000000 0.500000000 0.000000000 0.000000000 0.957735121 -0.005843055 -0.287592322 3.064975221 -0.019738007 0.996102273 -0.085969128 1.847058635 0.286973685 0.088012151 0.953886747 3.650098743
53253253 0.503705973 0.895477295 0.500000000 0.500000000 0.000000000 0.000000000 0.957503438 -0.006027315 -0.288358897 3.059981434 -0.019654486 0.996093988 -0.086083733 1.851321164 0.287751406 0.088093013 0.953644991 3.663792070
53286620 0.503705973 0.895477295 0.500000000 0.500000000 0.000000000 0.000000000 0.957214653 -0.005671889 -0.289323330 3.056108545 -0.020046851 0.996106207 -0.085851856 1.851741194 0.288683683 0.087978676 0.953373730 3.676805131
53319987 0.503705973 0.895477295 0.500000000 0.500000000 0.000000000 0.000000000 0.957159996 -0.005388940 -0.289509445 3.051533612 -0.020236960 0.996137083 -0.085448444 1.852129790 0.288851559 0.087646626 0.953353465 3.687918917
53353353 0.503705973 0.895477295 0.500000000 0.500000000 0.000000000 0.000000000 0.956822813 -0.005159630 -0.290625960 3.047870491 -0.020540271 0.996142745 -0.085309409 1.850780358 0.289945126 0.087595522 0.953026175 3.702552817
53386720 0.503705973 0.895477295 0.500000000 0.500000000 0.000000000 0.000000000 0.956682146 -0.005297105 -0.291086346 3.041745438 -0.020459095 0.996139407 -0.085368156 1.852112225 0.290414780 0.087625556 0.952880383 3.712727932
53420087 0.503705973 0.895477295 0.500000000 0.500000000 0.000000000 0.000000000 0.956647515 -0.004933135 -0.291206509 3.039483555 -0.020816961 0.996141136 -0.085261121 1.851939999 0.290503383 0.087626874 0.952853262 3.723257203
53453453 0.503705973 0.895477295 0.500000000 0.500000000 0.000000000 0.000000000 0.956551015 -0.005015105 -0.291521877 3.033940551 -0.020825002 0.996123254 -0.085468166 1.853381533 0.290820360 0.087825604 0.952738285 3.734424185
53486820 0.503705973 0.895477295 0.500000000 0.500000000 0.000000000 0.000000000 0.956186950 -0.004927529 -0.292715371 3.025920850 -0.021036007 0.996117353 -0.085484929 1.854241271 0.292000085 0.087897129 0.952370763 3.746803326
53520187 0.503705973 0.895477295 0.500000000 0.500000000 0.000000000 0.000000000 0.955948651 -0.005070185 -0.293490112 3.018329203 -0.020993851 0.996109307 -0.085588925 1.855526566 0.292782187 0.087980099 0.952122927 3.758398207
53553554 0.503705973 0.895477295 0.500000000 0.500000000 0.000000000 0.000000000 0.955733478 -0.004729120 -0.294195801 3.011561362 -0.021413453 0.996101439 -0.085576460 1.854709142 0.293453574 0.088088036 0.951906264 3.768441982
53586920 0.503705973 0.895477295 0.500000000 0.500000000 0.000000000 0.000000000 0.955410957 -0.004826309 -0.295239836 3.002250398 -0.021358617 0.996117711 -0.085401170 1.854608258 0.294505805 0.087899134 0.951598704 3.780980797
53620287 0.503705973 0.895477295 0.500000000 0.500000000 0.000000000 0.000000000 0.955238640 -0.004569542 -0.295801044 2.996563695 -0.021630239 0.996125698 -0.085239314 1.853972035 0.295044512 0.087822139 0.951438904 3.789932888
53653654 0.503705973 0.895477295 0.500000000 0.500000000 0.000000000 0.000000000 0.955100060 -0.004629968 -0.296247184 2.988230651 -0.021624357 0.996121883 -0.085284986 1.854802639 0.295493156 0.087861851 0.951296031 3.800054745
53687020 0.503705973 0.895477295 0.500000000 0.500000000 0.000000000 0.000000000 0.954859614 -0.004472622 -0.297023714 2.981669921 -0.021811526 0.996132076 -0.085118681 1.853392853 0.296255529 0.087754935 0.951068699 3.808744976
53720387 0.503705973 0.895477295 0.500000000 0.500000000 0.000000000 0.000000000 0.954579473 -0.004408573 -0.297923714 2.973939779 -0.021922847 0.996141136 -0.084983706 1.854089559 0.297148734 0.087655038 0.950799227 3.818009725
53753754 0.503705973 0.895477295 0.500000000 0.500000000 0.000000000 0.000000000 0.954196036 -0.004577554 -0.299147099 2.964951275 -0.021867318 0.996141493 -0.084993631 1.853680137 0.298381925 0.087642133 0.950414181 3.827562495
53787120 0.503705973 0.895477295 0.500000000 0.500000000 0.000000000 0.000000000 0.953932047 -0.004383860 -0.299990684 2.956409296 -0.022098603 0.996150553 -0.084827803 1.853049215 0.299207747 0.087549336 0.950163066 3.837096599
53820487 0.503705973 0.895477295 0.500000000 0.500000000 0.000000000 0.000000000 0.953585029 -0.004643366 -0.301088125 2.950290644 -0.021994339 0.996136367 -0.085021280 1.853641507 0.300319612 0.087697253 0.949798584 3.845613568
53853854 0.503705973 0.895477295 0.500000000 0.500000000 0.000000000 0.000000000 0.953214943 -0.005109350 -0.302250206 2.940650219 -0.021721521 0.996114850 -0.085342467 1.854584346 0.301511973 0.087915048 0.949400604 3.855282065
53887221 0.503705973 0.895477295 0.500000000 0.500000000 0.000000000 0.000000000 0.952695727 -0.005287214 -0.303879678 2.931431207 -0.021716703 0.996108711 -0.085415550 1.854223873 0.303148806 0.087974295 0.948873699 3.863516377
53920587 0.503705973 0.895477295 0.500000000 0.500000000 0.000000000 0.000000000 0.952213943 -0.005555631 -0.305381268 2.921062934 -0.021595800 0.996107519 -0.085459821 1.854234153 0.304667354 0.087970987 0.948387504 3.872891449
53953954 0.503705973 0.895477295 0.500000000 0.500000000 0.000000000 0.000000000 0.951565146 -0.005382337 -0.307400107 2.911040777 -0.021924965 0.996113181 -0.085310474 1.852720983 0.306664467 0.087918207 0.947748542 3.882132817
53987321 0.503705973 0.895477295 0.500000000 0.500000000 0.000000000 0.000000000 0.951111972 -0.005497748 -0.308797270 2.899712404 -0.022007817 0.996093392 -0.085519440 1.852400547 0.308061093 0.088134520 0.947275400 3.892833365
54020687 0.503705973 0.895477295 0.500000000 0.500000000 0.000000000 0.000000000 0.950523257 -0.005680990 -0.310601473 2.888594643 -0.021977179 0.996097922 -0.085474946 1.852380181 0.309875041 0.088072069 0.946689367 3.901617550
54054054 0.503705973 0.895477295 0.500000000 0.500000000 0.000000000 0.000000000 0.949597657 -0.005825978 -0.313417226 2.875069366 -0.021988744 0.996126473 -0.085138500 1.852136711 0.312699199 0.087738968 0.945791245 3.911838625
54087421 0.503705973 0.895477295 0.500000000 0.500000000 0.000000000 0.000000000 0.948929846 -0.006299901 -0.315424293 2.861177699 -0.021765150 0.996111214 -0.085373901 1.852191453 0.314735532 0.087879099 0.945102513 3.922580091
54120787 0.503705973 0.895477295 0.500000000 0.500000000 0.000000000 0.000000000 0.948208392 -0.006211619 -0.317588151 2.848187220 -0.022029925 0.996115446 -0.085256480 1.851512988 0.316884071 0.087837353 0.944388211 3.932073753
54154154 0.503705973 0.895477295 0.500000000 0.500000000 0.000000000 0.000000000 0.947210312 -0.006497002 -0.320546955 2.833201635 -0.022090953 0.996096015 -0.085467711 1.850245589 0.319850832 0.088037089 0.943368912 3.943172186
54187521 0.503705973 0.895477295 0.500000000 0.500000000 0.000000000 0.000000000 0.946254909 -0.006607477 -0.323354304 2.817983221 -0.022244042 0.996094227 -0.085448690 1.848157065 0.322655946 0.088048950 0.942412078 3.953348707
54220888 0.503705973 0.895477295 0.500000000 0.500000000 0.000000000 0.000000000 0.945276916 -0.006897199 -0.326196253 2.800964667 -0.022196136 0.996100903 -0.085383572 1.847070601 0.325513273 0.087951414 0.941438079 3.965008210
54254254 0.503705973 0.895477295 0.500000000 0.500000000 0.000000000 0.000000000 0.944002628 -0.007292918 -0.329857379 2.780814792 -0.022121690 0.996106923 -0.085332215 1.846666683 0.329195529 0.087850831 0.940166235 3.978022925
