https://www.youtube.com/watch?v=nMCT_knUb1I
41207833 0.461761989 0.820910201 0.500000000 0.500000000 0.000000000 0.000000000 0.987556934 0.025569089 -0.155169502 -0.038496540 -0.018116476 0.998621941 0.049254529 0.010277204 0.156215072 -0.045830525 0.986659229 -0.028773203
41241200 0.461761989 0.820910201 0.500000000 0.500000000 0.000000000 0.000000000 0.986910343 0.026359309 -0.159100935 -0.041244357 -0.018596791 0.998571873 0.050083298 0.010417364 0.160193890 -0.046468958 0.985991180 -0.028847036
41274567 0.461761989 0.820910201 0.500000000 0.500000000 0.000000000 0.000000000 0.986236155 0.027116984 -0.163103983 -0.043735974 -0.019053413 0.998526990 0.050801195 0.010831956 0.164241314 -0.046994288 0.985300124 -0.029037618
41307933 0.461761989 0.820910201 0.500000000 0.500000000 0.000000000 0.000000000 0.985539258 0.027892746 -0.167135611 -0.046312566 -0.019527497 0.998482704 0.051486991 0.011348259 0.168318138 -0.047478713 0.984588623 -0.029209930
41341300 0.461761989 0.820910201 0.500000000 0.500000000 0.000000000 0.000000000 0.984830379 0.028682817 -0.171132624 -0.048875906 -0.019990936 0.998431325 0.052299451 0.011551435 0.172364265 -0.048084989 0.983858943 -0.029517200
41374667 0.461761989 0.820910201 0.500000000 0.500000000 0.000000000 0.000000000 0.984073639 0.029458558 -0.175303474 -0.050934372 -0.020460231 0.998389244 0.052918144 0.012013441 0.176579997 -0.048488598 0.983091235 -0.029853802
41408033 0.461761989 0.820910201 0.500000000 0.500000000 0.000000000 0.000000000 0.983298481 0.030272201 -0.179465055 -0.053004725 -0.020919120 0.998333573 0.053782143 0.012038592 0.180794090 -0.049129650 0.982293129 -0.030116243
41441400 0.461761989 0.820910201 0.500000000 0.500000000 0.000000000 0.000000000 0.982497215 0.031152640 -0.183653891 -0.055140123 -0.021490103 0.998289526 0.054370686 0.012473290 0.185033545 -0.049472306 0.981486142 -0.030526221
41474767 0.461761989 0.820910201 0.500000000 0.500000000 0.000000000 0.000000000 0.981651187 0.031990293 -0.187982902 -0.056847659 -0.022001656 0.998244762 0.054984752 0.012950282 0.189411923 -0.049839910 0.980632007 -0.030997042
41508133 0.461761989 0.820910201 0.500000000 0.500000000 0.000000000 0.000000000 0.980791867 0.032767151 -0.192285255 -0.058635803 -0.022506513 0.998215795 0.055305757 0.013833602 0.193754375 -0.049915764 0.979779363 -0.031385472
41541500 0.461761989 0.820910201 0.500000000 0.500000000 0.000000000 0.000000000 0.979909539 0.033757109 -0.196564808 -0.060697651 -0.023178941 0.998169005 0.055869784 0.014410276 0.198090896 -0.050191171 0.978897750 -0.031609936
41574867 0.461761989 0.820910201 0.500000000 0.500000000 0.000000000 0.000000000 0.978988528 0.034596257 -0.200959176 -0.062395806 -0.023698792 0.998127937 0.056382816 0.014866617 0.202533603 -0.050435640 0.977975667 -0.031421201
41608233 0.461761989 0.820910201 0.500000000 0.500000000 0.000000000 0.000000000 0.978042066 0.035648134 -0.205336094 -0.064202940 -0.024384741 0.998069167 0.057125859 0.014966582 0.206976056 -0.050864428 0.977022886 -0.031370137
41641600 0.461761989 0.820910201 0.500000000 0.500000000 0.000000000 0.000000000 0.977061570 0.036624420 -0.209784031 -0.065834319 -0.025043963 0.998025835 0.057595536 0.015536547 0.211479291 -0.051020559 0.976049900 -0.031428875
41674967 0.461761989 0.820910201 0.500000000 0.500000000 0.000000000 0.000000000 0.976082087 0.037549868 -0.214134902 -0.067665847 -0.025597773 0.997969747 0.058318876 0.015599044 0.215890020 -0.051442634 0.975061595 -0.031386370
41708333 0.461761989 0.820910201 0.500000000 0.500000000 0.000000000 0.000000000 0.975082755 0.038416915 -0.218489602 -0.069558887 -0.026106596 0.997919261 0.058954231 0.015799208 0.220299825 -0.051781233 0.974056840 -0.030962248
41741700 0.461761989 0.820910201 0.500000000 0.500000000 0.000000000 0.000000000 0.974061430 0.039405528 -0.222826183 -0.071502677 -0.026744753 0.997866690 0.059555084 0.016134749 0.224697620 -0.052050881 0.973037362 -0.030328720
41775067 0.461761989 0.820910201 0.500000000 0.500000000 0.000000000 0.000000000 0.973046899 0.040350974 -0.227049574 -0.073835071 -0.027300850 0.997805178 0.060327809 0.016065226 0.228985533 -0.052503143 0.972012877 -0.029743516
41808433 0.461761989 0.820910201 0.500000000 0.500000000 0.000000000 0.000000000 0.971959829 0.041338712 -0.231484711 -0.075531379 -0.027902206 0.997746348 0.061022274 0.016142297 0.233485609 -0.052852266 0.970922828 -0.029113578
41841800 0.461761989 0.820910201 0.500000000 0.500000000 0.000000000 0.000000000 0.970844865 0.042371728 -0.235934094 -0.077293669 -0.028498076 0.997675002 0.061907131 0.015807122 0.238008663 -0.053378552 0.969795167 -0.028435695
41875167 0.461761989 0.820910201 0.500000000 0.500000000 0.000000000 0.000000000 0.969729781 0.043198250 -0.240328953 -0.079060259 -0.028972074 0.997629523 0.062417634 0.016246859 0.242455587 -0.053565413 0.968682647 -0.028034097
41908533 0.461761989 0.820910201 0.500000000 0.500000000 0.000000000 0.000000000 0.968656898 0.044076793 -0.244460687 -0.081108989 -0.029552499 0.997590482 0.062768206 0.016852807 0.246638283 -0.053576432 0.967625499 -0.027722634
41941900 0.461761989 0.820910201 0.500000000 0.500000000 0.000000000 0.000000000 0.967635512 0.045050427 -0.248298243 -0.083889697 -0.030176960 0.997532666 0.063387372 0.016939279 0.250541240 -0.053842984 0.966607451 -0.027402432
41975267 0.461761989 0.820910201 0.500000000 0.500000000 0.000000000 0.000000000 0.966471732 0.046003234 -0.252618432 -0.085389685 -0.030755946 0.997477174 0.063979588 0.017299079 0.254924387 -0.054064944 0.965448380 -0.027666743
42008633 0.461761989 0.820910201 0.500000000 0.500000000 0.000000000 0.000000000 0.965391934 0.046977587 -0.256537586 -0.087895232 -0.031433012 0.997431338 0.064363837 0.017958849 0.258902282 -0.054072578 0.964388788 -0.027637829
42042000 0.461761989 0.820910201 0.500000000 0.500000000 0.000000000 0.000000000 0.964277387 0.047905099 -0.260526896 -0.090081911 -0.031975631 0.997369945 0.065044068 0.017976087 0.262957633 -0.054390013 0.963273048 -0.027987603
42075367 0.461761989 0.820910201 0.500000000 0.500000000 0.000000000 0.000000000 0.963174045 0.048713338 -0.264429212 -0.092393003 -0.032527432 0.997338653 0.065250419 0.018938174 0.266904026 -0.054246303 0.962195158 -0.028488050
42108733 0.461761989 0.820910201 0.500000000 0.500000000 0.000000000 0.000000000 0.962045372 0.049638052 -0.268337041 -0.094584766 -0.033073366 0.997277617 0.065905318 0.019192190 0.270877928 -0.054529101 0.961068034 -0.028982894
42142100 0.461761989 0.820910201 0.500000000 0.500000000 0.000000000 0.000000000 0.960911572 0.050469249 -0.272216469 -0.096890652 -0.033584680 0.997232020 0.066335596 0.019721433 0.274810880 -0.054600336 0.959946752 -0.029187892
42175467 0.461761989 0.820910201 0.500000000 0.500000000 0.000000000 0.000000000 0.959726512 0.051321950 -0.276208401 -0.098960848 -0.034056429 0.997174978 0.066949829 0.019905584 0.278864086 -0.054846857 0.958763063 -0.029463920
42208833 0.461761989 0.820910201 0.500000000 0.500000000 0.000000000 0.000000000 0.958550513 0.052160885 -0.280107498 -0.101307723 -0.034543879 0.997123122 0.067469709 0.020043904 0.282820940 -0.054997124 0.957594693 -0.029676971
42242200 0.461761989 0.820910201 0.500000000 0.500000000 0.000000000 0.000000000 0.957312644 0.053074244 -0.284140259 -0.103448847 -0.035144262 0.997077286 0.067836501 0.020842118 0.286910146 -0.054954834 0.956379890 -0.030178210
42275567 0.461761989 0.820910201 0.500000000 0.500000000 0.000000000 0.000000000 0.956043899 0.053875916 -0.288231492 -0.105416080 -0.035590325 0.997028947 0.068312913 0.021194543 0.291055560 -0.055051897 0.955120921 -0.030837499
42308933 0.461761989 0.820910201 0.500000000 0.500000000 0.000000000 0.000000000 0.954806626 0.054710019 -0.292149156 -0.107737976 -0.036013376 0.996966422 0.068999834 0.021040165 0.295037895 -0.055360220 0.953880429 -0.031341887
42342300 0.461761989 0.820910201 0.500000000 0.500000000 0.000000000 0.000000000 0.953483760 0.055569913 -0.296278089 -0.109480263 -0.036527418 0.996917903 0.069429174 0.021501700 0.299223095 -0.055377312 0.952574849 -0.032176741
42375667 0.461761989 0.820910201 0.500000000 0.500000000 0.000000000 0.000000000 0.952139020 0.056310885 -0.300433606 -0.111183881 -0.036881205 0.996867776 0.069960445 0.021654902 0.303432107 -0.055531718 0.951233506 -0.033043285
42409033 0.461761989 0.820910201 0.500000000 0.500000000 0.000000000 0.000000000 0.950783968 0.057094924 -0.304548830 -0.112992105 -0.037264988 0.996812820 0.070537135 0.021747529 0.307605475 -0.055716574 0.949881315 -0.033932473
42442400 0.461761989 0.820910201 0.500000000 0.500000000 0.000000000 0.000000000 0.949431121 0.057834644 -0.308602899 -0.114984672 -0.037629969 0.996764064 0.071031190 0.021996393 0.311712325 -0.055826504 0.948535085 -0.034909303
42475767 0.461761989 0.820910201 0.500000000 0.500000000 0.000000000 0.000000000 0.948033929 0.058592357 -0.312727600 -0.116403860 -0.037987467 0.996710956 0.071583815 0.022145335 0.315893292 -0.055984158 0.947141588 -0.035960028
42509133 0.461761989 0.820910201 0.500000000 0.500000000 0.000000000 0.000000000 0.946678400 0.059259918 -0.316683233 -0.118324240 -0.038263440 0.996661782 0.072119139 0.022224774 0.319899857 -0.056156240 0.945785701 -0.037137183
42542500 0.461761989 0.820910201 0.500000000 0.500000000 0.000000000 0.000000000 0.945407450 0.060024016 -0.320315331 -0.120909214 -0.038596954 0.996596932 0.072834171 0.021966135 0.323597074 -0.056494772 0.944506884 -0.038216621
42575867 0.461761989 0.820910201 0.500000000 0.500000000 0.000000000 0.000000000 0.944011807 0.060584620 -0.324301183 -0.122594299 -0.038840055 0.996566951 0.073114634 0.022565897 0.327617466 -0.056425199 0.943124056 -0.039380770
42609233 0.461761989 0.820910201 0.500000000 0.500000000 0.000000000 0.000000000 0.942594528 0.061298419 -0.328265280 -0.124405394 -0.039168295 0.996517301 0.073614597 0.022818274 0.331634492 -0.056531124 0.941712677 -0.040329566
42642600 0.461761989 0.820910201 0.500000000 0.500000000 0.000000000 0.000000000 0.941209316 0.061889872 -0.332106441 -0.126351534 -0.039387066 0.996474683 0.074073292 0.023027131 0.335520059 -0.056637775 0.940328896 -0.041372914
42675967 0.461761989 0.820910201 0.500000000 0.500000000 0.000000000 0.000000000 0.939769208 0.062565036 -0.336034864 -0.127873121 -0.039764058 0.996441483 0.074317768 0.023680651 0.339488804 -0.056479439 0.938912928 -0.042439619
42709333 0.461761989 0.820910201 0.500000000 0.500000000 0.000000000 0.000000000 0.938371539 0.063130908 -0.339813769 -0.129609850 -0.039994910 0.996405959 0.074670106 0.024329165 0.343306422 -0.056477476 0.937523842 -0.044027888
42742700 0.461761989 0.820910201 0.500000000 0.500000000 0.000000000 0.000000000 0.936887741 0.063884795 -0.343744278 -0.131221292 -0.040398855 0.996360004 0.075064711 0.024684061 0.347288549 -0.056440327 0.936058283 -0.045275652
42776067 0.461761989 0.820910201 0.500000000 0.500000000 0.000000000 0.000000000 0.935440361 0.064531468 -0.347544342 -0.132824368 -0.040674642 0.996314704 0.075515389 0.025054414 0.351136655 -0.056503899 0.934617758 -0.046763990
42809433 0.461761989 0.820910201 0.500000000 0.500000000 0.000000000 0.000000000 0.933973491 0.065149561 -0.351353168 -0.134563633 -0.040942393 0.996274531 0.075900085 0.025455619 0.354989082 -0.056503430 0.933161378 -0.047869683
42842800 0.461761989 0.820910201 0.500000000 0.500000000 0.000000000 0.000000000 0.932489395 0.065786831 -0.355155826 -0.136388372 -0.041274909 0.996240437 0.076166816 0.026220528 0.358831376 -0.056365721 0.931698978 -0.049065128
42876167 0.461761989 0.820910201 0.500000000 0.500000000 0.000000000 0.000000000 0.930994391 0.066499837 -0.358925134 -0.138265725 -0.041464269 0.996167481 0.077013202 0.025748586 0.362670928 -0.056816284 0.930183709 -0.050279170
42909533 0.461761989 0.820910201 0.500000000 0.500000000 0.000000000 0.000000000 0.929531991 0.067129612 -0.362579435 -0.140344204 -0.041763265 0.996128082 0.077360705 0.026229536 0.366368771 -0.056766748 0.928736508 -0.051523005
42942900 0.461761989 0.820910201 0.500000000 0.500000000 0.000000000 0.000000000 0.928005397 0.067810506 -0.366343647 -0.142022777 -0.042064153 0.996079624 0.077820107 0.026522504 0.370184481 -0.056807544 0.927219689 -0.052951102
42976267 0.461761989 0.820910201 0.500000000 0.500000000 0.000000000 0.000000000 0.926432729 0.068482354 -0.370179117 -0.143582819 -0.042367421 0.996034443 0.078232996 0.026886022 0.374068707 -0.056794073 0.925660312 -0.054406442
43009633 0.461761989 0.820910201 0.500000000 0.500000000 0.000000000 0.000000000 0.924803019 0.069101095 -0.374118209 -0.144872043 -0.042612240 0.995992839 0.078628272 0.027196311 0.378052354 -0.056773651 0.924041748 -0.055701958
43043000 0.461761989 0.820910201 0.500000000 0.500000000 0.000000000 0.000000000 0.923182905 0.069690838 -0.377990067 -0.146211578 -0.042894147 0.995962024 0.078865252 0.028044527 0.381959945 -0.056593496 0.922444463 -0.057136890
43076367 0.461761989 0.820910201 0.500000000 0.500000000 0.000000000 0.000000000 0.921793044 0.070287399 -0.381257504 -0.148943008 -0.043091238 0.995909572 0.079417951 0.027856805 0.385280073 -0.056778058 0.921051323 -0.058513891
43109733 0.461761989 0.820910201 0.500000000 0.500000000 0.000000000 0.000000000 0.920212984 0.070854865 -0.384951442 -0.150661373 -0.043231260 0.995860398 0.079957075 0.027771035 0.389023244 -0.056935605 0.919466853 -0.059641430
43143100 0.461761989 0.820910201 0.500000000 0.500000000 0.000000000 0.000000000 0.918605864 0.071521692 -0.388648778 -0.152444389 -0.043559588 0.995818496 0.080300085 0.028184528 0.392766833 -0.056834750 0.917880177 -0.060946946
43176467 0.461761989 0.820910201 0.500000000 0.500000000 0.000000000 0.000000000 0.917060673 0.072141126 -0.392167568 -0.154643736 -0.043704834 0.995757580 0.080973275 0.027904228 0.396345347 -0.057117783 0.916323066 -0.062140948
43209833 0.461761989 0.820910201 0.500000000 0.500000000 0.000000000 0.000000000 0.915517986 0.072729923 -0.395647734 -0.156962368 -0.043966427 0.995719373 0.081300952 0.028222021 0.399867147 -0.057037264 0.914796710 -0.063393726
43243200 0.461761989 0.820910201 0.500000000 0.500000000 0.000000000 0.000000000 0.913913131 0.073323019 -0.399232388 -0.158834939 -0.044130288 0.995667815 0.081842341 0.028057109 0.403503746 -0.057178553 0.913189650 -0.064879354
43276567 0.461761989 0.820910201 0.500000000 0.500000000 0.000000000 0.000000000 0.912358582 0.073999889 -0.402648538 -0.160992328 -0.044426013 0.995615900 0.082312509 0.028192773 0.406974405 -0.057210449 0.911646187 -0.066360493
43309933 0.461761989 0.820910201 0.500000000 0.500000000 0.000000000 0.000000000 0.910811543 0.074558787 -0.406033665 -0.162965354 -0.044672627 0.995580494 0.082606278 0.028498465 0.410398215 -0.057100162 0.910116971 -0.067769038
43343300 0.461761989 0.820910201 0.500000000 0.500000000 0.000000000 0.000000000 0.909320176 0.075119339 -0.409260184 -0.165549938 -0.044836953 0.995531440 0.083107330 0.028192735 0.413674325 -0.057221189 0.908624947 -0.069063647
43376667 0.461761989 0.820910201 0.500000000 0.500000000 0.000000000 0.000000000 0.907720566 0.075785011 -0.412674189 -0.167632147 -0.045225989 0.995494604 0.083336957 0.028824070 0.417130649 -0.056983069 0.907058418 -0.070092972
43410033 0.461761989 0.820910201 0.500000000 0.500000000 0.000000000 0.000000000 0.906244457 0.076437235 -0.415786386 -0.170347238 -0.045612812 0.995456159 0.083585128 0.029213732 0.420286149 -0.056783374 0.905613184 -0.071106298
43443400 0.461761989 0.820910201 0.500000000 0.500000000 0.000000000 0.000000000 0.904788852 0.077023655 -0.418837100 -0.173228506 -0.045855086 0.995410383 0.083996795 0.029132931 0.423384517 -0.056793556 0.904168129 -0.072043068
43476767 0.461761989 0.820910201 0.500000000 0.500000000 0.000000000 0.000000000 0.903251529 0.077621728 -0.422032595 -0.175769342 -0.046210792 0.995379210 0.084171422 0.029779631 0.426615983 -0.056525506 0.902664781 -0.073203332
43510133 0.461761989 0.820910201 0.500000000 0.500000000 0.000000000 0.000000000 0.901667476 0.078275546 -0.425286621 -0.178145708 -0.046638966 0.995346963 0.084316060 0.030380483 0.429907650 -0.056190118 0.901122689 -0.074487715
43543500 0.461761989 0.820910201 0.500000000 0.500000000 0.000000000 0.000000000 0.900080025 0.078882076 -0.428524882 -0.180438507 -0.046823695 0.995291889 0.084862314 0.030023521 0.433201462 -0.056317754 0.899535894 -0.075738089
43576867 0.461761989 0.820910201 0.500000000 0.500000000 0.000000000 0.000000000 0.898606956 0.079458207 -0.431499690 -0.183400803 -0.047022678 0.995241463 0.085342348 0.029871917 0.436227530 -0.056398954 0.898067176 -0.076614889
43610233 0.461761989 0.820910201 0.500000000 0.500000000 0.000000000 0.000000000 0.896908998 0.079975963 -0.434923083 -0.185098897 -0.047216568 0.995207310 0.085632838 0.030067591 0.439687192 -0.056269288 0.896386623 -0.078292609
43643600 0.461761989 0.820910201 0.500000000 0.500000000 0.000000000 0.000000000 0.895338953 0.080639571 -0.438024461 -0.187746063 -0.047547478 0.995158315 0.086018093 0.030157902 0.442840159 -0.056188393 0.894838214 -0.079266605
43676967 0.461761989 0.820910201 0.500000000 0.500000000 0.000000000 0.000000000 0.893593192 0.081252791 -0.441462547 -0.189515653 -0.047878712 0.995123088 0.086241610 0.030775987 0.446316957 -0.055928260 0.893125534 -0.080595617
43710333 0.461761989 0.820910201 0.500000000 0.500000000 0.000000000 0.000000000 0.891958654 0.081926428 -0.444632232 -0.191793824 -0.048207220 0.995072484 0.086642139 0.030778285 0.449539572 -0.055846717 0.891512930 -0.081653458
43743700 0.461761989 0.820910201 0.500000000 0.500000000 0.000000000 0.000000000 0.890352130 0.082566768 -0.447722912 -0.194287794 -0.048534032 0.995026946 0.086981870 0.031084344 0.452678174 -0.055714693 0.889931679 -0.082444938
43777067 0.461761989 0.820910201 0.500000000 0.500000000 0.000000000 0.000000000 0.888682902 0.083203427 -0.450910121 -0.196479459 -0.048844773 0.994981170 0.087330773 0.031245864 0.455913305 -0.055584762 0.888286769 -0.083729930
43810433 0.461761989 0.820910201 0.500000000 0.500000000 0.000000000 0.000000000 0.886933088 0.083898105 -0.454214543 -0.198355816 -0.049282782 0.994940937 0.087542616 0.031746427 0.459261298 -0.055259485 0.886580765 -0.084805862
43843800 0.461761989 0.820910201 0.500000000 0.500000000 0.000000000 0.000000000 0.885237753 0.084513150 -0.457396626 -0.200401005 -0.049722426 0.994914174 0.087598294 0.032507975 0.462473601 -0.054802444 0.884937763 -0.085960080
43877167 0.461761989 0.820910201 0.500000000 0.500000000 0.000000000 0.000000000 0.883430600 0.085265540 -0.460738748 -0.202146332 -0.050089881 0.994854391 0.088066950 0.032440502 0.465877056 -0.054722689 0.883155704 -0.087004759
43910533 0.461761989 0.820910201 0.500000000 0.500000000 0.000000000 0.000000000 0.881700397 0.085891277 -0.463925779 -0.204104914 -0.050543588 0.994826436 0.088123173 0.033216118 0.469094634 -0.054249763 0.881480098 -0.088239454
43943900 0.461761989 0.820910201 0.500000000 0.500000000 0.000000000 0.000000000 0.879943848 0.086632952 -0.467111886 -0.205979652 -0.051015314 0.994778335 0.088394180 0.033599903 0.472330630 -0.053952061 0.879768670 -0.089317423
43977267 0.461761989 0.820910201 0.500000000 0.500000000 0.000000000 0.000000000 0.878197074 0.087282568 -0.470267594 -0.207999707 -0.051349543 0.994731069 0.088731743 0.033721896 0.475534528 -0.053775933 0.878051877 -0.090750246
44010633 0.461761989 0.820910201 0.500000000 0.500000000 0.000000000 0.000000000 0.876322746 0.087949313 -0.473627895 -0.209152114 -0.051898435 0.994706690 0.088685647 0.034752577 0.478920698 -0.053136699 0.876248538 -0.092192883
44044000 0.461761989 0.820910201 0.500000000 0.500000000 0.000000000 0.000000000 0.874506772 0.088647112 -0.476843387 -0.210809402 -0.052183073 0.994645119 0.089207426 0.034539733 0.482197940 -0.053129341 0.874449790 -0.093759229
44077367 0.461761989 0.820910201 0.500000000 0.500000000 0.000000000 0.000000000 0.872549772 0.089349091 -0.480284959 -0.211832242 -0.052707125 0.994611323 0.089276232 0.035313091 0.485673606 -0.052583516 0.872557223 -0.095291953
44110733 0.461761989 0.820910201 0.500000000 0.500000000 0.000000000 0.000000000 0.870704114 0.090025574 -0.483497381 -0.213256230 -0.053146645 0.994569957 0.089476660 0.035815641 0.488927126 -0.052211430 0.870760739 -0.096834634
44144100 0.461761989 0.820910201 0.500000000 0.500000000 0.000000000 0.000000000 0.868870914 0.090817735 -0.486636907 -0.214729899 -0.053617828 0.994509518 0.089866035 0.035951099 0.492126495 -0.051989567 0.868969858 -0.098388126
44177467 0.461761989 0.820910201 0.500000000 0.500000000 0.000000000 0.000000000 0.866905332 0.091484793 -0.490005791 -0.215508625 -0.054031331 0.994467974 0.090077810 0.036325094 0.495535821 -0.051613268 0.867052674 -0.100033676
44210833 0.461761989 0.820910201 0.500000000 0.500000000 0.000000000 0.000000000 0.865088165 0.092151813 -0.493082613 -0.217089300 -0.054550502 0.994433761 0.090142861 0.037122317 0.498644829 -0.051083621 0.865299821 -0.101764452
44244200 0.461761989 0.820910201 0.500000000 0.500000000 0.000000000 0.000000000 0.863346934 0.092919089 -0.495981991 -0.219021650 -0.054933976 0.994365156 0.090665437 0.036793019 0.501611769 -0.051029462 0.863586485 -0.103503363
44277567 0.461761989 0.820910201 0.500000000 0.500000000 0.000000000 0.000000000 0.861475468 0.093605511 -0.499097168 -0.220285555 -0.055378508 0.994319320 0.090897217 0.037217188 0.504770458 -0.050666466 0.861765444 -0.105149388
44310933 0.461761989 0.820910201 0.500000000 0.500000000 0.000000000 0.000000000 0.859611034 0.094314910 -0.502168834 -0.221596833 -0.055699177 0.994256198 0.091390692 0.037061145 0.507903993 -0.050590061 0.859926879 -0.106904149
44344300 0.461761989 0.820910201 0.500000000 0.500000000 0.000000000 0.000000000 0.857779264 0.094963782 -0.505169868 -0.223115565 -0.055938818 0.994194984 0.091908418 0.036717513 0.510965288 -0.050578531 0.858112037 -0.108950386
44377667 0.461761989 0.820910201 0.500000000 0.500000000 0.000000000 0.000000000 0.855936885 0.095658973 -0.508154869 -0.224365915 -0.056374345 0.994144499 0.092188351 0.037202393 0.513998032 -0.050260510 0.856317639 -0.110569746
44411033 0.461761989 0.820910201 0.500000000 0.500000000 0.000000000 0.000000000 0.854141951 0.096243836 -0.511056423 -0.225925455 -0.056651045 0.994097054 0.092529275 0.037161851 0.516945064 -0.050081257 0.854552329 -0.112364609
44444400 0.461761989 0.820910201 0.500000000 0.500000000 0.000000000 0.000000000 0.852468967 0.096917987 -0.513715506 -0.227905042 -0.057182543 0.994055450 0.092649549 0.037865820 0.519641101 -0.049605303 0.852943420 -0.113786140
