https://www.youtube.com/watch?v=l6ol3a-OfAI
83083000 0.499824528 0.888576991 0.500000000 0.500000000 0.000000000 0.000000000 0.989918947 -0.022093618 0.139901146 -0.123901845 0.021808313 0.999755800 0.003572234 0.108662050 -0.139945909 -0.000485214 0.990159035 -0.246258539
83116367 0.499824528 0.888576991 0.500000000 0.500000000 0.000000000 0.000000000 0.988920271 -0.023055822 0.146646082 -0.133608305 0.022786980 0.999734163 0.003513112 0.112717985 -0.146688104 -0.000132567 0.989182770 -0.255824929
83149733 0.499824528 0.888576991 0.500000000 0.500000000 0.000000000 0.000000000 0.987930477 -0.024000932 0.153027341 -0.142893223 0.023709361 0.999711931 0.003730166 0.116940985 -0.153072774 -0.000056964 0.988214910 -0.265499383
83183100 0.499824528 0.888576991 0.500000000 0.500000000 0.000000000 0.000000000 0.986981869 -0.024805129 0.158907264 -0.151439784 0.024448812 0.999692261 0.004197169 0.121076009 -0.158962473 -0.000257436 0.987284601 -0.274512478
83216467 0.499824528 0.888576991 0.500000000 0.500000000 0.000000000 0.000000000 0.986011088 -0.025655970 0.164693221 -0.160133730 0.025279142 0.999670804 0.004383976 0.125539508 -0.164751485 -0.000159345 0.986335099 -0.282719857
83249833 0.499824528 0.888576991 0.500000000 0.500000000 0.000000000 0.000000000 0.985091269 -0.026629852 0.169958889 -0.167309518 0.026282331 0.999645352 0.004294643 0.130205214 -0.170012966 0.000236301 0.985441804 -0.290802265
83283200 0.499824528 0.888576991 0.500000000 0.500000000 0.000000000 0.000000000 0.984131694 -0.027533032 0.175290570 -0.175964878 0.027205804 0.999620736 0.004270029 0.134123533 -0.175341651 0.000566650 0.984507501 -0.299004514
83316567 0.499824528 0.888576991 0.500000000 0.500000000 0.000000000 0.000000000 0.983197927 -0.028329957 0.180331081 -0.184159871 0.028042028 0.999598145 0.004146324 0.138209430 -0.180376083 0.000980192 0.983597219 -0.307629745
83349933 0.499824528 0.888576991 0.500000000 0.500000000 0.000000000 0.000000000 0.982307911 -0.029213402 0.184980273 -0.191684758 0.028929576 0.999572515 0.004233759 0.141979490 -0.185024872 0.001192546 0.982733130 -0.316572313
83383300 0.499824528 0.888576991 0.500000000 0.500000000 0.000000000 0.000000000 0.981413305 -0.029935736 0.189556867 -0.199738988 0.029626034 0.999551058 0.004467865 0.145650687 -0.189605519 0.001230996 0.981859565 -0.325967962
83416667 0.499824528 0.888576991 0.500000000 0.500000000 0.000000000 0.000000000 0.980473518 -0.030420728 0.194284067 -0.209570671 0.030051727 0.999536574 0.004847075 0.149007992 -0.194341496 0.001086143 0.980933309 -0.335834572
83450033 0.499824528 0.888576991 0.500000000 0.500000000 0.000000000 0.000000000 0.979557335 -0.031151686 0.198738426 -0.217995758 0.030729830 0.999514163 0.005207446 0.151723145 -0.198804095 0.001006206 0.980038762 -0.345619492
83483400 0.499824528 0.888576991 0.500000000 0.500000000 0.000000000 0.000000000 0.978606164 -0.031900436 0.203254357 -0.226762433 0.031505730 0.999490142 0.005178092 0.154811786 -0.203315914 0.001336364 0.979112267 -0.355856669
83516767 0.499824528 0.888576991 0.500000000 0.500000000 0.000000000 0.000000000 0.977767110 -0.032532256 0.207154915 -0.235677575 0.032211751 0.999468982 0.004920903 0.158357460 -0.207204998 0.001861325 0.978295803 -0.366286178
83550133 0.499824528 0.888576991 0.500000000 0.500000000 0.000000000 0.000000000 0.976997077 -0.033252392 0.210644305 -0.244409465 0.032918528 0.999445081 0.005092160 0.160571053 -0.210696742 0.001959075 0.977549493 -0.377155258
83583500 0.499824528 0.888576991 0.500000000 0.500000000 0.000000000 0.000000000 0.976227462 -0.033952843 0.214072779 -0.253209482 0.033606436 0.999421299 0.005258355 0.163588872 -0.214127436 0.002060872 0.976803541 -0.388340752
83616867 0.499824528 0.888576991 0.500000000 0.500000000 0.000000000 0.000000000 0.975485802 -0.034577221 0.217329070 -0.261121069 0.034250248 0.999399364 0.005272297 0.166479013 -0.217380837 0.002300524 0.976084173 -0.400054593
83650233 0.499824528 0.888576991 0.500000000 0.500000000 0.000000000 0.000000000 0.974691689 -0.035171613 0.220769227 -0.269744896 0.034918442 0.999377429 0.005050511 0.169700663 -0.220809415 0.002786227 0.975313008 -0.412434150
83683600 0.499824528 0.888576991 0.500000000 0.500000000 0.000000000 0.000000000 0.973960340 -0.035812885 0.223872095 -0.277144391 0.035607450 0.999353588 0.004955906 0.173688640 -0.223904863 0.003144658 0.974605918 -0.425885245
83716967 0.499824528 0.888576991 0.500000000 0.500000000 0.000000000 0.000000000 0.973206162 -0.036336936 0.227044985 -0.285858918 0.035988797 0.999336064 0.005674181 0.176151236 -0.227100432 0.002648929 0.973867714 -0.440194942
83750333 0.499824528 0.888576991 0.500000000 0.500000000 0.000000000 0.000000000 0.972457588 -0.036801759 0.230156079 -0.293471878 0.036401786 0.999319315 0.005985142 0.180396522 -0.230219677 0.002557794 0.973135352 -0.454473889
83783700 0.499824528 0.888576991 0.500000000 0.500000000 0.000000000 0.000000000 0.971664965 -0.037138361 0.233426586 -0.301926135 0.036791809 0.999305904 0.005840256 0.183649678 -0.233481452 0.002913414 0.972356915 -0.469019925
83817067 0.499824528 0.888576991 0.500000000 0.500000000 0.000000000 0.000000000 0.970893502 -0.037539538 0.236551479 -0.310037725 0.037374124 0.999287903 0.005184969 0.187913747 -0.236577660 0.003806851 0.971605122 -0.483533106
83850433 0.499824528 0.888576991 0.500000000 0.500000000 0.000000000 0.000000000 0.970075727 -0.038165908 0.239784181 -0.318054882 0.038120534 0.999261498 0.004828995 0.191749489 -0.239791393 0.004456210 0.970814228 -0.497939585
83883800 0.499824528 0.888576991 0.500000000 0.500000000 0.000000000 0.000000000 0.969233871 -0.038695253 0.243081093 -0.326158989 0.038647410 0.999240577 0.004967422 0.195269998 -0.243088692 0.004579861 0.969993234 -0.512896755
83917167 0.499824528 0.888576991 0.500000000 0.500000000 0.000000000 0.000000000 0.968582571 -0.039244033 0.245576248 -0.333250266 0.039140690 0.999219656 0.005303514 0.198510684 -0.245592743 0.004475133 0.969362795 -0.527990626
83950533 0.499824528 0.888576991 0.500000000 0.500000000 0.000000000 0.000000000 0.967884779 -0.039642550 0.248248920 -0.341020954 0.039519407 0.999203742 0.005481412 0.201180463 -0.248268560 0.004505276 0.968680739 -0.542427120
83983900 0.499824528 0.888576991 0.500000000 0.500000000 0.000000000 0.000000000 0.967106223 -0.040060725 0.251198560 -0.348548418 0.039974350 0.999185860 0.005448556 0.204009391 -0.251212329 0.004772167 0.967920244 -0.557440551
84017267 0.499824528 0.888576991 0.500000000 0.500000000 0.000000000 0.000000000 0.966326594 -0.040538289 0.254105359 -0.355491375 0.040515814 0.999164701 0.005324246 0.206717584 -0.254108965 0.005150326 0.967161894 -0.572392692
84050633 0.499824528 0.888576991 0.500000000 0.500000000 0.000000000 0.000000000 0.965490282 -0.040954847 0.257198811 -0.361950578 0.040975820 0.999146163 0.005280447 0.209356431 -0.257195473 0.005440712 0.966344059 -0.587589816
84084000 0.499824528 0.888576991 0.500000000 0.500000000 0.000000000 0.000000000 0.964572132 -0.041628961 0.260514051 -0.370162772 0.041648310 0.999117494 0.005448540 0.211583482 -0.260510981 0.005594461 0.965454698 -0.603157839
84117367 0.499824528 0.888576991 0.500000000 0.500000000 0.000000000 0.000000000 0.963741779 -0.042169139 0.263483435 -0.377950382 0.042146116 0.999094963 0.005742310 0.213098630 -0.263487130 0.005570699 0.964646816 -0.618338143
84150733 0.499824528 0.888576991 0.500000000 0.500000000 0.000000000 0.000000000 0.962962210 -0.042646918 0.266242474 -0.385066893 0.042639446 0.999073625 0.005811383 0.215313617 -0.266243666 0.005756289 0.963888586 -0.633903710
84184100 0.499824528 0.888576991 0.500000000 0.500000000 0.000000000 0.000000000 0.962308466 -0.043059498 0.268529981 -0.391493467 0.043087829 0.999054492 0.005790803 0.217414693 -0.268525422 0.005997835 0.963253915 -0.649650729
84217467 0.499824528 0.888576991 0.500000000 0.500000000 0.000000000 0.000000000 0.961598933 -0.043530375 0.270984501 -0.397831750 0.043635424 0.999031603 0.005640335 0.220026516 -0.270967633 0.006400784 0.962567210 -0.664514848
84250833 0.499824528 0.888576991 0.500000000 0.500000000 0.000000000 0.000000000 0.960784614 -0.044003177 0.273782104 -0.404702015 0.044163298 0.999008715 0.005581602 0.222079820 -0.273756325 0.006728403 0.961775541 -0.678659385
84284200 0.499824528 0.888576991 0.500000000 0.500000000 0.000000000 0.000000000 0.960038960 -0.044484623 0.276308417 -0.410285784 0.044774104 0.998983264 0.005264075 0.225214325 -0.276261657 0.007317745 0.961054623 -0.692691987
84317567 0.499824528 0.888576991 0.500000000 0.500000000 0.000000000 0.000000000 0.959173620 -0.044874169 0.279235095 -0.416494460 0.045241497 0.998962879 0.005132517 0.228206581 -0.279175818 0.007710038 0.960209072 -0.706282309
84350933 0.499824528 0.888576991 0.500000000 0.500000000 0.000000000 0.000000000 0.958292246 -0.045490768 0.282146394 -0.422691463 0.045823045 0.998934865 0.005424301 0.230551015 -0.282092601 0.007730741 0.959356010 -0.719514695
84384300 0.499824528 0.888576991 0.500000000 0.500000000 0.000000000 0.000000000 0.957523227 -0.045881771 0.284682482 -0.428065673 0.046185303 0.998916924 0.005650419 0.233352440 -0.284633398 0.007737739 0.958605230 -0.732188907
84417667 0.499824528 0.888576991 0.500000000 0.500000000 0.000000000 0.000000000 0.956712961 -0.046513814 0.287292153 -0.433648587 0.046806209 0.998886824 0.005854424 0.235910808 -0.287244678 0.007846054 0.957825124 -0.746419551
84451033 0.499824528 0.888576991 0.500000000 0.500000000 0.000000000 0.000000000 0.955975413 -0.047124844 0.289638221 -0.438866760 0.047413893 0.998857200 0.006022949 0.238847185 -0.289591044 0.007975084 0.957117260 -0.759868053
84484400 0.499824528 0.888576991 0.500000000 0.500000000 0.000000000 0.000000000 0.955139637 -0.047459342 0.292328387 -0.444149470 0.047611002 0.998844147 0.006599877 0.240365731 -0.292303741 0.007614244 0.956295252 -0.774121462
84517767 0.499824528 0.888576991 0.500000000 0.500000000 0.000000000 0.000000000 0.954301655 -0.048216626 0.294929594 -0.448574224 0.048271980 0.998809040 0.007097174 0.242327658 -0.294920534 0.007463991 0.955492616 -0.788027763
84551133 0.499824528 0.888576991 0.500000000 0.500000000 0.000000000 0.000000000 0.953548014 -0.048678182 0.297282070 -0.453135461 0.048764020 0.998784840 0.007131939 0.244031133 -0.297268003 0.007696022 0.954763055 -0.801448753
84584500 0.499824528 0.888576991 0.500000000 0.500000000 0.000000000 0.000000000 0.952785850 -0.048924014 0.299675852 -0.457754166 0.049109615 0.998769462 0.006917024 0.245300004 -0.299645483 0.008126523 0.954016030 -0.814537370
84617867 0.499824528 0.888576991 0.500000000 0.500000000 0.000000000 0.000000000 0.951991558 -0.049313512 0.302126139 -0.462436542 0.049628094 0.998745680 0.006640041 0.246572386 -0.302074641 0.008672681 0.953244805 -0.828164358
84651233 0.499824528 0.888576991 0.500000000 0.500000000 0.000000000 0.000000000 0.951237559 -0.049813118 0.304410487 -0.466852687 0.050197866 0.998717725 0.006567273 0.247649922 -0.304347277 0.009033720 0.952518284 -0.840970096
84684600 0.499824528 0.888576991 0.500000000 0.500000000 0.000000000 0.000000000 0.950512230 -0.050174918 0.306608826 -0.470715213 0.050608262 0.998697162 0.006541817 0.248855832 -0.306537598 0.009298863 0.951813102 -0.853732285
84717967 0.499824528 0.888576991 0.500000000 0.500000000 0.000000000 0.000000000 0.949738204 -0.050567675 0.308934063 -0.475279802 0.050958995 0.998677552 0.006807591 0.248619295 -0.308869749 0.009277540 0.951059103 -0.867401008
84751333 0.499824528 0.888576991 0.500000000 0.500000000 0.000000000 0.000000000 0.948975146 -0.051099453 0.311183274 -0.480475058 0.051521942 0.998648226 0.006868423 0.249008411 -0.311113596 0.009514803 0.950325072 -0.880022664
84784700 0.499824528 0.888576991 0.500000000 0.500000000 0.000000000 0.000000000 0.948247790 -0.051415566 0.313340962 -0.484978334 0.051799353 0.998632252 0.007106063 0.247963799 -0.313277751 0.009492550 0.949614108 -0.894176060
84818067 0.499824528 0.888576991 0.500000000 0.500000000 0.000000000 0.000000000 0.947486937 -0.051871553 0.315559655 -0.490231103 0.052247714 0.998607635 0.007273767 0.247753364 -0.315497607 0.009595471 0.948877871 -0.908493516
84851433 0.499824528 0.888576991 0.500000000 0.500000000 0.000000000 0.000000000 0.946698964 -0.052277043 0.317849338 -0.495536365 0.052566160 0.998587966 0.007673128 0.246499916 -0.317801654 0.009443977 0.948110163 -0.923365920
84884800 0.499824528 0.888576991 0.500000000 0.500000000 0.000000000 0.000000000 0.945922375 -0.052683190 0.320086539 -0.501050414 0.052964680 0.998565674 0.007832726 0.245874742 -0.320040077 0.009544129 0.947355926 -0.938013462
84918167 0.499824528 0.888576991 0.500000000 0.500000000 0.000000000 0.000000000 0.945182681 -0.053133648 0.322190255 -0.506438221 0.053367086 0.998542011 0.008114873 0.243550481 -0.322151661 0.009524319 0.946640134 -0.953751512
84951533 0.499824528 0.888576991 0.500000000 0.500000000 0.000000000 0.000000000 0.944526374 -0.053524110 0.324044913 -0.512063983 0.053801704 0.998518705 0.008109056 0.242330339 -0.323998928 0.009774950 0.946006954 -0.970061634
84984900 0.499824528 0.888576991 0.500000000 0.500000000 0.000000000 0.000000000 0.943959355 -0.053871822 0.325635612 -0.517036943 0.054159768 0.998498738 0.008188056 0.240630776 -0.325587839 0.009907157 0.945459902 -0.987127424
85018267 0.499824528 0.888576991 0.500000000 0.500000000 0.000000000 0.000000000 0.943387866 -0.054192349 0.327234626 -0.522231309 0.054507561 0.998479545 0.008214843 0.239717916 -0.327182263 0.010086979 0.944907427 -1.003238533
85051633 0.499824528 0.888576991 0.500000000 0.500000000 0.000000000 0.000000000 0.942830682 -0.054531448 0.328780442 -0.527146921 0.054831970 0.998460531 0.008364954 0.238033359 -0.328730464 0.010140943 0.944369316 -1.020702854
85085000 0.499824528 0.888576991 0.500000000 0.500000000 0.000000000 0.000000000 0.942198873 -0.054677900 0.330562562 -0.532055017 0.055052828 0.998449504 0.008235685 0.237354179 -0.330500305 0.010438750 0.943748176 -1.037083567
85118367 0.499824528 0.888576991 0.500000000 0.500000000 0.000000000 0.000000000 0.941578984 -0.054936666 0.332281500 -0.537152630 0.055404484 0.998431325 0.008073844 0.237007108 -0.332203805 0.010807723 0.943145692 -1.054202564
85151733 0.499824528 0.888576991 0.500000000 0.500000000 0.000000000 0.000000000 0.940910101 -0.055213574 0.334125251 -0.542589870 0.055816688 0.998410523 0.007803448 0.237201912 -0.334025025 0.011307421 0.942496359 -1.070815108
85185100 0.499824528 0.888576991 0.500000000 0.500000000 0.000000000 0.000000000 0.940086544 -0.055602387 0.336371332 -0.548864564 0.056373201 0.998381734 0.007481964 0.237450768 -0.336243004 0.011928635 0.941699743 -1.086565645
85218467 0.499824528 0.888576991 0.500000000 0.500000000 0.000000000 0.000000000 0.939339876 -0.056016471 0.338382483 -0.554782059 0.056847099 0.998354971 0.007463662 0.236824217 -0.338243932 0.012225147 0.940979064 -1.103487118
85251833 0.499824528 0.888576991 0.500000000 0.500000000 0.000000000 0.000000000 0.938673317 -0.056206565 0.340195954 -0.560725763 0.057012603 0.998344243 0.007634708 0.235632019 -0.340061784 0.012228960 0.940323591 -1.119980090
85285200 0.499824528 0.888576991 0.500000000 0.500000000 0.000000000 0.000000000 0.938073277 -0.056400146 0.341815054 -0.566208120 0.057200387 0.998332679 0.007746743 0.234598958 -0.341682047 0.012284941 0.939735293 -1.136664460
85318567 0.499824528 0.888576991 0.500000000 0.500000000 0.000000000 0.000000000 0.937460482 -0.056762386 0.343432486 -0.571293272 0.057602670 0.998309374 0.007763378 0.233154358 -0.343292564 0.012504769 0.939145267 -1.153792455
85351933 0.499824528 0.888576991 0.500000000 0.500000000 0.000000000 0.000000000 0.936752617 -0.056749538 0.345360696 -0.577545385 0.057711594 0.998305082 0.007504808 0.232110989 -0.345201224 0.012901167 0.938440025 -1.171307651
85385300 0.499824528 0.888576991 0.500000000 0.500000000 0.000000000 0.000000000 0.935955882 -0.057105847 0.347455800 -0.583999604 0.058167413 0.998279512 0.007383575 0.231702775 -0.347279638 0.013299904 0.937667310 -1.187850701
85418667 0.499824528 0.888576991 0.500000000 0.500000000 0.000000000 0.000000000 0.935233712 -0.057636026 0.349307925 -0.590354597 0.058681972 0.998247802 0.007596962 0.231370239 -0.349133730 0.013393143 0.936977208 -1.205156193
85452033 0.499824528 0.888576991 0.500000000 0.500000000 0.000000000 0.000000000 0.934726119 -0.057852030 0.350628376 -0.595506334 0.058787629 0.998238564 0.007985089 0.230349453 -0.350472718 0.013148739 0.936480641 -1.222329292
85485400 0.499824528 0.888576991 0.500000000 0.500000000 0.000000000 0.000000000 0.934101224 -0.058151238 0.352240413 -0.601012422 0.059064649 0.998220801 0.008163204 0.230233996 -0.352088392 0.013179697 0.935873926 -1.238177388
85518767 0.499824528 0.888576991 0.500000000 0.500000000 0.000000000 0.000000000 0.933543622 -0.058488134 0.353660047 -0.606372595 0.059452180 0.998197913 0.008147730 0.230376485 -0.353499264 0.013419600 0.935338557 -1.254104737
85552133 0.499824528 0.888576991 0.500000000 0.500000000 0.000000000 0.000000000 0.932910025 -0.058774307 0.355280787 -0.610919541 0.059740409 0.998179793 0.008260784 0.230677014 -0.355119616 0.013518051 0.934723139 -1.269792499
85585500 0.499824528 0.888576991 0.500000000 0.500000000 0.000000000 0.000000000 0.932124138 -0.059084535 0.357286483 -0.616326508 0.059945516 0.998163939 0.008674809 0.231063063 -0.357143015 0.013331723 0.933954537 -1.285190696
85618867 0.499824528 0.888576991 0.500000000 0.500000000 0.000000000 0.000000000 0.931530416 -0.059436996 0.358773351 -0.621020925 0.060080651 0.998149574 0.009365408 0.230973338 -0.358666122 0.012831175 0.933377743 -1.300169762
85652233 0.499824528 0.888576991 0.500000000 0.500000000 0.000000000 0.000000000 0.930811644 -0.059538119 0.360617459 -0.626066937 0.060071256 0.998146534 0.009740928 0.231066588 -0.360529035 0.012595774 0.932662964 -1.314679516
85685600 0.499824528 0.888576991 0.500000000 0.500000000 0.000000000 0.000000000 0.929896832 -0.059807222 0.362925619 -0.632128950 0.060371127 0.998127878 0.009799077 0.231715266 -0.362832248 0.012798099 0.931766570 -1.328205786
85718967 0.499824528 0.888576991 0.500000000 0.500000000 0.000000000 0.000000000 0.929249644 -0.060261849 0.364504635 -0.636870379 0.060846359 0.998098135 0.009892283 0.231851306 -0.364407510 0.012986380 0.931149006 -1.342522475
85752333 0.499824528 0.888576991 0.500000000 0.500000000 0.000000000 0.000000000 0.928588212 -0.060713861 0.366111755 -0.641480276 0.061238479 0.998071134 0.010192031 0.231806322 -0.366024375 0.012955927 0.930515051 -1.356770463
85785700 0.499824528 0.888576991 0.500000000 0.500000000 0.000000000 0.000000000 0.927959681 -0.061041147 0.367647737 -0.645459759 0.061512016 0.998051643 0.010448992 0.232091462 -0.367569238 0.012918510 0.929906428 -1.370574370
85819067 0.499824528 0.888576991 0.500000000 0.500000000 0.000000000 0.000000000 0.927464366 -0.061263159 0.368858576 -0.648309832 0.061700329 0.998038173 0.010622271 0.232151176 -0.368785709 0.012906918 0.929424822 -1.384505563
85852433 0.499824528 0.888576991 0.500000000 0.500000000 0.000000000 0.000000000 0.926818192 -0.061682414 0.370409608 -0.650659206 0.062174119 0.998008788 0.010624680 0.232823000 -0.370327413 0.013182744 0.928807735 -1.397979659
85885800 0.499824528 0.888576991 0.500000000 0.500000000 0.000000000 0.000000000 0.926121175 -0.061896093 0.372113436 -0.653525212 0.062384631 0.997994423 0.010739261 0.233193421 -0.372031838 0.013268302 0.928125143 -1.411710856
85919167 0.499824528 0.888576991 0.500000000 0.500000000 0.000000000 0.000000000 0.925641358 -0.062289957 0.373239875 -0.654504252 0.062685482 0.997971714 0.011090280 0.233171023 -0.373173654 0.013131102 0.927668571 -1.426147551
85952533 0.499824528 0.888576991 0.500000000 0.500000000 0.000000000 0.000000000 0.925016522 -0.062639289 0.374727577 -0.656062114 0.062925994 0.997952104 0.011484156 0.232520711 -0.374679536 0.012957069 0.927063823 -1.440642568
85985900 0.499824528 0.888576991 0.500000000 0.500000000 0.000000000 0.000000000 0.924354494 -0.062939003 0.376307666 -0.658002046 0.063275337 0.997930110 0.011479665 0.233024317 -0.376251251 0.013199715 0.926423609 -1.454223846
86019267 0.499824528 0.888576991 0.500000000 0.500000000 0.000000000 0.000000000 0.923891664 -0.063263491 0.377388299 -0.658198313 0.063630395 0.997907162 0.011509361 0.232741514 -0.377326608 0.013379965 0.925983608 -1.468998380
86052633 0.499824528 0.888576991 0.500000000 0.500000000 0.000000000 0.000000000 0.923233807 -0.063552834 0.378946334 -0.659101577 0.063941747 0.997886539 0.011572438 0.232001969 -0.378880918 0.013546424 0.925346315 -1.483616856
86086000 0.499824528 0.888576991 0.500000000 0.500000000 0.000000000 0.000000000 0.922559261 -0.064010493 0.380508929 -0.659594651 0.064401738 0.997855246 0.011717966 0.231137277 -0.380442917 0.013694918 0.924703002 -1.498120652
86119367 0.499824528 0.888576991 0.500000000 0.500000000 0.000000000 0.000000000 0.922081292 -0.064195298 0.381634653 -0.658736766 0.064513221 0.997844994 0.011976168 0.229121233 -0.381581038 0.013577479 0.924235642 -1.513038733
86152733 0.499824528 0.888576991 0.500000000 0.500000000 0.000000000 0.000000000 0.921491623 -0.064391077 0.383023500 -0.658356080 0.064706422 0.997831285 0.012074981 0.227631584 -0.382970363 0.013657088 0.923659682 -1.527914747
86186100 0.499824528 0.888576991 0.500000000 0.500000000 0.000000000 0.000000000 0.920964003 -0.064783618 0.384224355 -0.657098169 0.065172911 0.997801542 0.012022367 0.226079100 -0.384158492 0.013968852 0.923161507 -1.543502757
86219467 0.499824528 0.888576991 0.500000000 0.500000000 0.000000000 0.000000000 0.920497298 -0.065066285 0.385293454 -0.655490487 0.065497138 0.997780323 0.012021806 0.224283361 -0.385220468 0.014169578 0.922715783 -1.559531473
86252833 0.499824528 0.888576991 0.500000000 0.500000000 0.000000000 0.000000000 0.920105100 -0.065244585 0.386199147 -0.652750889 0.065720029 0.997766078 0.011987343 0.221977089 -0.386118501 0.014351402 0.922337532 -1.576065923
86286200 0.499824528 0.888576991 0.500000000 0.500000000 0.000000000 0.000000000 0.919871390 -0.065645337 0.386687666 -0.648580366 0.066218972 0.997734725 0.011853730 0.220243148 -0.386589825 0.014702153 0.922134578 -1.594434906
86319567 0.499824528 0.888576991 0.500000000 0.500000000 0.000000000 0.000000000 0.919615269 -0.065938756 0.387246519 -0.644717033 0.066541210 0.997713089 0.011867500 0.218340553 -0.387143463 0.014854318 0.921899855 -1.611792719
86352933 0.499824528 0.888576991 0.500000000 0.500000000 0.000000000 0.000000000 0.919223964 -0.066224709 0.388125807 -0.640601021 0.066727646 0.997696638 0.012198428 0.215853139 -0.388039649 0.014685635 0.921525657 -1.629664642
86386300 0.499824528 0.888576991 0.500000000 0.500000000 0.000000000 0.000000000 0.918907046 -0.066455103 0.388836145 -0.635921211 0.066755854 0.997687817 0.012753491 0.212582788 -0.388784617 0.014237817 0.921218634 -1.648021056
86419667 0.499824528 0.888576991 0.500000000 0.500000000 0.000000000 0.000000000 0.918555975 -0.066665821 0.389628828 -0.631217959 0.066878274 0.997675955 0.013036638 0.209384597 -0.389592439 0.014082820 0.920879722 -1.666047738
86453033 0.499824528 0.888576991 0.500000000 0.500000000 0.000000000 0.000000000 0.918226957 -0.067086041 0.390331566 -0.626001537 0.067425214 0.997641563 0.012851064 0.206828640 -0.390273124 0.014517996 0.920584679 -1.683773671
86486400 0.499824528 0.888576991 0.500000000 0.500000000 0.000000000 0.000000000 0.918004990 -0.067173332 0.390838265 -0.619826216 0.067680612 0.997628808 0.012493447 0.204047198 -0.390750736 0.014983125 0.920374572 -1.700863469
86519767 0.499824528 0.888576991 0.500000000 0.500000000 0.000000000 0.000000000 0.917539477 -0.067471258 0.391878724 -0.614854765 0.068118893 0.997601807 0.012268269 0.200800308 -0.391766667 0.015437723 0.919935107 -1.718032817
86553133 0.499824528 0.888576991 0.500000000 0.500000000 0.000000000 0.000000000 0.917283654 -0.067758560 0.392427593 -0.608442068 0.068393320 0.997581601 0.012380923 0.196063389 -0.392317474 0.015482609 0.919699550 -1.734953691
86586500 0.499824528 0.888576991 0.500000000 0.500000000 0.000000000 0.000000000 0.917163134 -0.067899324 0.392684877 -0.600785954 0.068527363 0.997571707 0.012436621 0.191957888 -0.392575771 0.015503250 0.919588983 -1.751691982
86619867 0.499824528 0.888576991 0.500000000 0.500000000 0.000000000 0.000000000 0.916936040 -0.068144813 0.393172443 -0.592960252 0.068744466 0.997555077 0.012574440 0.187358146 -0.393068045 0.015498472 0.919378757 -1.767996726
86653233 0.499824528 0.888576991 0.500000000 0.500000000 0.000000000 0.000000000 0.916680098 -0.068461314 0.393713981 -0.584788318 0.069031842 0.997533202 0.012730873 0.182917502 -0.393614352 0.015508663 0.919144809 -1.783466287
86686600 0.499824528 0.888576991 0.500000000 0.500000000 0.000000000 0.000000000 0.916509271 -0.068822898 0.394048482 -0.575842286 0.069317371 0.997510016 0.012997172 0.178296929 -0.393961817 0.015402378 0.918997765 -1.799252054
86719967 0.499824528 0.888576991 0.500000000 0.500000000 0.000000000 0.000000000 0.916276991 -0.069048382 0.394548833 -0.566938833 0.069517881 0.997494400 0.013123188 0.174872610 -0.394466370 0.015403723 0.918781281 -1.814145495
86753333 0.499824528 0.888576991 0.500000000 0.500000000 0.000000000 0.000000000 0.915882170 -0.069125898 0.395450890 -0.559128749 0.069534697 0.997490644 0.013318588 0.171472096 -0.395379215 0.015299302 0.918390572 -1.828462403
86786700 0.499824528 0.888576991 0.500000000 0.500000000 0.000000000 0.000000000 0.915497541 -0.069323488 0.396306038 -0.551231928 0.069672577 0.997478127 0.013533949 0.167955525 -0.396244824 0.015221367 0.918018699 -1.842556626
86820067 0.499824528 0.888576991 0.500000000 0.500000000 0.000000000 0.000000000 0.915158629 -0.069575943 0.397043854 -0.542928340 0.069892660 0.997460544 0.013692155 0.164629905 -0.396988213 0.015219956 0.917697489 -1.855875618
86853433 0.499824528 0.888576991 0.500000000 0.500000000 0.000000000 0.000000000 0.914971113 -0.069810741 0.397434741 -0.534068431 0.070086814 0.997444749 0.013851183 0.161654940 -0.397386134 0.015181505 0.917525887 -1.869586379
86886800 0.499824528 0.888576991 0.500000000 0.500000000 0.000000000 0.000000000 0.914891720 -0.070112616 0.397564262 -0.523895867 0.070175447 0.997430563 0.014411582 0.157548988 -0.397553176 0.014714211 0.917461157 -1.882813857
86920167 0.499824528 0.888576991 0.500000000 0.500000000 0.000000000 0.000000000 0.914723217 -0.070198581 0.397936672 -0.514495284 0.070132345 0.997428775 0.014742031 0.154139103 -0.397948354 0.014423356 0.917294443 -1.895609476
86953533 0.499824528 0.888576991 0.500000000 0.500000000 0.000000000 0.000000000 0.914516509 -0.070378967 0.398379654 -0.504697509 0.070251442 0.997417450 0.014938270 0.150703872 -0.398402154 0.014325450 0.917098939 -1.907275778
86986900 0.499824528 0.888576991 0.500000000 0.500000000 0.000000000 0.000000000 0.914283991 -0.070645750 0.398865879 -0.494773262 0.070519790 0.997397423 0.015009508 0.147241170 -0.398888171 0.014404986 0.916886449 -1.918750185
87020267 0.499824528 0.888576991 0.500000000 0.500000000 0.000000000 0.000000000 0.914039195 -0.070898078 0.399381846 -0.484513754 0.070809215 0.997377098 0.014997491 0.143946400 -0.399397612 0.014571620 0.916661978 -1.929245766
87053633 0.499824528 0.888576991 0.500000000 0.500000000 0.000000000 0.000000000 0.913704932 -0.071111217 0.400108159 -0.474714509 0.071082212 0.997358680 0.014934013 0.140870484 -0.400113314 0.014795292 0.916346252 -1.938824721
87087000 0.499824528 0.888576991 0.500000000 0.500000000 0.000000000 0.000000000 0.913439512 -0.071294665 0.400681019 -0.464437489 0.071208544 0.997346759 0.015126248 0.137259350 -0.400696337 0.014715001 0.916092753 -1.947651215
87120367 0.499824528 0.888576991 0.500000000 0.500000000 0.000000000 0.000000000 0.913186967 -0.071612954 0.401199609 -0.453700108 0.071396172 0.997327387 0.015512253 0.133433111 -0.401238233 0.014478529 0.915859282 -1.956076894
87153733 0.499824528 0.888576991 0.500000000 0.500000000 0.000000000 0.000000000 0.913001597 -0.071834415 0.401581734 -0.442459972 0.071447648 0.997316658 0.015961487 0.129260805 -0.401650727 0.014119208 0.915684104 -1.964271074
87187100 0.499824528 0.888576991 0.500000000 0.500000000 0.000000000 0.000000000 0.912813425 -0.071999177 0.401979804 -0.431352455 0.071527623 0.997307003 0.016204568 0.125441618 -0.402063966 0.013960913 0.915505111 -1.972139237
87220467 0.499824528 0.888576991 0.500000000 0.500000000 0.000000000 0.000000000 0.912561476 -0.072252825 0.402505964 -0.420122597 0.071741998 0.997288942 0.016367339 0.121934642 -0.402597308 0.013940380 0.915271044 -1.979662768
87253833 0.499824528 0.888576991 0.500000000 0.500000000 0.000000000 0.000000000 0.912220597 -0.072427265 0.403246641 -0.409942558 0.071851887 0.997277498 0.016578713 0.118029967 -0.403349549 0.013850587 0.914941132 -1.986660821
87287200 0.499824528 0.888576991 0.500000000 0.500000000 0.000000000 0.000000000 0.911806941 -0.072522461 0.404164016 -0.400180908 0.071890250 0.997271717 0.016761925 0.114333310 -0.404276967 0.013771812 0.914532959 -1.993297344
87320567 0.499824528 0.888576991 0.500000000 0.500000000 0.000000000 0.000000000 0.911283135 -0.072761320 0.405300856 -0.391184189 0.071991153 0.997257531 0.017166130 0.109726188 -0.405438364 0.013534872 0.914022148 -1.999384095
87353933 0.499824528 0.888576991 0.500000000 0.500000000 0.000000000 0.000000000 0.910674810 -0.073091075 0.406606734 -0.383149270 0.072276965 0.997233093 0.017382953 0.105826352 -0.406752259 0.013558085 0.913437903 -2.005128168
87387300 0.499824528 0.888576991 0.500000000 0.500000000 0.000000000 0.000000000 0.910093009 -0.073232830 0.407881856 -0.375210250 0.072408676 0.997221828 0.017482376 0.102106779 -0.408028990 0.013623597 0.912867308 -2.010105399
87420667 0.499824528 0.888576991 0.500000000 0.500000000 0.000000000 0.000000000 0.909633517 -0.073501632 0.408857346 -0.366687876 0.072642915 0.997201800 0.017652908 0.098756120 -0.409010798 0.013642913 0.912427545 -2.015639317
87454033 0.499824528 0.888576991 0.500000000 0.500000000 0.000000000 0.000000000 0.909057558 -0.073723175 0.410096645 -0.359262156 0.072688773 0.997189760 0.018136483 0.094245386 -0.410281241 0.013322317 0.911861718 -2.020420695
87487400 0.499824528 0.888576991 0.500000000 0.500000000 0.000000000 0.000000000 0.908473015 -0.074046768 0.411331803 -0.351826869 0.072903574 0.997167528 0.018491404 0.090344967 -0.411535949 0.013188616 0.911298096 -2.024924780
87520767 0.499824528 0.888576991 0.500000000 0.500000000 0.000000000 0.000000000 0.907786012 -0.074359566 0.412789524 -0.344948209 0.073187314 0.997143328 0.018674709 0.087140830 -0.412998974 0.013258318 0.910634995 -2.029306374
87554133 0.499824528 0.888576991 0.500000000 0.500000000 0.000000000 0.000000000 0.907035053 -0.074675955 0.414380103 -0.338434602 0.073485412 0.997118294 0.018839996 0.084322722 -0.414592892 0.013362355 0.909908891 -2.033293575
87587500 0.499824528 0.888576991 0.500000000 0.500000000 0.000000000 0.000000000 0.906176209 -0.075044617 0.416188657 -0.332255029 0.073769659 0.997091055 0.019169206 0.081395390 -0.416416526 0.013331418 0.909076214 -2.037021111
87620867 0.499824528 0.888576991 0.500000000 0.500000000 0.000000000 0.000000000 0.905082285 -0.075628579 0.418457121 -0.326853076 0.074254803 0.997046828 0.019592276 0.078763111 -0.418703079 0.013339829 0.908025205 -2.040394850
87654233 0.499824528 0.888576991 0.500000000 0.500000000 0.000000000 0.000000000 0.903820217 -0.076148219 0.421082497 -0.322126954 0.074638389 0.997008204 0.020092763 0.076216239 -0.421352744 0.013268676 0.906799734 -2.043786889
87687600 0.499824528 0.888576991 0.500000000 0.500000000 0.000000000 0.000000000 0.902369857 -0.076820768 0.424060434 -0.318165231 0.075120427 0.996958494 0.020753438 0.073661033 -0.424364954 0.013128325 0.905396044 -2.047048801
87720967 0.499824528 0.888576991 0.500000000 0.500000000 0.000000000 0.000000000 0.900668144 -0.077390872 0.427559972 -0.315271249 0.075500049 0.996916056 0.021404512 0.071491026 -0.427897930 0.013002436 0.903733552 -2.050218610
87754333 0.499824528 0.888576991 0.500000000 0.500000000 0.000000000 0.000000000 0.898762882 -0.078204751 0.431403875 -0.312769404 0.076157376 0.996852040 0.022046970 0.069790104 -0.431769997 0.013039589 0.901889503 -2.053074552
87787700 0.499824528 0.888576991 0.500000000 0.500000000 0.000000000 0.000000000 0.896689236 -0.078925945 0.435567617 -0.311061231 0.076730162 0.996794343 0.022659689 0.067994050 -0.435959786 0.013102476 0.899870753 -2.056312063
87821067 0.499824528 0.888576991 0.500000000 0.500000000 0.000000000 0.000000000 0.894318938 -0.079848528 0.440247506 -0.309729020 0.077587008 0.996716380 0.023166075 0.067159797 -0.440651685 0.013439627 0.897577524 -2.059205869
87854433 0.499824528 0.888576991 0.500000000 0.500000000 0.000000000 0.000000000 0.891632855 -0.080797121 0.445491463 -0.309967894 0.078411795 0.996636510 0.023818238 0.065664713 -0.445917487 0.013694660 0.894969285 -2.062162378
87887800 0.499824528 0.888576991 0.500000000 0.500000000 0.000000000 0.000000000 0.888700485 -0.081732698 0.451144338 -0.311492880 0.079236180 0.996555805 0.024457717 0.064608025 -0.451589495 0.014011367 0.892115831 -2.065480146
87921167 0.499824528 0.888576991 0.500000000 0.500000000 0.000000000 0.000000000 0.885664046 -0.082718685 0.456899196 -0.312642611 0.080088407 0.996470213 0.025159346 0.063502584 -0.457367569 0.014309599 0.889162600 -2.068956563
87954533 0.499824528 0.888576991 0.500000000 0.500000000 0.000000000 0.000000000 0.882416189 -0.083770849 0.462951511 -0.314594244 0.081060201 0.996375561 0.025787570 0.063184584 -0.463433802 0.014771572 0.886008382 -2.072025768
87987900 0.499824528 0.888576991 0.500000000 0.500000000 0.000000000 0.000000000 0.878958941 -0.084913760 0.469276905 -0.317256515 0.082131945 0.996270776 0.026437448 0.063070987 -0.469771773 0.015305194 0.882655203 -2.075405925
88021267 0.499824528 0.888576991 0.500000000 0.500000000 0.000000000 0.000000000 0.875416160 -0.086181566 0.475625217 -0.319053629 0.083417743 0.996149838 0.026963476 0.063600534 -0.476117730 0.016071321 0.879234672 -2.078483222
88054633 0.499824528 0.888576991 0.500000000 0.500000000 0.000000000 0.000000000 0.871456146 -0.087409280 0.482621759 -0.322167403 0.084696069 0.996028364 0.027460862 0.064202818 -0.483105302 0.016945230 0.875398278 -2.081645480
88088000 0.499824528 0.888576991 0.500000000 0.500000000 0.000000000 0.000000000 0.866977811 -0.088826045 0.490366638 -0.327423807 0.086133488 0.995886922 0.028111374 0.064662741 -0.490846753 0.017865051 0.871062756 -2.084016100
88121367 0.499824528 0.888576991 0.500000000 0.500000000 0.000000000 0.000000000 0.862400889 -0.090131491 0.498137593 -0.332767071 0.087420106 0.995754480 0.028822687 0.064904913 -0.498620570 0.018690532 0.866618812 -2.086692526
88154733 0.499824528 0.888576991 0.500000000 0.500000000 0.000000000 0.000000000 0.857546210 -0.091391131 0.506223440 -0.338672977 0.088631980 0.995624483 0.029602006 0.065371590 -0.506713808 0.019482495 0.861894190 -2.088455118
88188100 0.499824528 0.888576991 0.500000000 0.500000000 0.000000000 0.000000000 0.852648318 -0.093174279 0.514110327 -0.343909224 0.090374425 0.995440006 0.030522259 0.065623890 -0.514609873 0.020437675 0.857180834 -2.091180664
88221467 0.499824528 0.888576991 0.500000000 0.500000000 0.000000000 0.000000000 0.847414315 -0.094628565 0.522431314 -0.349919816 0.091872863 0.995280147 0.031253014 0.066535011 -0.522922933 0.021513008 0.852108419 -2.092817707
88254833 0.499824528 0.888576991 0.500000000 0.500000000 0.000000000 0.000000000 0.841782689 -0.095983088 0.531214774 -0.356962763 0.093310542 0.995124519 0.031941749 0.067735265 -0.531690717 0.022679925 0.846634865 -2.093820437
88288200 0.499824528 0.888576991 0.500000000 0.500000000 0.000000000 0.000000000 0.836006761 -0.097321890 0.540019572 -0.363734692 0.094641581 0.994970977 0.032797802 0.068851731 -0.540495753 0.023689123 0.841013193 -2.094814805
88321567 0.499824528 0.888576991 0.500000000 0.500000000 0.000000000 0.000000000 0.829778373 -0.099029988 0.549236655 -0.371762842 0.096220605 0.994779348 0.033994835 0.068507739 -0.549735785 0.024639705 0.834975123 -2.096003458
88354933 0.499824528 0.888576991 0.500000000 0.500000000 0.000000000 0.000000000 0.823260784 -0.100504942 0.558695257 -0.381327777 0.097808979 0.994596779 0.034794625 0.069471506 -0.559173524 0.026000366 0.828642845 -2.098745556
88388300 0.499824528 0.888576991 0.500000000 0.500000000 0.000000000 0.000000000 0.816456497 -0.102026470 0.568321586 -0.391490392 0.099527217 0.994400084 0.035535321 0.070463924 -0.568764567 0.027550420 0.822038829 -2.099597706
88421667 0.499824528 0.888576991 0.500000000 0.500000000 0.000000000 0.000000000 0.809549868 -0.103330381 0.577885628 -0.402252263 0.100762933 0.994236290 0.036620036 0.069913488 -0.578338802 0.028583704 0.815295756 -2.100198333
88455033 0.499824528 0.888576991 0.500000000 0.500000000 0.000000000 0.000000000 0.802625835 -0.104976200 0.587172627 -0.412290442 0.102341771 0.994030058 0.037820812 0.070005835 -0.587637544 0.029736329 0.808577657 -2.101042277
88488400 0.499824528 0.888576991 0.500000000 0.500000000 0.000000000 0.000000000 0.795706093 -0.106594987 0.596229255 -0.422584525 0.103777960 0.993828475 0.039180204 0.069202363 -0.596726000 0.030699523 0.801857591 -2.103763488
88521767 0.499824528 0.888576991 0.500000000 0.500000000 0.000000000 0.000000000 0.788731575 -0.108212419 0.605138481 -0.432619328 0.105328023 0.993616641 0.040397577 0.069118730 -0.605647206 0.031875201 0.795094609 -2.105708272
88555133 0.499824528 0.888576991 0.500000000 0.500000000 0.000000000 0.000000000 0.781570017 -0.109738693 0.614089370 -0.443035501 0.106912598 0.993403971 0.041451905 0.069260413 -0.614587724 0.033256326 0.788147151 -2.107747715
88588500 0.499824528 0.888576991 0.500000000 0.500000000 0.000000000 0.000000000 0.774154365 -0.111236267 0.623146474 -0.454154069 0.108382225 0.993194163 0.042645898 0.068253101 -0.623649180 0.034523495 0.780941606 -2.110066278
88621867 0.499824528 0.888576991 0.500000000 0.500000000 0.000000000 0.000000000 0.766592085 -0.112940177 0.632124305 -0.465159880 0.110182658 0.992946386 0.043786298 0.068108348 -0.632610738 0.036082905 0.773628891 -2.112690658
88655233 0.499824528 0.888576991 0.500000000 0.500000000 0.000000000 0.000000000 0.758654892 -0.114414871 0.641367257 -0.478232222 0.111666903 0.992725968 0.045006927 0.067736691 -0.641851425 0.037474766 0.765912831 -2.115163074
