https://www.youtube.com/watch?v=r5JC4dD6Zgs
56856800 0.519595681 0.923725701 0.500000000 0.500000000 0.000000000 0.000000000 0.932675660 0.036775131 -0.358836621 0.039742873 -0.039578583 0.999216378 -0.000467249 0.067282175 0.358538240 0.014638036 0.933400273 -0.446976526
56890167 0.519595681 0.923725701 0.500000000 0.500000000 0.000000000 0.000000000 0.929826558 0.037182227 -0.366114825 0.045687542 -0.040598247 0.999174237 -0.001632837 0.073198326 0.365751773 0.016381875 0.930568278 -0.462585478
56923533 0.519595681 0.923725701 0.500000000 0.500000000 0.000000000 0.000000000 0.927519917 0.037595395 -0.371878177 0.046439922 -0.041373711 0.999141335 -0.002183047 0.077212399 0.371476799 0.017410800 0.928278983 -0.475638901
56956900 0.519595681 0.923725701 0.500000000 0.500000000 0.000000000 0.000000000 0.924492538 0.038237419 -0.379277587 0.055277098 -0.041745305 0.999127746 -0.001026051 0.074473872 0.378907531 0.016781636 0.925282359 -0.490035334
56990267 0.519595681 0.923725701 0.500000000 0.500000000 0.000000000 0.000000000 0.922091186 0.039082631 -0.384994030 0.057625506 -0.042738006 0.999085844 -0.000938801 0.076435318 0.384605408 0.017319536 0.922918618 -0.506627362
57023633 0.519595681 0.923725701 0.500000000 0.500000000 0.000000000 0.000000000 0.919971704 0.039821308 -0.389956832 0.057148928 -0.043731164 0.999042690 -0.001149480 0.079123796 0.389537752 0.018110756 0.920832396 -0.522079877
57057000 0.519595681 0.923725701 0.500000000 0.500000000 0.000000000 0.000000000 0.917369246 0.040036045 -0.396018654 0.062657441 -0.043919865 0.999034762 -0.000740702 0.078812067 0.395606756 0.018072583 0.918242157 -0.539188042
57090367 0.519595681 0.923725701 0.500000000 0.500000000 0.000000000 0.000000000 0.915168107 0.040352512 -0.401047379 0.064550931 -0.044807609 0.998994112 -0.001731900 0.083782883 0.400574088 0.019554954 0.916055679 -0.555854055
57123733 0.519595681 0.923725701 0.500000000 0.500000000 0.000000000 0.000000000 0.912918329 0.041511841 -0.406025797 0.067211289 -0.045934550 0.998943806 -0.001148931 0.082953899 0.405549258 0.019699493 0.913860917 -0.570656229
57157100 0.519595681 0.923725701 0.500000000 0.500000000 0.000000000 0.000000000 0.910588682 0.041607946 -0.411214143 0.072380909 -0.046205446 0.998931170 -0.001241880 0.083887620 0.410722971 0.020131176 0.911537945 -0.584338999
57190467 0.519595681 0.923725701 0.500000000 0.500000000 0.000000000 0.000000000 0.908098102 0.041497860 -0.416696191 0.078989689 -0.046629716 0.998909950 -0.002140008 0.087544787 0.416153163 0.021373764 0.909043312 -0.600660642
57223833 0.519595681 0.923725701 0.500000000 0.500000000 0.000000000 0.000000000 0.905795872 0.041685902 -0.421658754 0.083769963 -0.047097724 0.998887360 -0.002422346 0.089262816 0.421088606 0.022053318 0.906751335 -0.616634424
57257200 0.519595681 0.923725701 0.500000000 0.500000000 0.000000000 0.000000000 0.903675556 0.041928258 -0.426160216 0.087281624 -0.047707658 0.998857141 -0.002890701 0.092433339 0.425551981 0.022943361 0.904643059 -0.632430527
57290567 0.519595681 0.923725701 0.500000000 0.500000000 0.000000000 0.000000000 0.900703251 0.042217311 -0.432378739 0.100110229 -0.047943618 0.998847306 -0.002345923 0.090470601 0.431781292 0.022842782 0.901689053 -0.649801687
57323933 0.519595681 0.923725701 0.500000000 0.500000000 0.000000000 0.000000000 0.898257256 0.042345263 -0.437425137 0.107217756 -0.048468217 0.998820722 -0.002838432 0.092927452 0.436789066 0.023750858 0.899250329 -0.667375257
57357300 0.519595681 0.923725701 0.500000000 0.500000000 0.000000000 0.000000000 0.896029592 0.042681787 -0.441938043 0.113800494 -0.048954219 0.998797119 -0.002792204 0.093982695 0.441287279 0.024136629 0.897041202 -0.683025970
57390667 0.519595681 0.923725701 0.500000000 0.500000000 0.000000000 0.000000000 0.894011259 0.043108672 -0.445965797 0.119326101 -0.049626403 0.998763502 -0.002940121 0.095948223 0.445287615 0.024760179 0.895045161 -0.698580753
57424033 0.519595681 0.923725701 0.500000000 0.500000000 0.000000000 0.000000000 0.891343594 0.043138057 -0.451271206 0.131791846 -0.050077148 0.998739421 -0.003439763 0.098785078 0.450553954 0.025664384 0.892380238 -0.714390881
57457400 0.519595681 0.923725701 0.500000000 0.500000000 0.000000000 0.000000000 0.889008045 0.043609053 -0.455810219 0.140697055 -0.050838586 0.998700380 -0.003605743 0.101046432 0.455060601 0.026378281 0.890069664 -0.731660103
57490767 0.519595681 0.923725701 0.500000000 0.500000000 0.000000000 0.000000000 0.886821210 0.043799214 -0.460032403 0.149612183 -0.051167108 0.998683810 -0.003553034 0.102151771 0.459271282 0.026689434 0.887895048 -0.747552824
57524133 0.519595681 0.923725701 0.500000000 0.500000000 0.000000000 0.000000000 0.884635687 0.043709174 -0.464229643 0.158707573 -0.051367383 0.998672366 -0.003856451 0.104432176 0.463444769 0.027257817 0.885706484 -0.764601768
57557500 0.519595681 0.923725701 0.500000000 0.500000000 0.000000000 0.000000000 0.882008612 0.044132527 -0.469162107 0.171748241 -0.052088983 0.998634517 -0.003987258 0.107215720 0.468345493 0.027954973 0.883103073 -0.780979880
57590867 0.519595681 0.923725701 0.500000000 0.500000000 0.000000000 0.000000000 0.879969716 0.044140831 -0.472974449 0.180336928 -0.052245039 0.998626292 -0.004004151 0.107903326 0.472147971 0.028234100 0.881067038 -0.799005465
57624233 0.519595681 0.923725701 0.500000000 0.500000000 0.000000000 0.000000000 0.877495706 0.044311173 -0.477533042 0.192524990 -0.052750591 0.998598576 -0.004270578 0.110230476 0.476674587 0.028937565 0.878603399 -0.818365566
57657600 0.519595681 0.923725701 0.500000000 0.500000000 0.000000000 0.000000000 0.875225782 0.044401731 -0.481672466 0.203977771 -0.052995723 0.998585701 -0.004244145 0.111684069 0.480802804 0.029241165 0.876341045 -0.836132456
57690967 0.519595681 0.923725701 0.500000000 0.500000000 0.000000000 0.000000000 0.872734725 0.044520032 -0.486160517 0.218157214 -0.053346206 0.998566747 -0.004321335 0.113663094 0.485271305 0.029706197 0.873858869 -0.854076827
57724333 0.519595681 0.923725701 0.500000000 0.500000000 0.000000000 0.000000000 0.871399045 0.044895373 -0.488516271 0.222117431 -0.053872962 0.998538435 -0.004329619 0.115805106 0.487607896 0.030090645 0.872544050 -0.870263083
57757700 0.519595681 0.923725701 0.500000000 0.500000000 0.000000000 0.000000000 0.869225681 0.044679962 -0.492392510 0.234388684 -0.053884298 0.998537004 -0.004514742 0.117651380 0.491470426 0.030456554 0.870361567 -0.887988847
57791067 0.519595681 0.923725701 0.500000000 0.500000000 0.000000000 0.000000000 0.867499948 0.044898685 -0.495406866 0.242794465 -0.054550447 0.998498380 -0.005028681 0.122097997 0.494437158 0.031387046 0.868646502 -0.905644709
57824433 0.519595681 0.923725701 0.500000000 0.500000000 0.000000000 0.000000000 0.865627170 0.045180921 -0.498646438 0.253262359 -0.054623801 0.998497486 -0.004353404 0.120412358 0.497700542 0.031006388 0.866794527 -0.924444213
57857800 0.519595681 0.923725701 0.500000000 0.500000000 0.000000000 0.000000000 0.863849223 0.045079540 -0.501729369 0.262258137 -0.055105980 0.998467147 -0.005167763 0.125725973 0.500727355 0.032112457 0.865009189 -0.944554079
57891167 0.519595681 0.923725701 0.500000000 0.500000000 0.000000000 0.000000000 0.861746132 0.045866009 -0.505262196 0.274530881 -0.055688191 0.998438776 -0.004343654 0.124769938 0.504274130 0.031880263 0.862954974 -0.965395130
57924533 0.519595681 0.923725701 0.500000000 0.500000000 0.000000000 0.000000000 0.859896541 0.046620876 -0.508334935 0.284802760 -0.056177743 0.998414755 -0.003462428 0.122925008 0.507367730 0.031534441 0.861152470 -0.985764576
57957900 0.519595681 0.923725701 0.500000000 0.500000000 0.000000000 0.000000000 0.858699501 0.046910260 -0.510327935 0.289731985 -0.056955982 0.998368442 -0.004064747 0.127692707 0.509304583 0.032556623 0.859970272 -1.002883831
57991267 0.519595681 0.923725701 0.500000000 0.500000000 0.000000000 0.000000000 0.857645452 0.047222208 -0.512068748 0.294106662 -0.057190325 0.998356342 -0.003719093 0.128004388 0.511051476 0.032475039 0.858936429 -1.019785571
58024633 0.519595681 0.923725701 0.500000000 0.500000000 0.000000000 0.000000000 0.856505632 0.047143053 -0.513980210 0.299490911 -0.057650648 0.998326659 -0.004501991 0.133024672 0.512907922 0.033487272 0.857790232 -1.038119300
58058000 0.519595681 0.923725701 0.500000000 0.500000000 0.000000000 0.000000000 0.855498433 0.047764573 -0.515597641 0.303799763 -0.058232229 0.998294473 -0.004139800 0.133618464 0.514520586 0.033565994 0.856820822 -1.054177597
58091367 0.519595681 0.923725701 0.500000000 0.500000000 0.000000000 0.000000000 0.854246676 0.047958203 -0.517651081 0.310795500 -0.058459383 0.998281837 -0.003985172 0.134510167 0.516570568 0.033665881 0.855582535 -1.072059021
58124733 0.519595681 0.923725701 0.500000000 0.500000000 0.000000000 0.000000000 0.853443980 0.048118766 -0.518958509 0.313810118 -0.058609266 0.998273671 -0.003823090 0.135792674 0.517878652 0.033678569 0.854790866 -1.089699304
58158100 0.519595681 0.923725701 0.500000000 0.500000000 0.000000000 0.000000000 0.851913691 0.048353631 -0.521445036 0.323150429 -0.058714606 0.998269141 -0.003355749 0.136264634 0.520380259 0.033475250 0.853278279 -1.106910858
58191467 0.519595681 0.923725701 0.500000000 0.500000000 0.000000000 0.000000000 0.851391375 0.048419688 -0.522291303 0.324903850 -0.058873028 0.998259604 -0.003424473 0.138631322 0.521216512 0.033664439 0.852760255 -1.126186671
58224833 0.519595681 0.923725701 0.500000000 0.500000000 0.000000000 0.000000000 0.849849343 0.049002748 -0.524742663 0.334616666 -0.059389833 0.998230457 -0.002965979 0.139397043 0.523668766 0.033685014 0.851255715 -1.145347926
58258200 0.519595681 0.923725701 0.500000000 0.500000000 0.000000000 0.000000000 0.849296570 0.049459703 -0.525594056 0.336867998 -0.060020667 0.998192489 -0.003053763 0.142861033 0.524492979 0.034140054 0.850730002 -1.163394997
58291567 0.519595681 0.923725701 0.500000000 0.500000000 0.000000000 0.000000000 0.848668694 0.050323237 -0.526525438 0.339307244 -0.060624558 0.998157978 -0.002316369 0.142822355 0.525438964 0.033886202 0.850156248 -1.184074990
58324933 0.519595681 0.923725701 0.500000000 0.500000000 0.000000000 0.000000000 0.847419024 0.051032573 -0.528466403 0.346931585 -0.061411332 0.998110354 -0.002090935 0.145567319 0.527361035 0.034225721 0.848951638 -1.202589470
58358300 0.519595681 0.923725701 0.500000000 0.500000000 0.000000000 0.000000000 0.846667469 0.051618863 -0.529612720 0.351264152 -0.062602073 0.998034596 -0.002805306 0.152243486 0.528427064 0.035530016 0.848234892 -1.220872958
58391667 0.519595681 0.923725701 0.500000000 0.500000000 0.000000000 0.000000000 0.845572352 0.051688228 -0.531352699 0.358056364 -0.063059062 0.998004436 -0.003266971 0.156371261 0.530123532 0.036269061 0.847144365 -1.239269826
58425033 0.519595681 0.923725701 0.500000000 0.500000000 0.000000000 0.000000000 0.844143391 0.052308578 -0.533559501 0.368545771 -0.063619606 0.997970223 -0.002814433 0.157801153 0.532329261 0.036320630 0.845757842 -1.258289451
58458400 0.519595681 0.923725701 0.500000000 0.500000000 0.000000000 0.000000000 0.843470156 0.051952228 -0.534657836 0.372459317 -0.063238047 0.997994602 -0.002789378 0.159918450 0.533440709 0.036163475 0.845064044 -1.278784471
58491767 0.519595681 0.923725701 0.500000000 0.500000000 0.000000000 0.000000000 0.842197597 0.052336480 -0.536622882 0.381233808 -0.063847616 0.997955501 -0.002875076 0.163449095 0.535375297 0.036683474 0.843817294 -1.298932756
58525133 0.519595681 0.923725701 0.500000000 0.500000000 0.000000000 0.000000000 0.841307580 0.053128194 -0.537939548 0.387390399 -0.064633586 0.997905850 -0.002527773 0.166186358 0.536678731 0.036895599 0.842979610 -1.319717468
58558500 0.519595681 0.923725701 0.500000000 0.500000000 0.000000000 0.000000000 0.840069950 0.053631764 -0.539820492 0.395623778 -0.065201752 0.997869372 -0.002327697 0.168261715 0.538545489 0.037152670 0.841776967 -1.338825067
58591867 0.519595681 0.923725701 0.500000000 0.500000000 0.000000000 0.000000000 0.838651121 0.053576123 -0.542027593 0.406480388 -0.065062210 0.997879148 -0.002033102 0.168407901 0.540769100 0.036970574 0.840358257 -1.358432529
58625233 0.519595681 0.923725701 0.500000000 0.500000000 0.000000000 0.000000000 0.837671161 0.054527365 -0.543446183 0.413472848 -0.066362388 0.997793198 -0.002176527 0.173274538 0.542128265 0.037887603 0.839441180 -1.378414417
58658600 0.519595681 0.923725701 0.500000000 0.500000000 0.000000000 0.000000000 0.836391628 0.054699201 -0.545396209 0.422719426 -0.066731744 0.997768402 -0.002267600 0.176845428 0.544055045 0.038291838 0.838175297 -1.397540989
58691967 0.519595681 0.923725701 0.500000000 0.500000000 0.000000000 0.000000000 0.835353613 0.055356413 -0.546918690 0.430290204 -0.067297794 0.997731328 -0.001803969 0.177900676 0.545578003 0.038313370 0.837183774 -1.415438375
58725333 0.519595681 0.923725701 0.500000000 0.500000000 0.000000000 0.000000000 0.833804727 0.055669475 -0.549245417 0.441511134 -0.067794032 0.997697711 -0.001794609 0.180798401 0.547881007 0.038731918 0.835659146 -1.435333090
58758700 0.519595681 0.923725701 0.500000000 0.500000000 0.000000000 0.000000000 0.831567407 0.056100450 -0.552583337 0.458580289 -0.068201400 0.997670650 -0.001346924 0.181530884 0.551220596 0.038807016 0.833456576 -1.453211896
58792067 0.519595681 0.923725701 0.500000000 0.500000000 0.000000000 0.000000000 0.830129743 0.056636870 -0.554686248 0.468895453 -0.068752855 0.997633219 -0.001029351 0.183788136 0.553315163 0.038990758 0.832058966 -1.472321453
58825433 0.519595681 0.923725701 0.500000000 0.500000000 0.000000000 0.000000000 0.827913523 0.057539158 -0.557896435 0.485391306 -0.068725705 0.997635186 0.000903657 0.178403460 0.556629062 0.037593674 0.829910100 -1.491986670
58858800 0.519595681 0.923725701 0.500000000 0.500000000 0.000000000 0.000000000 0.826630116 0.058328461 -0.559714615 0.494914646 -0.070186876 0.997533798 0.000296622 0.185264484 0.558351517 0.039039426 0.828685403 -1.510902295
58892167 0.519595681 0.923725701 0.500000000 0.500000000 0.000000000 0.000000000 0.826315939 0.058956996 -0.560112596 0.496518007 -0.070534006 0.997508943 0.000940449 0.185551260 0.558772743 0.038729876 0.828415990 -1.531910438
58925533 0.519595681 0.923725701 0.500000000 0.500000000 0.000000000 0.000000000 0.823492706 0.059597045 -0.564187884 0.518234843 -0.071448162 0.997443736 0.001077059 0.188809923 0.562809885 0.039423238 0.825645685 -1.549855260
58958900 0.519595681 0.923725701 0.500000000 0.500000000 0.000000000 0.000000000 0.822076857 0.060163379 -0.566189051 0.528702952 -0.071907274 0.997410059 0.001579426 0.190799134 0.564817667 0.039414704 0.824273884 -1.568404540
58992267 0.519595681 0.923725701 0.500000000 0.500000000 0.000000000 0.000000000 0.820589900 0.060457416 -0.568310738 0.539992336 -0.072700515 0.997353196 0.001126292 0.196769676 0.566874623 0.040392261 0.822813272 -1.586698715
59025633 0.519595681 0.923725701 0.500000000 0.500000000 0.000000000 0.000000000 0.819265008 0.060916614 -0.570170164 0.549880341 -0.073483124 0.997295976 0.000964172 0.201672384 0.568687141 0.041107971 0.821526051 -1.604970888
59059000 0.519595681 0.923725701 0.500000000 0.500000000 0.000000000 0.000000000 0.818044007 0.061250135 -0.571884990 0.559063654 -0.074294589 0.997236192 0.000532644 0.207663117 0.570337057 0.042052232 0.820333660 -1.623946789
59092367 0.519595681 0.923725701 0.500000000 0.500000000 0.000000000 0.000000000 0.815765977 0.061166994 -0.575138628 0.577144638 -0.074362241 0.997231126 0.000583242 0.210498647 0.573581815 0.042292807 0.818055749 -1.640991523
59125733 0.519595681 0.923725701 0.500000000 0.500000000 0.000000000 0.000000000 0.814365089 0.061386384 -0.577097237 0.588105750 -0.074680790 0.997207224 0.000688819 0.213286605 0.575527847 0.042537127 0.816675186 -1.658719634
59159100 0.519595681 0.923725701 0.500000000 0.500000000 0.000000000 0.000000000 0.812482953 0.061350707 -0.579747796 0.602807942 -0.074927211 0.997188866 0.000519463 0.217379822 0.578149915 0.043016832 0.814795852 -1.677797096
59192467 0.519595681 0.923725701 0.500000000 0.500000000 0.000000000 0.000000000 0.810805142 0.061806768 -0.582043767 0.615358816 -0.075426012 0.997151077 0.000815889 0.220243688 0.580435991 0.043239716 0.813157022 -1.697040005
59225833 0.519595681 0.923725701 0.500000000 0.500000000 0.000000000 0.000000000 0.808957458 0.061923690 -0.584596753 0.629438566 -0.075530536 0.997142851 0.001104656 0.222012785 0.582994878 0.043261286 0.811323285 -1.715579604
59259200 0.519595681 0.923725701 0.500000000 0.500000000 0.000000000 0.000000000 0.806760192 0.062394191 -0.587575555 0.646353006 -0.075662076 0.997131526 0.001998148 0.221834588 0.586014748 0.042845160 0.809166849 -1.734137441
59292567 0.519595681 0.923725701 0.500000000 0.500000000 0.000000000 0.000000000 0.805060327 0.062545046 -0.589886427 0.659337720 -0.075869009 0.997115433 0.002179238 0.224703574 0.588321149 0.042999681 0.807483256 -1.752491728
59325933 0.519595681 0.923725701 0.500000000 0.500000000 0.000000000 0.000000000 0.802961707 0.062807776 -0.592712164 0.675326839 -0.076249897 0.997085929 0.002360342 0.227567363 0.591133237 0.043298978 0.805410922 -1.770120585
59359300 0.519595681 0.923725701 0.500000000 0.500000000 0.000000000 0.000000000 0.801611722 0.063177772 -0.594497502 0.686142066 -0.075752608 0.997119308 0.003821040 0.223349175 0.593026340 0.041971743 0.804088414 -1.788981388
59392667 0.519595681 0.923725701 0.500000000 0.500000000 0.000000000 0.000000000 0.800126672 0.063483633 -0.596462131 0.697636155 -0.075657517 0.997123063 0.004636335 0.222959320 0.595040500 0.041417189 0.802627802 -1.806984981
59426033 0.519595681 0.923725701 0.500000000 0.500000000 0.000000000 0.000000000 0.798564732 0.064022005 -0.598494351 0.709219508 -0.076221988 0.997078538 0.004957065 0.225591969 0.597063243 0.041659892 0.801111698 -1.824900331
59459400 0.519595681 0.923725701 0.500000000 0.500000000 0.000000000 0.000000000 0.797224283 0.064472929 -0.600230515 0.719933121 -0.076126024 0.997080207 0.005989648 0.223833543 0.598864138 0.040918067 0.799804628 -1.842623354
59492767 0.519595681 0.923725701 0.500000000 0.500000000 0.000000000 0.000000000 0.796163619 0.064680815 -0.601614416 0.728295413 -0.075914331 0.997091591 0.006735982 0.223384470 0.600300372 0.040308215 0.798758268 -1.861691406
59526133 0.519595681 0.923725701 0.500000000 0.500000000 0.000000000 0.000000000 0.794929385 0.065024070 -0.603207350 0.737926262 -0.075681955 0.997101903 0.007748268 0.221475480 0.601962984 0.039492585 0.797546804 -1.880474779
59559500 0.519595681 0.923725701 0.500000000 0.500000000 0.000000000 0.000000000 0.793775916 0.065361425 -0.604688108 0.746849226 -0.075907439 0.997081697 0.008131781 0.223484230 0.603454947 0.039445512 0.796420813 -1.898706989
59592867 0.519595681 0.923725701 0.500000000 0.500000000 0.000000000 0.000000000 0.792491734 0.065660320 -0.606337845 0.756713509 -0.076307096 0.997050345 0.008236168 0.226619305 0.605090141 0.039740786 0.795164466 -1.915794194
59626233 0.519595681 0.923725701 0.500000000 0.500000000 0.000000000 0.000000000 0.790873289 0.066275597 -0.608380616 0.768952464 -0.076222055 0.997045338 0.009529860 0.224079960 0.607214630 0.038835108 0.793588221 -1.934975345
59659600 0.519595681 0.923725701 0.500000000 0.500000000 0.000000000 0.000000000 0.789899588 0.066444673 -0.609625876 0.776435997 -0.076173328 0.997044742 0.009971732 0.224505069 0.608486831 0.038560566 0.792626560 -1.953779307
59692967 0.519595681 0.923725701 0.500000000 0.500000000 0.000000000 0.000000000 0.788413227 0.067285046 -0.611455083 0.787780896 -0.076928310 0.996981144 0.010516922 0.226997907 0.610316813 0.038746528 0.791209221 -1.971723783
59726333 0.519595681 0.923725701 0.500000000 0.500000000 0.000000000 0.000000000 0.787171364 0.067644164 -0.613013506 0.797388240 -0.076812603 0.996980608 0.011378611 0.225797511 0.611932278 0.038130246 0.789990485 -1.988686133
59759700 0.519595681 0.923725701 0.500000000 0.500000000 0.000000000 0.000000000 0.785056114 0.067915961 -0.615690172 0.813541655 -0.076931648 0.996965587 0.011879703 0.226688062 0.614628732 0.038039822 0.787898779 -2.005601099
59793067 0.519595681 0.923725701 0.500000000 0.500000000 0.000000000 0.000000000 0.783572257 0.067785449 -0.617591798 0.825298669 -0.076989807 0.996962726 0.011743180 0.229943171 0.616512001 0.038346644 0.786411107 -2.023133239
59826433 0.519595681 0.923725701 0.500000000 0.500000000 0.000000000 0.000000000 0.782507956 0.068321139 -0.618880868 0.833370001 -0.076576352 0.996975839 0.013238282 0.225602581 0.617913723 0.037032578 0.785373330 -2.040837487
59859800 0.519595681 0.923725701 0.500000000 0.500000000 0.000000000 0.000000000 0.781154454 0.068323165 -0.620588124 0.843816476 -0.076705240 0.996966302 0.013208838 0.228357797 0.619607925 0.037284222 0.784025431 -2.058461605
59893167 0.519595681 0.923725701 0.500000000 0.500000000 0.000000000 0.000000000 0.779053628 0.068615727 -0.623191237 0.859565810 -0.076518156 0.996968269 0.014114380 0.226667625 0.622270405 0.036689587 0.781942070 -2.075405171
59926533 0.519595681 0.923725701 0.500000000 0.500000000 0.000000000 0.000000000 0.777167380 0.068952695 -0.625504911 0.873718899 -0.077144146 0.996921003 0.014047018 0.230782732 0.624547541 0.037337154 0.780093789 -2.091514660
59959900 0.519595681 0.923725701 0.500000000 0.500000000 0.000000000 0.000000000 0.775507450 0.069045022 -0.627551556 0.886218356 -0.077063352 0.996921480 0.014451818 0.231456977 0.626617432 0.037153736 0.778440833 -2.108155527
59993267 0.519595681 0.923725701 0.500000000 0.500000000 0.000000000 0.000000000 0.773998499 0.069131218 -0.629402280 0.897661585 -0.076594137 0.996944785 0.015310184 0.229463296 0.628537714 0.036358465 0.776928842 -2.125458710
60026633 0.519595681 0.923725701 0.500000000 0.500000000 0.000000000 0.000000000 0.772698224 0.069151677 -0.630995631 0.907640166 -0.077517919 0.996888041 0.014324226 0.237922333 0.630022585 0.037845165 0.775654137 -2.143099563
60060000 0.519595681 0.923725701 0.500000000 0.500000000 0.000000000 0.000000000 0.770724893 0.069177255 -0.633401692 0.922456877 -0.077989168 0.996856272 0.013974676 0.242600846 0.632377148 0.038627841 0.773697019 -2.158812105
60093367 0.519595681 0.923725701 0.500000000 0.500000000 0.000000000 0.000000000 0.769039750 0.069325283 -0.635430455 0.935433248 -0.077822365 0.996860743 0.014571476 0.241737380 0.634445846 0.038244657 0.772020578 -2.175886764
60126733 0.519595681 0.923725701 0.500000000 0.500000000 0.000000000 0.000000000 0.767607093 0.069405943 -0.637151599 0.946175398 -0.078571551 0.996811211 0.013925326 0.247856829 0.636086345 0.039372813 0.770612657 -2.192367530
60160100 0.519595681 0.923725701 0.500000000 0.500000000 0.000000000 0.000000000 0.765677035 0.069147311 -0.639497697 0.960443445 -0.078396142 0.996825099 0.013919743 0.249553743 0.638429880 0.039476126 0.768666983 -2.208926108
60193467 0.519595681 0.923725701 0.500000000 0.500000000 0.000000000 0.000000000 0.763557971 0.069156662 -0.642025352 0.976359197 -0.078408435 0.996821284 0.014123185 0.250629786 0.640961230 0.039556332 0.766553342 -2.225302210
60226833 0.519595681 0.923725701 0.500000000 0.500000000 0.000000000 0.000000000 0.761359453 0.069208950 -0.644625425 0.992237931 -0.078770138 0.996794701 0.013984449 0.254010137 0.643527091 0.040130042 0.764370620 -2.241431063
60260200 0.519595681 0.923725701 0.500000000 0.500000000 0.000000000 0.000000000 0.759432256 0.069219142 -0.646893620 1.006508702 -0.078754842 0.996792853 0.014203527 0.255121216 0.645802081 0.040159389 0.762447953 -2.258143484
60293567 0.519595681 0.923725701 0.500000000 0.500000000 0.000000000 0.000000000 0.757197440 0.069259539 -0.649503767 1.022536732 -0.078658834 0.996794820 0.014591569 0.255156213 0.648432553 0.040040508 0.760218382 -2.274386184
60326933 0.519595681 0.923725701 0.500000000 0.500000000 0.000000000 0.000000000 0.755084455 0.069422208 -0.651941776 1.037803691 -0.079239368 0.996752143 0.014363734 0.258805740 0.650821507 0.040813621 0.758132994 -2.291246318
60360300 0.519595681 0.923725701 0.500000000 0.500000000 0.000000000 0.000000000 0.752005279 0.069832444 -0.655447543 1.059049028 -0.079323910 0.996733248 0.015184011 0.257472115 0.654366732 0.040574204 0.755088031 -2.307664952
60393667 0.519595681 0.923725701 0.500000000 0.500000000 0.000000000 0.000000000 0.748659551 0.070625827 -0.659181952 1.081919912 -0.079737000 0.996683896 0.016225796 0.255628808 0.658141971 0.040413596 0.751808405 -2.323436532
60427033 0.519595681 0.923725701 0.500000000 0.500000000 0.000000000 0.000000000 0.745694876 0.070943169 -0.662500024 1.102165464 -0.079906084 0.996661067 0.016786024 0.255372837 0.661478817 0.040420529 0.748873830 -2.339067322
60460400 0.519595681 0.923725701 0.500000000 0.500000000 0.000000000 0.000000000 0.742744446 0.070696980 -0.665832281 1.122009533 -0.080066048 0.996652842 0.016508264 0.258823767 0.664770722 0.041049138 0.745918810 -2.354216855
60493767 0.519595681 0.923725701 0.500000000 0.500000000 0.000000000 0.000000000 0.740024805 0.070763603 -0.668846607 1.140737767 -0.080409072 0.996625781 0.016476303 0.261152619 0.667755663 0.041588463 0.743217826 -2.369184526
60527133 0.519595681 0.923725701 0.500000000 0.500000000 0.000000000 0.000000000 0.737193406 0.070896022 -0.671952128 1.159838341 -0.080561914 0.996608615 0.016765896 0.262163327 0.670861900 0.041774038 0.740404785 -2.385056666
60560500 0.519595681 0.923725701 0.500000000 0.500000000 0.000000000 0.000000000 0.735321343 0.070896879 -0.674000084 1.172395035 -0.080698937 0.996597111 0.016789276 0.264415502 0.672896862 0.042045582 0.738540411 -2.401675360
60593867 0.519595681 0.923725701 0.500000000 0.500000000 0.000000000 0.000000000 0.733156979 0.071187384 -0.676323295 1.187056940 -0.081635237 0.996527433 0.016395617 0.269574840 0.675141811 0.043191247 0.736422420 -2.417623224
60627233 0.519595681 0.923725701 0.500000000 0.500000000 0.000000000 0.000000000 0.731300116 0.071179844 -0.678331494 1.199864675 -0.082610980 0.996461332 0.015500601 0.277020179 0.677034378 0.044702034 0.734592497 -2.433199124
60660600 0.519595681 0.923725701 0.500000000 0.500000000 0.000000000 0.000000000 0.728991210 0.070722327 -0.680859864 1.215526288 -0.082882799 0.996449947 0.014761382 0.282602525 0.679486752 0.045670655 0.732264936 -2.448309446
60693967 0.519595681 0.923725701 0.500000000 0.500000000 0.000000000 0.000000000 0.727582335 0.070862517 -0.682350695 1.225326722 -0.083353363 0.996413112 0.014599395 0.286199739 0.680937707 0.046253964 0.730879188 -2.465754101
60727333 0.519595681 0.923725701 0.500000000 0.500000000 0.000000000 0.000000000 0.725322485 0.071092196 -0.684728563 1.240441486 -0.083481826 0.996396124 0.015020172 0.286267883 0.683328688 0.046267923 0.728643417 -2.481581453
60760700 0.519595681 0.923725701 0.500000000 0.500000000 0.000000000 0.000000000 0.723491669 0.071319446 -0.686639130 1.252439921 -0.083891124 0.996360600 0.015095786 0.288838701 0.685216784 0.046681251 0.726841688 -2.498162608
60794067 0.519595681 0.923725701 0.500000000 0.500000000 0.000000000 0.000000000 0.723302007 0.071855403 -0.686783135 1.253854645 -0.084883519 0.996280372 0.014839785 0.293237416 0.685294867 0.047562923 0.726710916 -2.516314361
60827433 0.519595681 0.923725701 0.500000000 0.500000000 0.000000000 0.000000000 0.722307026 0.072222151 -0.687791049 1.260830190 -0.085490830 0.996228576 0.014828837 0.296125745 0.686268091 0.048088852 0.725757241 -2.533248772
60860800 0.519595681 0.923725701 0.500000000 0.500000000 0.000000000 0.000000000 0.722542465 0.072258346 -0.687539876 1.259580398 -0.085629597 0.996218443 0.014710529 0.298258852 0.686002910 0.048244782 0.725997567 -2.552380152
60894167 0.519595681 0.923725701 0.500000000 0.500000000 0.000000000 0.000000000 0.722535372 0.072686233 -0.687502205 1.259945873 -0.085872516 0.996192098 0.015074161 0.298637953 0.685979962 0.048145931 0.726025820 -2.570892808
60927533 0.519595681 0.923725701 0.500000000 0.500000000 0.000000000 0.000000000 0.721684158 0.073033176 -0.688359022 1.265849668 -0.086195409 0.996160448 0.015321797 0.300048734 0.686835051 0.048275892 0.725208282 -2.587981161
60960900 0.519595681 0.923725701 0.500000000 0.500000000 0.000000000 0.000000000 0.721218169 0.072857521 -0.688865840 1.269467216 -0.086345404 0.996152997 0.014956990 0.303290655 0.687305510 0.048693150 0.724734545 -2.606117578
60994267 0.519595681 0.923725701 0.500000000 0.500000000 0.000000000 0.000000000 0.720315576 0.072870679 -0.689808190 1.275619994 -0.086546302 0.996137023 0.014857075 0.305714545 0.688226104 0.048998564 0.723839700 -2.623262344
61027633 0.519595681 0.923725701 0.500000000 0.500000000 0.000000000 0.000000000 0.719835341 0.073076338 -0.690287530 1.278944399 -0.086760908 0.996116579 0.014977785 0.307252928 0.688701391 0.049108438 0.723380089 -2.641778586
61061000 0.519595681 0.923725701 0.500000000 0.500000000 0.000000000 0.000000000 0.719159544 0.073457010 -0.690951288 1.283775854 -0.087212116 0.996074975 0.015123015 0.308799628 0.689350128 0.049383461 0.722743154 -2.659218088
61094367 0.519595681 0.923725701 0.500000000 0.500000000 0.000000000 0.000000000 0.718343258 0.073837332 -0.691759408 1.289296457 -0.087723903 0.996028543 0.015219481 0.310569837 0.690135896 0.049751025 0.721967697 -2.676320022
61127733 0.519595681 0.923725701 0.500000000 0.500000000 0.000000000 0.000000000 0.717432082 0.073367417 -0.692754209 1.295422246 -0.087579764 0.996047735 0.014788677 0.313025571 0.691101313 0.050061382 0.721022129 -2.693073012
61161100 0.519595681 0.923725701 0.500000000 0.500000000 0.000000000 0.000000000 0.716335356 0.073292397 -0.693896174 1.302781750 -0.087847985 0.996028125 0.014516107 0.316432032 0.692203999 0.050558981 0.719928741 -2.709338659
61194467 0.519595681 0.923725701 0.500000000 0.500000000 0.000000000 0.000000000 0.715448439 0.072797641 -0.694862604 1.309018298 -0.088016406 0.996024489 0.013725066 0.321507286 0.693099320 0.051339731 0.719011545 -2.726259582
61227833 0.519595681 0.923725701 0.500000000 0.500000000 0.000000000 0.000000000 0.714513123 0.073137812 -0.695788622 1.315311983 -0.088909745 0.995949745 0.013386832 0.326049357 0.693949580 0.052297324 0.718121827 -2.743702584
61261200 0.519595681 0.923725701 0.500000000 0.500000000 0.000000000 0.000000000 0.713470221 0.073262498 -0.696844935 1.322131822 -0.089232482 0.995921433 0.013344395 0.328216497 0.694980443 0.052660372 0.717097700 -2.760689959
61294567 0.519595681 0.923725701 0.500000000 0.500000000 0.000000000 0.000000000 0.712901175 0.073368907 -0.697415888 1.325908964 -0.090127505 0.995850086 0.012635829 0.333952847 0.695448756 0.053848259 0.716555238 -2.777661519
61327933 0.519595681 0.923725701 0.500000000 0.500000000 0.000000000 0.000000000 0.712687373 0.072684072 -0.697706044 1.328231353 -0.090488821 0.995833278 0.011309880 0.341184366 0.695620954 0.055074189 0.716294885 -2.795672446
61361300 0.519595681 0.923725701 0.500000000 0.500000000 0.000000000 0.000000000 0.712591767 0.071806811 -0.697894514 1.329470325 -0.090434738 0.995850921 0.010124501 0.347525512 0.695725918 0.055899270 0.716129005 -2.814443023
61394667 0.519595681 0.923725701 0.500000000 0.500000000 0.000000000 0.000000000 0.712319076 0.071813740 -0.698172092 1.331728077 -0.090825349 0.995818973 0.009763856 0.351100728 0.695954204 0.056456741 0.715863407 -2.832845706
61428033 0.519595681 0.923725701 0.500000000 0.500000000 0.000000000 0.000000000 0.711798370 0.071580470 -0.698726952 1.335232847 -0.091293745 0.995783269 0.009010522 0.356803936 0.696425557 0.057375725 0.715331733 -2.850982686
61461400 0.519595681 0.923725701 0.500000000 0.500000000 0.000000000 0.000000000 0.711307466 0.070853285 -0.699300766 1.338722804 -0.091602512 0.995765746 0.007715882 0.364004489 0.696886420 0.058569342 0.714785933 -2.869153979
61494767 0.519595681 0.923725701 0.500000000 0.500000000 0.000000000 0.000000000 0.710801184 0.070622228 -0.699838638 1.342192797 -0.091983497 0.995735526 0.007057458 0.368781120 0.697352648 0.059357159 0.714266062 -2.886615379
61528133 0.519595681 0.923725701 0.500000000 0.500000000 0.000000000 0.000000000 0.710474432 0.070532225 -0.700179458 1.344652612 -0.092540964 0.995688319 0.006398535 0.373221421 0.697611809 0.060249291 0.713938177 -2.904140649
61561500 0.519595681 0.923725701 0.500000000 0.500000000 0.000000000 0.000000000 0.709888220 0.070853673 -0.700741410 1.348501000 -0.093183205 0.995629251 0.006270971 0.376378844 0.698122919 0.060845640 0.713387787 -2.921171736
61594867 0.519595681 0.923725701 0.500000000 0.500000000 0.000000000 0.000000000 0.709275484 0.069860362 -0.701461256 1.352556066 -0.093343675 0.995622516 0.004773139 0.383953603 0.698724031 0.062091500 0.712691605 -2.937918788
61628233 0.519595681 0.923725701 0.500000000 0.500000000 0.000000000 0.000000000 0.708357751 0.069924265 -0.702381611 1.358025284 -0.093537875 0.995604217 0.004781751 0.385616701 0.699628472 0.062312093 0.711784542 -2.954441517
61661600 0.519595681 0.923725701 0.500000000 0.500000000 0.000000000 0.000000000 0.707388222 0.069994651 -0.703351021 1.364316312 -0.094142862 0.995549023 0.004389773 0.389296220 0.700527668 0.063110203 0.710829139 -2.970866427
61694967 0.519595681 0.923725701 0.500000000 0.500000000 0.000000000 0.000000000 0.706206501 0.070192002 -0.704517901 1.371943333 -0.094630703 0.995503068 0.004325708 0.391766015 0.701653361 0.063614182 0.709673047 -2.987333461
61728333 0.519595681 0.923725701 0.500000000 0.500000000 0.000000000 0.000000000 0.705308676 0.070114180 -0.705424488 1.377572599 -0.095092505 0.995460927 0.003864857 0.395673652 0.702493489 0.064354666 0.708774567 -3.003969003
61761700 0.519595681 0.923725701 0.500000000 0.500000000 0.000000000 0.000000000 0.703988194 0.070342392 -0.706719577 1.385904673 -0.095689766 0.995404124 0.003756284 0.398034106 0.703735828 0.064981453 0.707483768 -3.018262872
