https://www.youtube.com/watch?v=9pJcsH6brJs
308875233 0.483948608 0.860353094 0.500000000 0.500000000 0.000000000 0.000000000 0.999999166 0.000278981 -0.001255171 -0.000670649 -0.000272934 0.999988377 0.004814828 -0.024462869 0.001256500 -0.004814481 0.999987602 -0.369111751
308908600 0.483948608 0.860353094 0.500000000 0.500000000 0.000000000 0.000000000 0.999996543 0.000059416 -0.002629903 0.000689209 -0.000046918 0.999988735 0.004752228 -0.024560696 0.002630156 -0.004752087 0.999985278 -0.380257169
308941967 0.483948608 0.860353094 0.500000000 0.500000000 0.000000000 0.000000000 0.999991238 0.000414864 -0.004161029 0.001208461 -0.000395594 0.999989212 0.004630844 -0.025505643 0.004162905 -0.004629157 0.999980628 -0.392128294
308975333 0.483948608 0.860353094 0.500000000 0.500000000 0.000000000 0.000000000 0.999982297 0.000494895 -0.005930739 0.002237287 -0.000465872 0.999987900 0.004894150 -0.026014743 0.005933090 -0.004891301 0.999970436 -0.403448964
309008700 0.483948608 0.860353094 0.500000000 0.500000000 0.000000000 0.000000000 0.999970019 0.000100163 -0.007741244 0.003117685 -0.000058574 0.999985576 0.005372400 -0.026844898 0.007741670 -0.005371785 0.999955595 -0.414852135
309042067 0.483948608 0.860353094 0.500000000 0.500000000 0.000000000 0.000000000 0.999951959 -0.000312223 -0.009798639 0.003982218 0.000363755 0.999986112 0.005257743 -0.027074769 0.009796862 -0.005261055 0.999938190 -0.425975716
309075433 0.483948608 0.860353094 0.500000000 0.500000000 0.000000000 0.000000000 0.999929249 -0.000287296 -0.011891045 0.005027469 0.000350655 0.999985754 0.005326573 -0.027640698 0.011889345 -0.005330366 0.999915123 -0.436989209
309108800 0.483948608 0.860353094 0.500000000 0.500000000 0.000000000 0.000000000 0.999902010 -0.000267723 -0.013996018 0.006626243 0.000341975 0.999985874 0.005303039 -0.026866710 0.013994400 -0.005307306 0.999888003 -0.447750644
309142167 0.483948608 0.860353094 0.500000000 0.500000000 0.000000000 0.000000000 0.999875128 -0.000280378 -0.015799016 0.006653498 0.000366503 0.999985099 0.005448657 -0.026711089 0.015797254 -0.005453767 0.999860346 -0.459565698
309175533 0.483948608 0.860353094 0.500000000 0.500000000 0.000000000 0.000000000 0.999843419 -0.000304161 -0.017691648 0.008162964 0.000406780 0.999983132 0.005797087 -0.026455941 0.017689586 -0.005803376 0.999826670 -0.469784881
309208900 0.483948608 0.860353094 0.500000000 0.500000000 0.000000000 0.000000000 0.999808252 -0.000591699 -0.019574305 0.009124421 0.000707165 0.999982417 0.005892437 -0.026547003 0.019570474 -0.005905150 0.999791026 -0.480611706
309242267 0.483948608 0.860353094 0.500000000 0.500000000 0.000000000 0.000000000 0.999765992 -0.000611447 -0.021624099 0.010269471 0.000741829 0.999981582 0.006021990 -0.026203854 0.021620020 -0.006036622 0.999748051 -0.491270915
309275633 0.483948608 0.860353094 0.500000000 0.500000000 0.000000000 0.000000000 0.999716759 -0.000829010 -0.023783863 0.011531203 0.000994763 0.999975324 0.006958120 -0.027717739 0.023777507 -0.006979808 0.999692917 -0.502240402
309309000 0.483948608 0.860353094 0.500000000 0.500000000 0.000000000 0.000000000 0.999662101 -0.000841375 -0.025980346 0.013158265 0.001025824 0.999974370 0.007087078 -0.027833006 0.025973717 -0.007111335 0.999637306 -0.512228947
309342367 0.483948608 0.860353094 0.500000000 0.500000000 0.000000000 0.000000000 0.999603450 -0.000991326 -0.028142150 0.014648559 0.001189889 0.999974489 0.007039847 -0.029278504 0.028134456 -0.007070541 0.999579132 -0.523192809
309375733 0.483948608 0.860353094 0.500000000 0.500000000 0.000000000 0.000000000 0.999542058 -0.000898754 -0.030246863 0.016517147 0.001111519 0.999974728 0.007018220 -0.029732095 0.030239791 -0.007048626 0.999517798 -0.533220397
309409100 0.483948608 0.860353094 0.500000000 0.500000000 0.000000000 0.000000000 0.999475598 -0.001115410 -0.032362036 0.018073259 0.001344730 0.999974132 0.007065158 -0.030541837 0.032353319 -0.007104971 0.999451220 -0.542915298
309442467 0.483948608 0.860353094 0.500000000 0.500000000 0.000000000 0.000000000 0.999399364 -0.001368037 -0.034627620 0.020170475 0.001602331 0.999975979 0.006739266 -0.030645740 0.034617573 -0.006790703 0.999377549 -0.553276270
309475833 0.483948608 0.860353094 0.500000000 0.500000000 0.000000000 0.000000000 0.999316990 -0.001300894 -0.036929950 0.022330565 0.001547027 0.999976754 0.006637065 -0.031816334 0.036920458 -0.006689664 0.999295831 -0.564084349
309509200 0.483948608 0.860353094 0.500000000 0.500000000 0.000000000 0.000000000 0.999227464 -0.001490683 -0.039271533 0.024408084 0.001753587 0.999976277 0.006660931 -0.032515136 0.039260674 -0.006724651 0.999206364 -0.574676055
309542567 0.483948608 0.860353094 0.500000000 0.500000000 0.000000000 0.000000000 0.999127150 -0.001605673 -0.041741945 0.027000133 0.001892139 0.999974906 0.006824179 -0.033267069 0.041729938 -0.006897204 0.999105096 -0.585260588
309575933 0.483948608 0.860353094 0.500000000 0.500000000 0.000000000 0.000000000 0.999015272 -0.001474285 -0.044342875 0.029678701 0.001796577 0.999972284 0.007229217 -0.034516617 0.044330988 -0.007301764 0.998990238 -0.596138107
309609300 0.483948608 0.860353094 0.500000000 0.500000000 0.000000000 0.000000000 0.998901188 -0.001547778 -0.046839960 0.032037011 0.001895488 0.999970973 0.007379856 -0.035631802 0.046827178 -0.007460532 0.998875141 -0.606840218
309642667 0.483948608 0.860353094 0.500000000 0.500000000 0.000000000 0.000000000 0.998772562 -0.001551684 -0.049507163 0.035101800 0.001918567 0.999971032 0.007364059 -0.036286037 0.049494304 -0.007450003 0.998746634 -0.617982378
309676033 0.483948608 0.860353094 0.500000000 0.500000000 0.000000000 0.000000000 0.998639524 -0.001650766 -0.052118853 0.037237889 0.002057543 0.999967813 0.007752121 -0.036948835 0.052104380 -0.007848811 0.998610795 -0.628937832
309709400 0.483948608 0.860353094 0.500000000 0.500000000 0.000000000 0.000000000 0.998484552 -0.001717391 -0.055005472 0.040347093 0.002156482 0.999966264 0.007924317 -0.037297972 0.054990008 -0.008030927 0.998454630 -0.639213851
309742767 0.483948608 0.860353094 0.500000000 0.500000000 0.000000000 0.000000000 0.998325109 -0.001632925 -0.057829492 0.043254481 0.002114430 0.999963582 0.008266062 -0.037630332 0.057813887 -0.008374495 0.998292267 -0.649909077
309776133 0.483948608 0.860353094 0.500000000 0.500000000 0.000000000 0.000000000 0.998159051 -0.001896606 -0.060620680 0.046206391 0.002423271 0.999959946 0.008615537 -0.037893947 0.060601912 -0.008746576 0.998123705 -0.660831761
309809500 0.483948608 0.860353094 0.500000000 0.500000000 0.000000000 0.000000000 0.997987866 -0.001922395 -0.063376412 0.049471323 0.002510672 0.999954462 0.009203936 -0.038163669 0.063355833 -0.009344534 0.997947276 -0.670725267
309842867 0.483948608 0.860353094 0.500000000 0.500000000 0.000000000 0.000000000 0.997824550 -0.002230515 -0.065887921 0.052297159 0.002871846 0.999949396 0.009640547 -0.038835602 0.065863080 -0.009808794 0.997780442 -0.680792185
309876233 0.483948608 0.860353094 0.500000000 0.500000000 0.000000000 0.000000000 0.997637391 -0.002256719 -0.068662420 0.055230476 0.002920348 0.999949992 0.009566247 -0.038676981 0.068637401 -0.009744164 0.997594059 -0.690479672
309909600 0.483948608 0.860353094 0.500000000 0.500000000 0.000000000 0.000000000 0.997427762 -0.001929903 -0.071653023 0.058792236 0.002632841 0.999949336 0.009717142 -0.038947531 0.071630642 -0.009880799 0.997382283 -0.700317958
309942967 0.483948608 0.860353094 0.500000000 0.500000000 0.000000000 0.000000000 0.997222722 -0.002218522 -0.074443951 0.061862551 0.002936434 0.999950230 0.009535591 -0.038580764 0.074419089 -0.009727708 0.997179627 -0.709734889
309976333 0.483948608 0.860353094 0.500000000 0.500000000 0.000000000 0.000000000 0.997005761 -0.002090927 -0.077298976 0.065234481 0.002844463 0.999949515 0.009639510 -0.038924029 0.077274919 -0.009830520 0.996961355 -0.719468977
310009700 0.483948608 0.860353094 0.500000000 0.500000000 0.000000000 0.000000000 0.996786058 -0.001690742 -0.080092020 0.068399645 0.002479681 0.999949396 0.009751980 -0.039422095 0.080071472 -0.009919240 0.996739745 -0.728853901
310043067 0.483948608 0.860353094 0.500000000 0.500000000 0.000000000 0.000000000 0.996568382 -0.001851811 -0.082752913 0.071129920 0.002663102 0.999949455 0.009694478 -0.040317838 0.082730785 -0.009881589 0.996522963 -0.738208724
310076433 0.483948608 0.860353094 0.500000000 0.500000000 0.000000000 0.000000000 0.996309817 -0.001954396 -0.085807376 0.074860719 0.002804448 0.999948144 0.009787090 -0.041449224 0.085783802 -0.009991616 0.996263683 -0.747983662
310109800 0.483948608 0.860353094 0.500000000 0.500000000 0.000000000 0.000000000 0.996027529 -0.001768585 -0.089028597 0.078951720 0.002658260 0.999947727 0.009875556 -0.042168625 0.089006476 -0.010072987 0.995980084 -0.757606356
310143167 0.483948608 0.860353094 0.500000000 0.500000000 0.000000000 0.000000000 0.995748222 -0.001764323 -0.092100069 0.082218109 0.002687909 0.999947309 0.009904996 -0.042996078 0.092077747 -0.010110438 0.995700479 -0.767515877
310176533 0.483948608 0.860353094 0.500000000 0.500000000 0.000000000 0.000000000 0.995470703 -0.001872809 -0.095050462 0.085350446 0.002813815 0.999948323 0.009767001 -0.043902510 0.095027260 -0.009990218 0.995424569 -0.776873053
310209900 0.483948608 0.860353094 0.500000000 0.500000000 0.000000000 0.000000000 0.995179951 -0.001887833 -0.098047227 0.088798971 0.002831768 0.999950945 0.009489091 -0.044491803 0.098024510 -0.009721001 0.995136499 -0.786635570
310243267 0.483948608 0.860353094 0.500000000 0.500000000 0.000000000 0.000000000 0.994885862 -0.002125700 -0.100983448 0.092243929 0.003104760 0.999949694 0.009539081 -0.046025132 0.100958094 -0.009803825 0.994842350 -0.796366772
310276633 0.483948608 0.860353094 0.500000000 0.500000000 0.000000000 0.000000000 0.994599819 -0.001994140 -0.103765115 0.095103077 0.003018560 0.999948263 0.009716397 -0.047378733 0.103740372 -0.009977149 0.994554341 -0.806970064
310310000 0.483948608 0.860353094 0.500000000 0.500000000 0.000000000 0.000000000 0.994291306 -0.002003415 -0.106680520 0.099032080 0.003057910 0.999948084 0.009721952 -0.047720449 0.106655501 -0.009992671 0.994245827 -0.816726672
310343367 0.483948608 0.860353094 0.500000000 0.500000000 0.000000000 0.000000000 0.993988812 -0.002001491 -0.109463520 0.102192637 0.003106590 0.999945939 0.009925981 -0.049424837 0.109437734 -0.010206372 0.993941247 -0.826942620
310376733 0.483948608 0.860353094 0.500000000 0.500000000 0.000000000 0.000000000 0.993663430 -0.002080785 -0.112377040 0.105835361 0.003217144 0.999945521 0.009931627 -0.049476224 0.112350255 -0.010230227 0.993615985 -0.837495689
310410100 0.483948608 0.860353094 0.500000000 0.500000000 0.000000000 0.000000000 0.993363202 -0.002188984 -0.114998698 0.108943608 0.003419028 0.999939024 0.010500001 -0.050580089 0.114968702 -0.010823498 0.993310153 -0.847605732
310443467 0.483948608 0.860353094 0.500000000 0.500000000 0.000000000 0.000000000 0.993059874 -0.002330332 -0.117586978 0.112302196 0.003600015 0.999937475 0.010586585 -0.051452894 0.117554955 -0.010936428 0.993006170 -0.857479691
310476833 0.483948608 0.860353094 0.500000000 0.500000000 0.000000000 0.000000000 0.992767334 -0.002263943 -0.120032936 0.115668949 0.003562000 0.999937475 0.010600727 -0.051780400 0.120001428 -0.010951613 0.992713332 -0.867335373
310510200 0.483948608 0.860353094 0.500000000 0.500000000 0.000000000 0.000000000 0.992472410 -0.002083179 -0.122450836 0.118843356 0.003422707 0.999936581 0.010729982 -0.051352937 0.122420713 -0.011068324 0.992416561 -0.877115888
310543567 0.483948608 0.860353094 0.500000000 0.500000000 0.000000000 0.000000000 0.992194831 -0.002185714 -0.124678038 0.121630912 0.003549280 0.999936283 0.010715617 -0.051268775 0.124646671 -0.011074497 0.992139399 -0.886589731
310576933 0.483948608 0.860353094 0.500000000 0.500000000 0.000000000 0.000000000 0.991901338 -0.002455582 -0.126987010 0.124697863 0.003897217 0.999930739 0.011105411 -0.051596796 0.126950949 -0.011510368 0.991842210 -0.896629479
310610300 0.483948608 0.860353094 0.500000000 0.500000000 0.000000000 0.000000000 0.991605759 -0.002820803 -0.129267529 0.128269045 0.004329422 0.999925733 0.011390997 -0.051674217 0.129225805 -0.011855032 0.991544306 -0.905743363
310643667 0.483948608 0.860353094 0.500000000 0.500000000 0.000000000 0.000000000 0.991321504 -0.002921183 -0.131427452 0.131767183 0.004453434 0.999925494 0.011366116 -0.051777192 0.131384462 -0.011852778 0.991260648 -0.914977912
310677033 0.483948608 0.860353094 0.500000000 0.500000000 0.000000000 0.000000000 0.991058230 -0.002672256 -0.133403510 0.134830496 0.004232248 0.999925911 0.011411591 -0.051658642 0.133363143 -0.011874148 0.990996122 -0.924341490
310710400 0.483948608 0.860353094 0.500000000 0.500000000 0.000000000 0.000000000 0.990792572 -0.002774773 -0.135360003 0.138523170 0.004361216 0.999925196 0.011425056 -0.052008468 0.135318175 -0.011910195 0.990730584 -0.933585563
310743767 0.483948608 0.860353094 0.500000000 0.500000000 0.000000000 0.000000000 0.990536988 -0.002914429 -0.137215033 0.141508669 0.004513940 0.999925435 0.011347249 -0.052590401 0.137171730 -0.011859250 0.990476310 -0.942783208
310777133 0.483948608 0.860353094 0.500000000 0.500000000 0.000000000 0.000000000 0.990265191 -0.002999590 -0.139161393 0.144982191 0.004639619 0.999923527 0.011462178 -0.052919684 0.139116362 -0.011996252 0.990203381 -0.952309265
310810500 0.483948608 0.860353094 0.500000000 0.500000000 0.000000000 0.000000000 0.989982784 -0.003316574 -0.141149178 0.149015612 0.004992353 0.999921203 0.011519942 -0.053720306 0.141099840 -0.012109212 0.989921331 -0.961244004
310843867 0.483948608 0.860353094 0.500000000 0.500000000 0.000000000 0.000000000 0.989717007 -0.003439464 -0.142997906 0.152240558 0.005145110 0.999919951 0.011559710 -0.054700200 0.142946705 -0.012176582 0.989655495 -0.970984208
310877233 0.483948608 0.860353094 0.500000000 0.500000000 0.000000000 0.000000000 0.989445925 -0.003521070 -0.144859999 0.155756594 0.005254067 0.999919116 0.011582424 -0.055776241 0.144807488 -0.012221286 0.989384353 -0.980461149
310910600 0.483948608 0.860353094 0.500000000 0.500000000 0.000000000 0.000000000 0.989155710 -0.003593402 -0.146826744 0.159601179 0.005354332 0.999918401 0.011599789 -0.057079340 0.146773085 -0.012260157 0.989094198 -0.990046895
310943967 0.483948608 0.860353094 0.500000000 0.500000000 0.000000000 0.000000000 0.988856018 -0.003668620 -0.148829818 0.163316832 0.005460955 0.999917388 0.011635982 -0.058110346 0.148774832 -0.012319064 0.988794386 -0.999511225
310977333 0.483948608 0.860353094 0.500000000 0.500000000 0.000000000 0.000000000 0.988548160 -0.003804693 -0.150857747 0.167152353 0.005658763 0.999913633 0.011862806 -0.059524888 0.150799587 -0.012580623 0.988484323 -1.009326373
311010700 0.483948608 0.860353094 0.500000000 0.500000000 0.000000000 0.000000000 0.988200784 -0.003895193 -0.153114557 0.171504458 0.005807644 0.999910593 0.012045060 -0.060997661 0.153053939 -0.012792173 0.988135040 -1.019006684
311044067 0.483948608 0.860353094 0.500000000 0.500000000 0.000000000 0.000000000 0.987875998 -0.004015950 -0.155193090 0.175540408 0.005960154 0.999909461 0.012064373 -0.062092351 0.155130580 -0.012843079 0.987810493 -1.028501577
311077433 0.483948608 0.860353094 0.500000000 0.500000000 0.000000000 0.000000000 0.987554669 -0.004069873 -0.157223448 0.179800925 0.006065604 0.999906957 0.012215873 -0.063462203 0.157159105 -0.013017498 0.987487495 -1.038070956
311110800 0.483948608 0.860353094 0.500000000 0.500000000 0.000000000 0.000000000 0.987225592 -0.003880355 -0.159281462 0.183846632 0.005948010 0.999904096 0.012506449 -0.064791960 0.159217656 -0.013294094 0.987154007 -1.047753828
311144167 0.483948608 0.860353094 0.500000000 0.500000000 0.000000000 0.000000000 0.986867189 -0.004012049 -0.161483958 0.188175405 0.006146610 0.999900222 0.012721012 -0.066108816 0.161416799 -0.013546528 0.986793339 -1.056734435
311177533 0.483948608 0.860353094 0.500000000 0.500000000 0.000000000 0.000000000 0.986470997 -0.004124203 -0.163883924 0.192502442 0.006297049 0.999899030 0.012741148 -0.067045647 0.163814828 -0.013600758 0.986397326 -1.065984891
311210900 0.483948608 0.860353094 0.500000000 0.500000000 0.000000000 0.000000000 0.986019850 -0.003832932 -0.166583866 0.197401410 0.006118483 0.999894023 0.013209083 -0.067950463 0.166515589 -0.014043659 0.985938787 -1.074744541
311244267 0.483948608 0.860353094 0.500000000 0.500000000 0.000000000 0.000000000 0.985557139 -0.003720885 -0.169302240 0.202527914 0.006078446 0.999891639 0.013409002 -0.068516777 0.169233993 -0.014244432 0.985472977 -1.082915655
311277633 0.483948608 0.860353094 0.500000000 0.500000000 0.000000000 0.000000000 0.985075474 -0.003665702 -0.172084019 0.207157862 0.006085051 0.999889910 0.013533711 -0.069174700 0.172015473 -0.014378866 0.984989285 -1.091509259
311311000 0.483948608 0.860353094 0.500000000 0.500000000 0.000000000 0.000000000 0.984589040 -0.003453032 -0.174849898 0.211313540 0.005975527 0.999885499 0.013902221 -0.069803501 0.174781874 -0.014732795 0.984496951 -1.100076417
311344367 0.483948608 0.860353094 0.500000000 0.500000000 0.000000000 0.000000000 0.984065413 -0.003627717 -0.177769810 0.215993610 0.006217403 0.999882460 0.014012735 -0.070518851 0.177698076 -0.014894715 0.983972311 -1.108097863
311377733 0.483948608 0.860353094 0.500000000 0.500000000 0.000000000 0.000000000 0.983533740 -0.003916585 -0.180682093 0.220508237 0.006551140 0.999880731 0.013986718 -0.071500988 0.180605769 -0.014940083 0.983442068 -1.116191038
311411100 0.483948608 0.860353094 0.500000000 0.500000000 0.000000000 0.000000000 0.982985079 -0.003830734 -0.183645576 0.225327304 0.006500860 0.999881685 0.013939715 -0.071796648 0.183570459 -0.014896385 0.982893705 -1.124172911
311444467 0.483948608 0.860353094 0.500000000 0.500000000 0.000000000 0.000000000 0.982424736 -0.003974809 -0.186616883 0.229894731 0.006697683 0.999880075 0.013962490 -0.073140852 0.186538994 -0.014966996 0.982333541 -1.132185547
311477833 0.483948608 0.860353094 0.500000000 0.500000000 0.000000000 0.000000000 0.981817603 -0.004052111 -0.189783365 0.234997727 0.006804902 0.999880850 0.013855506 -0.074433946 0.189704612 -0.014895037 0.981728196 -1.140173994
311511200 0.483948608 0.860353094 0.500000000 0.500000000 0.000000000 0.000000000 0.981179297 -0.003928061 -0.193058953 0.239950987 0.006728189 0.999881446 0.013850508 -0.075515906 0.192981660 -0.014888769 0.981089413 -1.148116286
311544567 0.483948608 0.860353094 0.500000000 0.500000000 0.000000000 0.000000000 0.980502725 -0.003837131 -0.196468145 0.245107281 0.006712095 0.999879897 0.013969477 -0.077131733 0.196390942 -0.015015823 0.980410695 -1.156180163
311577933 0.483948608 0.860353094 0.500000000 0.500000000 0.000000000 0.000000000 0.979786813 -0.003935530 -0.200005695 0.250621637 0.006833844 0.999881387 0.013802842 -0.078667785 0.199927643 -0.014890651 0.979697526 -1.164145278
311611300 0.483948608 0.860353094 0.500000000 0.500000000 0.000000000 0.000000000 0.979054391 -0.003972561 -0.203560084 0.255733187 0.006843975 0.999886751 0.013403971 -0.079870286 0.203483775 -0.014516377 0.978970706 -1.172551620
311644667 0.483948608 0.860353094 0.500000000 0.500000000 0.000000000 0.000000000 0.978285193 -0.004014234 -0.207224458 0.261076991 0.006964880 0.999884486 0.013511283 -0.081825900 0.207146272 -0.014661182 0.978200138 -1.181111338
311678033 0.483948608 0.860353094 0.500000000 0.500000000 0.000000000 0.000000000 0.977464676 -0.003989053 -0.211061269 0.266872153 0.007046551 0.999880850 0.013736187 -0.083878869 0.210981324 -0.014913892 0.977376342 -1.189349956
311711400 0.483948608 0.860353094 0.500000000 0.500000000 0.000000000 0.000000000 0.976599097 -0.004005313 -0.215030581 0.272927746 0.007083827 0.999883115 0.013547905 -0.085108887 0.214951187 -0.014754111 0.976513326 -1.198041797
311744767 0.483948608 0.860353094 0.500000000 0.500000000 0.000000000 0.000000000 0.975725472 -0.003940816 -0.218961865 0.278711407 0.007111347 0.999880970 0.013693601 -0.087176940 0.218881831 -0.014918310 0.975637317 -1.206977438
311778133 0.483948608 0.860353094 0.500000000 0.500000000 0.000000000 0.000000000 0.974818468 -0.004165533 -0.222960874 0.284633189 0.007397477 0.999879301 0.013662338 -0.089084843 0.222877055 -0.014967648 0.974731624 -1.215635571
311811500 0.483948608 0.860353094 0.500000000 0.500000000 0.000000000 0.000000000 0.973879218 -0.004228677 -0.227027372 0.290339111 0.007492111 0.999880612 0.013514840 -0.090592551 0.226943120 -0.014862736 0.973794580 -1.224742906
311844867 0.483948608 0.860353094 0.500000000 0.500000000 0.000000000 0.000000000 0.972907603 -0.004474904 -0.231150866 0.296509064 0.007840486 0.999876201 0.013643552 -0.091926459 0.231061190 -0.015086251 0.972822249 -1.233239906
311878233 0.483948608 0.860353094 0.500000000 0.500000000 0.000000000 0.000000000 0.971919000 -0.004600354 -0.235270619 0.302564744 0.008079565 0.999871790 0.013826285 -0.093761768 0.235176846 -0.015338914 0.971831560 -1.242121031
311911600 0.483948608 0.860353094 0.500000000 0.500000000 0.000000000 0.000000000 0.970854700 -0.004658686 -0.239623547 0.309098095 0.008222876 0.999869883 0.013876507 -0.094586247 0.239527717 -0.015442467 0.970766723 -1.250408264
311944967 0.483948608 0.860353094 0.500000000 0.500000000 0.000000000 0.000000000 0.969730556 -0.004781717 -0.244130582 0.315638701 0.008465689 0.999865532 0.014043150 -0.095725398 0.244030610 -0.015684804 0.969640672 -1.258813851
311978333 0.483948608 0.860353094 0.500000000 0.500000000 0.000000000 0.000000000 0.968576074 -0.004704695 -0.248673096 0.322651038 0.008521353 0.999861836 0.014273895 -0.096725118 0.248571590 -0.015944384 0.968482316 -1.266944626
312011700 0.483948608 0.860353094 0.500000000 0.500000000 0.000000000 0.000000000 0.967423081 -0.004522307 -0.253124624 0.329104431 0.008458822 0.999859571 0.014465555 -0.097661831 0.253023684 -0.016135449 0.967325509 -1.274870669
312045067 0.483948608 0.860353094 0.500000000 0.500000000 0.000000000 0.000000000 0.966209114 -0.004700461 -0.257716596 0.335979021 0.008714504 0.999857843 0.014435391 -0.098525803 0.257612109 -0.016193479 0.966112733 -1.282331302
312078433 0.483948608 0.860353094 0.500000000 0.500000000 0.000000000 0.000000000 0.964977980 -0.004715757 -0.262288421 0.343064003 0.008800590 0.999857545 0.014401285 -0.098884615 0.262183130 -0.016205216 0.964882076 -1.290036018
312111800 0.483948608 0.860353094 0.500000000 0.500000000 0.000000000 0.000000000 0.963767350 -0.004883545 -0.266699433 0.349441766 0.009101983 0.999852240 0.014583350 -0.099973800 0.266588807 -0.016482450 0.963669419 -1.297679123
312145167 0.483948608 0.860353094 0.500000000 0.500000000 0.000000000 0.000000000 0.962532103 -0.005271122 -0.271116585 0.356536591 0.009555076 0.999849439 0.014483580 -0.101324819 0.270999432 -0.016531451 0.962437510 -1.305321161
312178533 0.483948608 0.860353094 0.500000000 0.500000000 0.000000000 0.000000000 0.961263657 -0.005291599 -0.275579691 0.363477856 0.009588234 0.999852538 0.014246342 -0.102349562 0.275463670 -0.016336814 0.961172640 -1.313071455
312211900 0.483948608 0.860353094 0.500000000 0.500000000 0.000000000 0.000000000 0.959907353 -0.005249573 -0.280268192 0.371203785 0.009599388 0.999853790 0.014149723 -0.103493695 0.280152947 -0.016272826 0.959817469 -1.320625341
312245267 0.483948608 0.860353094 0.500000000 0.500000000 0.000000000 0.000000000 0.958511174 -0.005392978 -0.285004020 0.378933703 0.009809228 0.999852896 0.014070221 -0.105013779 0.284886211 -0.016282134 0.958423018 -1.328071889
312278633 0.483948608 0.860353094 0.500000000 0.500000000 0.000000000 0.000000000 0.957062244 -0.005491607 -0.289830476 0.386390683 0.010034287 0.999848962 0.014189879 -0.106996491 0.289708793 -0.016488841 0.956972778 -1.335827367
312312000 0.483948608 0.860353094 0.500000000 0.500000000 0.000000000 0.000000000 0.955525577 -0.005554539 -0.294855982 0.394853320 0.010169032 0.999848604 0.014119000 -0.108842868 0.294732928 -0.016489465 0.955437362 -1.343438359
312345367 0.483948608 0.860353094 0.500000000 0.500000000 0.000000000 0.000000000 0.953941226 -0.005740746 -0.299938649 0.403388670 0.010320165 0.999853075 0.013685891 -0.109926382 0.299816042 -0.016150953 0.953860283 -1.350930926
312378733 0.483948608 0.860353094 0.500000000 0.500000000 0.000000000 0.000000000 0.952345192 -0.005732454 -0.304968446 0.411844385 0.010395420 0.999852538 0.013668360 -0.111695794 0.304845124 -0.016187273 0.952264369 -1.358452244
312412100 0.483948608 0.860353094 0.500000000 0.500000000 0.000000000 0.000000000 0.950648606 -0.005844452 -0.310214520 0.421043521 0.010635487 0.999848843 0.013755134 -0.113751472 0.310087234 -0.016375581 0.950567067 -1.366062079
312445467 0.483948608 0.860353094 0.500000000 0.500000000 0.000000000 0.000000000 0.948936224 -0.006007834 -0.315410823 0.430113396 0.010816163 0.999850392 0.013496408 -0.115164589 0.315282583 -0.016218765 0.948859215 -1.373635617
312478833 0.483948608 0.860353094 0.500000000 0.500000000 0.000000000 0.000000000 0.947090864 -0.005883900 -0.320911705 0.440156949 0.010846874 0.999847591 0.013679687 -0.117157398 0.320782304 -0.016436795 0.947010338 -1.381052944
312512200 0.483948608 0.860353094 0.500000000 0.500000000 0.000000000 0.000000000 0.945185006 -0.005979001 -0.326480627 0.449773120 0.011101824 0.999842703 0.013829970 -0.118646308 0.326346576 -0.016696410 0.945102692 -1.388936534
312545567 0.483948608 0.860353094 0.500000000 0.500000000 0.000000000 0.000000000 0.943203568 -0.006129101 -0.332158774 0.459858066 0.011415399 0.999837279 0.013966036 -0.120302726 0.332019120 -0.016964540 0.943120122 -1.396557688
312578933 0.483948608 0.860353094 0.500000000 0.500000000 0.000000000 0.000000000 0.941116333 -0.005781078 -0.338033468 0.469919161 0.011248507 0.999835670 0.014217604 -0.121841133 0.337895721 -0.017182792 0.941026688 -1.403764148
312612300 0.483948608 0.860353094 0.500000000 0.500000000 0.000000000 0.000000000 0.938903749 -0.006108774 -0.344125599 0.480773331 0.011807323 0.999825656 0.014466321 -0.123734174 0.343977213 -0.017645685 0.938812196 -1.410954150
312645667 0.483948608 0.860353094 0.500000000 0.500000000 0.000000000 0.000000000 0.936600029 -0.006346701 -0.350342900 0.491427024 0.012151214 0.999822855 0.014372349 -0.125170844 0.350189626 -0.017718233 0.936511219 -1.417531801
312679033 0.483948608 0.860353094 0.500000000 0.500000000 0.000000000 0.000000000 0.934205234 -0.005887776 -0.356687456 0.502621122 0.011990156 0.999817073 0.014899787 -0.126973181 0.356534481 -0.018196197 0.934104979 -1.423684444
312712400 0.483948608 0.860353094 0.500000000 0.500000000 0.000000000 0.000000000 0.931859314 -0.005952198 -0.362770975 0.513223442 0.012393461 0.999804139 0.015431031 -0.129726572 0.362608075 -0.018875537 0.931750536 -1.429551150
312745767 0.483948608 0.860353094 0.500000000 0.500000000 0.000000000 0.000000000 0.929462552 -0.006240076 -0.368863672 0.524403218 0.012564023 0.999812365 0.014744970 -0.130271435 0.368702441 -0.018339310 0.929366529 -1.435263971
312779133 0.483948608 0.860353094 0.500000000 0.500000000 0.000000000 0.000000000 0.927122712 -0.006208858 -0.374706507 0.534343021 0.012504188 0.999818504 0.014371742 -0.130581001 0.374549299 -0.018009769 0.927032053 -1.441627601
312812500 0.483948608 0.860353094 0.500000000 0.500000000 0.000000000 0.000000000 0.924733460 -0.006014809 -0.380567759 0.544758247 0.012528483 0.999814332 0.014640796 -0.132341205 0.380409032 -0.018306771 0.924637139 -1.447359361
312845867 0.483948608 0.860353094 0.500000000 0.500000000 0.000000000 0.000000000 0.922275364 -0.005946213 -0.386487842 0.555436455 0.012596190 0.999812961 0.014675894 -0.134332472 0.386328280 -0.018403489 0.922177732 -1.453485966
312879233 0.483948608 0.860353094 0.500000000 0.500000000 0.000000000 0.000000000 0.919785976 -0.005575615 -0.392380834 0.565832486 0.012323895 0.999816298 0.014681539 -0.135880263 0.392226875 -0.018339533 0.919685662 -1.459667082
312912600 0.483948608 0.860353094 0.500000000 0.500000000 0.000000000 0.000000000 0.917199492 -0.005627234 -0.398388594 0.576493660 0.012508483 0.999814093 0.014675585 -0.137374611 0.398231924 -0.018443676 0.917099297 -1.465798424
312945967 0.483948608 0.860353094 0.500000000 0.500000000 0.000000000 0.000000000 0.914568245 -0.005922305 -0.404388249 0.587222849 0.012817170 0.999814928 0.014345045 -0.139057801 0.404228449 -0.018302636 0.914474905 -1.471889783
312979333 0.483948608 0.860353094 0.500000000 0.500000000 0.000000000 0.000000000 0.911955833 -0.005990267 -0.410244673 0.597473666 0.012984565 0.999813914 0.014265137 -0.140775642 0.410082877 -0.018336022 0.911863923 -1.478515157
313012700 0.483948608 0.860353094 0.500000000 0.500000000 0.000000000 0.000000000 0.909289479 -0.006069350 -0.416119993 0.607958759 0.013196206 0.999811351 0.014253018 -0.143271086 0.415954977 -0.018451324 0.909197986 -1.484733337
313046067 0.483948608 0.860353094 0.500000000 0.500000000 0.000000000 0.000000000 0.906596065 -0.006176230 -0.421954274 0.618536075 0.013083295 0.999823630 0.013475685 -0.143401430 0.421796620 -0.017737556 0.906516969 -1.491248471
313079433 0.483948608 0.860353094 0.500000000 0.500000000 0.000000000 0.000000000 0.903943360 -0.006171643 -0.427607626 0.628578280 0.013136046 0.999824762 0.013338585 -0.145098193 0.427450359 -0.017674400 0.903866053 -1.498284310
313112800 0.483948608 0.860353094 0.500000000 0.500000000 0.000000000 0.000000000 0.901280642 -0.006043767 -0.433193564 0.638728561 0.013102871 0.999825537 0.013311951 -0.147188735 0.433037549 -0.017673884 0.901202619 -1.505528145
313146167 0.483948608 0.860353094 0.500000000 0.500000000 0.000000000 0.000000000 0.898605347 -0.006084977 -0.438715577 0.649016688 0.013257894 0.999823809 0.013288130 -0.149167638 0.438557416 -0.017757230 0.898527741 -1.512739779
313179533 0.483948608 0.860353094 0.500000000 0.500000000 0.000000000 0.000000000 0.895921350 -0.006239582 -0.444168925 0.659143744 0.013649342 0.999815881 0.013486541 -0.151278476 0.444002986 -0.018145492 0.895841539 -1.520468144
313212900 0.483948608 0.860353094 0.500000000 0.500000000 0.000000000 0.000000000 0.893258810 -0.006203831 -0.449499905 0.669196362 0.013966803 0.999805033 0.013956284 -0.153727191 0.449325711 -0.018744651 0.893171370 -1.527883757
313246267 0.483948608 0.860353094 0.500000000 0.500000000 0.000000000 0.000000000 0.890671194 -0.006306385 -0.454604238 0.678816122 0.014408761 0.999793053 0.014360596 -0.155998045 0.454419613 -0.019340852 0.890577793 -1.535483816
313279633 0.483948608 0.860353094 0.500000000 0.500000000 0.000000000 0.000000000 0.888056040 -0.006110986 -0.459694594 0.688642211 0.014452727 0.999788523 0.014629578 -0.158041285 0.459507972 -0.019635726 0.887956560 -1.543132788
313313000 0.483948608 0.860353094 0.500000000 0.500000000 0.000000000 0.000000000 0.885486186 -0.005920290 -0.464627981 0.698081405 0.014457521 0.999785721 0.014813816 -0.159452947 0.464440733 -0.019834798 0.885382056 -1.550469089
313346367 0.483948608 0.860353094 0.500000000 0.500000000 0.000000000 0.000000000 0.883057177 -0.006257207 -0.469223648 0.706824005 0.014952325 0.999778569 0.014807304 -0.160561313 0.469027102 -0.020091681 0.882955194 -1.557838712
313379733 0.483948608 0.860353094 0.500000000 0.500000000 0.000000000 0.000000000 0.880655110 -0.006452177 -0.473714054 0.715426142 0.015212257 0.999776781 0.014662886 -0.161433021 0.473513693 -0.020119205 0.880556643 -1.565022541
313413100 0.483948608 0.860353094 0.500000000 0.500000000 0.000000000 0.000000000 0.878205717 -0.006546834 -0.478238314 0.724371417 0.015266066 0.999780536 0.014347135 -0.161833944 0.478039414 -0.019900553 0.878112912 -1.572320433
313446467 0.483948608 0.860353094 0.500000000 0.500000000 0.000000000 0.000000000 0.875875354 -0.006684247 -0.482491165 0.733319098 0.015499911 0.999777794 0.014286743 -0.162433452 0.482288480 -0.019991977 0.875784338 -1.579516690
313479833 0.483948608 0.860353094 0.500000000 0.500000000 0.000000000 0.000000000 0.873670697 -0.006840966 -0.486469656 0.741443428 0.015722750 0.999775887 0.014177806 -0.163105044 0.486263633 -0.020035373 0.873582423 -1.587456547
313513200 0.483948608 0.860353094 0.500000000 0.500000000 0.000000000 0.000000000 0.871549964 -0.006710425 -0.490260750 0.749796464 0.015723163 0.999774575 0.014267121 -0.163924846 0.490054518 -0.020142958 0.871459007 -1.595464490
313546567 0.483948608 0.860353094 0.500000000 0.500000000 0.000000000 0.000000000 0.869454563 -0.006693047 -0.493967563 0.757799983 0.015935201 0.999767840 0.014501844 -0.165169623 0.493755817 -0.020480167 0.869359374 -1.603152701
313579933 0.483948608 0.860353094 0.500000000 0.500000000 0.000000000 0.000000000 0.867301047 -0.006701099 -0.497738928 0.766424560 0.016141249 0.999762177 0.014665957 -0.166422592 0.497522265 -0.020753928 0.867202878 -1.611160480
313613300 0.483948608 0.860353094 0.500000000 0.500000000 0.000000000 0.000000000 0.865170836 -0.006780124 -0.501431346 0.775171309 0.016331980 0.999759138 0.014660953 -0.167634335 0.501211166 -0.020873595 0.865073204 -1.619264480
313646667 0.483948608 0.860353094 0.500000000 0.500000000 0.000000000 0.000000000 0.863102138 -0.006862086 -0.504982769 0.784033565 0.016385956 0.999761760 0.014420893 -0.168384788 0.504763484 -0.020721329 0.863008916 -1.627380745
313680033 0.483948608 0.860353094 0.500000000 0.500000000 0.000000000 0.000000000 0.861235023 -0.006691037 -0.508162796 0.791668017 0.016346836 0.999760628 0.014540681 -0.169699908 0.507943869 -0.020829799 0.861138284 -1.636042759
313713400 0.483948608 0.860353094 0.500000000 0.500000000 0.000000000 0.000000000 0.859331906 -0.006550613 -0.511376381 0.800213161 0.016284861 0.999761403 0.014558846 -0.170602082 0.511159003 -0.020838574 0.859233499 -1.644959118
313746767 0.483948608 0.860353094 0.500000000 0.500000000 0.000000000 0.000000000 0.857571423 -0.006539655 -0.514323294 0.808066920 0.016362071 0.999759972 0.014569745 -0.171463523 0.514104545 -0.020909991 0.857472599 -1.654173288
313780133 0.483948608 0.860353094 0.500000000 0.500000000 0.000000000 0.000000000 0.855909348 -0.006392444 -0.517086387 0.815730332 0.016501427 0.999751985 0.014954687 -0.172952861 0.516862571 -0.021332519 0.855802536 -1.663764787
313813500 0.483948608 0.860353094 0.500000000 0.500000000 0.000000000 0.000000000 0.854270101 -0.005948188 -0.519795358 0.823292076 0.016533434 0.999739528 0.015731923 -0.174918092 0.519566357 -0.022033313 0.854145944 -1.673642842
313846867 0.483948608 0.860353094 0.500000000 0.500000000 0.000000000 0.000000000 0.852588952 -0.005945158 -0.522548318 0.831207977 0.016996702 0.999721706 0.016357718 -0.177189640 0.522305667 -0.022828007 0.852452755 -1.682736716
313880233 0.483948608 0.860353094 0.500000000 0.500000000 0.000000000 0.000000000 0.850903213 -0.005542360 -0.525293231 0.838644123 0.016551351 0.999730766 0.016262783 -0.177612940 0.525061667 -0.022532366 0.850765824 -1.691973559
313913600 0.483948608 0.860353094 0.500000000 0.500000000 0.000000000 0.000000000 0.849283755 -0.005057776 -0.527912378 0.846210544 0.016254643 0.999730527 0.016571673 -0.178233432 0.527686357 -0.022655079 0.849137127 -1.701511578
313946967 0.483948608 0.860353094 0.500000000 0.500000000 0.000000000 0.000000000 0.847793579 -0.005654897 -0.530296266 0.852988512 0.016889252 0.999723852 0.016340422 -0.178205980 0.530057371 -0.022809612 0.847654939 -1.709872250
313980333 0.483948608 0.860353094 0.500000000 0.500000000 0.000000000 0.000000000 0.846445024 -0.005652957 -0.532446146 0.859594637 0.016762059 0.999730945 0.016033033 -0.177421161 0.532212257 -0.022495976 0.846312046 -1.719061154
314013700 0.483948608 0.860353094 0.500000000 0.500000000 0.000000000 0.000000000 0.845278919 -0.005060127 -0.534301341 0.864913745 0.016292037 0.999734282 0.016306404 -0.177134698 0.534076869 -0.022488317 0.845136762 -1.728836923
314047067 0.483948608 0.860353094 0.500000000 0.500000000 0.000000000 0.000000000 0.844099283 -0.004950669 -0.536164045 0.870197305 0.016481375 0.999724448 0.016716177 -0.177948810 0.535933495 -0.022946835 0.843948305 -1.738177143
314080433 0.483948608 0.860353094 0.500000000 0.500000000 0.000000000 0.000000000 0.842980802 -0.005377576 -0.537916780 0.875135737 0.016957985 0.999718726 0.016580990 -0.177670369 0.537676275 -0.023099441 0.842834890 -1.747713258
314113800 0.483948608 0.860353094 0.500000000 0.500000000 0.000000000 0.000000000 0.841998935 -0.005635089 -0.539449751 0.879441586 0.017348904 0.999711096 0.016636020 -0.177843682 0.539200187 -0.023366373 0.841853440 -1.757221560
314147167 0.483948608 0.860353094 0.500000000 0.500000000 0.000000000 0.000000000 0.841090798 -0.005616067 -0.540864766 0.883913765 0.017347323 0.999711752 0.016596060 -0.177739113 0.540615678 -0.023341350 0.840945780 -1.766802525
314180533 0.483948608 0.860353094 0.500000000 0.500000000 0.000000000 0.000000000 0.840329170 -0.005547698 -0.542048097 0.887448501 0.017023416 0.999724507 0.016159272 -0.176853486 0.541809142 -0.022806618 0.840192080 -1.776837687
314213900 0.483948608 0.860353094 0.500000000 0.500000000 0.000000000 0.000000000 0.839554608 -0.005396430 -0.543248534 0.891183956 0.016842812 0.999728560 0.016098518 -0.176784943 0.543014169 -0.022665417 0.839417577 -1.787083185
314247267 0.483948608 0.860353094 0.500000000 0.500000000 0.000000000 0.000000000 0.838866055 -0.005311755 -0.544311941 0.894721637 0.016873956 0.999725580 0.016249310 -0.177375844 0.544076264 -0.022815691 0.838725507 -1.797363553
314280633 0.483948608 0.860353094 0.500000000 0.500000000 0.000000000 0.000000000 0.838263810 -0.005415839 -0.545237958 0.897530534 0.016990481 0.999724567 0.016191386 -0.177639381 0.545000076 -0.022836508 0.838124931 -1.808183491
314314000 0.483948608 0.860353094 0.500000000 0.500000000 0.000000000 0.000000000 0.837692857 -0.005552471 -0.546113431 0.899976088 0.017217612 0.999719799 0.016245995 -0.178504160 0.545870185 -0.023011923 0.837553680 -1.819303255
314347367 0.483948608 0.860353094 0.500000000 0.500000000 0.000000000 0.000000000 0.837083638 -0.005503512 -0.547047257 0.903045316 0.017403355 0.999711215 0.016572867 -0.179930125 0.546798110 -0.023393333 0.836937606 -1.829974060
314380733 0.483948608 0.860353094 0.500000000 0.500000000 0.000000000 0.000000000 0.836590946 -0.005380244 -0.547801673 0.905163239 0.017302478 0.999712408 0.016605278 -0.180238417 0.547554791 -0.023370150 0.836443424 -1.841290718
314414100 0.483948608 0.860353094 0.500000000 0.500000000 0.000000000 0.000000000 0.836095810 -0.005112142 -0.548559666 0.907621166 0.017368170 0.999701977 0.017155537 -0.181398809 0.548308492 -0.023871150 0.835935414 -1.852636746
314447467 0.483948608 0.860353094 0.500000000 0.500000000 0.000000000 0.000000000 0.835794806 -0.004856327 -0.549020469 0.908830390 0.017300773 0.999697268 0.017494865 -0.182014228 0.548769295 -0.024120595 0.835625768 -1.863608749
314480833 0.483948608 0.860353094 0.500000000 0.500000000 0.000000000 0.000000000 0.835552692 -0.005302895 -0.549384713 0.909883099 0.017702894 0.999694049 0.017274648 -0.181368689 0.549125016 -0.024159579 0.835390925 -1.874875787
314514200 0.483948608 0.860353094 0.500000000 0.500000000 0.000000000 0.000000000 0.835210860 -0.005462018 -0.549902737 0.911458690 0.017784193 0.999695897 0.017081555 -0.179973222 0.549642205 -0.024046276 0.835054040 -1.886357320
314547567 0.483948608 0.860353094 0.500000000 0.500000000 0.000000000 0.000000000 0.835065544 -0.005231659 -0.550125539 0.912361139 0.017545935 0.999699354 0.017126853 -0.179067749 0.549870551 -0.023954513 0.834906340 -1.897526644
314580933 0.483948608 0.860353094 0.500000000 0.500000000 0.000000000 0.000000000 0.835121453 -0.005614716 -0.550036967 0.912333240 0.017991791 0.999691665 0.017112203 -0.178446230 0.549771309 -0.024186917 0.834964991 -1.908905552
314614300 0.483948608 0.860353094 0.500000000 0.500000000 0.000000000 0.000000000 0.835042298 -0.005801719 -0.550155163 0.913163336 0.018095521 0.999693036 0.016923569 -0.176947200 0.549888074 -0.024087241 0.834890962 -1.920617443
314647667 0.483948608 0.860353094 0.500000000 0.500000000 0.000000000 0.000000000 0.835045576 -0.005850179 -0.550149679 0.913276051 0.018386638 0.999681652 0.017277781 -0.177269675 0.549873412 -0.024543136 0.834887326 -1.931922009
314681033 0.483948608 0.860353094 0.500000000 0.500000000 0.000000000 0.000000000 0.834979832 -0.006296768 -0.550244510 0.914364884 0.019059528 0.999665499 0.017482517 -0.177617604 0.549950361 -0.025084950 0.834820569 -1.942622056
314714400 0.483948608 0.860353094 0.500000000 0.500000000 0.000000000 0.000000000 0.834976614 -0.006242731 -0.550249994 0.914823363 0.019038400 0.999664724 0.017548351 -0.177350350 0.549955964 -0.025128342 0.834815562 -1.953585192
314747767 0.483948608 0.860353094 0.500000000 0.500000000 0.000000000 0.000000000 0.834970713 -0.006345261 -0.550257802 0.915833473 0.019081555 0.999666035 0.017427100 -0.177438763 0.549963415 -0.025050893 0.834812939 -1.964142983
314781133 0.483948608 0.860353094 0.500000000 0.500000000 0.000000000 0.000000000 0.834955215 -0.006205360 -0.550282896 0.917111199 0.018806880 0.999674082 0.017263059 -0.177174835 0.549996436 -0.024762986 0.834799826 -1.974589974
314814500 0.483948608 0.860353094 0.500000000 0.500000000 0.000000000 0.000000000 0.834946811 -0.006084624 -0.550296962 0.917980695 0.018646561 0.999677539 0.017238375 -0.177491032 0.550014615 -0.024654271 0.834791064 -1.985261538
314847867 0.483948608 0.860353094 0.500000000 0.500000000 0.000000000 0.000000000 0.834890723 -0.006459219 -0.550377786 0.919622622 0.018830528 0.999680996 0.016832573 -0.177529723 0.550093532 -0.024417264 0.834746003 -1.995597546
314881233 0.483948608 0.860353094 0.500000000 0.500000000 0.000000000 0.000000000 0.834842622 -0.006403468 -0.550451458 0.920864263 0.018742440 0.999683261 0.016796300 -0.178359011 0.550169528 -0.024339071 0.834698200 -2.006465794
314914600 0.483948608 0.860353094 0.500000000 0.500000000 0.000000000 0.000000000 0.834668279 -0.006496496 -0.550714731 0.923340379 0.018884715 0.999680042 0.016829140 -0.179595323 0.550429165 -0.024446839 0.834523857 -2.017246167
314947967 0.483948608 0.860353094 0.500000000 0.500000000 0.000000000 0.000000000 0.834579766 -0.006551037 -0.550848126 0.924929941 0.018874312 0.999682248 0.016707262 -0.179978589 0.550563633 -0.024340421 0.834438264 -2.028179681
314981333 0.483948608 0.860353094 0.500000000 0.500000000 0.000000000 0.000000000 0.834400773 -0.006381852 -0.551121235 0.926966942 0.018946005 0.999674141 0.017108375 -0.182005582 0.550832450 -0.024716787 0.834249735 -2.039495920
315014700 0.483948608 0.860353094 0.500000000 0.500000000 0.000000000 0.000000000 0.834212661 -0.006534540 -0.551404178 0.929168584 0.019208709 0.999667287 0.017213840 -0.183395910 0.551108241 -0.024951765 0.834060609 -2.050339315
315048067 0.483948608 0.860353094 0.500000000 0.500000000 0.000000000 0.000000000 0.834100187 -0.006512895 -0.551574469 0.930936274 0.019112118 0.999671161 0.017097723 -0.183606347 0.551281750 -0.024802970 0.833950400 -2.061649160
315081433 0.483948608 0.860353094 0.500000000 0.500000000 0.000000000 0.000000000 0.834060073 -0.006474857 -0.551635683 0.932610219 0.019496195 0.999652445 0.017744305 -0.185853043 0.551329076 -0.025554612 0.833896399 -2.073118002
315114800 0.483948608 0.860353094 0.500000000 0.500000000 0.000000000 0.000000000 0.833929002 -0.006586955 -0.551832438 0.934973176 0.019697469 0.999646902 0.017834511 -0.187020411 0.551520109 -0.025742417 0.833764315 -2.083501454
315148167 0.483948608 0.860353094 0.500000000 0.500000000 0.000000000 0.000000000 0.833929300 -0.006433450 -0.551833749 0.936458523 0.019485604 0.999651790 0.017792327 -0.187292200 0.551527143 -0.025590358 0.833764315 -2.095140719
315181533 0.483948608 0.860353094 0.500000000 0.500000000 0.000000000 0.000000000 0.833911121 -0.006700207 -0.551858068 0.937901959 0.019853484 0.999643326 0.017863691 -0.187994375 0.551541567 -0.025853036 0.833746672 -2.105945583
315214900 0.483948608 0.860353094 0.500000000 0.500000000 0.000000000 0.000000000 0.833681762 -0.006769188 -0.552203715 0.940923978 0.019864658 0.999645352 0.017736237 -0.187926377 0.551887810 -0.025755715 0.833520532 -2.115992192
315248267 0.483948608 0.860353094 0.500000000 0.500000000 0.000000000 0.000000000 0.833624184 -0.006234442 -0.552296937 0.942376095 0.019262567 0.999656200 0.017790146 -0.187619374 0.551996112 -0.025468953 0.833457649 -2.126717226
315281633 0.483948608 0.860353094 0.500000000 0.500000000 0.000000000 0.000000000 0.833574772 -0.006148695 -0.552372396 0.943653035 0.019182838 0.999657154 0.017820844 -0.188043306 0.552073479 -0.025451077 0.833406925 -2.136713625
315315000 0.483948608 0.860353094 0.500000000 0.500000000 0.000000000 0.000000000 0.833545506 -0.006374727 -0.552414060 0.944944799 0.019221468 0.999662638 0.017467678 -0.187893643 0.552116334 -0.025178311 0.833386838 -2.147342899
315348367 0.483948608 0.860353094 0.500000000 0.500000000 0.000000000 0.000000000 0.833554327 -0.006565119 -0.552398503 0.945847948 0.019370791 0.999661803 0.017349264 -0.187750129 0.552097797 -0.025161950 0.833399594 -2.157979201
315381733 0.483948608 0.860353094 0.500000000 0.500000000 0.000000000 0.000000000 0.833555162 -0.006911491 -0.552393019 0.947025910 0.019682001 0.999658465 0.017192297 -0.188146796 0.552085519 -0.025202926 0.833406508 -2.168260928
315415100 0.483948608 0.860353094 0.500000000 0.500000000 0.000000000 0.000000000 0.833574176 -0.006844350 -0.552365124 0.948080672 0.019544473 0.999662638 0.017107757 -0.188064639 0.552061677 -0.025056269 0.833426714 -2.178661201
