https://www.youtube.com/watch?v=Auqv03rO53s
48257000 0.501357256 0.891301753 0.500000000 0.500000000 0.000000000 0.000000000 0.917967439 0.081396967 -0.388214201 -0.724373860 -0.070471749 0.996615469 0.042323824 0.012259128 0.390345305 -0.011493760 0.920596778 -0.174417363
48298000 0.501357256 0.891301753 0.500000000 0.500000000 0.000000000 0.000000000 0.917280138 0.082137324 -0.389680117 -0.731962857 -0.070579194 0.996539116 0.043913364 0.010487057 0.391938418 -0.012777549 0.919902742 -0.171978607
48340000 0.501357256 0.891301753 0.500000000 0.500000000 0.000000000 0.000000000 0.916801751 0.082944177 -0.390633911 -0.737067927 -0.071133263 0.996467650 0.044635370 0.010770527 0.392956287 -0.013134721 0.919463336 -0.169826626
48382000 0.501357256 0.891301753 0.500000000 0.500000000 0.000000000 0.000000000 0.916096866 0.083602600 -0.392144352 -0.745149980 -0.071386501 0.996403158 0.045659062 0.010208924 0.394551069 -0.013834312 0.918769836 -0.166959351
48423000 0.501357256 0.891301753 0.500000000 0.500000000 0.000000000 0.000000000 0.915493667 0.084281780 -0.393405497 -0.750112782 -0.071705662 0.996337354 0.046585530 0.009714250 0.395890892 -0.014439359 0.918184042 -0.165447935
48465000 0.501357256 0.891301753 0.500000000 0.500000000 0.000000000 0.000000000 0.914793789 0.085044339 -0.394866765 -0.758584505 -0.071943499 0.996258020 0.047896244 0.008356013 0.397462487 -0.015407089 0.917489052 -0.161996536
48507000 0.501357256 0.891301753 0.500000000 0.500000000 0.000000000 0.000000000 0.914226592 0.085743897 -0.396027476 -0.763926356 -0.072281942 0.996188581 0.048822425 0.007812736 0.398704290 -0.016009124 0.916939795 -0.159686789
48549000 0.501357256 0.891301753 0.500000000 0.500000000 0.000000000 0.000000000 0.913549781 0.087248251 -0.397258729 -0.772830566 -0.073102430 0.996037602 0.050646655 0.007364913 0.400103480 -0.017227663 0.916308045 -0.155882175
48590000 0.501357256 0.891301753 0.500000000 0.500000000 0.000000000 0.000000000 0.913149953 0.088287942 -0.397947758 -0.778538131 -0.073789909 0.995936215 0.051634688 0.007661003 0.400889307 -0.017785683 0.915953815 -0.153312642
48632000 0.501357256 0.891301753 0.500000000 0.500000000 0.000000000 0.000000000 0.912736833 0.089194141 -0.398692757 -0.788231821 -0.073809318 0.995819688 0.053807851 0.005297979 0.401825428 -0.019685166 0.915504694 -0.149304874
48674000 0.501357256 0.891301753 0.500000000 0.500000000 0.000000000 0.000000000 0.912568986 0.090155065 -0.398860723 -0.794719761 -0.074233048 0.995710850 0.055221263 0.005110945 0.402128428 -0.020784562 0.915347338 -0.146121121
48715000 0.501357256 0.891301753 0.500000000 0.500000000 0.000000000 0.000000000 0.912443578 0.090753607 -0.399011910 -0.804553553 -0.073947400 0.995611846 0.057348009 0.003002132 0.402465522 -0.022820929 0.915150642 -0.141769771
48757000 0.501357256 0.891301753 0.500000000 0.500000000 0.000000000 0.000000000 0.912636518 0.091726817 -0.398347586 -0.811335004 -0.074100882 0.995476723 0.059457481 0.001612371 0.401999563 -0.024745161 0.915305436 -0.137811381
48799000 0.501357256 0.891301753 0.500000000 0.500000000 0.000000000 0.000000000 0.913056791 0.092312165 -0.397247702 -0.821470657 -0.073835880 0.995366514 0.061594021 -0.000565263 0.401092917 -0.026907705 0.915642083 -0.132179411
48840000 0.501357256 0.891301753 0.500000000 0.500000000 0.000000000 0.000000000 0.913613498 0.093181126 -0.395762086 -0.828862660 -0.074214838 0.995249987 0.063004613 -0.001241132 0.399753064 -0.028190449 0.916189253 -0.127009861
48882000 0.501357256 0.891301753 0.500000000 0.500000000 0.000000000 0.000000000 0.914364517 0.093523674 -0.393942714 -0.839645968 -0.073809326 0.995155871 0.064938381 -0.004032173 0.398107678 -0.030300708 0.916838109 -0.120609692
48924000 0.501357256 0.891301753 0.500000000 0.500000000 0.000000000 0.000000000 0.914924264 0.094141409 -0.392493278 -0.847092560 -0.074233063 0.995078802 0.065632939 -0.003680801 0.396740496 -0.030913193 0.917410135 -0.115052119
48966000 0.501357256 0.891301753 0.500000000 0.500000000 0.000000000 0.000000000 0.915765285 0.094704680 -0.390390784 -0.857911013 -0.074265517 0.994974375 0.067160763 -0.005375264 0.394789279 -0.032510921 0.918196321 -0.106643344
49007000 0.501357256 0.891301753 0.500000000 0.500000000 0.000000000 0.000000000 0.916204751 0.096155308 -0.389002562 -0.864791612 -0.075601801 0.994827449 0.067843273 -0.003426514 0.393513918 -0.032749034 0.918735147 -0.100037197
49049000 0.501357256 0.891301753 0.500000000 0.500000000 0.000000000 0.000000000 0.916577399 0.097346038 -0.387826741 -0.874847358 -0.076813139 0.994714379 0.068139493 -0.001948377 0.392409950 -0.032664932 0.919210196 -0.090877719
49091000 0.501357256 0.891301753 0.500000000 0.500000000 0.000000000 0.000000000 0.916514337 0.098229952 -0.387752891 -0.881100668 -0.077480905 0.994615138 0.068828978 -0.001874858 0.392425984 -0.033039302 0.919189990 -0.086562005
49132000 0.501357256 0.891301753 0.500000000 0.500000000 0.000000000 0.000000000 0.916212380 0.098617755 -0.388367623 -0.890430052 -0.077676274 0.994567156 0.069300361 -0.002764438 0.393091947 -0.033326898 0.918895006 -0.080273127
49174000 0.501357256 0.891301753 0.500000000 0.500000000 0.000000000 0.000000000 0.915943146 0.099129826 -0.388871968 -0.896785162 -0.078076586 0.994513690 0.069617398 -0.002733807 0.393639654 -0.033403784 0.918657720 -0.075837242
49216000 0.501357256 0.891301753 0.500000000 0.500000000 0.000000000 0.000000000 0.915366054 0.100190759 -0.389957398 -0.905760225 -0.079043381 0.994413972 0.069949843 -0.001689202 0.394787431 -0.033206157 0.918172240 -0.069866430
49258000 0.501357256 0.891301753 0.500000000 0.500000000 0.000000000 0.000000000 0.915014327 0.100874677 -0.390606046 -0.912138593 -0.079758115 0.994356394 0.069956854 -0.000755383 0.395458490 -0.032857522 0.917895913 -0.066268449
49299000 0.501357256 0.891301753 0.500000000 0.500000000 0.000000000 0.000000000 0.914606035 0.101698391 -0.391347945 -0.921991580 -0.080413334 0.994269073 0.070446372 -0.000251814 0.396269441 -0.032961085 0.917542398 -0.059931267
49341000 0.501357256 0.891301753 0.500000000 0.500000000 0.000000000 0.000000000 0.914476514 0.102468573 -0.391449720 -0.928935565 -0.081037693 0.994184017 0.070930056 0.000143671 0.396441162 -0.033141688 0.917461753 -0.055182752
49383000 0.501357256 0.891301753 0.500000000 0.500000000 0.000000000 0.000000000 0.914219260 0.103298523 -0.391832292 -0.939151407 -0.081810817 0.994101763 0.071194284 0.001030682 0.396875441 -0.033031065 0.917277932 -0.048774920
49424000 0.501357256 0.891301753 0.500000000 0.500000000 0.000000000 0.000000000 0.914181530 0.103855923 -0.391773015 -0.946504792 -0.082169145 0.994030654 0.071772330 0.000939487 0.396888375 -0.033421285 0.917258203 -0.044540907
49466000 0.501357256 0.891301753 0.500000000 0.500000000 0.000000000 0.000000000 0.914065778 0.104445457 -0.391886353 -0.957125568 -0.082322419 0.993936777 0.072888665 -0.000367852 0.397123158 -0.034364000 0.917121768 -0.038110432
49508000 0.501357256 0.891301753 0.500000000 0.500000000 0.000000000 0.000000000 0.914118588 0.105213493 -0.391557515 -0.964522424 -0.082886651 0.993841469 0.073545523 0.000176860 0.396884084 -0.034774438 0.917209744 -0.032368853
49550000 0.501357256 0.891301753 0.500000000 0.500000000 0.000000000 0.000000000 0.914062619 0.106580295 -0.391318560 -0.975489438 -0.084250838 0.993704200 0.073849671 0.002733870 0.396725804 -0.034534302 0.917287290 -0.025337065
49591000 0.501357256 0.891301753 0.500000000 0.500000000 0.000000000 0.000000000 0.914238572 0.106943496 -0.390808016 -0.982964811 -0.084442303 0.993649244 0.074368767 0.002352762 0.396279335 -0.034990065 0.917463005 -0.019878835
49633000 0.501357256 0.891301753 0.500000000 0.500000000 0.000000000 0.000000000 0.914621055 0.107376687 -0.389792949 -0.994437450 -0.084464140 0.993561387 0.075508423 0.000785836 0.395391077 -0.036138069 0.917801678 -0.011333145
49675000 0.501357256 0.891301753 0.500000000 0.500000000 0.000000000 0.000000000 0.914882958 0.108068451 -0.388986349 -1.001882889 -0.085096583 0.993480265 0.075865038 0.001404150 0.394648880 -0.036306217 0.918114424 -0.005007085
49716000 0.501357256 0.891301753 0.500000000 0.500000000 0.000000000 0.000000000 0.915463865 0.108473919 -0.387503922 -1.014004072 -0.085261174 0.993405342 0.076657407 0.000514627 0.393263787 -0.037138045 0.918675303 0.003853562
49758000 0.501357256 0.891301753 0.500000000 0.500000000 0.000000000 0.000000000 0.915912092 0.108786248 -0.386355549 -1.021941380 -0.085586250 0.993365765 0.076807633 0.000821730 0.392147988 -0.037282314 0.919146359 0.010940159
49800000 0.501357256 0.891301753 0.500000000 0.500000000 0.000000000 0.000000000 0.916569114 0.109511949 -0.384588391 -1.033667648 -0.086238950 0.993270636 0.077306159 0.000905408 0.390466303 -0.037689935 0.919845402 0.021746041
49841000 0.501357256 0.891301753 0.500000000 0.500000000 0.000000000 0.000000000 0.917460859 0.110137172 -0.382276624 -1.041649245 -0.087010160 0.993201852 0.077326275 0.002153227 0.388194352 -0.037681881 0.920806825 0.030379143
49883000 0.501357256 0.891301753 0.500000000 0.500000000 0.000000000 0.000000000 0.918937981 0.110654935 -0.378561109 -1.053825796 -0.087872505 0.993151546 0.076996125 0.003370528 0.384488553 -0.037489545 0.922368169 0.044503508
49925000 0.501357256 0.891301753 0.500000000 0.500000000 0.000000000 0.000000000 0.920125067 0.111251563 -0.375490218 -1.062251487 -0.088641867 0.993081331 0.077019960 0.004368931 0.381460905 -0.037583847 0.923620582 0.055180788
49967000 0.501357256 0.891301753 0.500000000 0.500000000 0.000000000 0.000000000 0.921810329 0.111932442 -0.371129155 -1.074875774 -0.089619912 0.993003488 0.076891690 0.005608798 0.377139241 -0.037618991 0.925392270 0.070110233
50008000 0.501357256 0.891301753 0.500000000 0.500000000 0.000000000 0.000000000 0.922806859 0.112592176 -0.368443400 -1.083683289 -0.090520211 0.992935717 0.076712251 0.007506890 0.374477804 -0.037439018 0.926479757 0.080423378
50050000 0.501357256 0.891301753 0.500000000 0.500000000 0.000000000 0.000000000 0.924211383 0.112056740 -0.365070730 -1.097306953 -0.089699492 0.992933869 0.077693559 0.003741549 0.371197194 -0.039058615 0.927732229 0.093329175
50092000 0.501357256 0.891301753 0.500000000 0.500000000 0.000000000 0.000000000 0.925261557 0.111786075 -0.362484396 -1.106176819 -0.089392960 0.992935181 0.078029461 0.002308617 0.368646115 -0.039794106 0.928717673 0.102841570
50133000 0.501357256 0.891301753 0.500000000 0.500000000 0.000000000 0.000000000 0.926863313 0.113501571 -0.357829243 -1.118484188 -0.091454417 0.992749274 0.078006081 0.006683605 0.364088535 -0.039575908 0.930523098 0.118659798
50175000 0.501357256 0.891301753 0.500000000 0.500000000 0.000000000 0.000000000 0.928418398 0.113066733 -0.353914142 -1.128341381 -0.090992391 0.992755830 0.078461543 0.004607996 0.360221714 -0.040641639 0.931980968 0.129291723
50217000 0.501357256 0.891301753 0.500000000 0.500000000 0.000000000 0.000000000 0.930700779 0.113627747 -0.347684920 -1.139678080 -0.091938816 0.992680311 0.078313716 0.006751808 0.354038596 -0.040920895 0.934335172 0.149020167
50259000 0.501357256 0.891301753 0.500000000 0.500000000 0.000000000 0.000000000 0.932626545 0.112411223 -0.342886895 -1.149371577 -0.090572201 0.992742896 0.079108894 0.002132579 0.349291265 -0.042723037 0.936039746 0.161897755
50300000 0.501357256 0.891301753 0.500000000 0.500000000 0.000000000 0.000000000 0.934704781 0.112752013 -0.337066680 -1.159704522 -0.091392592 0.992705524 0.078632675 0.004109760 0.343473941 -0.042692944 0.938191354 0.181028496
50342000 0.501357256 0.891301753 0.500000000 0.500000000 0.000000000 0.000000000 0.936057091 0.113181323 -0.333147228 -1.167495807 -0.092193805 0.992665529 0.078201272 0.006211121 0.339554697 -0.042486746 0.939626217 0.193271931
50384000 0.501357256 0.891301753 0.500000000 0.500000000 0.000000000 0.000000000 0.937777340 0.113130264 -0.328291416 -1.177482532 -0.092434950 0.992656708 0.078028597 0.006379568 0.334708065 -0.042827845 0.941348135 0.210684823
50425000 0.501357256 0.891301753 0.500000000 0.500000000 0.000000000 0.000000000 0.938922346 0.112982057 -0.325053573 -1.184224423 -0.092604749 0.992678761 0.077544816 0.006922372 0.331434965 -0.042707060 0.942510962 0.222097703
50467000 0.501357256 0.891301753 0.500000000 0.500000000 0.000000000 0.000000000 0.940302730 0.113177113 -0.320969999 -1.193268621 -0.093160972 0.992661297 0.077100739 0.007325573 0.327340543 -0.042596158 0.943945825 0.238179234
